  0.0000000000000000E+00  0.1260885724777711E-01  0.1931765364046787E-01  0.2646694904218338E-01  0.3290587365743419E-01  0.3869765073170656E-01  0.4368709678313628E-01  0.4774472719801641E-01  0.5072402992476946E-01  0.5247521968378457E-01  0.5285531498339620E-01  0.5174097146804250E-01  0.4904344484360251E-01  0.4472578013750625E-01  0.3882110612101739E-01  0.3144975207169583E-01  0.2283260942327036E-01  0.1333957376489411E-01  0.3700407794714148E-02 -0.2395186003736446E-02  0.0000000000000000E+00
  0.0000000000000000E+00 -0.9139726963301948E-02 -0.1308432998686246E-01 -0.1768730955911468E-01 -0.2188837897467459E-01 -0.2570771541833404E-01 -0.2901355034481358E-01 -0.3170781245555610E-01 -0.3368936992376103E-01 -0.3486031683699831E-01 -0.3513032220549962E-01 -0.3442341277328604E-01 -0.3268629661884918E-01 -0.2989805946334467E-01 -0.2608040560196500E-01 -0.2130708036583553E-01 -0.1571075659090563E-01 -0.9513133124897929E-02 -0.3138249823734378E-02  0.1385089243495716E-02  0.0000000000000000E+00
  0.0000000000000000E+00 -0.1481032364212874E-01 -0.1993533632011949E-01 -0.2659497963516067E-01 -0.3275926326658957E-01 -0.3842549552329555E-01 -0.4335355425130445E-01 -0.4737871016865190E-01 -0.5034407984651362E-01 -0.5210573082721037E-01 -0.5253565163310267E-01 -0.5152926685181562E-01 -0.4901544501294502E-01 -0.4496839825252774E-01 -0.3942011068487760E-01 -0.3247148902581077E-01 -0.2429966034944652E-01 -0.1519982560979968E-01 -0.5714341676488984E-02  0.1760081726750701E-02  0.0000000000000000E+00
  0.0000000000000000E+00 -0.1698244238021299E-01 -0.2248350466978711E-01 -0.2979141527515685E-01 -0.3655962342083532E-01 -0.4283319854820275E-01 -0.4833392883241405E-01 -0.5287082268823921E-01 -0.5626180608798566E-01 -0.5833925484868937E-01 -0.5895126316056087E-01 -0.5796858249013252E-01 -0.5529511673486088E-01 -0.5088145417214317E-01 -0.4473990085314888E-01 -0.3695904772824004E-01 -0.2771579289510340E-01 -0.1733637816210554E-01 -0.6465532446721001E-02  0.2097766899754660E-02  0.0000000000000000E+00
  0.0000000000000000E+00 -0.1810622980231733E-01 -0.2407417591548409E-01 -0.3197015470685057E-01 -0.3926424863076135E-01 -0.4605697708682954E-01 -0.5206427589924940E-01 -0.5708680359491080E-01 -0.6092654022337395E-01 -0.6339410129887611E-01 -0.6430928627352166E-01 -0.6350798486090564E-01 -0.6085403118027057E-01 -0.5625628784695826E-01 -0.4969004341224572E-01 -0.4122133563857635E-01 -0.3103284964696716E-01 -0.1951270033385743E-01 -0.7450468315652625E-02  0.1893755424405781E-02  0.0000000000000000E+00
  0.0000000000000000E+00 -0.1900631179465185E-01 -0.2561124384211417E-01 -0.3427216744505393E-01 -0.4227202183693411E-01 -0.4975132343468206E-01 -0.5642719910283467E-01 -0.6209803218642640E-01 -0.6655260993535930E-01 -0.6957791474726618E-01 -0.7095839842918975E-01 -0.7048255171631841E-01 -0.6795635306729933E-01 -0.6322530264954700E-01 -0.5620557252487551E-01 -0.4692420587497005E-01 -0.3556777679979310E-01 -0.2260993298425035E-01 -0.9030544492542666E-02  0.1299798366291405E-02  0.0000000000000000E+00
  0.0000000000000000E+00 -0.1990481254521844E-01 -0.2730844425027394E-01 -0.3693544893357815E-01 -0.4584976417732087E-01 -0.5422080100371488E-01 -0.6176798782738305E-01 -0.6829120073855835E-01 -0.7356829818665184E-01 -0.7736116863923741E-01 -0.7941194071009622E-01 -0.7944766021718654E-01 -0.7719422315946108E-01 -0.7240351442055501E-01 -0.6489715312367988E-01 -0.5462998441382690E-01 -0.4177527339220907E-01 -0.2691345739087904E-01 -0.1128696044112020E-01  0.3790856017222786E-03  0.0000000000000000E+00
  0.0000000000000000E+00 -0.2087434796923874E-01 -0.2923578475632288E-01 -0.4002713951150597E-01 -0.5005805567128731E-01 -0.5952481273609762E-01 -0.6815226877429738E-01 -0.7574798814662796E-01 -0.8208376603771039E-01 -0.8689747348897915E-01 -0.8988343794600878E-01 -0.9069215739310554E-01 -0.8894148523714908E-01 -0.8424658131124073E-01 -0.7627736383919727E-01 -0.6485411531650191E-01 -0.5009185774859160E-01 -0.3269468565124964E-01 -0.1428767854634779E-01 -0.8414333932593640E-03  0.0000000000000000E+00
  0.0000000000000000E+00 -0.2194808313060719E-01 -0.3143238543423246E-01 -0.4358436217734794E-01 -0.5492331341295834E-01 -0.6567982403067268E-01 -0.7559314004283349E-01 -0.8449042365696469E-01 -0.9214774280642428E-01 -0.9828533431660248E-01 -0.1025486119512509E+00 -0.1044980181912498E+00 -0.1036109338582511E+00 -0.9930737184018926E-01 -0.9101718993108321E-01 -0.7831536921730028E-01 -0.6116001115585819E-01 -0.4037518294002704E-01 -0.1816001713971258E-01 -0.2368815373843875E-02  0.0000000000000000E+00
  0.0000000000000000E+00 -0.2315159301796147E-01 -0.3393556452464237E-01 -0.4764308565499357E-01 -0.6046542792669728E-01 -0.7268599722974417E-01 -0.8407618782565252E-01 -0.9450330759672089E-01 -0.1037664997831704E+00 -0.1115837301070991E+00 -0.1175596156400390E+00 -0.1211586152844620E+00 -0.1216864233778357E+00 -0.1182957150301074E+00 -0.1100469599352489E+00 -0.9608063854665866E-01 -0.7599332104002576E-01 -0.5065735410071073E-01 -0.2313840859190780E-01 -0.4259419621062621E-02  0.0000000000000000E+00
  0.0000000000000000E+00 -0.2451842674832715E-01 -0.3679842649425871E-01 -0.5225245110442445E-01 -0.6670478396070700E-01 -0.8052621022805598E-01 -0.9355043414493119E-01 -0.1057168727001311E+00 -0.1168778060859580E+00 -0.1267775364304543E+00 -0.1350043769082339E+00 -0.1409394060580630E+00 -0.1437006122843194E+00 -0.1420994107813326E+00 -0.1346538260191445E+00 -0.1197623440333752E+00 -0.9625465651015601E-01 -0.6479673858193670E-01 -0.2974004708965114E-01 -0.6755280043690004E-02  0.0000000000000000E+00
  0.0000000000000000E+00 -0.2610930950692916E-01 -0.4011584500413050E-01 -0.5749536006476810E-01 -0.7367118870858637E-01 -0.8916276289525614E-01 -0.1039133886308551E+00 -0.1179799000888552E+00 -0.1313104022223871E+00 -0.1437210261967387E+00 -0.1548335504903675E+00 -0.1639942024663026E+00 -0.1701605086918395E+00 -0.1717624586951741E+00 -0.1665834617458007E+00 -0.1518227004156245E+00 -0.1247894833333010E+00 -0.8526291375952870E-01 -0.3939761008958755E-01 -0.1079766393307591E-01  0.0000000000000000E+00
  0.0000000000000000E+00 -0.2804902045461823E-01 -0.4407228325439246E-01 -0.6352284454238720E-01 -0.8141769802681795E-01 -0.9853308133023655E-01 -0.1149915999671208E+00 -0.1310250960885640E+00 -0.1467300298965863E+00 -0.1620567440226763E+00 -0.1767432809966702E+00 -0.1902082137019971E+00 -0.2013665576155789E+00 -0.2083397572562090E+00 -0.2080628292250450E+00 -0.1959733476094475E+00 -0.1666097178772209E+00 -0.1173474073942246E+00 -0.5648388803662257E-01 -0.1954972536731662E-01  0.0000000000000000E+00
  0.0000000000000000E+00 -0.3060475174602147E-01 -0.4902822803916815E-01 -0.7060183802820487E-01 -0.9002743552367982E-01 -0.1085275434216861E+00 -0.1264985582944745E+00 -0.1444082901242209E+00 -0.1625518911435089E+00 -0.1810834743907645E+00 -0.1999715518513263E+00 -0.2188910564530840E+00 -0.2369842040834783E+00 -0.2523894240258879E+00 -0.2614032476270109E+00 -0.2573289115153680E+00 -0.2302929975694430E+00 -0.1724922525470720E+00 -0.9334212202583130E-01 -0.4169588294513659E-01  0.0000000000000000E+00
  0.0000000000000000E+00 -0.3435060261603914E-01 -0.5564069537665649E-01 -0.7911901928537113E-01 -0.9952533158273046E-01 -0.1188459620461587E+00 -0.1378578708418740E+00 -0.1573023116625600E+00 -0.1776917210055789E+00 -0.1994311249564402E+00 -0.2228364951104630E+00 -0.2480824154014425E+00 -0.2749886912297417E+00 -0.3024489072434233E+00 -0.3270897620236624E+00 -0.3407139852889555E+00 -0.3279728273558865E+00 -0.2719084208041745E+00 -0.1769522412740284E+00 -0.9463008452119728E-01  0.0000000000000000E+00
  0.0000000000000000E+00 -0.4041326738026481E-01 -0.6482505107744993E-01 -0.8918919696601588E-01 -0.1092436493939405E+00 -0.1282237644227038E+00 -0.1473451022101443E+00 -0.1675688863135650E+00 -0.1895519834781499E+00 -0.2139132030258840E+00 -0.2413540394642012E+00 -0.2727361160942829E+00 -0.3090543102214837E+00 -0.3510654457289610E+00 -0.3978274982115619E+00 -0.4426065715170655E+00 -0.4663972614987102E+00 -0.4385570490869700E+00 -0.3406988674075598E+00 -0.1966256277801538E+00  0.0000000000000000E+00
  0.0000000000000000E+00 -0.5047907431585436E-01 -0.7614064796462990E-01 -0.9799792667451294E-01 -0.1146103771274811E+00 -0.1309366802386930E+00 -0.1484242137674064E+00 -0.1679615676385014E+00 -0.1900908976678599E+00 -0.2154355217701449E+00 -0.2449058680713487E+00 -0.2799240764728477E+00 -0.3227291286927894E+00 -0.3766822751559419E+00 -0.4458291210630611E+00 -0.5306550225926649E+00 -0.6157420677117389E+00 -0.6530666529604986E+00 -0.5747527129659400E+00 -0.3381465287186048E+00  0.0000000000000000E+00
  0.0000000000000000E+00 -0.6271739086763171E-01 -0.8004643097255361E-01 -0.8920021828479842E-01 -0.9539481758199347E-01 -0.1047535446454712E+00 -0.1176883670775599E+00 -0.1341048740763552E+00 -0.1538690426459822E+00 -0.1771953100022521E+00 -0.2047559737126039E+00 -0.2378832079713475E+00 -0.2790684557441207E+00 -0.3330612477042189E+00 -0.4088569525991554E+00 -0.5191459675092011E+00 -0.6655615845619196E+00 -0.7895637476524706E+00 -0.7739421447259943E+00 -0.4606223802722476E+00  0.0000000000000000E+00
  0.0000000000000000E+00 -0.5935712752725796E-01 -0.1631063583307356E-01  0.4687181729354672E-02  0.1586135619485570E-01  0.1647885274996812E-01  0.1022311822212843E-01 -0.7238457685580071E-03 -0.1520408084912718E-01 -0.3282001008237496E-01 -0.5368189054351986E-01 -0.7832766742816975E-01 -0.1079440378315050E+00 -0.1452495241239462E+00 -0.1982860118576791E+00 -0.2864763591958979E+00 -0.4418827025050373E+00 -0.6254356301506588E+00 -0.7450350360042219E+00 -0.4455750058041257E+00  0.0000000000000000E+00
  0.0000000000000000E+00  0.2113205875317667E+00  0.2944096566553950E+00  0.3398881188332624E+00  0.3526953238646881E+00  0.3525436063839708E+00  0.3481564806144296E+00  0.3422287622762624E+00  0.3353449842790637E+00  0.3275106904541985E+00  0.3186543891652093E+00  0.3088370689075143E+00  0.2983142809124193E+00  0.2879167680533417E+00  0.2760916133450501E+00  0.2568662360292542E+00  0.1880617848939765E+00  0.8994483070715582E-01 -0.1242017899433401E+00 -0.1423393842005634E-01  0.0000000000000000E+00
  0.3000000000000000E+01  0.2306681109877442E+01  0.2100460394200741E+01  0.1985022825229568E+01  0.1957775384600791E+01  0.1958848033598056E+01  0.1965753676378840E+01  0.1972589867402655E+01  0.1978760966313682E+01  0.1984647918555029E+01  0.1990354941960852E+01  0.1995161125849288E+01  0.1997113119431237E+01  0.1991000171716029E+01  0.1973439148107170E+01  0.1942924932716339E+01  0.1993931942813033E+01  0.2104729877727874E+01  0.2627570333825798E+01  0.2597126809456043E+01  0.3000000000000000E+01
