  0.0000000000000000E+00  0.5760111115592520E-02  0.2068960148158713E-01  0.7354007380154970E-01  0.1433671828967885E+00  0.2013236840987667E+00  0.1993079751326509E+00  0.9410175769821605E-01 -0.1093185657738839E+00 -0.3682751355230587E+00 -0.6143670364415819E+00 -0.7679629955858110E+00 -0.7723697042007571E+00 -0.6461793479225860E+00 -0.4695979750318537E+00 -0.2988490318258996E+00 -0.1570732740504287E+00 -0.5248016169957082E-01  0.1034247458524681E-01  0.2188152531314355E-01  0.0000000000000000E+00
  0.0000000000000000E+00 -0.2383953452895067E-01 -0.6610179229206405E-01 -0.1237805518349668E+00 -0.1831628192297423E+00 -0.2252056564293517E+00 -0.2309491409112805E+00 -0.1815435280947132E+00 -0.7912755740257672E-01  0.6040991033546301E-01  0.2069993386778729E+00  0.3263869739063870E+00  0.3893456812609841E+00  0.3919804137474059E+00  0.3530910409205674E+00  0.2889044873575800E+00  0.2101871771610668E+00  0.1299542061532976E+00  0.6075178822034397E-01  0.2013968983518659E-01  0.0000000000000000E+00
  0.0000000000000000E+00 -0.6575849247125951E-01 -0.1776157753946050E+00 -0.2978015817033506E+00 -0.4061212747924385E+00 -0.4742932851892885E+00 -0.4935394476011907E+00 -0.4505288265859235E+00 -0.3467012379816141E+00 -0.1870454045166697E+00  0.6630979592036785E-02  0.2111979261333500E+00  0.3956673395821952E+00  0.5297618933196319E+00  0.5896751477298483E+00  0.5678644302468403E+00  0.4734882574327716E+00  0.3373824567603220E+00  0.1925978392462787E+00  0.8230059481870333E-01  0.0000000000000000E+00
  0.0000000000000000E+00 -0.8269350954873253E-01 -0.2691857679123975E+00 -0.4271892452611284E+00 -0.5658597810887768E+00 -0.6529167039915276E+00 -0.6954524201239167E+00 -0.6804726438556360E+00 -0.6140138625767234E+00 -0.4920022757803003E+00 -0.3263615935999775E+00 -0.1258095126630338E+00  0.8496234405538779E-01  0.2762902865066335E+00  0.4181680644370964E+00  0.4895570515657587E+00  0.4768552917020030E+00  0.3884893446646836E+00  0.2492962117424238E+00  0.1093119423551155E+00  0.0000000000000000E+00
  0.0000000000000000E+00 -0.7595086802226257E-01 -0.3150053090603303E+00 -0.4892209928899182E+00 -0.6493388903086431E+00 -0.7534464220121583E+00 -0.8233752243231948E+00 -0.8414811109923738E+00 -0.8180325011286995E+00 -0.7415154086520471E+00 -0.6167212751351207E+00 -0.4423118492678974E+00 -0.2390174814203138E+00 -0.4008597145221397E-01  0.1235744973358265E+00  0.2396368351188575E+00  0.2959306599503255E+00  0.2818827811222751E+00  0.1966810524198208E+00  0.9209908138481938E-01  0.0000000000000000E+00
  0.0000000000000000E+00 -0.5869117595336795E-01 -0.3056553837844949E+00 -0.4768950006274520E+00 -0.6437591593649613E+00 -0.7555767345736086E+00 -0.8448894946890356E+00 -0.8918198062713029E+00 -0.9113626832464909E+00 -0.8902561284442356E+00 -0.8252971748290208E+00 -0.6994839284724733E+00 -0.5167024184779866E+00 -0.3134548662910575E+00 -0.1401721388328849E+00 -0.1335273564096366E-01  0.7380086993814622E-01  0.1130168446896460E+00  0.8864674404607918E-01  0.4964427278397172E-01  0.0000000000000000E+00
  0.0000000000000000E+00 -0.3597165308208836E-01 -0.2482083450281323E+00 -0.4067624409691818E+00 -0.5705001667955676E+00 -0.6861310509715184E+00 -0.7880585074970090E+00 -0.8552507005119245E+00 -0.9049090179829916E+00 -0.9299645058229654E+00 -0.9280281061540220E+00 -0.8720556649082241E+00 -0.7361053983599878E+00 -0.5353668892351156E+00 -0.3370235244191003E+00 -0.1937657613875078E+00 -0.9585929342518948E-01 -0.2998618469211523E-01 -0.5030112041791834E-02  0.9492198770421956E-02  0.0000000000000000E+00
  0.0000000000000000E+00 -0.5084308332103708E-05 -0.1513591349837532E+00 -0.2938957249438233E+00 -0.4496568933107021E+00 -0.5683340749075592E+00 -0.6784709895973254E+00 -0.7584174360661406E+00 -0.8227506848865687E+00 -0.8730571541990862E+00 -0.9172747677832368E+00 -0.9351589014102711E+00 -0.8771660589267560E+00 -0.7133812539867614E+00 -0.4906722514507249E+00 -0.3019607032480320E+00 -0.1784875795434810E+00 -0.9497945745521767E-01 -0.3949980659637162E-01  0.5214644574684341E-03  0.0000000000000000E+00
  0.0000000000000000E+00  0.5686917204029234E-01 -0.2835698439133202E-01 -0.1510397548027799E+00 -0.2970830132779612E+00 -0.4190713418431176E+00 -0.5367905269251302E+00 -0.6283738062667595E+00 -0.7008636117079158E+00 -0.7591514365036226E+00 -0.8219730772700977E+00 -0.8916866870892658E+00 -0.9206740733714140E+00 -0.8381064032866177E+00 -0.6334558906076913E+00 -0.3956706823918461E+00 -0.2142720158112640E+00 -0.9619288708864697E-01 -0.2168714827792978E-01  0.2175645485509377E-01  0.0000000000000000E+00
  0.0000000000000000E+00  0.1226149622168820E+00  0.1003483973611835E+00  0.9790241057422816E-02 -0.1206926554808823E+00 -0.2416144732026490E+00 -0.3633248670744611E+00 -0.4660945301442393E+00 -0.5490074639115243E+00 -0.6136145446250297E+00 -0.6794152314119047E+00 -0.7710422921782937E+00 -0.8674458682194653E+00 -0.8863507748331564E+00 -0.7571271918662750E+00 -0.5176970833428777E+00 -0.2811634874683321E+00 -0.1087567243608370E+00 -0.5572568586626020E-02  0.4237292395736539E-01  0.0000000000000000E+00
  0.0000000000000000E+00  0.1681908792259501E+00  0.2095605057267764E+00  0.1710768798988916E+00  0.7080899717558446E-01 -0.3781763810719185E-01 -0.1539066610995287E+00 -0.2621593196977702E+00 -0.3574954890285805E+00 -0.4365828775430852E+00 -0.5099078347665651E+00 -0.6086505739424312E+00 -0.7435074934837942E+00 -0.8535305378254534E+00 -0.8320656628439769E+00 -0.6489549380742392E+00 -0.3982589342099451E+00 -0.1803201667112992E+00 -0.3546520931292892E-01  0.3223685348960158E-01  0.0000000000000000E+00
  0.0000000000000000E+00  0.1772543107963050E+00  0.2795365170753461E+00  0.3121330865240684E+00  0.2628372291976838E+00  0.1820233206588356E+00  0.8343544833965001E-01 -0.2031578089232538E-01 -0.1237637414848995E+00 -0.2218063560688315E+00 -0.3150314267041350E+00 -0.4255185298046701E+00 -0.5797430312988402E+00 -0.7565470619015684E+00 -0.8481359965681570E+00 -0.7604675374910063E+00 -0.5370999884759093E+00 -0.2973495227111849E+00 -0.1106278909163516E+00 -0.1233113906799477E-01  0.0000000000000000E+00
  0.0000000000000000E+00  0.1523782981724738E+00  0.2993066502856800E+00  0.4104933384230045E+00  0.4315481195735344E+00  0.3962333629127952E+00  0.3274620932562747E+00  0.2389762982848619E+00  0.1359492620926479E+00  0.2239626616443451E-01 -0.9720203046566324E-01 -0.2310287313023905E+00 -0.3993180404361970E+00 -0.6165481909327819E+00 -0.8082713121086977E+00 -0.8403742130118209E+00 -0.6799601191854689E+00 -0.4397815499176858E+00 -0.2196215783876274E+00 -0.8149690838981088E-01  0.0000000000000000E+00
  0.0000000000000000E+00  0.1047517639435736E+00  0.2674850053097558E+00  0.4454984658146094E+00  0.5467700057874406E+00  0.5742420080611237E+00  0.5485875604795712E+00  0.4853462207503004E+00  0.3913309484753084E+00  0.2697793329374988E+00  0.1263982787987273E+00 -0.3609501953756356E-01 -0.2193005474949291E+00 -0.4538972140339754E+00 -0.7175639554568295E+00 -0.8780085775119022E+00 -0.8182464458539281E+00 -0.6015260720451243E+00 -0.3602048528368024E+00 -0.1686297716201962E+00  0.0000000000000000E+00
  0.0000000000000000E+00  0.4456748264923178E-01  0.1926324070831177E+00  0.4044081716539031E+00  0.5766479698538460E+00  0.6756300430775269E+00  0.7056448152155641E+00  0.6786470417907970E+00  0.6028304680931797E+00  0.4822963710040926E+00  0.3242844532202027E+00  0.1397496227163683E+00 -0.5406458943613737E-01 -0.2857248687893844E+00 -0.5825611575420407E+00 -0.8576139643091718E+00 -0.9344844386578554E+00 -0.7754572719011127E+00 -0.5292377595592879E+00 -0.2707627185475280E+00  0.0000000000000000E+00
  0.0000000000000000E+00 -0.2101227447990752E-01  0.8841003090417276E-01  0.2886456863553150E+00  0.5003750885191046E+00  0.6624020864373299E+00  0.7530070077297059E+00  0.7713004291840865E+00  0.7229648082205909E+00  0.6141277932135204E+00  0.4568135219048942E+00  0.2698508739101780E+00  0.8180075777001958E-01 -0.1250472153763094E+00 -0.4098418602389785E+00 -0.7591996153542985E+00 -0.9945320506201445E+00 -0.9407361576493042E+00 -0.7173447486688119E+00 -0.3850087138427634E+00  0.0000000000000000E+00
  0.0000000000000000E+00 -0.7826656784616556E-01 -0.2681053026713714E-01  0.1232042496144261E+00  0.3271197780622109E+00  0.5178986533986056E+00  0.6535582931979252E+00  0.7163098600836663E+00  0.7044624148943384E+00  0.6247112352505041E+00  0.4941296171532196E+00  0.3361925039484873E+00  0.1801291840969568E+00  0.1998695102078497E-01 -0.2083355492713941E+00 -0.5642436243269067E+00 -0.9444717997854454E+00 -0.1047761974183437E+01 -0.8986868483129969E+00 -0.5006932273298227E+00  0.0000000000000000E+00
  0.0000000000000000E+00 -0.8086878697997042E-01 -0.7784368993946270E-01  0.1106499154221783E-01  0.1629841054049397E+00  0.3299223965880628E+00  0.4700129261312534E+00  0.5571048526861474E+00  0.5817450932583693E+00  0.5468717701459443E+00  0.4675633099978070E+00  0.3635587249121974E+00  0.2578833933911028E+00  0.1532989095551323E+00  0.8271693428296735E-02 -0.2725534216920401E+00 -0.7223517425275228E+00 -0.1001179394429404E+01 -0.1003299975046911E+01 -0.5788512306088113E+00  0.0000000000000000E+00
  0.0000000000000000E+00  0.2149571133645387E-01  0.8607080298617152E-01  0.1605400930196081E+00  0.2515435164547695E+00  0.3534624194380776E+00  0.4482062176045364E+00  0.5163616123185778E+00  0.5462821154999405E+00  0.5356368851858760E+00  0.4932940384871652E+00  0.4313483539792069E+00  0.3667828466372478E+00  0.3027431029481607E+00  0.2306898899589441E+00  0.7878845924937844E-01 -0.2979794736258607E+00 -0.6617040995669112E+00 -0.8729998994608696E+00 -0.5176173177054408E+00  0.0000000000000000E+00
  0.0000000000000000E+00  0.4282832812261900E+00  0.5545907251630811E+00  0.6130595854132344E+00  0.6376146399488895E+00  0.6558195601046489E+00  0.6728561357694107E+00  0.6828180059540314E+00  0.6794771651707692E+00  0.6600021845919058E+00  0.6285666795902581E+00  0.5890046591604535E+00  0.5519776103768728E+00  0.5138155145846344E+00  0.4897698249149142E+00  0.4424627183000572E+00  0.2960172960799884E+00  0.1201663569452933E+00 -0.1548656532744673E+00 -0.4637029010854715E-01  0.0000000000000000E+00
  0.3000000000000000E+01  0.1736645867657884E+01  0.1422298627496928E+01  0.1321361336779905E+01  0.1338699596608101E+01  0.1386003739124131E+01  0.1429637810296304E+01  0.1467907594456483E+01  0.1507850619987633E+01  0.1555630331410158E+01  0.1607593999716391E+01  0.1664334376497846E+01  0.1710850015506630E+01  0.1761296559194258E+01  0.1761380415214201E+01  0.1751400304349207E+01  0.1813968638134174E+01  0.1977796829597209E+01  0.2591597060362533E+01  0.2621493552620200E+01  0.3000000000000000E+01
