  0.0000000000000000E+00  0.5760635684569651E-02  0.2069139429333458E-01  0.7354052294848284E-01  0.1433650744818859E+00  0.2013194304697208E+00  0.1993055948396578E+00  0.9410703327961989E-01 -0.1093021419332658E+00 -0.3682463666961721E+00 -0.6143274869539365E+00 -0.7679185995245057E+00 -0.7723301139695276E+00 -0.6461520147315245E+00 -0.4695824169455907E+00 -0.2988424351750550E+00 -0.1570732592857268E+00 -0.5248504256580833E-01  0.1033515661949247E-01  0.2187305467362343E-01  0.0000000000000000E+00
  0.0000000000000000E+00 -0.2383948597535760E-01 -0.6610090551966770E-01 -0.1237776350716495E+00 -0.1831572638972218E+00 -0.2251980891907908E+00 -0.2309414738054004E+00 -0.1815387456313525E+00 -0.7912768767014859E-01  0.6040356966547524E-01  0.2069869580650486E+00  0.3263702348258713E+00  0.3893279807016340E+00  0.3919648635642066E+00  0.3530785255549595E+00  0.2888953810977504E+00  0.2101817269201910E+00  0.1299528081896342E+00  0.6075329261091362E-01  0.2014396240211599E-01  0.0000000000000000E+00
  0.0000000000000000E+00 -0.6575782224150314E-01 -0.1776113222656685E+00 -0.2977923822664657E+00 -0.4061067172097794E+00 -0.4742748371026516E+00 -0.4935188265765434E+00 -0.4505092036144376E+00 -0.3466852049437116E+00 -0.1870356576997463E+00  0.6633387241209335E-02  0.2111921049531083E+00  0.3956538281353745E+00  0.5297425759610952E+00  0.5896531597192878E+00  0.5678437081181963E+00  0.4734719214748463E+00  0.3373733820030943E+00  0.1925950344522333E+00  0.8230494187997139E-01  0.0000000000000000E+00
  0.0000000000000000E+00 -0.8269320168558589E-01 -0.2691777926461424E+00 -0.4271753937323292E+00 -0.5658394170646107E+00 -0.6528922848130913E+00 -0.6954250552221105E+00 -0.6804451832672932E+00 -0.6139876832213611E+00 -0.4919797368461180E+00 -0.3263436835660038E+00 -0.1257983837275335E+00  0.8496562191955241E-01  0.2762855898666794E+00  0.4181568923188404E+00  0.4895422502108319E+00  0.4768400669587227E+00  0.3884785985623233E+00  0.2492907470536726E+00  0.1093156563139239E+00  0.0000000000000000E+00
  0.0000000000000000E+00 -0.7595146906170701E-01 -0.3149944283191627E+00 -0.4892039317222198E+00 -0.6493140755625338E+00 -0.7534173253394301E+00 -0.8233421322729569E+00 -0.8414470921337019E+00 -0.8179982155278197E+00 -0.7414831514081225E+00 -0.6166918338691142E+00 -0.4422877537522890E+00 -0.2390004486291953E+00 -0.4007642607878046E-01  0.1235778462824629E+00  0.2396352121069710E+00  0.2959253972912602E+00  0.2818779279408373E+00  0.1966781889758779E+00  0.9210360742423461E-01  0.0000000000000000E+00
  0.0000000000000000E+00 -0.5869265247338724E-01 -0.3056439313413418E+00 -0.4768783188824905E+00 -0.6437343899131481E+00 -0.7555480013616641E+00 -0.8448562797903253E+00 -0.8917853854467022E+00 -0.9113271608684977E+00 -0.8902210890959862E+00 -0.8252624983642723E+00 -0.6994517986658521E+00 -0.5166759623877012E+00 -0.3134358502346200E+00 -0.1401589191084746E+00 -0.1334353476533396E-01  0.7380601440896049E-01  0.1130198274573182E+00  0.8864865814688165E-01  0.4965006682337510E-01  0.0000000000000000E+00
  0.0000000000000000E+00 -0.3597344760067241E-01 -0.2481981109113906E+00 -0.4067478980511479E+00 -0.5704770103075271E+00 -0.6861033897559292E+00 -0.7880254433363628E+00 -0.8552162468171135E+00 -0.9048739339510514E+00 -0.9299303001296271E+00 -0.9279935001233263E+00 -0.8720207066017853E+00 -0.7360732385095159E+00 -0.5353417763732984E+00 -0.3370056802761307E+00 -0.1937518672399866E+00 -0.9584857442385078E-01 -0.2997845471025738E-01 -0.5025326756098605E-02  0.9497998998261268E-02  0.0000000000000000E+00
  0.0000000000000000E+00 -0.7329970137070449E-05 -0.1513521076296636E+00 -0.2938848261278686E+00 -0.4496368266989531E+00 -0.5683083704649582E+00 -0.6784386754710713E+00 -0.7583830900586818E+00 -0.8227164304112288E+00 -0.8730254736893412E+00 -0.9172443725277797E+00 -0.9351270324612448E+00 -0.8771332080367542E+00 -0.7133524308616810E+00 -0.4906517950242226E+00 -0.3019467289961530E+00 -0.1784773471868561E+00 -0.9497235782556854E-01 -0.3949589716929026E-01  0.5254903289103703E-03  0.0000000000000000E+00
  0.0000000000000000E+00  0.5686492644004883E-01 -0.2835540720699671E-01 -0.1510344151646242E+00 -0.2970682990255643E+00 -0.4190498996537024E+00 -0.5367612604985381E+00 -0.6283409875570705E+00 -0.7008303468170353E+00 -0.7591216191972900E+00 -0.8219473338081406E+00 -0.8916612468734730E+00 -0.9206457087912793E+00 -0.8380773651702488E+00 -0.6334326653338369E+00 -0.3956558006245158E+00 -0.2142633718344886E+00 -0.9618863611103454E-01 -0.2168574592230297E-01  0.2175860441359828E-01  0.0000000000000000E+00
  0.0000000000000000E+00  0.1226069241197626E+00  0.1003427619671331E+00  0.9787590314739083E-02 -0.1206866917742854E+00 -0.2416017177509797E+00 -0.3633041557915572E+00 -0.4660688533431813E+00 -0.5489795391613999E+00 -0.6135884137998668E+00 -0.6793938278177930E+00 -0.7710235645022471E+00 -0.8674249106659903E+00 -0.8863258392674365E+00 -0.7571031761019663E+00 -0.5176793787117838E+00 -0.2811525846464528E+00 -0.1087516966372600E+00 -0.5571113771735321E-02  0.4237523105239772E-01  0.0000000000000000E+00
  0.0000000000000000E+00  0.1681799621030463E+00  0.2095477676437428E+00  0.1710647588682521E+00  0.7080327260069665E-01 -0.3781793996850157E-01 -0.1539004987681897E+00 -0.2621479521041611E+00 -0.3574801633281057E+00 -0.4365660843458449E+00 -0.5098930331227888E+00 -0.6086381676513116E+00 -0.7434940142370878E+00 -0.8535119491505039E+00 -0.8320439906593817E+00 -0.6489360154494952E+00 -0.3982448021070337E+00 -0.1803112606628740E+00 -0.3546073851223555E-01  0.3224128868009139E-01  0.0000000000000000E+00
  0.0000000000000000E+00  0.1772433565574966E+00  0.2795188643307558E+00  0.3121119761736044E+00  0.2628187464699416E+00  0.1820078687194515E+00  0.8342410266548778E-01 -0.2032280243193371E-01 -0.1237661618385690E+00 -0.2218045778062448E+00 -0.3150275085443249E+00 -0.4255134841165657E+00 -0.5797361536676201E+00 -0.7565346691040081E+00 -0.8481178412800645E+00 -0.7604491640450566E+00 -0.5370844929978058E+00 -0.2973373672128674E+00 -0.1106201721045070E+00 -0.1232466527492037E-01  0.0000000000000000E+00
  0.0000000000000000E+00  0.1523699264029005E+00  0.2992877463655249E+00  0.4104660552856960E+00  0.4315185722204647E+00  0.3962037820392679E+00  0.3274340851532933E+00  0.2389511482334958E+00  0.1359284019742540E+00  0.2238104683118193E-01 -0.9721171577429739E-01 -0.2310325584001391E+00 -0.3993170747980686E+00 -0.6165408881056406E+00 -0.8082564077029291E+00 -0.8403565189210436E+00 -0.6799442818668072E+00 -0.4397675049952506E+00 -0.2196114614347440E+00 -0.8148946499747162E-01  0.0000000000000000E+00
  0.0000000000000000E+00  0.1047475301489103E+00  0.2674690495783544E+00  0.4454699610728419E+00  0.5467339505023274E+00  0.5742021295411712E+00  0.5485465638614134E+00  0.4853064777339892E+00  0.3912948069422500E+00  0.2697493886702018E+00  0.1263760995693765E+00 -0.3610733701255406E-01 -0.2193044376179314E+00 -0.4538933835723133E+00 -0.7175514007414879E+00 -0.8779910024133694E+00 -0.8182301730655569E+00 -0.6015108221466320E+00 -0.3601931730333707E+00 -0.1686221061937611E+00  0.0000000000000000E+00
  0.0000000000000000E+00  0.4456834038907728E-01  0.1926229049876144E+00  0.4043845879118535E+00  0.5766125219026441E+00  0.6755867437314855E+00  0.7055974400107315E+00  0.6785991046411404E+00  0.6027852375560121E+00  0.4822574516290985E+00  0.3242547637120954E+00  0.1397322863432255E+00 -0.5407114932598148E-01 -0.2857227526736615E+00 -0.5825499197157004E+00 -0.8575958740673992E+00 -0.9344673095545316E+00 -0.7754410581342024E+00 -0.5292252109032435E+00 -0.2707550985282041E+00  0.0000000000000000E+00
  0.0000000000000000E+00 -0.2100522077495052E-01  0.8840948005444907E-01  0.2886334660683111E+00  0.5003494029135513E+00  0.6623652222410134E+00  0.7529629151317607E+00  0.7712536510951691E+00  0.7229197484534241E+00  0.6140890452456216E+00  0.4567848390330688E+00  0.2698349983371038E+00  0.8179531222499939E-01 -0.1250449938742815E+00 -0.4098314710924350E+00 -0.7591809871296010E+00 -0.9945138772000672E+00 -0.9407191451803057E+00 -0.7173318009419497E+00 -0.3850012086730908E+00  0.0000000000000000E+00
  0.0000000000000000E+00 -0.7825410504335853E-01 -0.2680119665498378E-01  0.1232074420158315E+00  0.3271121868084700E+00  0.5178798582379831E+00  0.6535307997084389E+00  0.7162780078576945E+00  0.7044310585229322E+00  0.6246852745638429E+00  0.4941125276853431E+00  0.3361854808967044E+00  0.1801290481052122E+00  0.1999087887252038E-01 -0.2083263445950789E+00 -0.5642256496156300E+00 -0.9444533318702577E+00 -0.1047744700236651E+01 -0.8986740483890701E+00 -0.5006859880226765E+00  0.0000000000000000E+00
  0.0000000000000000E+00 -0.8085736441389148E-01 -0.7783131113057025E-01  0.1107711502179167E-01  0.1629916549209046E+00  0.3299233513752866E+00  0.4700076998437118E+00  0.5570959344833507E+00  0.5817359280965150E+00  0.5468657618034372E+00  0.4675624511128056E+00  0.3635628793983453E+00  0.2578897070990165E+00  0.1533049136556648E+00  0.8278748269935476E-02 -0.2725383631018746E+00 -0.7223350647314810E+00 -0.1001163184212147E+01 -0.1003288165151980E+01 -0.5788446606696483E+00  0.0000000000000000E+00
  0.0000000000000000E+00  0.2149772968007694E-01  0.8607247048186578E-01  0.1605445635163827E+00  0.2515496128419599E+00  0.3534682093926585E+00  0.4482105627366370E+00  0.5163647378784390E+00  0.5462852596498670E+00  0.5356414360422698E+00  0.4933007167435484E+00  0.4313565409530039E+00  0.3667907273442312E+00  0.3027487655685337E+00  0.2306935832200333E+00  0.7879790125346378E-01 -0.2979679716540489E+00 -0.6616914908190450E+00 -0.8729902618982353E+00 -0.5176117528222617E+00  0.0000000000000000E+00
  0.0000000000000000E+00  0.4282788789905803E+00  0.5545864574424673E+00  0.6130574565353564E+00  0.6376143784156918E+00  0.6558202545994762E+00  0.6728570399173612E+00  0.6828188254954255E+00  0.6794781094731976E+00  0.6600035027675470E+00  0.6285685393658837E+00  0.5890065058633035E+00  0.5519789077938415E+00  0.5138149300072065E+00  0.4897676952471173E+00  0.4424621586982437E+00  0.2960187068480268E+00  0.1201708960648217E+00 -0.1548611118233970E+00 -0.4636692839636954E-01  0.0000000000000000E+00
  0.3000000000000000E+01  0.1736661092708336E+01  0.1422313098154464E+01  0.1321372193910314E+01  0.1338706477594884E+01  0.1386007445594230E+01  0.1429639442984553E+01  0.1467908261392163E+01  0.1507850931230274E+01  0.1555630927739629E+01  0.1607595098645897E+01  0.1664337023363093E+01  0.1710854003962707E+01  0.1761303975546914E+01  0.1761390497478682E+01  0.1751411425158733E+01  0.1813975907801871E+01  0.1977795820986490E+01  0.2591593073571956E+01  0.2621489032366846E+01  0.3000000000000000E+01
