  0.0000000000000000E+00  0.5897034973830664E-02  0.2064911694613358E-01  0.7335461578042868E-01  0.1429492038590370E+00  0.2003844459495090E+00  0.1972874042176821E+00  0.9066714043276364E-01 -0.1141054549481119E+00 -0.3740401238497059E+00 -0.6204721032407524E+00 -0.7734807831427521E+00 -0.7763380572166726E+00 -0.6484249373747569E+00 -0.4706640533534814E+00 -0.2991886827692015E+00 -0.1569511150033109E+00 -0.5204577817346617E-01  0.1090507549088418E-01  0.2254643511081944E-01  0.0000000000000000E+00
  0.0000000000000000E+00 -0.2388657449261268E-01 -0.6604293404512125E-01 -0.1236865616867542E+00 -0.1830475259512717E+00 -0.2249819812819971E+00 -0.2303991560884566E+00 -0.1804844266902385E+00 -0.7752744737042297E-01  0.6246625200971359E-01  0.2092976508142840E+00  0.3286284919440318E+00  0.3911937544873874E+00  0.3933252025123123E+00  0.3540283095720042E+00  0.2894937560309383E+00  0.2104685611693342E+00  0.1299488105635559E+00  0.6057520600704421E-01  0.1977824927915746E-01  0.0000000000000000E+00
  0.0000000000000000E+00 -0.6576268850400738E-01 -0.1774796851892302E+00 -0.2977050692798338E+00 -0.4061933739947780E+00 -0.4745614978964822E+00 -0.4939100640476876E+00 -0.4507861396379518E+00 -0.3466877970593808E+00 -0.1866413678205651E+00  0.7420849202099644E-02  0.2124046926893432E+00  0.3972432062454897E+00  0.5315506701621801E+00  0.5914208753625312E+00  0.5692925853236134E+00  0.4744545685046918E+00  0.3378006535172016E+00  0.1926306935120168E+00  0.8188118294829182E-01  0.0000000000000000E+00
  0.0000000000000000E+00 -0.8277758549600721E-01 -0.2694551168767630E+00 -0.4278234365747185E+00 -0.5670145058374805E+00 -0.6545088685893483E+00 -0.6973528375334863E+00 -0.6824169514948963E+00 -0.6158588928933839E+00 -0.4935585363659863E+00 -0.3275637432974264E+00 -0.1264752695974558E+00  0.8492927769947388E-01  0.2768944580142840E+00  0.4192191383491887E+00  0.4907429058500881E+00  0.4779051557223642E+00  0.3891162050423241E+00  0.2495502978753460E+00  0.1089728821590016E+00  0.0000000000000000E+00
  0.0000000000000000E+00 -0.7603016830491047E-01 -0.3157960457361186E+00 -0.4906142901935529E+00 -0.6514897830112840E+00 -0.7561145839125407E+00 -0.8264488209850994E+00 -0.8446372543131992E+00 -0.8211376834226877E+00 -0.7443301946852576E+00 -0.6191815742065382E+00 -0.4442260577007092E+00 -0.2402788837556744E+00 -0.4065696173214008E-01  0.1235601754694677E+00  0.2399825697526738E+00  0.2964388653114488E+00  0.2822500388275710E+00  0.1968692995774104E+00  0.9175417260339026E-01  0.0000000000000000E+00
  0.0000000000000000E+00 -0.5873660278211038E-01 -0.3068813133169666E+00 -0.4788182290143594E+00 -0.6466015975133287E+00 -0.7589920286161856E+00 -0.8488340012145612E+00 -0.8959163428881476E+00 -0.9154904587890139E+00 -0.8941567671881882E+00 -0.8289162820940021E+00 -0.7026142254553003E+00 -0.5191284216676358E+00 -0.3150537209326175E+00 -0.1410934015940350E+00 -0.1382535456868673E-01  0.7364488105801267E-01  0.1129601372141120E+00  0.8862244210304575E-01  0.4927133294168515E-01  0.0000000000000000E+00
  0.0000000000000000E+00 -0.3603293412427949E-01 -0.2496401051925959E+00 -0.4088728209078406E+00 -0.5736109132894058E+00 -0.6898538321353750E+00 -0.7923927055317337E+00 -0.8597430625489041E+00 -0.9093892621060964E+00 -0.9341662101508440E+00 -0.9319803204064819E+00 -0.8757236674213449E+00 -0.7392669469370203E+00 -0.5376946226591154E+00 -0.3384877760330906E+00 -0.1946731217516251E+00 -0.9639629467959993E-01 -0.3029687185065120E-01 -0.5181660755400157E-02  0.9163301338904162E-02  0.0000000000000000E+00
  0.0000000000000000E+00 -0.1147589411316164E-03 -0.1527071092930220E+00 -0.2958992386727353E+00 -0.4527198077260007E+00 -0.5721162534957769E+00 -0.6830101602397962E+00 -0.7632072910241143E+00 -0.8275022809618918E+00 -0.8773966997662208E+00 -0.9211961432570052E+00 -0.9388508506591258E+00 -0.8806391348325634E+00 -0.7162639959237692E+00 -0.4925908645509155E+00 -0.3030681494240472E+00 -0.1790947231449345E+00 -0.9527979735835718E-01 -0.3962113209884993E-01  0.2828362700523358E-03  0.0000000000000000E+00
  0.0000000000000000E+00  0.5687375187957031E-01 -0.2924816929976165E-01 -0.1525983407714969E+00 -0.2997105965649844E+00 -0.4225113387100060E+00 -0.5411058501950360E+00 -0.6330806850120746E+00 -0.7055966517688099E+00 -0.7634191565009887E+00 -0.8255824231548989E+00 -0.8949040198777657E+00 -0.9238530067609823E+00 -0.8411511928414207E+00 -0.6358254761507915E+00 -0.3971141971834249E+00 -0.2150203688012426E+00 -0.9648859051761521E-01 -0.2178014266399561E-01  0.2153572486996951E-01  0.0000000000000000E+00
  0.0000000000000000E+00  0.1230918394585617E+00  0.1002851903253734E+00  0.9078475332881961E-02 -0.1224153511400408E+00 -0.2441459621068487E+00 -0.3667442290635821E+00 -0.4700533990314599E+00 -0.5531945904446604E+00 -0.6175407145178079E+00 -0.6826562175260070E+00 -0.7736628856123061E+00 -0.8699378401645151E+00 -0.8890240122088867E+00 -0.7596413995627023E+00 -0.5195311865943835E+00 -0.2823057084177206E+00 -0.1093380090899889E+00 -0.5837940699233020E-02  0.4201653957512591E-01  0.0000000000000000E+00
  0.0000000000000000E+00  0.1692188197947801E+00  0.2104795847504955E+00  0.1715194803108196E+00  0.7040760137496051E-01 -0.3889035877119486E-01 -0.1557200273986457E+00 -0.2645481976229401E+00 -0.3602975118421032E+00 -0.4394860057370143E+00 -0.5124541655601004E+00 -0.6106429274819616E+00 -0.7452434390838254E+00 -0.8555278797938659E+00 -0.8343185775597467E+00 -0.6509143347413362E+00 -0.3997251140377711E+00 -0.1812951943866868E+00 -0.3602476530596211E-01  0.3167801437217251E-01  0.0000000000000000E+00
  0.0000000000000000E+00  0.1785552883563119E+00  0.2812904926114230E+00  0.3138040643027783E+00  0.2639751726121065E+00  0.1827126544199523E+00  0.8362349813959559E-01 -0.2061255936175162E-01 -0.1245408783201746E+00 -0.2229863264437447E+00 -0.3163280461671289E+00 -0.4266901963753745E+00 -0.5807663622922073E+00 -0.7578388621997636E+00 -0.8499434564517683E+00 -0.7623203361132522E+00 -0.5386618779350358E+00 -0.2985883120743851E+00 -0.1114427457008084E+00 -0.1302659258895394E-01  0.0000000000000000E+00
  0.0000000000000000E+00  0.1535988572751497E+00  0.3015085651301567E+00  0.4131764284332413E+00  0.4341513213264775E+00  0.3986623671050551E+00  0.3296387576772714E+00  0.2408175529268051E+00  0.1373391152309316E+00  0.2322731783404934E-01 -0.9686599083705723E-01 -0.2311298532497789E+00 -0.3996592953054009E+00 -0.6172404843517988E+00 -0.8096330332065514E+00 -0.8420639800334834E+00 -0.6815017818496283E+00 -0.4411571778386562E+00 -0.2206295540474962E+00 -0.8224454171100987E-01  0.0000000000000000E+00
  0.0000000000000000E+00  0.1056373362836148E+00  0.2696307506351765E+00  0.4487109166414528E+00  0.5504695690789174E+00  0.5781236696124136E+00  0.5524649344415102E+00  0.4890406603249381E+00  0.3946438386644693E+00  0.2724796421459597E+00  0.1283580551311619E+00 -0.3506057999161304E-01 -0.2190130753439470E+00 -0.4541685096778898E+00 -0.7185950993653195E+00 -0.8795836306921840E+00 -0.8197661847807061E+00 -0.6029736089794900E+00 -0.3613345927482176E+00 -0.1693780599353168E+00  0.0000000000000000E+00
  0.0000000000000000E+00  0.4494918401469203E-01  0.1942432100130539E+00  0.4074683076029991E+00  0.5807610229544242E+00  0.6803611224885608E+00  0.7106589478648155E+00  0.6836471200039692E+00  0.6075323717519510E+00  0.4863666065033606E+00  0.3274378830454024E+00  0.1416354735662133E+00 -0.5332675456954564E-01 -0.2857753516700067E+00 -0.5834252254534004E+00 -0.8591740387471989E+00 -0.9360358262585546E+00 -0.7769617452841465E+00 -0.5304235825031519E+00 -0.2714928915766359E+00  0.0000000000000000E+00
  0.0000000000000000E+00 -0.2130309984596154E-01  0.8912153991880901E-01  0.2907779036434086E+00  0.5039307405966156E+00  0.6670314235348815E+00  0.7582793110902685E+00  0.7767744441792255E+00  0.7282245665205307E+00  0.6187215263564756E+00  0.4603362646706012E+00  0.2719373314738322E+00  0.8260657196510418E-01 -0.1250930497421830E+00 -0.4106604150287964E+00 -0.7608148112228119E+00 -0.9961673801184444E+00 -0.9423040405486675E+00 -0.7185510857499831E+00 -0.3857183815520100E+00  0.0000000000000000E+00
  0.0000000000000000E+00 -0.7924329803052776E-01 -0.2722538971782342E-01  0.1237548338633163E+00  0.3290169664083394E+00  0.5210642974619786E+00  0.6576456032111799E+00  0.7208233966502315E+00  0.7088734112347519E+00  0.6284770707644481E+00  0.4968226797234169E+00  0.3375901484330199E+00  0.1804854448982858E+00  0.1972878096684523E-01 -0.2091401096503113E+00 -0.5658702063432085E+00 -0.9461615612578094E+00 -0.1049367360799360E+01 -0.8998765399254247E+00 -0.5013736159482245E+00  0.0000000000000000E+00
  0.0000000000000000E+00 -0.8200644878840826E-01 -0.7895544291150516E-01  0.1025018108146361E-01  0.1629398410123597E+00  0.3308029307120444E+00  0.4716859574277867E+00  0.5592198386378695E+00  0.5838573748764669E+00  0.5485398700870804E+00  0.4684905944925493E+00  0.3636841337119971E+00  0.2574703225426619E+00  0.1527086651070932E+00  0.7545445598284242E-02 -0.2740088934436422E+00 -0.7239280994517964E+00 -0.1002714780065426E+01 -0.1004407211517041E+01 -0.5794706212240834E+00  0.0000000000000000E+00
  0.0000000000000000E+00  0.2111172500867372E-01  0.8569297954181801E-01  0.1599349675567713E+00  0.2509449643966041E+00  0.3531102558455942E+00  0.4481905068009755E+00  0.5165896811722905E+00  0.5465382623710947E+00  0.5356856714130276E+00  0.4929814313592826E+00  0.4306883538004311E+00  0.3659603643200534E+00  0.3020270230347477E+00  0.2301836813058565E+00  0.7779349187605207E-01 -0.2991115177571931E+00 -0.6629262027655243E+00 -0.8739183494625110E+00 -0.5181488515470621E+00  0.0000000000000000E+00
  0.0000000000000000E+00  0.4286221175358850E+00  0.5548375773674061E+00  0.6130721516982806E+00  0.6374803060513733E+00  0.6556691051012653E+00  0.6727728888173832E+00  0.6828100519280842E+00  0.6794825463119805E+00  0.6599489701171213E+00  0.6284022763341972E+00  0.5887659501356205E+00  0.5517248160469861E+00  0.5137116721138599E+00  0.4898407476407208E+00  0.4424350803598929E+00  0.2958493135218919E+00  0.1197143447042145E+00 -0.1553054162982273E+00 -0.4669472502417490E-01  0.0000000000000000E+00
  0.3000000000000000E+01  0.1735245372401019E+01  0.1421180247439600E+01  0.1320718512461930E+01  0.1338504046242484E+01  0.1386102940541798E+01  0.1429871840348826E+01  0.1468159525388038E+01  0.1508090623435153E+01  0.1555838761061664E+01  0.1607774602356691E+01  0.1664390503393570E+01  0.1710785916179095E+01  0.1760892006693168E+01  0.1760661438383694E+01  0.1750488250796373E+01  0.1813340541677131E+01  0.1977930763121832E+01  0.2591997899432171E+01  0.2621935323525463E+01  0.3000000000000000E+01
