  0.0000000000000000E+00  0.5761968827105377E-02  0.2069594733373981E-01  0.7354166266273232E-01  0.1433597169308491E+00  0.2013086194934425E+00  0.1992995297930501E+00  0.9412039744757361E-01 -0.1092604762158340E+00 -0.3681733542524700E+00 -0.6142270930564943E+00 -0.7678058856650452E+00 -0.7722295872929551E+00 -0.6460826013763721E+00 -0.4695429012240103E+00 -0.2988256758327746E+00 -0.1570732145730815E+00 -0.5249743014186303E-01  0.1031657951854223E-01  0.2185155089417565E-01  0.0000000000000000E+00
  0.0000000000000000E+00 -0.2383936302147212E-01 -0.6609865351666670E-01 -0.1237702274160432E+00 -0.1831431547132710E+00 -0.2251788685505739E+00 -0.2309219950655486E+00 -0.1815265869007274E+00 -0.7912800030264018E-01  0.6038748815136366E-01  0.2069555375087443E+00  0.3263277422401054E+00  0.3892830404140292E+00  0.3919253787889633E+00  0.3530467446379714E+00  0.2888722556459538E+00  0.2101678846322394E+00  0.1299492554081629E+00  0.6075711011627572E-01  0.2015480873306813E-01  0.0000000000000000E+00
  0.0000000000000000E+00 -0.6575612023731099E-01 -0.1776000132162603E+00 -0.2977690195853971E+00 -0.4060697472089638E+00 -0.4742279861582793E+00 -0.4934664554035958E+00 -0.4504593632546084E+00 -0.3466444771237545E+00 -0.1870108897983790E+00  0.6639519469738606E-02  0.2111773410552711E+00  0.3956195339491325E+00  0.5296935349905176E+00  0.5895973326899039E+00  0.5677910911050869E+00  0.4734304393236368E+00  0.3373503360826258E+00  0.1925879098673694E+00  0.8231597709338004E-01  0.0000000000000000E+00
  0.0000000000000000E+00 -0.8269241958804335E-01 -0.2691575397747656E+00 -0.4271402185789023E+00 -0.5657877045970104E+00 -0.6528302745507033E+00 -0.6953555639081402E+00 -0.6803754467010804E+00 -0.6139211977200831E+00 -0.4919224925599589E+00 -0.3262981915386154E+00 -0.1257701093401773E+00  0.8497396014610049E-01  0.2762736771955695E+00  0.4181285340618436E+00  0.4895046728622648E+00  0.4768014114312888E+00  0.3884513122672701E+00  0.2492768707522943E+00  0.1093250849987814E+00  0.0000000000000000E+00
  0.0000000000000000E+00 -0.7595299513084618E-01 -0.3149667994488501E+00 -0.4891606095239409E+00 -0.6492510663593062E+00 -0.7533434436349755E+00 -0.8232581055276477E+00 -0.8413607105369308E+00 -0.8179111548102498E+00 -0.7414012378546798E+00 -0.6166170676500891E+00 -0.4422265585475331E+00 -0.2389571862096362E+00 -0.4005217681879410E-01  0.1235863595195799E+00  0.2396310986143820E+00  0.2959120400744235E+00  0.2818656077284142E+00  0.1966709199547517E+00  0.9211509910780040E-01  0.0000000000000000E+00
  0.0000000000000000E+00 -0.5869640160340688E-01 -0.3056148522345062E+00 -0.4768359621276060E+00 -0.6436714986632712E+00 -0.7554750461078183E+00 -0.8447719458215991E+00 -0.8916979890450923E+00 -0.9112369668599051E+00 -0.8901321190206611E+00 -0.8251744462103883E+00 -0.6993702082968204E+00 -0.5166087753509377E+00 -0.3133875548175064E+00 -0.1401253439518738E+00 -0.1332016581284014E-01  0.7381908261801237E-01  0.1130274050900103E+00  0.8865352105881909E-01  0.4966477907402720E-01  0.0000000000000000E+00
  0.0000000000000000E+00 -0.3597800406672143E-01 -0.2481721262080763E+00 -0.4067109732465298E+00 -0.5704182164565665E+00 -0.6860331587586823E+00 -0.7879414952281696E+00 -0.8551287709003619E+00 -0.9047848581663096E+00 -0.9298434533809854E+00 -0.9279056340771095E+00 -0.8719319409052088E+00 -0.7359915727741471E+00 -0.5352780014669868E+00 -0.3369603636278538E+00 -0.1937165830449308E+00 -0.9582135320282953E-01 -0.2995882380217574E-01 -0.5013173929407309E-02  0.9512727356132842E-02  0.0000000000000000E+00
  0.0000000000000000E+00 -0.1303170859594052E-04 -0.1513342655227286E+00 -0.2938571543143265E+00 -0.4495858788863110E+00 -0.5682431083709827E+00 -0.6783566322898947E+00 -0.7582958884009305E+00 -0.8226294628231009E+00 -0.8729450424691154E+00 -0.9171672039938817E+00 -0.9350461182801104E+00 -0.8770497937883810E+00 -0.7132792379141125E+00 -0.4905998454895916E+00 -0.3019112419045006E+00 -0.1784513633271642E+00 -0.9495432912362027E-01 -0.3948596971361618E-01  0.5357126063539794E-03  0.0000000000000000E+00
  0.0000000000000000E+00  0.5685414689513477E-01 -0.2835140341140744E-01 -0.1510208582004160E+00 -0.2970309408346566E+00 -0.4189954588671507E+00 -0.5366869542467209E+00 -0.6282576621357192E+00 -0.7007458904088324E+00 -0.7590459189235393E+00 -0.8218819792456985E+00 -0.8915966615789435E+00 -0.9205736927921178E+00 -0.8380036315192353E+00 -0.6333736868195832E+00 -0.3956180088358754E+00 -0.2142414217635443E+00 -0.9617784193102930E-01 -0.2168218574631894E-01  0.2176406113410361E-01  0.0000000000000000E+00
  0.0000000000000000E+00  0.1225865155320020E+00  0.1003284528548923E+00  0.9780859801142870E-02 -0.1206715508548705E+00 -0.2415693318000212E+00 -0.3632515695742721E+00 -0.4660036591532791E+00 -0.5489086386161731E+00 -0.6135220711112367E+00 -0.6793394916748365E+00 -0.7709760255655521E+00 -0.8673717077563032E+00 -0.8862625289377951E+00 -0.7570421942684632E+00 -0.5176344196638133E+00 -0.2811248988544799E+00 -0.1087389304879758E+00 -0.5567420966364522E-02  0.4238108697203037E-01  0.0000000000000000E+00
  0.0000000000000000E+00  0.1681522434551780E+00  0.2095154245175292E+00  0.1710339830852341E+00  0.7078873690516246E-01 -0.3781870667881473E-01 -0.1538848523029137E+00 -0.2621190888218279E+00 -0.3574412506770270E+00 -0.4365234477422446E+00 -0.5098554569309285E+00 -0.6086066786279200E+00 -0.7434598027381265E+00 -0.8534647602063963E+00 -0.8319889648560018E+00 -0.6488879658698132E+00 -0.3982089167878631E+00 -0.1802886465361003E+00 -0.3544938726015753E-01  0.3225254851719197E-01  0.0000000000000000E+00
  0.0000000000000000E+00  0.1772155431308345E+00  0.2794740424165234E+00  0.3120583758143825E+00  0.2627718171137365E+00  0.1819686346818165E+00  0.8339529449993266E-01 -0.2034063155290569E-01 -0.1237723084870797E+00 -0.2218000648637468E+00 -0.3150175641752723E+00 -0.4255006819199479E+00 -0.5797187046549491E+00 -0.7565032161124856E+00 -0.8480717507991399E+00 -0.7604025124553944E+00 -0.5370451470339362E+00 -0.2973065025012481E+00 -0.1106005732329807E+00 -0.1230822821450191E-01  0.0000000000000000E+00
  0.0000000000000000E+00  0.1523486695029631E+00  0.2992397472737676E+00  0.4103967812058746E+00  0.4314435485530749E+00  0.3961286726740192E+00  0.3273629683419760E+00  0.2388872872918959E+00  0.1358754329856718E+00  0.2234239962204530E-01 -0.9723631187484719E-01 -0.2310422831218645E+00 -0.3993146353730314E+00 -0.6165223605074874E+00 -0.8082185758722363E+00 -0.8403115962981261E+00 -0.6799040697837572E+00 -0.4397318437487193E+00 -0.2195857733646418E+00 -0.8147056546543949E-01  0.0000000000000000E+00
  0.0000000000000000E+00  0.1047367797839351E+00  0.2674285358473495E+00  0.4453975843743360E+00  0.5466424017393310E+00  0.5741008723840823E+00  0.5484424665808498E+00  0.4852055620336422E+00  0.3912030348631982E+00  0.2696733513000450E+00  0.1263197787674123E+00 -0.3613861924218136E-01 -0.2193143255368957E+00 -0.4538836719641726E+00 -0.7175195373522820E+00 -0.8779463854968917E+00 -0.8181888572391208E+00 -0.6014721024847165E+00 -0.3601635170196413E+00 -0.1686026428781729E+00  0.0000000000000000E+00
  0.0000000000000000E+00  0.4457051807796979E-01  0.1925987776284579E+00  0.4043247053674561E+00  0.5765225142392794E+00  0.6754767995592854E+00  0.7054771455127823E+00  0.6784773817005111E+00  0.6026703859355028E+00  0.4821586239420604E+00  0.3241793719805349E+00  0.1396882599438399E+00 -0.5408781459459348E-01 -0.2857173918776376E+00 -0.5825214001283435E+00 -0.8575499516083540E+00 -0.9344238211748053E+00 -0.7753998920440786E+00 -0.5291933492708517E+00 -0.2707357507015102E+00  0.0000000000000000E+00
  0.0000000000000000E+00 -0.2098731148979176E-01  0.8840808085761327E-01  0.2886024355399646E+00  0.5002841813987853E+00  0.6622716160412274E+00  0.7528509541381606E+00  0.7711348699618192E+00  0.7228053293059894E+00  0.6139906516989895E+00  0.4567120018382724E+00  0.2697946800056520E+00  0.8178147731532266E-01 -0.1250393627229729E+00 -0.4098051043965827E+00 -0.7591336994659870E+00 -0.9944677384635630E+00 -0.9406759516161299E+00 -0.7172989264260969E+00 -0.3849821526627480E+00  0.0000000000000000E+00
  0.0000000000000000E+00 -0.7822246252659942E-01 -0.2677749874661837E-01  0.1232155450107369E+00  0.3270929074018185E+00  0.5178321294541871E+00  0.6534609836944357E+00  0.7161971232944829E+00  0.7043514320421979E+00  0.6246193476407498E+00  0.4940691256569084E+00  0.3361676391815134E+00  0.1801286955612959E+00  0.2000084570946163E-01 -0.2083029818835979E+00 -0.5641800201213047E+00 -0.9444064459476796E+00 -0.1047700842915565E+01 -0.8986415492787613E+00 -0.5006676072131382E+00  0.0000000000000000E+00
  0.0000000000000000E+00 -0.8082836326243784E-01 -0.7779988219003960E-01  0.1110789433644186E-01  0.1630108191144563E+00  0.3299257693209085E+00  0.4699944219276859E+00  0.5570732810640462E+00  0.5817126466278735E+00  0.5468504954063212E+00  0.4675602601836038E+00  0.3635734195735914E+00  0.2579057326584376E+00  0.1533201554380217E+00  0.8296656424566515E-02 -0.2725001350517402E+00 -0.7222927236253575E+00 -0.1001122027744361E+01 -0.1003258179697698E+01 -0.5788279795226180E+00  0.0000000000000000E+00
  0.0000000000000000E+00  0.2150285213957152E-01  0.8607670178812833E-01  0.1605559108990237E+00  0.2515650874260594E+00  0.3534829047608219E+00  0.4482215885017643E+00  0.5163726662200705E+00  0.5462932347740400E+00  0.5356529831484372E+00  0.4933176664229580E+00  0.4313773231631305E+00  0.3668107340730716E+00  0.3027631427071261E+00  0.2307029592760969E+00  0.7882187190604029E-01 -0.2979387708172099E+00 -0.6616594784410140E+00 -0.8729657919817118E+00 -0.5175976235503847E+00  0.0000000000000000E+00
  0.0000000000000000E+00  0.4282676989236072E+00  0.5545756179331748E+00  0.6130520473860355E+00  0.6376137104141971E+00  0.6558220137877571E+00  0.6728593311631927E+00  0.6828209017862820E+00  0.6794805026642978E+00  0.6600068457638995E+00  0.6285732583210611E+00  0.5890111927756643E+00  0.5519822010949746E+00  0.5138134461780567E+00  0.4897622880583899E+00  0.4424607374681674E+00  0.2960222870920254E+00  0.1201824199162431E+00 -0.1548495812054668E+00 -0.4635839300233788E-01  0.0000000000000000E+00
  0.3000000000000000E+01  0.1736699755368750E+01  0.1422349847988604E+01  0.1321399768740917E+01  0.1338723956183468E+01  0.1386016863397551E+01  0.1429643595012186E+01  0.1467909960861225E+01  0.1507851726781146E+01  0.1555632445856739E+01  0.1607597891459775E+01  0.1664343744836138E+01  0.1710864130788148E+01  0.1761322804172956E+01  0.1761416095100927E+01  0.1751439659501538E+01  0.1813994367906714E+01  0.1977793261810256E+01  0.2591582951634689E+01  0.2621477555456629E+01  0.3000000000000000E+01
