  0.0000000000000000E+00  0.7072586110128981E-02  0.2137859287751814E-01  0.7211860684699389E-01  0.1380808604329437E+00  0.1894848097465816E+00  0.1782494747403752E+00  0.6468627321339199E-01 -0.1437158469690558E+00 -0.4025969568500819E+00 -0.6428959402969752E+00 -0.7857148414516695E+00 -0.7777103733537523E+00 -0.6441833961151420E+00 -0.4656055158528025E+00 -0.2951294619125291E+00 -0.1543068660778443E+00 -0.5074283789866785E-01  0.1113185443962036E-01  0.2224212577561935E-01  0.0000000000000000E+00
  0.0000000000000000E+00 -0.2411519488726644E-01 -0.6515138094750882E-01 -0.1212122148373636E+00 -0.1785208919148481E+00 -0.2178433081435088E+00 -0.2200323798669398E+00 -0.1673925567616287E+00 -0.6302698698738189E-01  0.7645497537444318E-01  0.2207001701137196E+00  0.3358110775594879E+00  0.3937579826860960E+00  0.3929279808836750E+00  0.3523132184438810E+00  0.2873163058111511E+00  0.2083897966174001E+00  0.1284535829588465E+00  0.5983431086095717E-01  0.1973753457061610E-01  0.0000000000000000E+00
  0.0000000000000000E+00 -0.6527299855167033E-01 -0.1740755499650083E+00 -0.2915180376650969E+00 -0.3974818153116007E+00 -0.4640451146839449E+00 -0.4818476648604441E+00 -0.4374913970714940E+00 -0.3327968079312014E+00 -0.1732320307267524E+00  0.1920457004418367E-01  0.2217183912267944E+00  0.4035635747045356E+00  0.5346005465358832E+00  0.5913341394788405E+00  0.5668194555209243E+00  0.4708625237743561E+00  0.3346179109778716E+00  0.1906347870224919E+00  0.8145472948746764E-01  0.0000000000000000E+00
  0.0000000000000000E+00 -0.8291682965320109E-01 -0.2666713414170032E+00 -0.4236827953402754E+00 -0.5621127469755051E+00 -0.6494976201562196E+00 -0.6920487977182131E+00 -0.6766088965826218E+00 -0.6094562115778041E+00 -0.4866577475835058E+00 -0.3204756234555188E+00 -0.1195812948550066E+00  0.9111175670422493E-01  0.2818367216404589E+00  0.4223548880668765E+00  0.4916823127680137E+00  0.4768443199941641E+00  0.3872924154804296E+00  0.2480456539279845E+00  0.1089437452045340E+00  0.0000000000000000E+00
  0.0000000000000000E+00 -0.7663273623090465E-01 -0.3147082642765849E+00 -0.4895617732896710E+00 -0.6507036925578318E+00 -0.7558207803421411E+00 -0.8262081984631759E+00 -0.8440084580869847E+00 -0.8196334311149550E+00 -0.7414740355813404E+00 -0.6148765151379114E+00 -0.4388370575233717E+00 -0.2346976862455011E+00 -0.3549955602850635E-01  0.1280856651950239E+00  0.2434624375321432E+00  0.2983200555235215E+00  0.2828918062316010E+00  0.1970408915275005E+00  0.9237178764738729E-01  0.0000000000000000E+00
  0.0000000000000000E+00 -0.5961900265610951E-01 -0.3081415081953196E+00 -0.4812771400401595E+00 -0.6502453973540399E+00 -0.7637577510873780E+00 -0.8544004652423440E+00 -0.9017997800157779E+00 -0.9210699077955455E+00 -0.8983467995984028E+00 -0.8307339844041134E+00 -0.7016175600562503E+00 -0.5161833455356596E+00 -0.3114301259073800E+00 -0.1372665264257226E+00 -0.9861090475001763E-02  0.7706964006139388E-01  0.1154617211269013E+00  0.9031100398929658E-01  0.5052529265165395E-01  0.0000000000000000E+00
  0.0000000000000000E+00 -0.3715558453875420E-01 -0.2526845384308812E+00 -0.4134916466017707E+00 -0.5795360848169939E+00 -0.6967588976664113E+00 -0.8001046254959520E+00 -0.8679871533694475E+00 -0.9178923771885377E+00 -0.9420225266798169E+00 -0.9379221148547429E+00 -0.8785070133446313E+00 -0.7389409819035647E+00 -0.5356083850249329E+00 -0.3358271047990829E+00 -0.1914970237538678E+00 -0.9293904403945862E-01 -0.2723797445937355E-01 -0.3023240299219437E-02  0.1053947290869910E-01  0.0000000000000000E+00
  0.0000000000000000E+00 -0.1715472076506049E-02 -0.1568225952437268E+00 -0.3016464403440839E+00 -0.4596678261895638E+00 -0.5798899301412385E+00 -0.6916077046846818E+00 -0.7725125033453670E+00 -0.8375269271416502E+00 -0.8876004673826176E+00 -0.9304590484062968E+00 -0.9455116555384945E+00 -0.8837421005911771E+00 -0.7164017099468634E+00 -0.4913516094759295E+00 -0.3013056829406903E+00 -0.1769242207782201E+00 -0.9316534457855327E-01 -0.3825101376084677E-01  0.9785999805984715E-03  0.0000000000000000E+00
  0.0000000000000000E+00  0.5487586117660334E-01 -0.3355062633245492E-01 -0.1586696513666849E+00 -0.3068793607452927E+00 -0.4304090014480060E+00 -0.5497138115287956E+00 -0.6422180016568760E+00 -0.7153439871156814E+00 -0.7735991527889068E+00 -0.8356129479102589E+00 -0.9034761639125086E+00 -0.9296552171325351E+00 -0.8437929137207233E+00 -0.6362777089169671E+00 -0.3966783151281520E+00 -0.2144140499416951E+00 -0.9596994976580224E-01 -0.2171603303559996E-01  0.2126845885693675E-01  0.0000000000000000E+00
  0.0000000000000000E+00  0.1216794023734471E+00  0.9680752117414987E-01  0.3409325116002913E-02 -0.1293954152851082E+00 -0.2519884654224010E+00 -0.3753688143958194E+00 -0.4791978558383682E+00 -0.5627845697762092E+00 -0.6273883575078769E+00 -0.6924249439359695E+00 -0.7825397824104935E+00 -0.8769385748403451E+00 -0.8934611620112033E+00 -0.7617713968746531E+00 -0.5201818923718997E+00 -0.2825327535742350E+00 -0.1096952335356974E+00 -0.6469113255650114E-02  0.4122722956177689E-01  0.0000000000000000E+00
  0.0000000000000000E+00  0.1692717212279989E+00  0.2086369144387045E+00  0.1669999720208954E+00  0.6407538703964978E-01 -0.4638976377358042E-01 -0.1642188532579416E+00 -0.2737213385198437E+00 -0.3698429267611515E+00 -0.4490640570367278E+00 -0.5216996282551124E+00 -0.6189935664226162E+00 -0.7521745970711531E+00 -0.8605556767523876E+00 -0.8375024681086994E+00 -0.6525287125694371E+00 -0.4004352284070743E+00 -0.1818046602031173E+00 -0.3658776780733453E-01  0.3099059041880091E-01  0.0000000000000000E+00
  0.0000000000000000E+00  0.1800677497775146E+00  0.2814424865571122E+00  0.3111189247716908E+00  0.2589378609630814E+00  0.1761162556604488E+00  0.7582890552704494E-01 -0.2919915685182567E-01 -0.1335050021352715E+00 -0.2319163648780146E+00 -0.3247698098373740E+00 -0.4340927559474830E+00 -0.5868672256912130E+00 -0.7624448061972320E+00 -0.8532626733359301E+00 -0.7644371840385480E+00 -0.5397965801706022E+00 -0.2992159770960109E+00 -0.1118717838772796E+00 -0.1346160551420101E-01  0.0000000000000000E+00
  0.0000000000000000E+00  0.1560559385580137E+00  0.3035873367715573E+00  0.4128505650334244E+00  0.4312059994110247E+00  0.3937776135982773E+00  0.3233719040854511E+00  0.2336691178505407E+00  0.1297613275866576E+00  0.1567903359095314E-01 -0.1039039030885790E+00 -0.2371453812890695E+00 -0.4045080756586955E+00 -0.6208208593463401E+00 -0.8123691396386232E+00 -0.8440902114726248E+00 -0.6827924391505272E+00 -0.4419328606561868E+00 -0.2211010245720738E+00 -0.8257681034886587E-01  0.0000000000000000E+00
  0.0000000000000000E+00  0.1084813682034943E+00  0.2732287947848556E+00  0.4510571742293670E+00  0.5505224544330142E+00  0.5760638230202381E+00  0.5488270693941126E+00  0.4844081289460592E+00  0.3895425784379061E+00  0.2674061383756219E+00  0.1237240505274629E+00 -0.3896107813754516E-01 -0.2222317374107125E+00 -0.4564599657739067E+00 -0.7203707620680816E+00 -0.8811115621286063E+00 -0.8209109442389984E+00 -0.6037585595869867E+00 -0.3618461527859476E+00 -0.1696874518199793E+00  0.0000000000000000E+00
  0.0000000000000000E+00  0.4772453305071993E-01  0.1986103980146925E+00  0.4122707974068215E+00  0.5843645222066794E+00  0.6821967969843363E+00  0.7109182143511215E+00  0.6828366861221252E+00  0.6061938667037737E+00  0.4849717940933684E+00  0.3262645560661803E+00  0.1406232420849159E+00 -0.5455766146398340E-01 -0.2867788440117854E+00 -0.5842405694278279E+00 -0.8600730133408183E+00 -0.9368838486929715E+00 -0.7776452558692476E+00 -0.5308942769647733E+00 -0.2717767585159490E+00  0.0000000000000000E+00
  0.0000000000000000E+00 -0.1903246979351551E-01  0.9345082928293483E-01  0.2972117100026258E+00  0.5109453679867448E+00  0.6734165094121696E+00  0.7635889479120140E+00  0.7811323831202096E+00  0.7319721772667931E+00  0.6221423106346428E+00  0.4634290553018253E+00  0.2742456354374677E+00  0.8349979010789380E-01 -0.1250120215763943E+00 -0.4108270955988968E+00 -0.7612485239847767E+00 -0.9967316359898395E+00 -0.9428782619217495E+00 -0.7189480316919949E+00 -0.3859662138451185E+00  0.0000000000000000E+00
  0.0000000000000000E+00 -0.7809656194015813E-01 -0.2396005429432820E-01  0.1299316197998247E+00  0.3374635861541277E+00  0.5306489109170549E+00  0.6674332090387702E+00  0.7302852801334312E+00  0.7177507625159333E+00  0.6365281729586032E+00  0.5036173290443585E+00  0.3424843175307127E+00  0.1829395831069041E+00  0.2041797410904593E-01 -0.2091353311590445E+00 -0.5662011453033182E+00 -0.9465915355328316E+00 -0.1049885108762560E+01 -0.9002183509158157E+00 -0.5015862016036037E+00  0.0000000000000000E+00
  0.0000000000000000E+00 -0.8250797299055415E-01 -0.7834937117238167E-01  0.1311944955001287E-01  0.1684766368151641E+00  0.3385578129512066E+00  0.4808319863520348E+00  0.5689079079944017E+00  0.5933368947718153E+00  0.5571149409432991E+00  0.4754970162819949E+00  0.3685652568983032E+00  0.2599287975036459E+00  0.1532513032875885E+00  0.7293733232667768E-02 -0.2745615353762534E+00 -0.7244003672449548E+00 -0.1003233938943767E+01 -0.1004728441754689E+01 -0.5796572816474642E+00  0.0000000000000000E+00
  0.0000000000000000E+00  0.1990247371179719E-01  0.8444884341477177E-01  0.1592455613138549E+00  0.2517474330602719E+00  0.3557627555883479E+00  0.4524645181857267E+00  0.5219025285791657E+00  0.5521706066727881E+00  0.5409076743842478E+00  0.4971620339052365E+00  0.4334107614404364E+00  0.3671037647128313E+00  0.3018971808606729E+00  0.2295802780328647E+00  0.7703557744197256E-01 -0.2996313031245418E+00 -0.6634133650871467E+00 -0.8742226557241737E+00 -0.5183238266172068E+00  0.0000000000000000E+00
  0.0000000000000000E+00  0.4283296960743210E+00  0.5541114173339179E+00  0.6122629445133447E+00  0.6370765884229065E+00  0.6559983095750420E+00  0.6738947540982370E+00  0.6845360928559526E+00  0.6814680058706126E+00  0.6618174478429474E+00  0.6298514510250616E+00  0.5896413212230091E+00  0.5519931197032387E+00  0.5135359750225899E+00  0.4894856578800604E+00  0.4420843200793421E+00  0.2956503069952593E+00  0.1194858270251218E+00 -0.1554740780122004E+00 -0.4681050750605643E-01  0.0000000000000000E+00
  0.3000000000000000E+01  0.1734913385488834E+01  0.1422114591413018E+01  0.1322456727773821E+01  0.1340517667791552E+01  0.1387767826863222E+01  0.1430780255891016E+01  0.1468294250011308E+01  0.1507766589060950E+01  0.1555455330855406E+01  0.1607607680830052E+01  0.1664486797771409E+01  0.1711124405603115E+01  0.1761289255792903E+01  0.1761123304392683E+01  0.1750782617203946E+01  0.1813417775889680E+01  0.1978129153837488E+01  0.2592199578312428E+01  0.2622107695900963E+01  0.3000000000000000E+01
