  0.0000000000000000E+00  0.7743429362452231E-02  0.2169117668046436E-01  0.7104448886042780E-01  0.1344449747790236E+00  0.1816008742106303E+00  0.1647375950568212E+00  0.4645173257769836E-01 -0.1642679563940443E+00 -0.4220546308082398E+00 -0.6576120694375259E+00 -0.7929128238158334E+00 -0.7773295659712496E+00 -0.6402489316777819E+00 -0.4614038171990169E+00 -0.2918334387459117E+00 -0.1521453829067344E+00 -0.4962083504200759E-01  0.1142278407889477E-01  0.2205755718614383E-01  0.0000000000000000E+00
  0.0000000000000000E+00 -0.2422203474583190E-01 -0.6451073135901847E-01 -0.1194825583623652E+00 -0.1753305126041081E+00 -0.2127565403924639E+00 -0.2126388451476728E+00 -0.1580731274094573E+00 -0.5274785870021224E-01  0.8628802028208832E-01  0.2285875659807556E+00  0.3406012710062161E+00  0.3952741097302697E+00  0.3924278947704012E+00  0.3509339786948020E+00  0.2856499190813644E+00  0.2068298962447329E+00  0.1273328432624489E+00  0.5926610497551218E-01  0.1970430714211994E-01  0.0000000000000000E+00
  0.0000000000000000E+00 -0.6492267487504345E-01 -0.1718410173965911E+00 -0.2874031862266678E+00 -0.3915465630333007E+00 -0.4566687469667615E+00 -0.4731789403861971E+00 -0.4277676496506734E+00 -0.3225115324946810E+00 -0.1631905699619748E+00  0.2815062850474071E-01  0.2288909892028150E+00  0.4084927632195594E+00  0.5370347526334217E+00  0.5913981188853892E+00  0.5651163184981817E+00  0.4683443058274643E+00  0.3323776947453390E+00  0.1892210990054313E+00  0.8117047861250365E-01  0.0000000000000000E+00
  0.0000000000000000E+00 -0.8296622294179667E-01 -0.2647981535736776E+00 -0.4207697310569931E+00 -0.5584465235831819E+00 -0.6454757224763760E+00 -0.6875780542089721E+00 -0.6715964466995596E+00 -0.6038847205079997E+00 -0.4806381360817690E+00 -0.3142636034222791E+00 -0.1135460989119943E+00  0.9647618742557142E-01  0.2860446054411899E+00  0.4250137095706170E+00  0.4926075954171906E+00  0.4762635226397447E+00  0.3861184303104505E+00  0.2470515204968387E+00  0.1089556784830124E+00  0.0000000000000000E+00
  0.0000000000000000E+00 -0.7697937046662842E-01 -0.3138605026188755E+00 -0.4885360147590886E+00 -0.6496089037505863E+00 -0.7548411106192028E+00 -0.8250944278514825E+00 -0.8425168547365312E+00 -0.8174553393588486E+00 -0.7383030357681782E+00 -0.6106433119994459E+00 -0.4338649358277892E+00 -0.2297325225007485E+00 -0.3110785842640685E-01  0.1317526627305240E+00  0.2462164937821428E+00  0.2998545465251014E+00  0.2834922608679732E+00  0.1972508463784074E+00  0.9284237377655903E-01  0.0000000000000000E+00
  0.0000000000000000E+00 -0.6015508701602518E-01 -0.3087602242891116E+00 -0.4824761167504840E+00 -0.6520055871120618E+00 -0.7660984575689943E+00 -0.8571469121786910E+00 -0.9047046501264088E+00 -0.9237325396226389E+00 -0.9000321295680056E+00 -0.8307061503236307E+00 -0.6995802049386882E+00 -0.5128752443508457E+00 -0.3079685161014625E+00 -0.1340639173256398E+00 -0.6815756742574082E-02  0.7962503166436677E-01  0.1173102208911491E+00  0.9153295870222464E-01  0.5141431381264835E-01  0.0000000000000000E+00
  0.0000000000000000E+00 -0.3785418821080013E-01 -0.2544460792371182E+00 -0.4160979677461522E+00 -0.5828010020769742E+00 -0.7005368288214768E+00 -0.8043263459517724E+00 -0.8725917545663729E+00 -0.9227580952016405E+00 -0.9465649035571023E+00 -0.9411551979988551E+00 -0.8794105573796109E+00 -0.7375336152377440E+00 -0.5331059238600011E+00 -0.3333590046811655E+00 -0.1890644387779030E+00 -0.9049264994618156E-01 -0.2513308161218752E-01 -0.1570839062280815E-02  0.1146447767271906E-01  0.0000000000000000E+00
  0.0000000000000000E+00 -0.2738084286316232E-02 -0.1593260810813849E+00 -0.3050464214155182E+00 -0.4636522227881893E+00 -0.5842611869057720E+00 -0.6963912968473119E+00 -0.7777749550033827E+00 -0.8433977111279923E+00 -0.8938449948942350E+00 -0.9362803360650380E+00 -0.9495283425797846E+00 -0.8850272189236760E+00 -0.7154447869735744E+00 -0.4896748675552903E+00 -0.2997427041937574E+00 -0.1753954769085023E+00 -0.9179659359494284E-01 -0.3739729086072336E-01  0.1420431977781483E-02  0.0000000000000000E+00
  0.0000000000000000E+00  0.5352711389261753E-01 -0.3631164457422131E-01 -0.1624322375707695E+00 -0.3111659731609641E+00 -0.4350043778404705E+00 -0.5546098349473847E+00 -0.6474220918997988E+00 -0.7210356049020388E+00 -0.7798498911066770E+00 -0.8421453760737804E+00 -0.9092473567769627E+00 -0.9333499120055110E+00 -0.8448931254350128E+00 -0.6356978101228571E+00 -0.3957713766163241E+00 -0.2137424328986320E+00 -0.9556946632898883E-01 -0.2167682073577609E-01  0.2111598531407497E-01  0.0000000000000000E+00
  0.0000000000000000E+00  0.1205663635173121E+00  0.9436244983859675E-01 -0.3575083284091741E-03 -0.1338673976536464E+00 -0.2568925182228746E+00 -0.3806395607738832E+00 -0.4847294067246549E+00 -0.5685889179669927E+00 -0.6334919466555959E+00 -0.6988176306850199E+00 -0.7887356625144257E+00 -0.8819408156302427E+00 -0.8963415401475949E+00 -0.7626105766380239E+00 -0.5199460060450760E+00 -0.2822002429510981E+00 -0.1096509587911823E+00 -0.6732612871887702E-02  0.4083615676875763E-01  0.0000000000000000E+00
  0.0000000000000000E+00  0.1689931867196271E+00  0.2070222140556258E+00  0.1636492182556739E+00  0.5961050224333416E-01 -0.5156476241500398E-01 -0.1699740976787170E+00 -0.2798496257876946E+00 -0.3761390765313976E+00 -0.4553488981630666E+00 -0.5278979909741398E+00 -0.6249284374532881E+00 -0.7574057584347905E+00 -0.8643271722406801E+00 -0.8395050576322756E+00 -0.6531505825003739E+00 -0.4004351718948284E+00 -0.1817637686196276E+00 -0.3671042900450655E-01  0.3073645928258435E-01  0.0000000000000000E+00
  0.0000000000000000E+00  0.1807209114365882E+00  0.2809676526445502E+00  0.3086550042224015E+00  0.2548896354541159E+00  0.1710107501519195E+00  0.6993204626871807E-01 -0.3558956219367930E-01 -0.1400707069221918E+00 -0.2383419849902547E+00 -0.3308042491747365E+00 -0.4395363153330710E+00 -0.5916591184254210E+00 -0.7662405884465927E+00 -0.8557610127761017E+00 -0.7656897218748807E+00 -0.5402361240439660E+00 -0.2993090995859143E+00 -0.1119086598470076E+00 -0.1355290830732560E-01  0.0000000000000000E+00
  0.0000000000000000E+00  0.1573941169954627E+00  0.3043414950386484E+00  0.4117341526199375E+00  0.4281863451453788E+00  0.3893574614895937E+00  0.3179706755188250E+00  0.2276736201405866E+00  0.1235361359897760E+00  0.9608338762314698E-02 -0.1094633780025757E+00 -0.2418938579741512E+00 -0.4085041801124702E+00 -0.6240411918467463E+00 -0.8147443914846655E+00 -0.8455377698336421E+00 -0.6834998905734339E+00 -0.4422194853034496E+00 -0.2211956543963884E+00 -0.8263117847926957E-01  0.0000000000000000E+00
  0.0000000000000000E+00  0.1101863163785344E+00  0.2750936018522892E+00  0.4516850965540503E+00  0.5493106685304460E+00  0.5732288199669193E+00  0.5448116236975430E+00  0.4796846385831544E+00  0.3845423357122797E+00  0.2625514585343980E+00  0.1193724302854841E+00 -0.4254122951004911E-01 -0.2251529604792064E+00 -0.4587647048734707E+00 -0.7221846359879901E+00 -0.8823882047467443E+00 -0.8216423611366668E+00 -0.6041324351441975E+00 -0.3620030262003001E+00 -0.1697570967095537E+00  0.0000000000000000E+00
  0.0000000000000000E+00  0.4951304687106475E-01  0.2012032083158523E+00  0.4147264347455316E+00  0.5855931652059830E+00  0.6819156519316102E+00  0.7093730149160292E+00  0.6804825269233626E+00  0.6034978101166403E+00  0.4823574650535162E+00  0.3240268286397147E+00  0.1388535276905320E+00 -0.5611037410505191E-01 -0.2880604399409593E+00 -0.5853173725393841E+00 -0.8609608733303654E+00 -0.9374762121732858E+00 -0.7779991349159603E+00 -0.5310605005698125E+00 -0.2718546847020825E+00  0.0000000000000000E+00
  0.0000000000000000E+00 -0.1743934002897978E-01  0.9628182468164545E-01  0.3011430532430999E+00  0.5148357092752731E+00  0.6764767838713134E+00  0.7656266332964845E+00  0.7823690589655654E+00  0.7327726661680913E+00  0.6228322410568338E+00  0.4641402529689904E+00  0.2748124788189510E+00  0.8352649289685384E-01 -0.1253348293798839E+00 -0.4112587296652736E+00 -0.7617342054885244E+00 -0.9971240358343639E+00 -0.9431651475654050E+00 -0.7190877058682426E+00 -0.3860383705993393E+00  0.0000000000000000E+00
  0.0000000000000000E+00 -0.7712889964249238E-01 -0.2157351526912261E-01  0.1341624295907483E+00  0.3429291931185547E+00  0.5365155260815367E+00  0.6731086456885781E+00  0.7355261325130685E+00  0.7225255028404445E+00  0.6408259229038866E+00  0.5072862121322458E+00  0.3451923990137086E+00  0.1843259254951763E+00  0.2077588908464244E-01 -0.2092091963690202E+00 -0.5664572193546149E+00 -0.9468356059496600E+00 -0.1050110488040668E+01 -0.9003273430105174E+00 -0.5016459605296161E+00  0.0000000000000000E+00
  0.0000000000000000E+00 -0.8261875958912372E-01 -0.7761053300029040E-01  0.1544329196005746E-01  0.1725173561233245E+00  0.3439058781847714E+00  0.4868998847143879E+00  0.5751711015859309E+00  0.5993847844817480E+00  0.5625879210410913E+00  0.4800375688282830E+00  0.3718403790932406E+00  0.2617144712183115E+00  0.1537773859258026E+00  0.7236585752566838E-02 -0.2748195033448197E+00 -0.7246044694965217E+00 -0.1003431134596047E+01 -0.1004821225926165E+01 -0.5797062823287633E+00  0.0000000000000000E+00
  0.0000000000000000E+00  0.1917828198647164E-01  0.8374654594790173E-01  0.1590615926181967E+00  0.2526791029292658E+00  0.3579689096487480E+00  0.4557238731622746E+00  0.5258019119673998E+00  0.5562477883289610E+00  0.5447124133184179E+00  0.5003051206987126E+00  0.4356163647244128E+00  0.3682594687477247E+00  0.3021307303206135E+00  0.2293686628616808E+00  0.7668820260869753E-01 -0.2998489575605721E+00 -0.6635888901286197E+00 -0.8743071683904186E+00 -0.5183661112679120E+00  0.0000000000000000E+00
  0.0000000000000000E+00  0.4281012667231207E+00  0.5536359336322919E+00  0.6118247551578715E+00  0.6370023960123328E+00  0.6564781102015879E+00  0.6749333066447711E+00  0.6859815889329735E+00  0.6830806088513465E+00  0.6633472991227272E+00  0.6311014435305541E+00  0.5905034830869548E+00  0.5524306962191220E+00  0.5136221984420933E+00  0.4893623971056680E+00  0.4419120481709649E+00  0.2955545573158568E+00  0.1194001117700296E+00 -0.1555215043775090E+00 -0.4683558952192752E-01  0.0000000000000000E+00
  0.3000000000000000E+01  0.1734874481817110E+01  0.1422838745051026E+01  0.1323587327144582E+01  0.1341671914892268E+01  0.1388534579043984E+01  0.1430923953227961E+01  0.1467857145168479E+01  0.1507005961774922E+01  0.1554670515950237E+01  0.1607000790107050E+01  0.1664105915463549E+01  0.1710967380090359E+01  0.1761264134994333E+01  0.1761281471544677E+01  0.1750952058095803E+01  0.1813487370491857E+01  0.1978210774561291E+01  0.2592257344742108E+01  0.2622140657297870E+01  0.3000000000000000E+01
