  0.0000000000000000E+00  0.5756714181959943E-02  0.2067797184274678E-01  0.7353715478992384E-01  0.1433808416817940E+00  0.2013512238681824E+00  0.1993232879555967E+00  0.9406731802321561E-01 -0.1094253943269056E+00 -0.3684620778483373E+00 -0.6146238955349274E+00 -0.7682512198955511E+00 -0.7726266385581748E+00 -0.6463566761238343E+00 -0.4696988754680880E+00 -0.2988917846154349E+00 -0.1570733246369699E+00 -0.5244845005115689E-01  0.1038999377452410E-01  0.2193652448870705E-01  0.0000000000000000E+00
  0.0000000000000000E+00 -0.2383985166102874E-01 -0.6610754549334891E-01 -0.1237994719772881E+00 -0.1831988519518954E+00 -0.2252547273483490E+00 -0.2309988308384671E+00 -0.1815744674428626E+00 -0.7912659480597145E-01  0.6045118039750184E-01  0.2070797905055652E+00  0.3264956783343695E+00  0.3894605846081452E+00  0.3920813316743377E+00  0.3531722499373218E+00  0.2889635662298196E+00  0.2102225282430003E+00  0.1299632593654641E+00  0.6074201023439799E-01  0.2011194759959431E-01  0.0000000000000000E+00
  0.0000000000000000E+00 -0.6576284080112629E-01 -0.1776446646372999E+00 -0.2978612611419403E+00 -0.4062157141738923E+00 -0.4744129581768646E+00 -0.4936732045598046E+00 -0.4506560843053722E+00 -0.3468051787448199E+00 -0.1871085366558318E+00  0.6615475981768168E-02  0.2112358151075575E+00  0.3957551152662608E+00  0.5298873188991789E+00  0.5898178743438773E+00  0.5679989140740238E+00  0.4735942600920309E+00  0.3374413280452355E+00  0.1926160244777181E+00  0.8227236728748998E-01  0.0000000000000000E+00
  0.0000000000000000E+00 -0.8269550503447669E-01 -0.2692375130186848E+00 -0.4272791174372155E+00 -0.5659919124305950E+00 -0.6530751458874743E+00 -0.6956299707589192E+00 -0.6806508010496172E+00 -0.6141836906480936E+00 -0.4921484624242569E+00 -0.3264777303657749E+00 -0.1258816361388072E+00  0.8494116725419938E-01  0.2763208488694941E+00  0.4182406313225868E+00  0.4896531474585667E+00  0.4769541150065373E+00  0.3885590848242662E+00  0.2493316732003033E+00  0.1092878300561179E+00  0.0000000000000000E+00
  0.0000000000000000E+00 -0.7594696664857546E-01 -0.3150759194806204E+00 -0.4893317123170319E+00 -0.6494999334575471E+00 -0.7536352542980603E+00 -0.8235899853289472E+00 -0.8417018775406258E+00 -0.8182549875247515E+00 -0.7417247114959348E+00 -0.6169122838026316E+00 -0.4424681471293294E+00 -0.2391279387092322E+00 -0.4014784463992686E-01  0.1235528246120361E+00  0.2396474170464745E+00  0.2959648495294768E+00  0.2819142962890945E+00  0.1966996470429311E+00  0.9206970511359018E-01  0.0000000000000000E+00
  0.0000000000000000E+00 -0.5868159330689091E-01 -0.3057297130386868E+00 -0.4770032701702906E+00 -0.6439199266477068E+00 -0.7557632299418044E+00 -0.8451050820731392E+00 -0.8920432183923092E+00 -0.9115932416081611E+00 -0.8904835369533187E+00 -0.8255222060205403E+00 -0.6996924025148868E+00 -0.5168740502137995E+00 -0.3135782135998393E+00 -0.1402578828489106E+00 -0.1341240731247348E-01  0.7376751865399343E-01  0.1129975124572977E+00  0.8863433938494177E-01  0.4960667290683631E-01  0.0000000000000000E+00
  0.0000000000000000E+00 -0.3596000600585126E-01 -0.2482747722809946E+00 -0.4068568359049200E+00 -0.5706504757198803E+00 -0.6863106008943001E+00 -0.7882731327376103E+00 -0.8554743474308998E+00 -0.9051367615102590E+00 -0.9301865439328384E+00 -0.9282527262602793E+00 -0.8722825387230368E+00 -0.7363140736133998E+00 -0.5355298133604590E+00 -0.3371392858713118E+00 -0.1938559037352396E+00 -0.9592883356541446E-01 -0.3003633055519201E-01 -0.5061153683335482E-02  0.9454560576188440E-02  0.0000000000000000E+00
  0.0000000000000000E+00  0.9492157053604971E-05 -0.1514047507130925E+00 -0.2939664694573280E+00 -0.4497871497801854E+00 -0.5685009254672799E+00 -0.6786807472141179E+00 -0.7586403860981489E+00 -0.8229730529220026E+00 -0.8732628247559537E+00 -0.9174720951169947E+00 -0.9353657708327662E+00 -0.8773792585998768E+00 -0.7135682766385122E+00 -0.4908049682678500E+00 -0.3020513697118793E+00 -0.1785539728530413E+00 -0.9502552351815013E-01 -0.3952517345350506E-01  0.4953367926138856E-03  0.0000000000000000E+00
  0.0000000000000000E+00  0.5689673006880323E-01 -0.2836722549429720E-01 -0.1510744158773376E+00 -0.2971785278326916E+00 -0.4192105229757393E+00 -0.5369804945885055E+00 -0.6285868322147399E+00 -0.7010795463567823E+00 -0.7593450125748592E+00 -0.8221402274019823E+00 -0.8918518667930943E+00 -0.9208581999781018E+00 -0.8382948545204812E+00 -0.6336065877066441E+00 -0.3957672369837254E+00 -0.2143281047894366E+00 -0.9622047409506966E-01 -0.2169625328524854E-01  0.2174249651377676E-01  0.0000000000000000E+00
  0.0000000000000000E+00  0.1226671370946169E+00  0.1003849707158678E+00  0.9807444106448501E-02 -0.1207313708480145E+00 -0.2416972675508454E+00 -0.3634592985691488E+00 -0.4662611893092342E+00 -0.5491887218606318E+00 -0.6137841781771888E+00 -0.6795542080353445E+00 -0.7711639199764341E+00 -0.8675819568056491E+00 -0.8865126399145792E+00 -0.7572830439298476E+00 -0.5178119618796397E+00 -0.2812342352253138E+00 -0.1087893536843777E+00 -0.5582016866839465E-02  0.4235793896572515E-01  0.0000000000000000E+00
  0.0000000000000000E+00  0.1682617398330353E+00  0.2096431791838176E+00  0.1711555504239640E+00  0.7084614560474346E-01 -0.3781568417301304E-01 -0.1539466623065985E+00 -0.2622331041884766E+00 -0.3575949667705093E+00 -0.4366918925117708E+00 -0.5100039461213920E+00 -0.6087311695052091E+00 -0.7435950642599272E+00 -0.8536512454409401E+00 -0.8322063376400796E+00 -0.6490777355669991E+00 -0.3983506415449495E+00 -0.1803779644061842E+00 -0.3549422858755125E-01  0.3220805962333231E-01  0.0000000000000000E+00
  0.0000000000000000E+00  0.1773254092189303E+00  0.2796510876700282E+00  0.3122700999780003E+00  0.2629571820490874E+00  0.1821236000509356E+00  0.8350907345521180E-01 -0.2027022356217716E-01 -0.1237480494780948E+00 -0.2218179199802947E+00 -0.3150568899027655E+00 -0.4255513391231204E+00 -0.5797877567717089E+00 -0.7566275790587087E+00 -0.8482538780463595E+00 -0.7605867922363146E+00 -0.5372005521143463E+00 -0.2974284115150858E+00 -0.1106779875915732E+00 -0.1237315846560257E-01  0.0000000000000000E+00
  0.0000000000000000E+00  0.1524326324911141E+00  0.2994293397445275E+00  0.4106704123328672E+00  0.4317398827313833E+00  0.3964253372709270E+00  0.3276438525753810E+00  0.2391395010137096E+00  0.1360846183308585E+00  0.2249500905344357E-01 -0.9713920524523527E-01 -0.2310039431942819E+00 -0.3993243855570459E+00 -0.6165956796198492E+00 -0.8083681183182918E+00 -0.8404890813929644E+00 -0.6800629126450373E+00 -0.4398727074201033E+00 -0.2196872397197997E+00 -0.8154521792218768E-01  0.0000000000000000E+00
  0.0000000000000000E+00  0.1047792410435119E+00  0.2675885590806706E+00  0.4456834647722485E+00  0.5470040034672042E+00  0.5745008112043508E+00  0.5488536107525869E+00  0.4856041249202212E+00  0.3915654726031459E+00  0.2699736320263677E+00  0.1265421847819985E+00 -0.3601512373739758E-01 -0.2192753650307023E+00 -0.4539221601107934E+00 -0.7176455230014471E+00 -0.8781226928358561E+00 -0.8183520766140432E+00 -0.6016250568806051E+00 -0.3602806594753915E+00 -0.1686795223465080E+00  0.0000000000000000E+00
  0.0000000000000000E+00  0.4456191551104389E-01  0.1926940761094124E+00  0.4045612304321287E+00  0.5768780235244620E+00  0.6759110448730088E+00  0.7059522597303690E+00  0.6789581224215470E+00  0.6031239757311130E+00  0.4825489145093909E+00  0.3244770968408068E+00  0.1398620914441911E+00 -0.5402206875462842E-01 -0.2857386741425720E+00 -0.5826341763882380E+00 -0.8577314352440037E+00 -0.9345956361026886E+00 -0.7755625176338941E+00 -0.5293192080985226E+00 -0.2708121757522159E+00  0.0000000000000000E+00
  0.0000000000000000E+00 -0.2105805800284910E-01  0.8841360550064069E-01  0.2887249914228639E+00  0.5005417792784540E+00  0.6626413203335834E+00  0.7532931465166655E+00  0.7716039876639701E+00  0.7232572080910551E+00  0.6143792248535183E+00  0.4569996305657676E+00  0.2699538610868170E+00  0.8183605501591831E-01 -0.1250616866689457E+00 -0.4099093577391470E+00 -0.7593205806320704E+00 -0.9946500320177919E+00 -0.9408465896869186E+00 -0.7174287894133282E+00 -0.3850574267604852E+00  0.0000000000000000E+00
  0.0000000000000000E+00 -0.7834746362786940E-01 -0.2687111093170264E-01  0.1231835197803447E+00  0.3271690293732181E+00  0.5180206123312548E+00  0.6537366982044364E+00  0.7165165462011870E+00  0.7046658770498178E+00  0.6248796748264717E+00  0.4942404807214906E+00  0.3362380377588197E+00  0.1801300300667717E+00  0.1996142453894082E-01 -0.2083953384244003E+00 -0.5643603404631143E+00 -0.9445916947055237E+00 -0.1047874103727254E+01 -0.8987699302744917E+00 -0.5007402154903915E+00  0.0000000000000000E+00
  0.0000000000000000E+00 -0.8094293277699029E-01 -0.7792404166992817E-01  0.1098629223990838E-01  0.1629350873991260E+00  0.3299161732962257E+00  0.4700468123058411E+00  0.5571626931842261E+00  0.5818045312231025E+00  0.5469107173119835E+00  0.4675688381541214E+00  0.3635317229444319E+00  0.2578423910412858E+00  0.1532599264423437E+00  0.8225880310978010E-02 -0.2726511952166212E+00 -0.7224600159201150E+00 -0.1001284619320304E+01 -0.1003376630577544E+01 -0.5788938746843657E+00  0.0000000000000000E+00
  0.0000000000000000E+00  0.2148259869178994E-01  0.8605996599784183E-01  0.1605110593976744E+00  0.2515039264190069E+00  0.3534248141340743E+00  0.4481779856310558E+00  0.5163412925266161E+00  0.5462616734832066E+00  0.5356073146404908E+00  0.4932506650089390E+00  0.4312951968880852E+00  0.3667316870691674E+00  0.3027063494982907E+00  0.2306659123825776E+00  0.7872715876524480E-01 -0.2980541453591873E+00 -0.6617859474920001E+00 -0.8730624545400013E+00 -0.5176534382743696E+00  0.0000000000000000E+00
  0.0000000000000000E+00  0.4283118402836292E+00  0.5546184057549925E+00  0.6130733826376406E+00  0.6376163171928897E+00  0.6558150321364843E+00  0.6728502466768765E+00  0.6828126660971643E+00  0.6794710167145546E+00  0.6599936124527357E+00  0.6285545963268225E+00  0.5889926664320434E+00  0.5519691876278596E+00  0.5138193132051300E+00  0.4897836492170405E+00  0.4424663485246293E+00  0.2960081298752270E+00  0.1201368890298382E+00 -0.1548951317627351E+00 -0.4639211038720325E-01  0.0000000000000000E+00
  0.3000000000000000E+01  0.1736547077840902E+01  0.1422204748732864E+01  0.1321290911484753E+01  0.1338654974840338E+01  0.1385979717724621E+01  0.1429627245600426E+01  0.1467903294235123E+01  0.1507848623339543E+01  0.1555626477282284E+01  0.1607586876028471E+01  0.1664317197591955E+01  0.1710824124185589E+01  0.1761248409882901E+01  0.1761314964731456E+01  0.1751328113191357E+01  0.1813921465015132E+01  0.1977803385418485E+01  0.2591622940748204E+01  0.2621522892887239E+01  0.3000000000000000E+01
