  0.0000000000000000E+00  0.5735841295844396E-02  0.2059570627753704E-01  0.7351562325878630E-01  0.1434764187015199E+00  0.2015443987348542E+00  0.1994241412813930E+00  0.9380386346918895E-01 -0.1102181671665901E+00 -0.3698419585115809E+00 -0.6165188154529631E+00 -0.7703805992441290E+00 -0.7745296754666444E+00 -0.6476745166512949E+00 -0.4704533398414131E+00 -0.2992172542260292E+00 -0.1570834936630810E+00 -0.5222386854669619E-01  0.1073261034405287E-01  0.2233835090445259E-01  0.0000000000000000E+00
  0.0000000000000000E+00 -0.2384378952426441E-01 -0.6614728328484412E-01 -0.1239328382093004E+00 -0.1834551054815857E+00 -0.2256058279324478E+00 -0.2313548611899340E+00 -0.1817952465625349E+00 -0.7911610389950366E-01  0.6075483572453459E-01  0.2076698094889296E+00  0.3272934441841852E+00  0.3903049234382320E+00  0.3928233666850728E+00  0.3537696384285262E+00  0.2893986029092487E+00  0.2104837033278078E+00  0.1300318166266328E+00  0.6067250006233731E-01  0.1990896257723484E-01  0.0000000000000000E+00
  0.0000000000000000E+00 -0.6579552727694882E-01 -0.1778461435769953E+00 -0.2982828913691150E+00 -0.4068888977432371E+00 -0.4752730850624892E+00 -0.4946404422884091E+00 -0.4515818762184158E+00 -0.3475664788651011E+00 -0.1875774513379771E+00  0.6490613013825767E-02  0.2114997333084265E+00  0.3963850948480516E+00  0.5307955834039235E+00  0.5908555754441652E+00  0.5689785545017170E+00  0.4743676163203425E+00  0.3378715813332023E+00  0.1927501105310648E+00  0.8206523863615711E-01  0.0000000000000000E+00
  0.0000000000000000E+00 -0.8271376184253336E-01 -0.2696070378537959E+00 -0.4279262082113989E+00 -0.5669483015015687E+00 -0.6542287762713912E+00 -0.6969273804812635E+00 -0.6819576156562902E+00 -0.6154336645339418E+00 -0.4932303078069950E+00 -0.3273438111680958E+00 -0.1264278959706612E+00  0.8476846364736497E-01  0.2765297558331712E+00  0.4187596861556879E+00  0.4903462191839120E+00  0.4776690749429709E+00  0.3890634631709817E+00  0.2495881947183613E+00  0.1091095522269692E+00  0.0000000000000000E+00
  0.0000000000000000E+00 -0.7592376716923328E-01 -0.3155884511526066E+00 -0.4901402025077749E+00 -0.6506781609712000E+00 -0.7550220469489424E+00 -0.8251689955465763E+00 -0.8433271883693034E+00 -0.8198934782426323E+00 -0.7432684386049151E+00 -0.6183248382089623E+00 -0.4436288000125952E+00 -0.2399523802545034E+00 -0.4061302940934290E-01  0.1233847307281830E+00  0.2397159827685905E+00  0.2962063801098032E+00  0.2821371898312524E+00  0.1968305937358868E+00  0.9185229371750041E-01  0.0000000000000000E+00
  0.0000000000000000E+00 -0.5861785431538425E-01 -0.3062785102081449E+00 -0.4778066975979896E+00 -0.6451119013833392E+00 -0.7571504888742557E+00 -0.8467080913366050E+00 -0.8937036549197976E+00 -0.9133026797085337E+00 -0.8921667282272361E+00 -0.8271877668244143E+00 -0.7012384889403651E+00 -0.5181500919024871E+00 -0.3144953196199706E+00 -0.1408932255286604E+00 -0.1385419205489685E-01  0.7351852206539015E-01  0.1128509112372031E+00  0.8853994722205577E-01  0.4932955171567330E-01  0.0000000000000000E+00
  0.0000000000000000E+00 -0.3588294633432972E-01 -0.2487753409071826E+00 -0.4075705448830202E+00 -0.5717805194744540E+00 -0.6876633764324799E+00 -0.7898864672863908E+00 -0.8571518037030007E+00 -0.9068363938838486E+00 -0.9318341836801457E+00 -0.9299131068290678E+00 -0.8739596914614659E+00 -0.7378605650100329E+00 -0.5367386425716668E+00 -0.3379945172194310E+00 -0.1945170736508988E+00 -0.9643688147645077E-01 -0.3040272259653365E-01 -0.5287804657530202E-02  0.9179189731270482E-02  0.0000000000000000E+00
  0.0000000000000000E+00  0.1045780541707272E-03 -0.1517606183449770E+00 -0.2945160793800229E+00 -0.4507820946252751E+00 -0.5697750637212524E+00 -0.6802760112464524E+00 -0.7603312761646794E+00 -0.8246503188267552E+00 -0.8748017541488616E+00 -0.9189351829615962E+00 -0.9368926613568006E+00 -0.8789548514497409E+00 -0.7149541720472867E+00 -0.4917876857238762E+00 -0.3027176897360638E+00 -0.1790368176193937E+00 -0.9535806690670744E-01 -0.3970743818199977E-01  0.3053037057667970E-03  0.0000000000000000E+00
  0.0000000000000000E+00  0.5708456042849804E-01 -0.2846590946210030E-01 -0.1513628175846330E+00 -0.2979230496327157E+00 -0.4202872483882918E+00 -0.5384383924813636E+00 -0.6302146726360296E+00 -0.7027209759736307E+00 -0.7608054638697457E+00 -0.8233863652529839E+00 -0.8930696725004813E+00 -0.9222131483050973E+00 -0.8396865902417457E+00 -0.6347227528011591E+00 -0.3964820340207748E+00 -0.2147410366980232E+00 -0.9642111701235040E-01 -0.2176179878984182E-01  0.2163940120630962E-01  0.0000000000000000E+00
  0.0000000000000000E+00  0.1230405746867669E+00  0.1006359383615762E+00  0.9904853781805960E-02 -0.1210531149632482E+00 -0.2423526047276803E+00 -0.3645018716778496E+00 -0.4675429826033954E+00 -0.5505742133519511E+00 -0.6150723313511904E+00 -0.6805979181712238E+00 -0.7720618570488815E+00 -0.8685779763008435E+00 -0.8877012733574846E+00 -0.7584329674108167E+00 -0.5186621802130259E+00 -0.2817600491409545E+00 -0.1090336203686530E+00 -0.5655288960888257E-02  0.4224343429825712E-01  0.0000000000000000E+00
  0.0000000000000000E+00  0.1687832153448667E+00  0.2102454054149936E+00  0.1717176614278391E+00  0.7109676206251110E-01 -0.3782928032089866E-01 -0.1542733666134101E+00 -0.2628106295576539E+00 -0.3583613995563577E+00 -0.4375237936598175E+00 -0.5107293684623958E+00 -0.6093273320150504E+00 -0.7442313837695947E+00 -0.8545309137053315E+00 -0.8332386991377837E+00 -0.6499822191139402E+00 -0.3990292815357599E+00 -0.1808086192553189E+00 -0.3571292790064699E-01  0.3199083446006866E-01  0.0000000000000000E+00
  0.0000000000000000E+00  0.1778581343861869E+00  0.2805018272360428E+00  0.3132782460803339E+00  0.2638363885389987E+00  0.1828574037520961E+00  0.8404661404008062E-01 -0.1993984172750276E-01 -0.1236389534644486E+00 -0.2219105463587926E+00 -0.3152492107367512E+00 -0.4257914361984894E+00 -0.5801072754962855E+00 -0.7572081027025794E+00 -0.8491142787417495E+00 -0.7614613952296377E+00 -0.5379408543427682E+00 -0.2980119968309626E+00 -0.1110501979808625E+00 -0.1268619745993050E-01  0.0000000000000000E+00
  0.0000000000000000E+00  0.1528467199026881E+00  0.3003502753458521E+00  0.4119890616067894E+00  0.4331664965050167E+00  0.3978566083074062E+00  0.3290036464557126E+00  0.2403643228813885E+00  0.1371028231090466E+00  0.2323925230930868E-01 -0.9666339059479701E-01 -0.2308113379970838E+00 -0.3993598270408534E+00 -0.6169325588752790E+00 -0.8090718099170483E+00 -0.8413295564430201E+00 -0.6808172627577752E+00 -0.4405445650107390E+00 -0.2201724969510352E+00 -0.8190297429949221E-01  0.0000000000000000E+00
  0.0000000000000000E+00  0.1049959658427993E+00  0.2683728937911229E+00  0.4470707265833160E+00  0.5487555774247377E+00  0.5764407472774675E+00  0.5508530132985258E+00  0.4875468886710244E+00  0.3933350583154032E+00  0.2714412782860998E+00  0.1276308242121775E+00 -0.3540790521947463E-01 -0.2190772528772252E+00 -0.4540950288861272E+00 -0.7182386451080558E+00 -0.8789583462878090E+00 -0.8191267262110844E+00 -0.6023535490616472E+00 -0.3608397363451844E+00 -0.1690470206151853E+00  0.0000000000000000E+00
  0.0000000000000000E+00  0.4453281798578577E-01  0.1931679701059603E+00  0.4057156186146741E+00  0.5786064010470521E+00  0.6780222261317800E+00  0.7082653799242209E+00  0.6813021060908816E+00  0.6053379177195224E+00  0.4844549173493488E+00  0.3259318284229369E+00  0.1407126109130470E+00 -0.5369714486672113E-01 -0.2858332747349520E+00 -0.5831684168769384E+00 -0.8585951000470199E+00 -0.9354126768759989E+00 -0.7763371919134614E+00 -0.5299195118981311E+00 -0.2711771171578933E+00  0.0000000000000000E+00
  0.0000000000000000E+00 -0.2138784137437636E-01  0.8845357205530611E-01  0.2893306632666835E+00  0.5017993785177480E+00  0.6644417108685398E+00  0.7554464887798413E+00  0.7738896702872927E+00  0.7254598494301689E+00  0.6162733648759607E+00  0.4584013441858544E+00  0.2707289981331878E+00  0.8210230443504052E-01 -0.1251665066521293E+00 -0.4104078222174505E+00 -0.7602145666581098E+00 -0.9955200737701071E+00 -0.9416605755636747E+00 -0.7180483977129396E+00 -0.3854168077427582E+00  0.0000000000000000E+00
  0.0000000000000000E+00 -0.7894159640156666E-01 -0.2731178345804951E-01  0.1230415278882104E+00  0.3275488532917242E+00  0.5189428775627711E+00  0.6550808363703163E+00  0.7180719647240250E+00  0.7061959159071719E+00  0.6261447622121562E+00  0.4950707829971138E+00  0.3365756723362341E+00  0.1801322508024338E+00  0.1976882350305015E-01 -0.2088409349184419E+00 -0.5652267777921181E+00 -0.9454791765203548E+00 -0.1048702306640612E+01 -0.8993829978310183E+00 -0.5010870387957361E+00  0.0000000000000000E+00
  0.0000000000000000E+00 -0.8149250478518968E-01 -0.7851904295465088E-01  0.1040496672950181E-01  0.1625753019773577E+00  0.3298751208097672E+00  0.4703042407367155E+00  0.5575973901104855E+00  0.5822484747046862E+00  0.5471977582030972E+00  0.4676020975323172E+00  0.3633189898442514E+00  0.2575252757153466E+00  0.1529620731803064E+00  0.7881393085489413E-02 -0.2733790418804917E+00 -0.7232637565116440E+00 -0.1002063491582076E+01 -0.1003942895888222E+01 -0.5792089191643468E+00  0.0000000000000000E+00
  0.0000000000000000E+00  0.2138117985598196E-01  0.8597434981848220E-01  0.1602895911729691E+00  0.2512038591204932E+00  0.3531393341427900E+00  0.4479617175674105E+00  0.5161826536906858E+00  0.5460998994250799E+00  0.5353745934677967E+00  0.4929123110444578E+00  0.4308825215884467E+00  0.3663351407346078E+00  0.3024220035040113E+00  0.2304823047087381E+00  0.7827014729774093E-01 -0.2986092435910213E+00 -0.6623927959378580E+00 -0.8735250512929235E+00 -0.5179205133938072E+00  0.0000000000000000E+00
  0.0000000000000000E+00  0.4285201000785039E+00  0.5548181762977611E+00  0.6131691418396532E+00  0.6376215133385613E+00  0.6557736667795052E+00  0.6727982352934760E+00  0.6827640144120979E+00  0.6794153812623016E+00  0.6599188479070883E+00  0.6284528771523437E+00  0.5888913886976088E+00  0.5518954366784999E+00  0.5138387565590410E+00  0.4898811324111924E+00  0.4424910845318964E+00  0.2959389040901922E+00  0.1199180514306261E+00 -0.1551133243414519E+00 -0.4655346884464624E-01  0.0000000000000000E+00
  0.3000000000000000E+01  0.1735820879620470E+01  0.1421519820925199E+01  0.1320782165654010E+01  0.1338339319104809E+01  0.1385818333804274E+01  0.1429567011686982E+01  0.1467890610454392E+01  0.1507853755638175E+01  0.1555618049746532E+01  0.1607553679587427E+01  0.1664208355495620E+01  0.1710648830699108E+01  0.1760905733826888E+01  0.1760838907475161E+01  0.1750796893702052E+01  0.1813574044138402E+01  0.1977853049770264E+01  0.2591814921731432E+01  0.2621739893140132E+01  0.3000000000000000E+01
