  0.0000000000000000E+00  0.5761117947934408E-02  0.2069304187122920E-01  0.7354093551926971E-01  0.1433631362599959E+00  0.2013155197239305E+00  0.1993034033431280E+00  0.9411187471237437E-01 -0.1092870574928123E+00 -0.3682199382720939E+00 -0.6142911506401716E+00 -0.7678778069341599E+00 -0.7722937343343820E+00 -0.6461268962465565E+00 -0.4695681183645058E+00 -0.2988363716351642E+00 -0.1570732442802168E+00 -0.5248952646179461E-01  0.1032843300081246E-01  0.2186527188536514E-01  0.0000000000000000E+00
  0.0000000000000000E+00 -0.2383944142522005E-01 -0.6610009059284355E-01 -0.1237749545456655E+00 -0.1831521584289225E+00 -0.2251911343960793E+00 -0.2309344263362060E+00 -0.1815343479496496E+00 -0.7912780373125841E-01  0.6039774692392677E-01  0.2069755846797158E+00  0.3263548553999329E+00  0.3893117164975188E+00  0.3919505744141991E+00  0.3530670246947445E+00  0.2888870127073732E+00  0.2101767180380753E+00  0.1299515229758625E+00  0.6075467452312152E-01  0.2014788799518360E-01  0.0000000000000000E+00
  0.0000000000000000E+00 -0.6575720632772575E-01 -0.1776072299073015E+00 -0.2977839281177269E+00 -0.4060933390267717E+00 -0.4742578834643073E+00 -0.4934998756654901E+00 -0.4504911691365746E+00 -0.3466704686865876E+00 -0.1870266975003135E+00  0.6635603398975885E-02  0.2111867592656387E+00  0.3956414151581743E+00  0.5297248269960406E+00  0.5896329557197278E+00  0.5678246664869554E+00  0.4734569098340091E+00  0.3373650424657930E+00  0.1925924565701770E+00  0.8230893587091594E-01  0.0000000000000000E+00
  0.0000000000000000E+00 -0.8269291871333080E-01 -0.2691704636884440E+00 -0.4271626647701545E+00 -0.5658207035576415E+00 -0.6528698448022985E+00 -0.6953999081086004E+00 -0.6804199477727481E+00 -0.6139636246170400E+00 -0.4919590229509429E+00 -0.3263272229194470E+00 -0.1257881541078226E+00  0.8496863697787348E-01  0.2762812766778857E+00  0.4181466281481564E+00  0.4895286503576854E+00  0.4768260774272004E+00  0.3884687239106759E+00  0.2492857254259642E+00  0.1093190687499310E+00  0.0000000000000000E+00
  0.0000000000000000E+00 -0.7595202134468801E-01 -0.3149844298139984E+00 -0.4891882539726370E+00 -0.6492912731590056E+00 -0.7533905882706897E+00 -0.8233117238217940E+00 -0.8414158317327483E+00 -0.8179667096548777E+00 -0.7414535087647048E+00 -0.6166647782533743E+00 -0.4422656098118841E+00 -0.2389847945112572E+00 -0.4006765243357349E-01  0.1235809255708727E+00  0.2396337222355520E+00  0.2959205625288213E+00  0.2818734689051837E+00  0.1966755580971108E+00  0.9210776628142843E-01  0.0000000000000000E+00
  0.0000000000000000E+00 -0.5869400925186936E-01 -0.3056334077833716E+00 -0.4768629901958625E+00 -0.6437116297248643E+00 -0.7555215989958840E+00 -0.8448257594006179E+00 -0.8917537568556873E+00 -0.9112945199447646E+00 -0.8901888915207098E+00 -0.8252306335427723E+00 -0.6994222730522595E+00 -0.5166516497275399E+00 -0.3134183742603167E+00 -0.1401467698683588E+00 -0.1333507878187151E-01  0.7381074278358139E-01  0.1130225691094554E+00  0.8865041755844164E-01  0.4965539102940622E-01  0.0000000000000000E+00
  0.0000000000000000E+00 -0.3597509656620800E-01 -0.2481887070509792E+00 -0.4067345349600684E+00 -0.5704557326347536E+00 -0.6860779728985688E+00 -0.7879950620716053E+00 -0.8551845887995324E+00 -0.9048416968519882E+00 -0.9298988699020059E+00 -0.9279617014729206E+00 -0.8719885832128298E+00 -0.7360436854726227E+00 -0.5353186982989256E+00 -0.3369892817888276E+00 -0.1937390989511933E+00 -0.9583872392870657E-01 -0.2997135096903529E-01 -0.5020929104853436E-02  0.9503328967958925E-02  0.0000000000000000E+00
  0.0000000000000000E+00 -0.9393442298142648E-05 -0.1513456504885298E+00 -0.2938748116111068E+00 -0.4496183883814233E+00 -0.5682847517499381E+00 -0.6784089834986562E+00 -0.7583515311504399E+00 -0.8226849559470119E+00 -0.8729963645835113E+00 -0.9172164442928572E+00 -0.9350977493098813E+00 -0.8771030212306744E+00 -0.7133259440077386E+00 -0.4906329961384642E+00 -0.3019338872059417E+00 -0.1784679442110362E+00 -0.9496583364527390E-01 -0.3949230463129761E-01  0.5291896980256388E-03  0.0000000000000000E+00
  0.0000000000000000E+00  0.5686102529305130E-01 -0.2835395812293465E-01 -0.1510295088230930E+00 -0.2970547788200169E+00 -0.4190301972791369E+00 -0.5367343687254545E+00 -0.6283108317183427E+00 -0.7007997813715685E+00 -0.7590942221779087E+00 -0.8219236805661598E+00 -0.8916378721420097E+00 -0.9206196458092977E+00 -0.8380506817960438E+00 -0.6334113224690647E+00 -0.3956421248510124E+00 -0.2142554285544896E+00 -0.9618472983016806E-01 -0.2168445742059090E-01  0.2176057937760005E-01  0.0000000000000000E+00
  0.0000000000000000E+00  0.1225995381858674E+00  0.1003375836028130E+00  0.9785154560638745E-02 -0.1206812121060243E+00 -0.2415899972001252E+00 -0.3632851247905197E+00 -0.4660452595792477E+00 -0.5489538800647471E+00 -0.6135644037003477E+00 -0.6793741622431982E+00 -0.7710063583504868E+00 -0.8674056550875643E+00 -0.8863029269774313E+00 -0.7570811076241858E+00 -0.5176631090999164E+00 -0.2811425656851346E+00 -0.1087470766679386E+00 -0.5569777179647563E-02  0.4237735061607767E-01  0.0000000000000000E+00
  0.0000000000000000E+00  0.1681699306807783E+00  0.2095360627824660E+00  0.1710536211158221E+00  0.7079801224801240E-01 -0.3781821741862677E-01 -0.1538948363567757E+00 -0.2621375066106614E+00 -0.3574660809063428E+00 -0.4365506538872650E+00 -0.5098794334046783E+00 -0.6086267700066796E+00 -0.7434816310292555E+00 -0.8534948701307754E+00 -0.8320240767482782E+00 -0.6489186270513074E+00 -0.3982318157867476E+00 -0.1803030768413421E+00 -0.3545663045358245E-01  0.3224536382073141E-01  0.0000000000000000E+00
  0.0000000000000000E+00  0.1772332909265050E+00  0.2795026434498166E+00  0.3120925782753002E+00  0.2628017628982352E+00  0.1819936700667312E+00  0.8341367713998159E-01 -0.2032925463387074E-01 -0.1237683861412651E+00 -0.2218029442654814E+00 -0.3150239090649687E+00 -0.4255088495589057E+00 -0.5797298366711475E+00 -0.7565232841916519E+00 -0.8481011601016596E+00 -0.7604322809860121E+00 -0.5370702541071432E+00 -0.2973261975275989E+00 -0.1106130793674329E+00 -0.1231871668618026E-01  0.0000000000000000E+00
  0.0000000000000000E+00  0.1523622336546395E+00  0.2992703757350021E+00  0.4104409852073527E+00  0.4314914214631327E+00  0.3961766003523267E+00  0.3274083484871873E+00  0.2389280375952240E+00  0.1359092331857254E+00  0.2236706115579084E-01 -0.9722061635567918E-01 -0.2310360765574468E+00 -0.3993161899557021E+00 -0.6165341805897362E+00 -0.8082427145719348E+00 -0.8403402609017178E+00 -0.6799297292269973E+00 -0.4397545993175820E+00 -0.2196021650577380E+00 -0.8148262534440999E-01  0.0000000000000000E+00
  0.0000000000000000E+00  0.1047436397032393E+00  0.2674543879358813E+00  0.4454437683187437E+00  0.5467008195281324E+00  0.5741654852623592E+00  0.5485088919336881E+00  0.4852699574365157E+00  0.3912615958284699E+00  0.2697218720087005E+00  0.1263557181941199E+00 -0.3611865679647245E-01 -0.2193080142958609E+00 -0.4538898666304439E+00 -0.7175398671680835E+00 -0.8779748544318887E+00 -0.8182152206605496E+00 -0.6014968094535489E+00 -0.3601824406276595E+00 -0.1686150625129536E+00  0.0000000000000000E+00
  0.0000000000000000E+00  0.4456912852662982E-01  0.1926141735144768E+00  0.4043629168738063E+00  0.5765799488244667E+00  0.6755469558758930E+00  0.7055539066221743E+00  0.6785550545631673E+00  0.6027436743479303E+00  0.4822216875374674E+00  0.3242274809301445E+00  0.1397163546295580E+00 -0.5407717892562293E-01 -0.2857208106072819E+00 -0.5825395962269054E+00 -0.8575792532028584E+00 -0.9344515706249079E+00 -0.7754261599346004E+00 -0.5292136802133021E+00 -0.2707480966098637E+00  0.0000000000000000E+00
  0.0000000000000000E+00 -0.2099873934711485E-01  0.8840897379639681E-01  0.2886222366130555E+00  0.5003258000894060E+00  0.6623313473037467E+00  0.7529223978578478E+00  0.7712106658687786E+00  0.7228783419741733E+00  0.6140534384768953E+00  0.4567584809888751E+00  0.2698204087534568E+00  0.8179030678187624E-01 -0.1250429544173062E+00 -0.4098219270494625E+00 -0.7591638720678873E+00 -0.9944971789044562E+00 -0.9407035131608404E+00 -0.7173199036274472E+00 -0.3849943123281317E+00  0.0000000000000000E+00
  0.0000000000000000E+00 -0.7824265345615881E-01 -0.2679262029571571E-01  0.1232103749511170E+00  0.3271052104527810E+00  0.5178625864368398E+00  0.6535055348509310E+00  0.7162487375506496E+00  0.7044022436646223E+00  0.6246614176181866E+00  0.4940968224011831E+00  0.3361790256597597E+00  0.1801289217396343E+00  0.1999448688923318E-01 -0.2083178882587318E+00 -0.5642091348291343E+00 -0.9444363630748664E+00 -0.1047728827978408E+01 -0.8986622869117216E+00 -0.5006793360048136E+00  0.0000000000000000E+00
  0.0000000000000000E+00 -0.8084686871497415E-01 -0.7781993678559028E-01  0.1108825450023469E-01  0.1629985911792094E+00  0.3299242275123847E+00  0.4700028959726413E+00  0.5570877378881156E+00  0.5817275043789142E+00  0.5468602387711560E+00  0.4675616599504155E+00  0.3635666952834493E+00  0.2578955076253026E+00  0.1533104301334112E+00  0.8285229947993758E-02 -0.2725245273436098E+00 -0.7223197407632341E+00 -0.1001148289390283E+01 -0.1003277313376144E+01 -0.5788386237401784E+00  0.0000000000000000E+00
  0.0000000000000000E+00  0.2149958385455555E-01  0.8607400220424327E-01  0.1605486706883953E+00  0.2515552138201356E+00  0.3534735285775623E+00  0.4482145540925923E+00  0.5163676084311952E+00  0.5462881472062150E+00  0.5356456162479818E+00  0.4933068519654050E+00  0.4313640628543678E+00  0.3667979682342351E+00  0.3027539687338135E+00  0.2306969766219547E+00  0.7880657671091298E-01 -0.2979574033682742E+00 -0.6616799052690635E+00 -0.8729814062092061E+00 -0.5176066394153707E+00  0.0000000000000000E+00
  0.0000000000000000E+00  0.4282748333625176E+00  0.5545825352229709E+00  0.6130554996014470E+00  0.6376141373225283E+00  0.6558208919432993E+00  0.6728578698605490E+00  0.6828195776730221E+00  0.6794789763181580E+00  0.6600047132597148E+00  0.6285702476802809E+00  0.5890082023879250E+00  0.5519800997935119E+00  0.5138143929414144E+00  0.4897657383679381E+00  0.4424616444173046E+00  0.2960200028262873E+00  0.1201750667314008E+00 -0.1548569388482713E+00 -0.4636383942101600E-01  0.0000000000000000E+00
  0.3000000000000000E+01  0.1736675083767003E+01  0.1422326396535331E+01  0.1321382171884054E+01  0.1338712801852551E+01  0.1386010852747664E+01  0.1429640944510945E+01  0.1467908875412129E+01  0.1507851218251741E+01  0.1555631476468837E+01  0.1607596108924562E+01  0.1664339455690593E+01  0.1710857668853699E+01  0.1761310789909571E+01  0.1761399761518140E+01  0.1751421643458999E+01  0.1813982588152864E+01  0.1977794894536734E+01  0.2591589410335608E+01  0.2621484878847677E+01  0.3000000000000000E+01
