  0.0000000000000000E+00 -0.3022747495558948E-01 -0.1181533703406057E+00 -0.2450330659974238E+00 -0.3831652239002932E+00 -0.5252193440515369E+00 -0.6692089086318054E+00 -0.7995862873964329E+00 -0.8902781607224266E+00 -0.9116333563779795E+00 -0.8526408903712930E+00 -0.7311083417935110E+00 -0.5800406283067377E+00 -0.4269452761554812E+00 -0.2881237293953293E+00 -0.1720894057285359E+00 -0.8216756601569508E-01 -0.2063440806894357E-01  0.1245919994399647E-01  0.1189404435697795E-01  0.0000000000000000E+00
  0.0000000000000000E+00  0.6292938415401566E-02  0.3757915055045767E-01  0.7784476869389796E-01  0.1233508761213642E+00  0.1767419543016661E+00  0.2398380900953627E+00  0.3085803526250909E+00  0.3725576423882364E+00  0.4188950677959035E+00  0.4384809332612562E+00  0.4308853793969304E+00  0.4008234804249973E+00  0.3535351673925192E+00  0.2933457788104932E+00  0.2261475207218525E+00  0.1576178921979217E+00  0.9703533101347163E-01  0.4769800618835289E-01  0.2179261970829174E-01  0.0000000000000000E+00
  0.0000000000000000E+00 -0.1134865970938478E-01 -0.5415918689232699E-02 -0.1149875991572994E-01 -0.1311259553620069E-01  0.5006518853461378E-02  0.5030536165428257E-01  0.1261547704788397E+00  0.2273947664422826E+00  0.3450518470097310E+00  0.4628019094124756E+00  0.5615477963972803E+00  0.6224298129682543E+00  0.6336602260220764E+00  0.5919136070361503E+00  0.5063531564370215E+00  0.3906861105780699E+00  0.2704715849714713E+00  0.1555532185090551E+00  0.7727190348185317E-01  0.0000000000000000E+00
  0.0000000000000000E+00 -0.4669199060585153E-01 -0.1066140865258589E+00 -0.1858136985742936E+00 -0.2563779725553508E+00 -0.2912678052147015E+00 -0.2855360807283378E+00 -0.2319371706285039E+00 -0.1369101599815472E+00 -0.4977638147640159E-02  0.1472383688023948E+00  0.3010769682660608E+00  0.4334143229816965E+00  0.5250348271941583E+00  0.5618512142344569E+00  0.5407784160624122E+00  0.4634614421860906E+00  0.3530715141093355E+00  0.2210989082585052E+00  0.1105957619741513E+00  0.0000000000000000E+00
  0.0000000000000000E+00 -0.7232528899063717E-01 -0.2257368289142394E+00 -0.3713011732721450E+00 -0.5011406798601714E+00 -0.5770302067303797E+00 -0.6071430818567994E+00 -0.5782656296080074E+00 -0.5016169658577744E+00 -0.3757331035659823E+00 -0.2193990245821077E+00 -0.4880399199837960E-01  0.1118625057105078E+00  0.2445398232444787E+00  0.3363421751019469E+00  0.3799234829099030E+00  0.3670988822552169E+00  0.3079569871411418E+00  0.2043279145049050E+00  0.1069392483358154E+00  0.0000000000000000E+00
  0.0000000000000000E+00 -0.7227718652263811E-01 -0.3186003152614741E+00 -0.5052549631196326E+00 -0.6801301439232273E+00 -0.7882520857316792E+00 -0.8575747231494549E+00 -0.8638500500811817E+00 -0.8220793096426777E+00 -0.7186045394060367E+00 -0.5698231720661172E+00 -0.3891857333059489E+00 -0.2079780444877081E+00 -0.5037879381826878E-01  0.7108609454470706E-01  0.1537918510285654E+00  0.1921134653066567E+00  0.1867903735184042E+00  0.1301952314444035E+00  0.7763143172500445E-01  0.0000000000000000E+00
  0.0000000000000000E+00 -0.5292728332324372E-01 -0.3509685232659006E+00 -0.5493797195892217E+00 -0.7484306893670083E+00 -0.8748607242559345E+00 -0.9771312904584417E+00 -0.1023879754002083E+01 -0.1033467244267274E+01 -0.9802799082219136E+00 -0.8667734551965877E+00 -0.6939085201748262E+00 -0.4932345850496299E+00 -0.3041240268965799E+00 -0.1541938379470149E+00 -0.4667734774196611E-01  0.2289925195864841E-01  0.5645731139068585E-01  0.4670448774338992E-01  0.4006226016991917E-01  0.0000000000000000E+00
  0.0000000000000000E+00 -0.2831695178245389E-01 -0.3182583543057388E+00 -0.5055573856350225E+00 -0.7043080202084004E+00 -0.8328849688854144E+00 -0.9514116479175042E+00 -0.1030552580801639E+01 -0.1092220184369007E+01 -0.1110257167059937E+01 -0.1069424099814163E+01 -0.9469759014453170E+00 -0.7522834264544704E+00 -0.5293755786963696E+00 -0.3331275857090614E+00 -0.1899309068177593E+00 -0.9432916027050096E-01 -0.3416821163734489E-01 -0.6915447537877267E-02  0.1641959425106781E-01  0.0000000000000000E+00
  0.0000000000000000E+00  0.2784562924438289E-02 -0.2281036372544170E+00 -0.3915394646240553E+00 -0.5726146090301987E+00 -0.6936253717677526E+00 -0.8107885147735236E+00 -0.9022908814531836E+00 -0.9924928314293255E+00 -0.1070722331843664E+01 -0.1118933560414925E+01 -0.1094808005153284E+01 -0.9664555825678394E+00 -0.7483301627401232E+00 -0.5049569954312829E+00 -0.3020751707992682E+00 -0.1615779101781725E+00 -0.7162743990693154E-01 -0.1847857635168740E-01  0.1720387320499248E-01  0.0000000000000000E+00
  0.0000000000000000E+00  0.5081636153485235E-01 -0.9724025971637734E-01 -0.2344554572109806E+00 -0.3963615173109943E+00 -0.5135001574027609E+00 -0.6264853408718692E+00 -0.7174274748409050E+00 -0.8070061593147571E+00 -0.9044296057908794E+00 -0.1010465569728935E+01 -0.1089218497576977E+01 -0.1078327859001430E+01 -0.9374302337476832E+00 -0.6963155966653307E+00 -0.4388031119807890E+00 -0.2320431632886590E+00 -0.9264676090757316E-01 -0.1174437351337181E-01  0.3002472815316965E-01  0.0000000000000000E+00
  0.0000000000000000E+00  0.1159469353042165E+00  0.4963020840662592E-01 -0.5645677147627810E-01 -0.2008402911877331E+00 -0.3200227806952068E+00 -0.4356239923786318E+00 -0.5287830617843647E+00 -0.6094688504788511E+00 -0.6950859733527444E+00 -0.8087259070456443E+00 -0.9458771845928506E+00 -0.1049701442825073E+01 -0.1037600558475775E+01 -0.8746069941586171E+00 -0.6157186567335498E+00 -0.3559280529846912E+00 -0.1548500885427567E+00 -0.3006390343519494E-01  0.2806032492096231E-01  0.0000000000000000E+00
  0.0000000000000000E+00  0.1744028256823850E+00  0.1865797664513896E+00  0.1284863536341055E+00  0.9761561595371648E-02 -0.1084635602781152E+00 -0.2277330254192014E+00 -0.3291345304456449E+00 -0.4120214083572223E+00 -0.4880740371516428E+00 -0.5851755675053426E+00 -0.7295026659344293E+00 -0.9024210050275228E+00 -0.1018845819923542E+01 -0.9857585056956575E+00 -0.7934820279289613E+00 -0.5255619111116371E+00 -0.2766544010169815E+00 -0.9686800253703266E-01 -0.7030480171573531E-02  0.0000000000000000E+00
  0.0000000000000000E+00  0.1967492069596758E+00  0.2841381953498232E+00  0.2960487814151158E+00  0.2241613058159491E+00  0.1247023006457023E+00  0.1363582356649801E-01 -0.9222625181873684E-01 -0.1865449532576852E+00 -0.2724214208956653E+00 -0.3654875256700379E+00 -0.4962848856168179E+00 -0.6876443126460926E+00 -0.8951027828078939E+00 -0.1004079299069480E+01 -0.9310454561285998E+00 -0.7065047256074483E+00 -0.4395799377564754E+00 -0.2097736446927380E+00 -0.7478363161587243E-01  0.0000000000000000E+00
  0.0000000000000000E+00  0.1785836142690624E+00  0.3249935692169565E+00  0.4218174832975430E+00  0.4231251220892976E+00  0.3673646562093596E+00  0.2802822592216976E+00  0.1800210620243725E+00  0.7629373078325663E-01 -0.3001303093280413E-01 -0.1416287895554892E+00 -0.2709100251599866E+00 -0.4525364704550180E+00 -0.6988975936778117E+00 -0.9272731721297240E+00 -0.1004402061517271E+01 -0.8734686414117391E+00 -0.6232048927298014E+00 -0.3608221111512134E+00 -0.1660749854431872E+00  0.0000000000000000E+00
  0.0000000000000000E+00  0.1299199927006890E+00  0.3015444077172393E+00  0.4760841943548189E+00  0.5658004925703990E+00  0.5767207744169606E+00  0.5323204467747549E+00  0.4525464306111699E+00  0.3491567502048502E+00  0.2256872501811781E+00  0.8794880391133471E-01 -0.5724787093341858E-01 -0.2278250228436630E+00 -0.4687842660661906E+00 -0.7651687702905914E+00 -0.9936738303335577E+00 -0.1004861629084582E+01 -0.8114868321484004E+00 -0.5400414305147163E+00 -0.2730940827716732E+00  0.0000000000000000E+00
  0.0000000000000000E+00  0.6287964038011723E-01  0.2212618873527723E+00  0.4387426428863622E+00  0.6096617088884311E+00  0.7009206035214709E+00  0.7176514609867432E+00  0.6741810960612573E+00  0.5830933372718606E+00  0.4533680143894263E+00  0.2993032020430084E+00  0.1384729662575390E+00 -0.2644922546404915E-01 -0.2378668190133572E+00 -0.5390735999270961E+00 -0.8793409929917432E+00 -0.1066813887253636E+01 -0.9820781945709521E+00 -0.7342768995832053E+00 -0.3908175912476566E+00  0.0000000000000000E+00
  0.0000000000000000E+00 -0.1362533495077745E-01  0.1031031645347266E+00  0.3175629492198230E+00  0.5371015822946836E+00  0.6981663574209196E+00  0.7792189625280043E+00  0.7819277287610190E+00  0.7177771583070656E+00  0.6016270583640405E+00  0.4551672072904470E+00  0.2992231494146254E+00  0.1462774393148365E+00 -0.2624188753389989E-01 -0.2777398561514483E+00 -0.6509163342257264E+00 -0.1006929963189361E+01 -0.1086796324380372E+01 -0.9169960417273717E+00 -0.5080565661027123E+00  0.0000000000000000E+00
  0.0000000000000000E+00 -0.6816528210971175E-01 -0.1349468027654445E-01  0.1517365805466797E+00  0.3630929533252789E+00  0.5527821017595632E+00  0.6812724588891566E+00  0.7351199833161568E+00  0.7188113161823459E+00  0.6463724155279076E+00  0.5395358134623379E+00  0.4167783889452424E+00  0.2923221229469017E+00  0.1607461082821386E+00 -0.1226894841651271E-01 -0.3213628772018411E+00 -0.7666977487315469E+00 -0.1032074681796582E+01 -0.1018773310354261E+01 -0.5855947864449753E+00  0.0000000000000000E+00
  0.0000000000000000E+00 -0.2804171924949963E-01  0.4417397774665536E-01  0.1630983082901858E+00  0.3199443074164662E+00  0.4784296512994688E+00  0.6053049456176642E+00  0.6804942035953723E+00  0.6994126601671892E+00  0.6687207112914131E+00  0.6044091749399956E+00  0.5208238057367535E+00  0.4323573985706698E+00  0.3390029096181432E+00  0.2389561422078070E+00  0.5997970067593593E-01 -0.3210325666948357E+00 -0.6802289188675363E+00 -0.8823519113425593E+00 -0.5212768099390703E+00  0.0000000000000000E+00
  0.0000000000000000E+00  0.4044739022421516E+00  0.5197634709147039E+00  0.5916857864814717E+00  0.6469414482941515E+00  0.7002920165636972E+00  0.7454360782134070E+00  0.7702472515262210E+00  0.7685098079469046E+00  0.7421198360830190E+00  0.7001260385661987E+00  0.6499728995304460E+00  0.6008337608219739E+00  0.5502328366673486E+00  0.5099390411103389E+00  0.4481253986897587E+00  0.2941764478671884E+00  0.1153732920980217E+00 -0.1575527510299160E+00 -0.4683452171867888E-01  0.0000000000000000E+00
  0.3000000000000000E+01  0.1758536574024045E+01  0.1484883565002544E+01  0.1388040948845771E+01  0.1379119962534012E+01  0.1377553601608377E+01  0.1368996710977443E+01  0.1369752449016709E+01  0.1393883236326475E+01  0.1442361203042356E+01  0.1504031059241399E+01  0.1570905107145415E+01  0.1629856116104748E+01  0.1688304399616098E+01  0.1709139018876790E+01  0.1715603504606660E+01  0.1796438089703599E+01  0.1973651204838399E+01  0.2590306341747189E+01  0.2619226755216967E+01  0.3000000000000000E+01
