  0.0000000000000000E+00  0.8571327579115648E-02  0.2181555383259501E-01  0.6896543167234837E-01  0.1284469448866679E+00  0.1692741601190656E+00  0.1443056778523389E+00  0.1938013215590112E-01 -0.1944374998896855E+00 -0.4502855086659839E+00 -0.6785639123136028E+00 -0.8026074232261785E+00 -0.7760809581722261E+00 -0.6341495148611382E+00 -0.4550872398681098E+00 -0.2869166655113327E+00 -0.1489258841327397E+00 -0.4794310861590773E-01  0.1187100046706260E-01  0.2179444849667077E-01  0.0000000000000000E+00
  0.0000000000000000E+00 -0.2430762387760313E-01 -0.6342206238488339E-01 -0.1167482844247113E+00 -0.1703970554177877E+00 -0.2049878301414409E+00 -0.2015107647044810E+00 -0.1441997149746450E+00 -0.3756420999175529E-01  0.1007058176191001E+00  0.2400451283146536E+00  0.3474371411604447E+00  0.3973455437606334E+00  0.3916319313591970E+00  0.3488818583395389E+00  0.2831912777003181E+00  0.2045414319009710E+00  0.1256927039610680E+00  0.5843525354858908E-01  0.1964876356599691E-01  0.0000000000000000E+00
  0.0000000000000000E+00 -0.6435154405369373E-01 -0.1684506333220551E+00 -0.2812794216017854E+00 -0.3827442213666951E+00 -0.4456893303052571E+00 -0.4602266162611041E+00 -0.4132190127680338E+00 -0.3071301298649513E+00 -0.1481680558086836E+00  0.4157147263035787E-01  0.2397040002551557E+00  0.4159556731096741E+00  0.5407462792164528E+00  0.5915583351505067E+00  0.5626571675896217E+00  0.4646984115701734E+00  0.3291350032672964E+00  0.1871767611128299E+00  0.8074073919466150E-01  0.0000000000000000E+00
  0.0000000000000000E+00 -0.8303067650882245E-01 -0.2619844698366853E+00 -0.4163957963270677E+00 -0.5528337537219071E+00 -0.6391673719651686E+00 -0.6804467951276922E+00 -0.6635541535115377E+00 -0.5949444085268305E+00 -0.4709890569294992E+00 -0.3043048753837955E+00 -0.1038708938131037E+00  0.1050566646616651E+00  0.2927357607469708E+00  0.4292299162385487E+00  0.4941396811814102E+00  0.4755229372359005E+00  0.3844672471598192E+00  0.2456358207608862E+00  0.1089446783634796E+00  0.0000000000000000E+00
  0.0000000000000000E+00 -0.7747914508832988E-01 -0.3125199546122189E+00 -0.4868155792759908E+00 -0.6475878160923444E+00 -0.7528119438912396E+00 -0.8227213987705072E+00 -0.8394906717238269E+00 -0.8133501552381410E+00 -0.7326902926114615E+00 -0.6034444621086112E+00 -0.4256032146934556E+00 -0.2215852508796154E+00 -0.2399576331701529E-01  0.1375762286667743E+00  0.2505206680519051E+00  0.3022597036367998E+00  0.2844541164365619E+00  0.1975904059156378E+00  0.9349412854273464E-01  0.0000000000000000E+00
  0.0000000000000000E+00 -0.6092399112732551E-01 -0.3095695788777034E+00 -0.4839944940984017E+00 -0.6541702286777351E+00 -0.7689755846118849E+00 -0.8605042183862865E+00 -0.9082134404373177E+00 -0.9268170181115891E+00 -0.9016124406670506E+00 -0.8297002772545005E+00 -0.6955869168350249E+00 -0.5070862139725497E+00 -0.3021650702130868E+00 -0.1289120916840683E+00 -0.2104418385432536E-02  0.8349022061739554E-01  0.1200573136734870E+00  0.9330650382255723E-01  0.5265665343975636E-01  0.0000000000000000E+00
  0.0000000000000000E+00 -0.3885594705393260E-01 -0.2569695437447644E+00 -0.4197166010189748E+00 -0.5872441274410518E+00 -0.7056220659290111E+00 -0.8099862956533856E+00 -0.8787784076931048E+00 -0.9293248965413955E+00 -0.9526551410230127E+00 -0.9452760853509160E+00 -0.8799964366144307E+00 -0.7346408745057416E+00 -0.5287139619356697E+00 -0.3293169927704520E+00 -0.1853517695729561E+00 -0.8690843514445433E-01 -0.2211818158354803E-01  0.4621918196329425E-03  0.1272883399268424E-01  0.0000000000000000E+00
  0.0000000000000000E+00 -0.4243116963914091E-02 -0.1630412808767003E+00 -0.3099389989704997E+00 -0.4692950222350077E+00 -0.5903704352834950E+00 -0.7030298544877721E+00 -0.7850727143856259E+00 -0.8516042432707048E+00 -0.9026706284864429E+00 -0.9445498782903697E+00 -0.9550849537282508E+00 -0.8863650898910634E+00 -0.7133690742033021E+00 -0.4867258824771516E+00 -0.2973074488829077E+00 -0.1732316325227646E+00 -0.8994815326162152E-01 -0.3629144086517467E-01  0.1970408636927253E-02  0.0000000000000000E+00
  0.0000000000000000E+00  0.5144843560762070E-01 -0.4056469887242974E-01 -0.1680329380248820E+00 -0.3174580183477815E+00 -0.4416534668556298E+00 -0.5616111282167526E+00 -0.6547970861671515E+00 -0.7291018521170546E+00 -0.7888119792088025E+00 -0.8516940943891179E+00 -0.9177890229404883E+00 -0.9386863821736402E+00 -0.8460988430081290E+00 -0.6343097410478022E+00 -0.3941363800264517E+00 -0.2127198698800282E+00 -0.9507940330675395E-01 -0.2171998881857974E-01  0.2083798578659157E-01  0.0000000000000000E+00
  0.0000000000000000E+00  0.1187111474610372E+00  0.9040573858227408E-01 -0.6182603851135603E-02 -0.1406900983830814E+00 -0.2642841579469316E+00 -0.3884968995766776E+00 -0.4928692134737526E+00 -0.5770252416656035E+00 -0.6423346232312707E+00 -0.7082205970780483E+00 -0.7980944226839959E+00 -0.8895984836967923E+00 -0.9005986255378348E+00 -0.7634905935882711E+00 -0.5191953791698645E+00 -0.2814767988330643E+00 -0.1094958858847238E+00 -0.7089573327454795E-02  0.4029094702965717E-01  0.0000000000000000E+00
  0.0000000000000000E+00  0.1683236987550295E+00  0.2041842997155008E+00  0.1582414106562671E+00  0.5254352566932482E-01 -0.5966202473120622E-01 -0.1788947453287368E+00 -0.2892371935230846E+00 -0.3856381155899222E+00 -0.4646898238839985E+00 -0.5370981099564489E+00 -0.6339437462980858E+00 -0.7655919482817800E+00 -0.8702739851003080E+00 -0.8424404759054709E+00 -0.6537748811408522E+00 -0.4001377938326303E+00 -0.1814798239996934E+00 -0.3674648361575066E-01  0.3046342566691530E-01  0.0000000000000000E+00
  0.0000000000000000E+00  0.1814705767437505E+00  0.2798095251676504E+00  0.3044472346770906E+00  0.2482572406958592E+00  0.1627829128111724E+00  0.6052956122582556E-01 -0.4567651969412095E-01 -0.1503068194155874E+00 -0.2482006217281647E+00 -0.3399554744714175E+00 -0.4478729104025662E+00 -0.5992397181651857E+00 -0.7724388072353610E+00 -0.8597454674962089E+00 -0.7674670688105550E+00 -0.5406728676603503E+00 -0.2992240779167870E+00 -0.1117822346074567E+00 -0.1356052596813211E-01  0.0000000000000000E+00
  0.0000000000000000E+00  0.1592340365993038E+00  0.3050906104555304E+00  0.4095262732633529E+00  0.4230128328593666E+00  0.3820329277018553E+00  0.3091647931649562E+00  0.2180059579252028E+00  0.1136012596754424E+00  0.3974662758951053E-04 -0.1181280720632727E+00 -0.2493013359994682E+00 -0.4148912176268994E+00 -0.6294518709155260E+00 -0.8187628855956307E+00 -0.8478216296525588E+00 -0.6844644113483074E+00 -0.4424987606720140E+00 -0.2211778193993581E+00 -0.8259847824607344E-01  0.0000000000000000E+00
  0.0000000000000000E+00  0.1126391491547829E+00  0.2776322318552815E+00  0.4521804507901520E+00  0.5468831895251900E+00  0.5682728373523197E+00  0.5380525898293081E+00  0.4718746371953844E+00  0.3763594485155604E+00  0.2546630918713085E+00  0.1123291168039771E+00 -0.4834246094246364E-01 -0.2299293294159274E+00 -0.4627663999408002E+00 -0.7254533035633135E+00 -0.8845834054449492E+00 -0.8227585746333611E+00 -0.6046262317301531E+00 -0.3621264514668560E+00 -0.1697779349267250E+00  0.0000000000000000E+00
  0.0000000000000000E+00  0.5213926042172518E-01  0.2049620887653407E+00  0.4181181773569206E+00  0.5869646690979459E+00  0.6808925096006122E+00  0.7063863103023938E+00  0.6762601358867719E+00  0.5987600204437893E+00  0.4777541788140850E+00  0.3200158909455417E+00  0.1356347741022168E+00 -0.5884712703082338E-01 -0.2904276747471756E+00 -0.5874390006893165E+00 -0.8626529610873001E+00 -0.9384674165230553E+00 -0.7785221443034213E+00 -0.5312459533523746E+00 -0.2719158810852195E+00  0.0000000000000000E+00
  0.0000000000000000E+00 -0.1506192415168202E-01  0.1004852346457067E+00  0.3068918835085147E+00  0.5203612621869498E+00  0.6806046180718510E+00  0.7681102626122309E+00  0.7835781621428672E+00  0.7332689388273483E+00  0.6231157425751411E+00  0.4644457952847546E+00  0.2750107939880893E+00  0.8315966883366768E-01 -0.1261328205966250E+00 -0.4122677230964970E+00 -0.7627955021463584E+00 -0.9978522847824519E+00 -0.9436150853436432E+00 -0.7192657068626305E+00 -0.3861108348174269E+00  0.0000000000000000E+00
  0.0000000000000000E+00 -0.7562835589779786E-01 -0.1795421382039952E-01  0.1404966385595348E+00  0.3509899085372974E+00  0.5450163149699755E+00  0.6811662719041875E+00  0.7427978057791002E+00  0.7289870154097479E+00  0.6464978848166655E+00  0.5120209212717617E+00  0.3486333988326555E+00  0.1860652707033477E+00  0.2114943268297237E-01 -0.2094840728450913E+00 -0.5670512584598255E+00 -0.9473246649874844E+00 -0.1050467541786311E+01 -0.9004727439012277E+00 -0.5017119476669459E+00  0.0000000000000000E+00
  0.0000000000000000E+00 -0.8268109115300194E-01 -0.7636333204148715E-01  0.1907670570468774E-01  0.1786656296130645E+00  0.3518970120185505E+00  0.4958256346114308E+00  0.5842462950556075E+00  0.6080167588952496E+00  0.5702863207204926E+00  0.4863514177574551E+00  0.3763803860696342E+00  0.2642354176059789E+00  0.1545680194757902E+00  0.7169954739806311E-02 -0.2752526250361169E+00 -0.7249708185373297E+00 -0.1003726028519517E+01 -0.1004939812640065E+01 -0.5797607820759587E+00  0.0000000000000000E+00
  0.0000000000000000E+00  0.1816075298732123E-01  0.8279434100347677E-01  0.1589571915075163E+00  0.2542867997175239E+00  0.3614709242951757E+00  0.4607401100755564E+00  0.5316875184841636E+00  0.5623107257484742E+00  0.5503065228352888E+00  0.5049022862078960E+00  0.4388684184129165E+00  0.3700439891569668E+00  0.3026125518841634E+00  0.2291750576117654E+00  0.7623572434403644E-01 -0.3001657284585479E+00 -0.6638272568405919E+00 -0.8744034010271499E+00 -0.5184057566186296E+00  0.0000000000000000E+00
  0.0000000000000000E+00  0.4277732005096265E+00  0.5529735293191996E+00  0.6112683156367857E+00  0.6370334753062914E+00  0.6573591118080883E+00  0.6766454242699866E+00  0.6882764397875278E+00  0.6855893846699624E+00  0.6657021779725598E+00  0.6330256479807997E+00  0.5918592589819289E+00  0.5531775943374895E+00  0.5138604144359301E+00  0.4892704624421162E+00  0.4417076701298446E+00  0.2954273038970865E+00  0.1192913775721001E+00 -0.1555707918914764E+00 -0.4685221361658502E-01  0.0000000000000000E+00
  0.3000000000000000E+01  0.1734841151458442E+01  0.1423873753045878E+01  0.1325152244597159E+01  0.1343186373798650E+01  0.1389393588870911E+01  0.1430803837265597E+01  0.1466858199121580E+01  0.1505542571738587E+01  0.1553199988917609E+01  0.1605825342265497E+01  0.1663290641467130E+01  0.1710511206144498E+01  0.1761031308576373E+01  0.1761363670285417E+01  0.1751112713954502E+01  0.1813552359850192E+01  0.1978298610443108E+01  0.2592308974647279E+01  0.2622150884231125E+01  0.3000000000000000E+01
