  0.0000000000000000E+00  0.5741896906979460E-02  0.2062671868246291E-01  0.7352481909701486E-01  0.1434424163822113E+00  0.2014748397453280E+00  0.1993928734188275E+00  0.9391597981300920E-01 -0.1098984284557473E+00 -0.3692914404858001E+00 -0.6157646560375239E+00 -0.7695322748024024E+00 -0.7737693655001560E+00 -0.6471456711333387E+00 -0.4701480306721126E+00 -0.2990823317851983E+00 -0.1570738917982136E+00 -0.5230762292275815E-01  0.1060128690838147E-01  0.2218146078701613E-01  0.0000000000000000E+00
  0.0000000000000000E+00 -0.2384145251476149E-01 -0.6613326827031721E-01 -0.1238837605716689E+00 -0.1833592394444937E+00 -0.2254732001390547E+00 -0.2312201873320185E+00 -0.1817126040621082E+00 -0.7912298452448860E-01  0.6063401064782524E-01  0.2074369993443911E+00  0.3269787964730112E+00  0.3899715510393441E+00  0.3925302064086117E+00  0.3535335059851661E+00  0.2892264205541568E+00  0.2103798804927210E+00  0.1300036233371209E+00  0.6069859453407560E-01  0.1998841035492037E-01  0.0000000000000000E+00
  0.0000000000000000E+00 -0.6578246063730500E-01 -0.1777730861284887E+00 -0.2981264626179917E+00 -0.4066353019512698E+00 -0.4749447606718360E+00 -0.4942676885772279E+00 -0.4512218323733153E+00 -0.3472673820292131E+00 -0.1873894085423244E+00  0.6546341995649245E-02  0.2114041146166313E+00  0.3961452876178763E+00  0.5304449480924965E+00  0.5904524872833858E+00  0.5685969298772720E+00  0.4740657496799493E+00  0.3377032470886044E+00  0.1926970705106083E+00  0.8214669185177725E-01  0.0000000000000000E+00
  0.0000000000000000E+00 -0.8270465818194048E-01 -0.2694671521006317E+00 -0.4276779987439858E+00 -0.5665783309422198E+00 -0.6537784815400066E+00 -0.6964181986241017E+00 -0.6814417935338161E+00 -0.6149377021787062E+00 -0.4927975112363568E+00 -0.3269933437796926E+00 -0.1262017297342412E+00  0.8484740703402668E-01  0.2764569195106820E+00  0.4185632501167896E+00  0.4900802454743725E+00  0.4773933901249588E+00  0.3888690485933644E+00  0.2494893624490740E+00  0.1091803751061559E+00  0.0000000000000000E+00
  0.0000000000000000E+00 -0.7592996309577434E-01 -0.3153893381521213E+00 -0.4898232578746625E+00 -0.6502149183174787E+00 -0.7544738442995989E+00 -0.8245438038325557E+00 -0.8426824145590919E+00 -0.8192431208035734E+00 -0.7426542948247139E+00 -0.6177606733486246E+00 -0.4431623314144000E+00 -0.2396184072638804E+00 -0.4042248836069363E-01  0.1234565698704917E+00  0.2396942815465136E+00  0.2961165856505428E+00  0.2820540709267547E+00  0.1967821035701053E+00  0.9193877373157032E-01  0.0000000000000000E+00
  0.0000000000000000E+00 -0.5863940234073572E-01 -0.3060598663719539E+00 -0.4774842610538064E+00 -0.6446341586475999E+00 -0.7565920388134328E+00 -0.8460631940626774E+00 -0.8930359822486196E+00 -0.9126174769063344E+00 -0.8914935768550061E+00 -0.8265217309782671E+00 -0.7006184577090057E+00 -0.5176363648846068E+00 -0.3141259388849493E+00 -0.1406387624197827E+00 -0.1367774655847532E-01  0.7361901148022558E-01  0.1129111914483059E+00  0.8857887676642201E-01  0.4943915809279339E-01  0.0000000000000000E+00
  0.0000000000000000E+00 -0.3590877756487113E-01 -0.2485702927572396E+00 -0.4072768435258831E+00 -0.5713192247053172E+00 -0.6871098278063948E+00 -0.7892284587954062E+00 -0.8564695636568258E+00 -0.9061496096766989E+00 -0.9311733734127347E+00 -0.9292507162801550E+00 -0.8732905231523223E+00 -0.7372411046096166E+00 -0.5362533516862339E+00 -0.3376533254270175E+00 -0.1942564648627484E+00 -0.9623802402963143E-01 -0.3025945897162495E-01 -0.5199363856587428E-02  0.9286992311415150E-02  0.0000000000000000E+00
  0.0000000000000000E+00  0.7352837805740308E-04 -0.1516083090660900E+00 -0.2942820670814518E+00 -0.4503677939257956E+00 -0.5692450036607971E+00 -0.6796159861208497E+00 -0.7596340735487306E+00 -0.8239634109111067E+00 -0.8741778930070164E+00 -0.9183492883626374E+00 -0.9362850997251990E+00 -0.8783265603184344E+00 -0.7143989601309760E+00 -0.4913941578375749E+00 -0.3024540081938902E+00 -0.1788489584129938E+00 -0.9523027423193685E-01 -0.3963798220917118E-01  0.3790600662396230E-03  0.0000000000000000E+00
  0.0000000000000000E+00  0.5701830362087507E-01 -0.2841383722435657E-01 -0.1512300384937294E+00 -0.2976053169223761E+00 -0.4198323137116632E+00 -0.5378286648608406E+00 -0.6295374460141183E+00 -0.7020424228780422E+00 -0.7602073197481017E+00 -0.8228839397542801E+00 -0.8925862797649686E+00 -0.9216765620687867E+00 -0.8391320883144801E+00 -0.6342756437488349E+00 -0.3961958695252848E+00 -0.2145772400464571E+00 -0.9634304084496101E-01 -0.2173676666075192E-01  0.2168026641682637E-01  0.0000000000000000E+00
  0.0000000000000000E+00  0.1228984005692898E+00  0.1005466560287504E+00  0.9882536173079586E-02 -0.1209054343330838E+00 -0.2420680212126546E+00 -0.3640601833767206E+00 -0.4670054062133156E+00 -0.5499974336930740E+00 -0.6145403305092916E+00 -0.6801730344723229E+00 -0.7717050711206012E+00 -0.8681871540732585E+00 -0.8872320960432709E+00 -0.7579751802883172E+00 -0.5183218955826445E+00 -0.2815485041609668E+00 -0.1089344287815318E+00 -0.5624183444810399E-02  0.4229099229312024E-01  0.0000000000000000E+00
  0.0000000000000000E+00  0.1685766589841245E+00  0.2100104135732029E+00  0.1715046161076990E+00  0.7101031092289738E-01 -0.3780831824609485E-01 -0.1541261016109452E+00 -0.2625628071553492E+00 -0.3580387761549940E+00 -0.4371777275917422E+00 -0.5104318436090721E+00 -0.6090899018283984E+00 -0.7439848592138956E+00 -0.8541882894195713E+00 -0.8328315044868710E+00 -0.6496229013661102E+00 -0.3987579491164640E+00 -0.1806348831480809E+00 -0.3562339503798378E-01  0.3207971390355899E-01  0.0000000000000000E+00
  0.0000000000000000E+00  0.1776418733297938E+00  0.2801608290809529E+00  0.3128794955967722E+00  0.2634907839170156E+00  0.1825698839552345E+00  0.8383696799141892E-01 -0.2006709927348100E-01 -0.1236777887346204E+00 -0.2218689430757495E+00 -0.3151696926879273E+00 -0.4256971806413001E+00 -0.5799871099454912E+00 -0.7569864644674109E+00 -0.8487784816452392E+00 -0.7611166226811337E+00 -0.5376472377446693E+00 -0.2977790520415982E+00 -0.1109007618117208E+00 -0.1256016604433104E-01  0.0000000000000000E+00
  0.0000000000000000E+00  0.1526747633139783E+00  0.2999756338720528E+00  0.4114586750787620E+00  0.4325938568004242E+00  0.3972808056841420E+00  0.3284543833439774E+00  0.2398677031580513E+00  0.1366888430971394E+00  0.2293597301831633E-01 -0.9685840007553373E-01 -0.2308931277684107E+00 -0.3993529512743383E+00 -0.6168080785974794E+00 -0.8087998479045030E+00 -0.8410001397466922E+00 -0.6805197672101101E+00 -0.4402780074813059E+00 -0.2199791876907411E+00 -0.8176009090313005E-01  0.0000000000000000E+00
  0.0000000000000000E+00  0.1049019280947266E+00  0.2680498251307427E+00  0.4465072108443121E+00  0.5480462279382348E+00  0.5756541366941981E+00  0.5500398914663392E+00  0.4867545116300896E+00  0.3926117386841596E+00  0.2708403567117290E+00  0.1271840192117888E+00 -0.3565908124822658E-01 -0.2191636800600282E+00 -0.4540345302920933E+00 -0.7180102044752917E+00 -0.8786312832079093E+00 -0.8188219883678954E+00 -0.6020653925639431E+00 -0.3606177917609617E+00 -0.1689007945761252E+00  0.0000000000000000E+00
  0.0000000000000000E+00  0.4453749605169637E-01  0.1929688249831899E+00  0.4052426296986610E+00  0.5779023804311044E+00  0.6771627752691866E+00  0.7073223576297287E+00  0.6803447662343252E+00  0.6044323286097074E+00  0.4836743566709455E+00  0.3253351684534073E+00  0.1403624129560138E+00 -0.5383358164080367E-01 -0.2858016088036712E+00 -0.5829612558276889E+00 -0.8582557662565602E+00 -0.9350908448046111E+00 -0.7760309607794634E+00 -0.5296815721377142E+00 -0.2710321842296939E+00  0.0000000000000000E+00
  0.0000000000000000E+00 -0.2126165739019941E-01  0.8842957598231284E-01  0.2890776375999997E+00  0.5012832517275784E+00  0.6637059404218557E+00  0.7545669725899430E+00  0.7729555745470487E+00  0.7245589857886285E+00  0.6154980704412840E+00  0.4578269904200384E+00  0.2704106301797355E+00  0.8199166451770970E-01 -0.1251276527577468E+00 -0.4102118687755837E+00 -0.7598609347509669E+00 -0.9951759305160756E+00 -0.9413383334103353E+00 -0.7178028269723373E+00 -0.3852741826642104E+00  0.0000000000000000E+00
  0.0000000000000000E+00 -0.7870755111568549E-01 -0.2714085811749041E-01  0.1230905565557436E+00  0.3273869605505577E+00  0.5185618134408523E+00  0.6545290270268579E+00  0.7174346275881115E+00  0.7055693236200836E+00  0.6256267473089758E+00  0.4947308521598276E+00  0.3364375957016070E+00  0.1801315110081589E+00  0.1984629551741882E-01 -0.2086631068965489E+00 -0.5648817174528098E+00 -0.9451264135903810E+00 -0.1048373560667751E+01 -0.8991397917492464E+00 -0.5009493533934711E+00  0.0000000000000000E+00
  0.0000000000000000E+00 -0.8127301759720568E-01 -0.7828181556837238E-01  0.1063542161511230E-01  0.1627156572070564E+00  0.3298865234278718E+00  0.4701951079895256E+00  0.5574171083970201E+00  0.5820655997932619E+00  0.5470802048478332E+00  0.4675894774430758E+00  0.3634079663065282E+00  0.2576573989251672E+00  0.1530851549928032E+00  0.8021024353323797E-02 -0.2730876611552120E+00 -0.7229429620728127E+00 -0.1001753412246744E+01 -0.1003717916423213E+01 -0.5790837166210223E+00  0.0000000000000000E+00
  0.0000000000000000E+00  0.2142403255020417E-01  0.8601151984703917E-01  0.1603814556110659E+00  0.2513269437814344E+00  0.3532561048200438E+00  0.4480504048993968E+00  0.5162483907946994E+00  0.5461677930039600E+00  0.5354725517437096E+00  0.4930545015060213E+00  0.4310559160836508E+00  0.3665021147085968E+00  0.3025419564866030E+00  0.2305588753013716E+00  0.7845384038534399E-01 -0.2983871266374304E+00 -0.6621506196998846E+00 -0.8733409550492739E+00 -0.5178142359817169E+00  0.0000000000000000E+00
  0.0000000000000000E+00  0.4284386292557537E+00  0.5547412051107327E+00  0.6131343619296737E+00  0.6376232463758316E+00  0.6557941348810253E+00  0.6728230259385971E+00  0.6827876367128751E+00  0.6794422026287005E+00  0.6599539477924961E+00  0.6284993851533851E+00  0.5889381065683246E+00  0.5519308880364279E+00  0.5138358967900893E+00  0.4898451408474908E+00  0.4424825083808709E+00  0.2959671088726836E+00  0.1200055569557768E+00 -0.1550263818789090E+00 -0.4648923136898768E-01  0.0000000000000000E+00
  0.3000000000000000E+01  0.1736108144782943E+01  0.1421787904514841E+01  0.1320978369822045E+01  0.1338457204653940E+01  0.1385873700176968E+01  0.1429581327083606E+01  0.1467885480656074E+01  0.1507841185117858E+01  0.1555610708366221E+01  0.1607556346045866E+01  0.1664241596378677E+01  0.1710709450599313E+01  0.1761034266116335E+01  0.1761023452758899E+01  0.1751006315242731E+01  0.1813711546744519E+01  0.1977832709432785E+01  0.2591738190587453E+01  0.2621653458125246E+01  0.3000000000000000E+01
