  0.0000000000000000E+00  0.5750245941903390E-02  0.2065574096354514E-01  0.7353160103991296E-01  0.1434069888258371E+00  0.2014037987249069E+00  0.1993521043220704E+00  0.9400044937780822E-01 -0.1096311974413129E+00 -0.3688214139794669E+00 -0.6151169941408916E+00 -0.7688039960400783E+00 -0.7731189600468427E+00 -0.6466961563932921E+00 -0.4698918547839553E+00 -0.2989733912732160E+00 -0.1570731690207309E+00 -0.5238747788158060E-01  0.1048121084149031E-01  0.2204206339618983E-01  0.0000000000000000E+00
  0.0000000000000000E+00 -0.2384047662179429E-01 -0.6611858960623736E-01 -0.1238357270328474E+00 -0.1832678540264478E+00 -0.2253486259729460E+00 -0.2310937683005770E+00 -0.1816333122757103E+00 -0.7912419185808577E-01  0.6053085917465343E-01  0.2072344873548934E+00  0.3267043590909418E+00  0.3896809422080702E+00  0.3922747367708320E+00  0.3533278142112214E+00  0.2890766895543019E+00  0.2102901737494721E+00  0.1299805096377887E+00  0.6072319427383158E-01  0.2005871009584539E-01  0.0000000000000000E+00
  0.0000000000000000E+00 -0.6577118392347948E-01 -0.1777000278551669E+00 -0.2979755800586293E+00 -0.4063965732535063E+00 -0.4746420791939312E+00 -0.4939292005796606E+00 -0.4508994874493226E+00 -0.3470037730155702E+00 -0.1872288364555066E+00  0.6586467923788505E-02  0.2113090812327469E+00  0.3959238665773678E+00  0.5301280539192040E+00  0.5900915878497089E+00  0.5682566773896898E+00  0.4737973522276854E+00  0.3375540510317854E+00  0.1926507936629851E+00  0.8221819368372600E-01  0.0000000000000000E+00
  0.0000000000000000E+00 -0.8269931958106877E-01 -0.2693366382899290E+00 -0.4274512499525772E+00 -0.5662449729742165E+00 -0.6533785625893753E+00 -0.6959699370709517E+00 -0.6809918347771510E+00 -0.6145086698338786E+00 -0.4924280378891826E+00 -0.3266996554468898E+00 -0.1260191855126906E+00  0.8490120938408505E-01  0.2763799403274235E+00  0.4183800849478725E+00  0.4898375473373723E+00  0.4771436245834151E+00  0.3886927592947016E+00  0.2493996291420841E+00  0.1092415768559668E+00  0.0000000000000000E+00
  0.0000000000000000E+00 -0.7593948392441806E-01 -0.3152112089929135E+00 -0.4895438325688983E+00 -0.6498084832998798E+00 -0.7539970348528169E+00 -0.8240014341846675E+00 -0.8421247800595110E+00 -0.8186811226091639E+00 -0.7421254783267438E+00 -0.6172778861823530E+00 -0.4427671340312789E+00 -0.2393390616159318E+00 -0.4026593439962971E-01  0.1235116695915591E+00  0.2396679882465078E+00  0.2960305839359648E+00  0.2819748098528603E+00  0.1967353519817175E+00  0.9201339443615970E-01  0.0000000000000000E+00
  0.0000000000000000E+00 -0.5866322633045813E-01 -0.3058721386984992E+00 -0.4772107171750721E+00 -0.6442279919590422E+00 -0.7561205965139174E+00 -0.8455182149798919E+00 -0.8924713356541990E+00 -0.9120350426032248E+00 -0.8909192366344881E+00 -0.8259532391822718E+00 -0.7000915489073812E+00 -0.5172024864616380E+00 -0.3138141511476257E+00 -0.1404218819637743E+00 -0.1352652410906050E-01  0.7370380197237522E-01  0.1129606022934212E+00  0.8861065721466205E-01  0.4953462498189708E-01  0.0000000000000000E+00
  0.0000000000000000E+00 -0.3593768241633501E-01 -0.2484020624902154E+00 -0.4070377114361082E+00 -0.5709385354002259E+00 -0.6866547106142696E+00 -0.7886845006414379E+00 -0.8559030257950578E+00 -0.9055733304261462E+00 -0.9306121791742848E+00 -0.9286832469631016E+00 -0.8727172080111572E+00 -0.7367136548559837E+00 -0.5358416325670069E+00 -0.3373608272183845E+00 -0.1940284840039766E+00 -0.9606197713574270E-01 -0.3013233666735120E-01 -0.5120584012201048E-02  0.9382440867855342E-02  0.0000000000000000E+00
  0.0000000000000000E+00  0.3743654784848869E-04 -0.1514921576961306E+00 -0.2941020243162950E+00 -0.4500367919222440E+00 -0.5688207076815568E+00 -0.6790827930998076E+00 -0.7590677387329327E+00 -0.8233993566299572E+00 -0.8736571975862978E+00 -0.9178505117553812E+00 -0.9357623825464371E+00 -0.8777877583323503E+00 -0.7139263845243874E+00 -0.4910589876892508E+00 -0.3022249596583721E+00 -0.1786811464840432E+00 -0.9511377768072669E-01 -0.3957378282238245E-01  0.4452504811794313E-03  0.0000000000000000E+00
  0.0000000000000000E+00  0.5694955963164532E-01 -0.2838683858228854E-01 -0.1511408180166858E+00 -0.2973615905121372E+00 -0.4194772729246102E+00 -0.5373445955629232E+00 -0.6289951349825615E+00 -0.7014934836338937E+00 -0.7597162015515416E+00 -0.8224608899195724E+00 -0.8921687924859623E+00 -0.9212112696497108E+00 -0.8386559187736803E+00 -0.6338951132252054E+00 -0.3959520671740582E+00 -0.2144355203906655E+00 -0.9627333757543144E-01 -0.2171372951625229E-01  0.2171570283618628E-01  0.0000000000000000E+00
  0.0000000000000000E+00  0.1227671483617137E+00  0.1004550712722976E+00  0.9840436242623034E-02 -0.1208055799278126E+00 -0.2418559518419517E+00 -0.3637169529387499E+00 -0.4665806041875921E+00 -0.5495361474038769E+00 -0.6141094143943100E+00 -0.6798208408586994E+00 -0.7713974614901646E+00 -0.8678431910487067E+00 -0.8868230284695835E+00 -0.7575816148827937E+00 -0.5180319182750939E+00 -0.2813697059821290E+00 -0.1088518517814236E+00 -0.5600139782273794E-02  0.4232917315473322E-01  0.0000000000000000E+00
  0.0000000000000000E+00  0.1683975510011614E+00  0.2098016143811499E+00  0.1713063299361204E+00  0.7091731654885258E-01 -0.3781196824453057E-01 -0.1540233612388613E+00 -0.2623745466424119E+00 -0.3577856601164640E+00 -0.4369009131797999E+00 -0.5101883539795449E+00 -0.6088860465079201E+00 -0.7437634280428679E+00 -0.8538829960520078E+00 -0.8324760540757844E+00 -0.6493129712483557E+00 -0.3985262907339897E+00 -0.1804886740246473E+00 -0.3554983146341913E-01  0.3215285123963835E-01  0.0000000000000000E+00
  0.0000000000000000E+00  0.1774616543922727E+00  0.2798706309247485E+00  0.3125326661730253E+00  0.2631870233056186E+00  0.1823157191386583E+00  0.8365008813315918E-01 -0.2018301812054082E-01 -0.1237180902009035E+00 -0.2218402148819502E+00 -0.3151058715991594E+00 -0.4256145679403890E+00 -0.5798740136273999E+00 -0.7567824535981369E+00 -0.8484801348844565E+00 -0.7608153944372075E+00 -0.5373932398003278E+00 -0.2975795642032191E+00 -0.1107739763419073E+00 -0.1245368980858443E-01  0.0000000000000000E+00
  0.0000000000000000E+00  0.1525367328375613E+00  0.2996644217216750E+00  0.4110097199313596E+00  0.4321073143813450E+00  0.3967931427076630E+00  0.3279920440371371E+00  0.2394520914930963E+00  0.1363438194700743E+00  0.2268402541232125E-01 -0.9701902522167689E-01 -0.2309567499885426E+00 -0.3993370308906481E+00 -0.6166872989413399E+00 -0.8085541479631877E+00 -0.8407094392209327E+00 -0.6802599602938419E+00 -0.4400474245553903E+00 -0.2198130700955406E+00 -0.8163779729964586E-01  0.0000000000000000E+00
  0.0000000000000000E+00  0.1048318685664802E+00  0.2677869575385101E+00  0.4460379285345151E+00  0.5474523373811880E+00  0.5749966447726107E+00  0.5493632882511377E+00  0.4860981407376097E+00  0.3920146471914672E+00  0.2703456911182108E+00  0.1268176792651082E+00 -0.3586232966858104E-01 -0.2192275229639471E+00 -0.4539705346320013E+00 -0.7178024221998212E+00 -0.8783417412730874E+00 -0.8185546441902580E+00 -0.6018148294258210E+00 -0.3604259561119096E+00 -0.1687748709107974E+00  0.0000000000000000E+00
  0.0000000000000000E+00  0.4455122184475398E-01  0.1928122110135757E+00  0.4048544676508994E+00  0.5773187707752490E+00  0.6764493820047058E+00  0.7065412213802290E+00  0.6795539961357256E+00  0.6036861309415477E+00  0.4830325336486250E+00  0.3248459290240270E+00  0.1400772757837533E+00 -0.5394094639943597E-01 -0.2857656022190707E+00 -0.5827746712880981E+00 -0.8579569934250526E+00 -0.9348089369578362E+00 -0.7757643299171214E+00 -0.5294753431966814E+00 -0.2709069729219021E+00  0.0000000000000000E+00
  0.0000000000000000E+00 -0.2114583919878859E-01  0.8842041746185172E-01  0.2888768758712827E+00  0.5008610721035968E+00  0.6630995798800864E+00  0.7538412427136471E+00  0.7721854114336205E+00  0.7238172037773113E+00  0.6148606763771773E+00  0.4573558953151159E+00  0.2701508484535444E+00  0.8190337856151543E-01 -0.1250897695780252E+00 -0.4100391689501687E+00 -0.7595528415387937E+00 -0.9948763726805266E+00 -0.9410583611275246E+00 -0.7175899106419458E+00 -0.3851508068386953E+00  0.0000000000000000E+00
  0.0000000000000000E+00 -0.7850256025772229E-01 -0.2698724956384691E-01  0.1231436966983416E+00  0.3272632552278875E+00  0.5182541079120551E+00  0.6540783058741059E+00  0.7169122941015934E+00  0.7050554024381128E+00  0.6252020551262366E+00  0.4944525265514122E+00  0.3363249310218211E+00  0.1801313893019189E+00  0.1991228759930652E-01 -0.2085102232158457E+00 -0.5645843882542076E+00 -0.9448217072059099E+00 -0.1048089129391913E+01 -0.8989292184283064E+00 -0.5008302956261665E+00  0.0000000000000000E+00
  0.0000000000000000E+00 -0.8108508269835744E-01 -0.7807807512983682E-01  0.1083539458015537E-01  0.1628410269437364E+00  0.3299040647821614E+00  0.4701115072948539E+00  0.5572732366575508E+00  0.5819180939376812E+00  0.5469849947247580E+00  0.4675790926427607E+00  0.3634797037725541E+00  0.2577636510411121E+00  0.1531851342832685E+00  0.8137943718740135E-02 -0.2728388148847953E+00 -0.7226677195628960E+00 -0.1001486399476312E+01 -0.1003523594347509E+01 -0.5789756298626545E+00  0.0000000000000000E+00
  0.0000000000000000E+00  0.2145742190243707E-01  0.8603915416122750E-01  0.1604553623097053E+00  0.2514279771786548E+00  0.3533526353457250E+00  0.4481237321029369E+00  0.5163021680853979E+00  0.5462222934691987E+00  0.5355504423119583E+00  0.4931673688566191E+00  0.4311932095964758E+00  0.3666335988235697E+00  0.3026359342013561E+00  0.2306199469975189E+00  0.7860957619068983E-01 -0.2981973783483785E+00 -0.6619428984466483E+00 -0.8731823795093565E+00 -0.5177226851618785E+00  0.0000000000000000E+00
  0.0000000000000000E+00  0.4283665263553185E+00  0.5546713927772822E+00  0.6130997626770105E+00  0.6376194718014541E+00  0.6558062916896822E+00  0.6728388899226159E+00  0.6828023551493466E+00  0.6794591555080632E+00  0.6599771180583904E+00  0.6285313948396480E+00  0.5889696730187785E+00  0.5519530676934526E+00  0.5138266531152829E+00  0.4898101859562395E+00  0.4424733137153655E+00  0.2959905164465132E+00  0.1200803707512593E+00 -0.1549516482048483E+00 -0.4643394073213888E-01  0.0000000000000000E+00
  0.3000000000000000E+01  0.1736357842836482E+01  0.1422024975829381E+01  0.1321156074278674E+01  0.1338569561774293E+01  0.1385933760276679E+01  0.1429607062335089E+01  0.1467895102637358E+01  0.1507844826945009E+01  0.1555619088136787E+01  0.1607573184337675E+01  0.1664284190540140E+01  0.1710774395743212E+01  0.1761155974855507E+01  0.1761189389128801E+01  0.1751189635044593E+01  0.1813831072312082E+01  0.1977815989299574E+01  0.2591672565105188E+01  0.2621579137034538E+01  0.3000000000000000E+01
