  0.0000000000000000E+00  0.5738065624877706E-02  0.2061178178592563E-01  0.7352127741301973E-01  0.1434608163573413E+00  0.2015121065333418E+00  0.1994148342397167E+00  0.9387288201032257E-01 -0.1100373242032160E+00 -0.3695376573172258E+00 -0.6161061660791983E+00 -0.7699187935004457E+00 -0.7741169406689352E+00 -0.6473876047694848E+00 -0.4702872528131200E+00 -0.2991429949798375E+00 -0.1570766633875852E+00 -0.5226721639580806E-01  0.1066353945056378E-01  0.2225482531520473E-01  0.0000000000000000E+00
  0.0000000000000000E+00 -0.2384222960339220E-01 -0.6614064198518080E-01 -0.1239084188689402E+00 -0.1834066053090568E+00 -0.2255383462405644E+00 -0.2312868780186600E+00 -0.1817552415453939E+00 -0.7912380178212025E-01  0.6068669384014790E-01  0.2075424146810722E+00  0.3271229831107997E+00  0.3901252069671796E+00  0.3926657953498974E+00  0.3536429493057924E+00  0.2893063220989338E+00  0.2104280436084402E+00  0.1300165288589238E+00  0.6068615355008036E-01  0.1995137863347906E-01  0.0000000000000000E+00
  0.0000000000000000E+00 -0.6578862318529891E-01 -0.1778101441696168E+00 -0.2982039791938008E+00 -0.4067589995698292E+00 -0.4751029321883513E+00 -0.4944457998162634E+00 -0.4513928426258592E+00 -0.3474087295495768E+00 -0.1874775757967821E+00  0.6521077964018295E-02  0.2114501558319535E+00  0.3962586802326034E+00  0.5306097812802074E+00  0.5906415951042573E+00  0.5687759713169637E+00  0.4742074674377353E+00  0.3377823701809634E+00  0.1927220001008048E+00  0.8210896121564192E-01  0.0000000000000000E+00
  0.0000000000000000E+00 -0.8270816789237727E-01 -0.2695346634739991E+00 -0.4277962391049242E+00 -0.5667529822903721E+00 -0.6539892221564185E+00 -0.6966552936741095E+00 -0.6816808661209476E+00 -0.6151666551061385E+00 -0.4929960921737312E+00 -0.3271527756666323E+00 -0.1263029201355801E+00  0.8481443649145902E-01  0.2764937793815121E+00  0.4186570035280716E+00  0.4902061452048396E+00  0.4775237128754455E+00  0.3889611822023782E+00  0.2495363488746466E+00  0.1091477640184927E+00  0.0000000000000000E+00
  0.0000000000000000E+00 -0.7592589528112388E-01 -0.3154827249103747E+00 -0.4899706000808070E+00 -0.6504295515819005E+00 -0.7547265751159082E+00 -0.8248316188846505E+00 -0.8429788277893681E+00 -0.8195421042330109E+00 -0.7429363353877521E+00 -0.6180191854543629E+00 -0.4433752141903282E+00 -0.2397700253688068E+00 -0.4050847272327443E-01  0.1234248494099836E+00  0.2397058345544401E+00  0.2961599448462408E+00  0.2820942739538100E+00  0.1968057287634351E+00  0.9189885751753984E-01  0.0000000000000000E+00
  0.0000000000000000E+00 -0.5862794714080491E-01 -0.3061597727147631E+00 -0.4776305362874452E+00 -0.6448511216870078E+00 -0.7568446673501554E+00 -0.8463550764148549E+00 -0.8933382519722022E+00 -0.9129285506293954E+00 -0.8917999857109895E+00 -0.8268253717836803E+00 -0.7009009219553501E+00 -0.5178699478806669E+00 -0.3142940619436747E+00 -0.1407554605729010E+00 -0.1375921299980497E-01  0.7357273939979780E-01  0.1128837160610981E+00  0.8856112893466909E-01  0.4938822573880033E-01  0.0000000000000000E+00
  0.0000000000000000E+00 -0.3589495839174882E-01 -0.2486615352741157E+00 -0.4074069564021767E+00 -0.5715252466935735E+00 -0.6873566836294860E+00 -0.7895228211558494E+00 -0.8567754058162879E+00 -0.9064590416202052E+00 -0.9314729706697356E+00 -0.9295527304027352E+00 -0.8735961800597436E+00 -0.7375235544275557E+00 -0.5364744318178882E+00 -0.3378098440024098E+00 -0.1943776280769487E+00 -0.9633132482021425E-01 -0.3032691413222469E-01 -0.5241173265225762E-02  0.9236433620531193E-02  0.0000000000000000E+00
  0.0000000000000000E+00  0.9052941688558900E-04 -0.1516734008427674E+00 -0.2943825865002031E+00 -0.4505497032815833E+00 -0.5694782341815764E+00 -0.6799079325780800E+00 -0.7599432356245372E+00 -0.8242694347359510E+00 -0.8744578714064034E+00 -0.9186149668543695E+00 -0.9365626507541298E+00 -0.8786136620355720E+00 -0.7146519702176213E+00 -0.4915737001149618E+00 -0.3025758143370039E+00 -0.1789372964528959E+00 -0.9529119507048234E-01 -0.3967141045786666E-01  0.3442618604726779E-03  0.0000000000000000E+00
  0.0000000000000000E+00  0.5705213690860866E-01 -0.2843218369731481E-01 -0.1512831454211870E+00 -0.2977418858873528E+00 -0.4200299800366845E+00 -0.5380961594775361E+00 -0.6298358409434703E+00 -0.7023427093751410E+00 -0.7604736209780274E+00 -0.8231102353877273E+00 -0.8928071326173626E+00 -0.9219228265596479E+00 -0.8393856675486715E+00 -0.6344792568732334E+00 -0.3963263628945896E+00 -0.2146526581701905E+00 -0.9637966936964508E-01 -0.2174870513863197E-01  0.2166145205118888E-01  0.0000000000000000E+00
  0.0000000000000000E+00  0.1229661939507079E+00  0.1005921547479144E+00  0.9899880325738899E-02 -0.1209647492370940E+00 -0.2421885939282659E+00 -0.3642516907834100E+00 -0.4672405625207465E+00 -0.5502511519327868E+00 -0.6147755372910343E+00 -0.6803627103613150E+00 -0.7718675921918196E+00 -0.8683676358389343E+00 -0.8874482047859676E+00 -0.7581846037377479E+00 -0.5184768887416632E+00 -0.2816444879886763E+00 -0.1089790368767339E+00 -0.5637557770089128E-02  0.4227006613993124E-01  0.0000000000000000E+00
  0.0000000000000000E+00  0.1686717217433056E+00  0.2101202692238733E+00  0.1716071184626582E+00  0.7105599401678310E-01 -0.3781095148468834E-01 -0.1541859502979187E+00 -0.2626684169097812E+00 -0.3581787275306312E+00 -0.4373292845412440E+00 -0.5105634102004659E+00 -0.6091974505640319E+00 -0.7440996741042445E+00 -0.8543478659882128E+00 -0.8330192655671192E+00 -0.6497875435408539E+00 -0.3988816772450413E+00 -0.1807135057007903E+00 -0.3566336158754551E-01  0.3203998623142319E-01  0.0000000000000000E+00
  0.0000000000000000E+00  0.1777392105562116E+00  0.2803163423891378E+00  0.3130638741509686E+00  0.2636519163117311E+00  0.1827047365065236E+00  0.8393621419395848E-01 -0.2000554789369730E-01 -0.1236566215711579E+00 -0.2218846157517855E+00 -0.3152034884742488E+00 -0.4257396904749334E+00 -0.5800441957119827E+00 -0.7570915276427848E+00 -0.8489349095028420E+00 -0.7612757366381054E+00 -0.5377820676292822E+00 -0.2978855090813181E+00 -0.1109687159914933E+00 -0.1261736762379470E-01  0.0000000000000000E+00
  0.0000000000000000E+00  0.1527505271313294E+00  0.3001441219605861E+00  0.4117000582666501E+00  0.4328554645108736E+00  0.3975438292539864E+00  0.3287048463476063E+00  0.2400937884312604E+00  0.1368771919123752E+00  0.2307405642497177E-01 -0.9676963607585332E-01 -0.2308565045237331E+00 -0.3993583123231207E+00 -0.6168688997313085E+00 -0.8089279294038068E+00 -0.8411531820912149E+00 -0.6806571462662778E+00 -0.4404005388054156E+00 -0.2200677344866108E+00 -0.8182541783432196E-01  0.0000000000000000E+00
  0.0000000000000000E+00  0.1049416210515256E+00  0.2681933098878828E+00  0.4467611104379146E+00  0.5483672637714672E+00  0.5760103084385085E+00  0.5504075922598418E+00  0.4871122574184524E+00  0.3929378750960549E+00  0.2711109968702554E+00  0.1273849015654977E+00 -0.3554681555446257E-01 -0.2191266309831065E+00 -0.4540657254473531E+00 -0.7181184805309623E+00 -0.8787837812106082E+00 -0.8189632058704642E+00 -0.6021983049810093E+00 -0.3607198155223385E+00 -0.1689678846023477E+00  0.0000000000000000E+00
  0.0000000000000000E+00  0.4453219784048582E-01  0.1930553922769596E+00  0.4054536420102694E+00  0.5782187360406169E+00  0.6775497720558693E+00  0.7077469412244786E+00  0.6807754175061638E+00  0.6048392661788463E+00  0.4840246638351171E+00  0.3256024180676853E+00  0.1405185664505892E+00 -0.5377383280941465E-01 -0.2858188653036590E+00 -0.5830591525141680E+00 -0.8584137877032280E+00 -0.9352400415859220E+00 -0.7761724030185146E+00 -0.5297911682235091E+00 -0.2710988151975330E+00  0.0000000000000000E+00
  0.0000000000000000E+00 -0.2132199649669840E-01  0.8843662339399876E-01  0.2891878605677197E+00  0.5015127185247399E+00  0.6640350203243930E+00  0.7549610761935041E+00  0.7733742122605556E+00  0.7249624747688255E+00  0.6158448463944605E+00  0.4580832551416859E+00  0.2705519266564100E+00  0.8203996775404974E-01 -0.1251471363646085E+00 -0.4103034651389116E+00 -0.7600248151379176E+00 -0.9953350774759770E+00 -0.9414870727042782E+00 -0.7179160110961150E+00 -0.3853398197938986E+00  0.0000000000000000E+00
  0.0000000000000000E+00 -0.7881622677544378E-01 -0.2722173963625237E-01  0.1230638107019978E+00  0.3274552379744591E+00  0.5187291366072431E+00  0.6547735521855939E+00  0.7177178586076243E+00  0.7058478634366003E+00  0.6258566331070210E+00  0.4948810297587216E+00  0.3364977063514455E+00  0.1801307897451603E+00  0.1981048417612537E-01 -0.2087450617306567E+00 -0.5650406511382162E+00 -0.9452889364978390E+00 -0.1048524999499917E+01 -0.8992518322939577E+00 -0.5010127224587060E+00  0.0000000000000000E+00
  0.0000000000000000E+00 -0.8137344168372462E-01 -0.7839069969538007E-01  0.1052863174434988E-01  0.1626488409835002E+00  0.3298775093189631E+00  0.4702403358544861E+00  0.5574945153497912E+00  0.5821445093651021E+00  0.5471302833254665E+00  0.4675931593508136E+00  0.3633669464597465E+00  0.2575979534828640E+00  0.1530300115421674E+00  0.7957718487980615E-02 -0.2732210847840313E+00 -0.7230901983757907E+00 -0.1001895890940989E+01 -0.1003821429580836E+01 -0.5791412979259980E+00  0.0000000000000000E+00
  0.0000000000000000E+00  0.2140555726728258E-01  0.8599592955816879E-01  0.1603408955104178E+00  0.2512716827251706E+00  0.3532030744873650E+00  0.4480096042704441E+00  0.5162177739915657E+00  0.5461363439827380E+00  0.5354279967397655E+00  0.4929906773666994E+00  0.4309787735365909E+00  0.3664284274844604E+00  0.3024894307787324E+00  0.2305251842079989E+00  0.7837021675242214E-01 -0.2984887621993666E+00 -0.6622616395529939E+00 -0.8734255186984347E+00 -0.5178630490731725E+00  0.0000000000000000E+00
  0.0000000000000000E+00  0.4284766461703926E+00  0.5547776915935044E+00  0.6131518172475939E+00  0.6376240357874489E+00  0.6557862246497219E+00  0.6728129526548029E+00  0.6827779823027109E+00  0.6794311331690490E+00  0.6599393255522208E+00  0.6284798744907948E+00  0.5889188114996331E+00  0.5519168472293613E+00  0.5138391667267506E+00  0.4898629070142025E+00  0.4424870551053919E+00  0.2959544189555524E+00  0.1199655253288742E+00 -0.1550662649487005E+00 -0.4651871397261621E-01  0.0000000000000000E+00
  0.3000000000000000E+01  0.1735975618756105E+01  0.1421662854777655E+01  0.1320885443767636E+01  0.1338399575362824E+01  0.1385844400538199E+01  0.1429570746306035E+01  0.1467883827083433E+01  0.1507842944475591E+01  0.1555610020083103E+01  0.1607551053894315E+01  0.1664222339037692E+01  0.1710677885796376E+01  0.1760971930598481E+01  0.1760936463165391E+01  0.1750909051436246E+01  0.1813647980933976E+01  0.1977841784460384E+01  0.2591773276147667E+01  0.2621693092844676E+01  0.3000000000000000E+01
