  0.0000000000000000E+00  0.5757511733812504E-02  0.2068070562912777E-01  0.7353784173463651E-01  0.1433776336349659E+00  0.2013447586149595E+00  0.1993197098616180E+00  0.9407545126869343E-01 -0.1094002314551515E+00 -0.3684180759665860E+00 -0.6145634603845919E+00 -0.7681834242094844E+00 -0.7725662183789728E+00 -0.6463149862420126E+00 -0.4696751597902129E+00 -0.2988817410285831E+00 -0.1570733205496063E+00 -0.5245591340602140E-01  0.1037881472736996E-01  0.2192358676524030E-01  0.0000000000000000E+00
  0.0000000000000000E+00 -0.2383977673599564E-01 -0.6610619278883727E-01 -0.1237950241776152E+00 -0.1831903819127582E+00 -0.2252431945115196E+00 -0.2309871574712404E+00 -0.1815672086053958E+00 -0.7912684135625653E-01  0.6044145462292895E-01  0.2070608536140560E+00  0.3264701033329773E+00  0.3894335589544682E+00  0.3920575999462422E+00  0.3531531552607434E+00  0.2889496766279125E+00  0.2102142185892941E+00  0.1299611337260388E+00  0.6074431210979529E-01  0.2011847367987490E-01  0.0000000000000000E+00
  0.0000000000000000E+00 -0.6576181847417441E-01 -0.1776378727373840E+00 -0.2978472307982090E+00 -0.4061935121033088E+00 -0.4743848249195994E+00 -0.4936417625521033E+00 -0.4506261745474940E+00 -0.3467807555239211E+00 -0.1870937120977991E+00  0.6619100457576068E-02  0.2112268857894476E+00  0.3957344584844320E+00  0.5298578135967140E+00  0.5897843059920171E+00  0.5679672888551546E+00  0.4735693352182762E+00  0.3374274877720950E+00  0.1926117510567558E+00  0.8227900780486501E-01  0.0000000000000000E+00
  0.0000000000000000E+00 -0.8269503622567217E-01 -0.2692253467364217E+00 -0.4272579867951577E+00 -0.5659608452419685E+00 -0.6530378928034608E+00 -0.6955882256342298E+00 -0.6806089158290152E+00 -0.6141437665921365E+00 -0.4921141006177732E+00 -0.3264504367133385E+00 -0.1258646934968243E+00  0.8494613030418777E-01  0.2763136475043521E+00  0.4182235557916459E+00  0.4896305430728322E+00  0.4769308728159153E+00  0.3885426847867756E+00  0.2493233347115766E+00  0.1092935017207164E+00  0.0000000000000000E+00
  0.0000000000000000E+00 -0.7594788426696386E-01 -0.3150593154045705E+00 -0.4893056765116717E+00 -0.6494620629576894E+00 -0.7535908490258093E+00 -0.8235394828696937E+00 -0.8416499644193459E+00 -0.8182026718945741E+00 -0.7416754994761275E+00 -0.6168673771300843E+00 -0.4424314060775376E+00 -0.2391019782454696E+00 -0.4013330769168965E-01  0.1235579104062136E+00  0.2396449200492778E+00  0.2959568032821347E+00  0.2819068818592084E+00  0.1966952723479361E+00  0.9207661356124572E-01  0.0000000000000000E+00
  0.0000000000000000E+00 -0.5868384684481066E-01 -0.3057122331289466E+00 -0.4769778085132889E+00 -0.6438821181495397E+00 -0.7557193707097903E+00 -0.8450543805475693E+00 -0.8919906770088289E+00 -0.9115390200791935E+00 -0.8904300585800671E+00 -0.8254692905104739E+00 -0.6996433857201918E+00 -0.5168337007997578E+00 -0.3135492185730411E+00 -0.1402377280968797E+00 -0.1339838209538986E-01  0.7377535528657471E-01  0.1130020541058608E+00  0.8863725336839377E-01  0.4961551428895619E-01  0.0000000000000000E+00
  0.0000000000000000E+00 -0.3596274512183986E-01 -0.2482591499245351E+00 -0.4068346361085182E+00 -0.5706151252217945E+00 -0.6862683732750700E+00 -0.7882226551021652E+00 -0.8554217475233367E+00 -0.9050831970548209E+00 -0.9301343217060248E+00 -0.9281998994247245E+00 -0.8722291874788747E+00 -0.7362650083540665E+00 -0.5354915098314172E+00 -0.3371120712104550E+00 -0.1938347109050702E+00 -0.9591248482216727E-01 -0.3002454186317464E-01 -0.5053856398406232E-02  0.9463410735865947E-02  0.0000000000000000E+00
  0.0000000000000000E+00  0.6063900293492342E-05 -0.1513940224735672E+00 -0.2939498314782283E+00 -0.4497565148993211E+00 -0.5684616844845732E+00 -0.6786314145666421E+00 -0.7585879500948381E+00 -0.8229207515266312E+00 -0.8732144482647430E+00 -0.9174256805500853E+00 -0.9353171159318725E+00 -0.8773291223976449E+00 -0.7135243027122007E+00 -0.4907737660351185E+00 -0.3020300528527315E+00 -0.1785383620763966E+00 -0.9501469221868866E-01 -0.3951920896476459E-01  0.5014810156154480E-03  0.0000000000000000E+00
  0.0000000000000000E+00  0.5689024870797885E-01 -0.2836481653474488E-01 -0.1510662640667988E+00 -0.2971560637761965E+00 -0.4191777900170977E+00 -0.5369358175384220E+00 -0.6285367320513330E+00 -0.7010287598627342E+00 -0.7592994808766428E+00 -0.8221009073366266E+00 -0.8918130101322606E+00 -0.9208148931172000E+00 -0.8382505387690929E+00 -0.6335711553474042E+00 -0.3957445357796034E+00 -0.2143149165664311E+00 -0.9621398694921926E-01 -0.2169411148100883E-01  0.2174578025888585E-01  0.0000000000000000E+00
  0.0000000000000000E+00  0.1226548662803698E+00  0.1003763700126702E+00  0.9803398536401097E-02 -0.1207222648995677E+00 -0.2416777959090222E+00 -0.3634276833086518E+00 -0.4662219950860121E+00 -0.5491460929294032E+00 -0.6137442796745620E+00 -0.6795215147093190E+00 -0.7711353030481372E+00 -0.8675499409047065E+00 -0.8864745693291283E+00 -0.7572463949495182E+00 -0.5177849509026803E+00 -0.2812176000978908E+00 -0.1087816807331146E+00 -0.5579794008268784E-02  0.4236146473346603E-01  0.0000000000000000E+00
  0.0000000000000000E+00  0.1682450748180639E+00  0.2096237370790146E+00  0.1711370494485953E+00  0.7083741055347183E-01 -0.3781614259423670E-01 -0.1539372540330102E+00 -0.2622157511536740E+00 -0.3575715708243552E+00 -0.4366662516145970E+00 -0.5099813359872325E+00 -0.6087122029095035E+00 -0.7435744551937238E+00 -0.8536228477478992E+00 -0.8321732521259450E+00 -0.6490488597732817E+00 -0.3983290771555879E+00 -0.1803643731559370E+00 -0.3548740388823314E-01  0.3221483225891292E-01  0.0000000000000000E+00
  0.0000000000000000E+00  0.1773086888346220E+00  0.2796241445746053E+00  0.3122378788725200E+00  0.2629289743078521E+00  0.1821000195392526E+00  0.8349176191682832E-01 -0.2028093386546793E-01 -0.1237517360103214E+00 -0.2218151959292774E+00 -0.3150508954845187E+00 -0.4255436125607758E+00 -0.5797772234976949E+00 -0.7566086292057724E+00 -0.8482261473740604E+00 -0.7605587458540692E+00 -0.5371769035584243E+00 -0.2974098599670713E+00 -0.1106662065917441E+00 -0.1236327646197414E-01  0.0000000000000000E+00
  0.0000000000000000E+00  0.1524198550020205E+00  0.2994004876643597E+00  0.4106287708372361E+00  0.4316947880731009E+00  0.3963801942750365E+00  0.3276011132690755E+00  0.2391011269154296E+00  0.1360527934616599E+00  0.2247179487704622E-01 -0.9715397282539232E-01 -0.2310097633279145E+00 -0.3993228798510831E+00 -0.6165844960414294E+00 -0.8083453400116696E+00 -0.8404620627431055E+00 -0.6800387377544241E+00 -0.4398512695909946E+00 -0.2196717983049892E+00 -0.8153385707302556E-01  0.0000000000000000E+00
  0.0000000000000000E+00  0.1047727795850965E+00  0.2675642072286492E+00  0.4456399600743369E+00  0.5469489772040921E+00  0.5744399532038175E+00  0.5487910503225512E+00  0.4855434819740486E+00  0.3915103288261865E+00  0.2699279482905729E+00  0.1265083510464714E+00 -0.3603390388031655E-01 -0.2192812757651957E+00 -0.4539162790557956E+00 -0.7176263266492551E+00 -0.8780958481989969E+00 -0.8183272326555477E+00 -0.6016017771500674E+00 -0.3602628318166826E+00 -0.1686678225114950E+00  0.0000000000000000E+00
  0.0000000000000000E+00  0.4456322477279126E-01  0.1926795739074098E+00  0.4045252370745602E+00  0.5768239248755148E+00  0.6758449667638564E+00  0.7058799651952995E+00  0.6788849747768452E+00  0.6030549617850872E+00  0.4824895344087821E+00  0.3244318023662918E+00  0.1398356511569602E+00 -0.5403205885712891E-01 -0.2857354156169805E+00 -0.5826169909639293E+00 -0.8577037996516458E+00 -0.9345694816239196E+00 -0.7755377646896051E+00 -0.5293000531542550E+00 -0.2708005447328039E+00  0.0000000000000000E+00
  0.0000000000000000E+00 -0.2104729070332790E-01  0.8841276486673275E-01  0.2887063425452969E+00  0.5005025814977109E+00  0.6625850644482899E+00  0.7532258619136307E+00  0.7715326083037760E+00  0.7231884539649888E+00  0.6143201055528317E+00  0.4569558726086901E+00  0.2699296501594285E+00  0.8182776181020004E-01 -0.1250582747656149E+00 -0.4098934731748286E+00 -0.7592921230573991E+00 -0.9946222812956962E+00 -0.9408206167074094E+00 -0.7174090245166019E+00 -0.3850459705872989E+00  0.0000000000000000E+00
  0.0000000000000000E+00 -0.7832843813630505E-01 -0.2685686399629206E-01  0.1231883960350599E+00  0.3271574494510711E+00  0.5179919353740325E+00  0.6536947484440887E+00  0.7164679470965172E+00  0.7046180371081389E+00  0.6248400715478200E+00  0.4942144172848374E+00  0.3362273370452908E+00  0.1801298367580272E+00  0.1996743283830105E-01 -0.2083812701975818E+00 -0.5643328835781756E+00 -0.9445634937639694E+00 -0.1047847731532090E+01 -0.8987503907883231E+00 -0.5007291648079255E+00  0.0000000000000000E+00
  0.0000000000000000E+00 -0.8092549441974320E-01 -0.7790514409085825E-01  0.1100480173939435E-01  0.1629466173807378E+00  0.3299176402930960E+00  0.4700388479778065E+00  0.5571490967197865E+00  0.5817905599452825E+00  0.5469015651483745E+00  0.4675675446836678E+00  0.3635380782821844E+00  0.2578520368244789E+00  0.1532690960785096E+00  0.8236657999218950E-02 -0.2726281957414297E+00 -0.7224345486094521E+00 -0.1001259871072383E+01 -0.1003358602553579E+01 -0.5788838455604239E+00  0.0000000000000000E+00
  0.0000000000000000E+00  0.2148568440368099E-01  0.8606251671640300E-01  0.1605178899342851E+00  0.2515132399073807E+00  0.3534336613291537E+00  0.4481846289987863E+00  0.5163460756118864E+00  0.5462664855070546E+00  0.5356142731630406E+00  0.4932608688508912E+00  0.4313077002784510E+00  0.3667437193275291E+00  0.3027149925650860E+00  0.2306715521301363E+00  0.7874157774092856E-01 -0.2980365816106568E+00 -0.6617666972216232E+00 -0.8730477427608772E+00 -0.5176449433583099E+00  0.0000000000000000E+00
  0.0000000000000000E+00  0.4283051260133439E+00  0.5546118988931166E+00  0.6130701409122964E+00  0.6376159256713954E+00  0.6558160998272727E+00  0.6728516344297772E+00  0.6828139245991283E+00  0.6794724651564620E+00  0.6599956304087063E+00  0.6285574393757684E+00  0.5889954873389371E+00  0.5519711682900712E+00  0.5138184188487143E+00  0.4897803976573077E+00  0.4424654950224022E+00  0.2960102870186708E+00  0.1201438201896852E+00 -0.1548881988229113E+00 -0.4638697864071123E-01  0.0000000000000000E+00
  0.3000000000000000E+01  0.1736570306363650E+01  0.1422226820037053E+01  0.1321307467197396E+01  0.1338665462893195E+01  0.1385985361847335E+01  0.1429629725709455E+01  0.1467904301814502E+01  0.1507849090037669E+01  0.1555627381936922E+01  0.1607588550723586E+01  0.1664321238261639E+01  0.1710830214457316E+01  0.1761259736018943E+01  0.1761330359158213E+01  0.1751345092673722E+01  0.1813932557333331E+01  0.1977801842209321E+01  0.2591616853707857E+01  0.2621515992563824E+01  0.3000000000000000E+01
