  0.0000000000000000E+00 -0.2569138288013209E-02 -0.2035978245545776E-01 -0.2061686295625348E-01 -0.2066169909711751E-01 -0.5224141782244718E-01 -0.1473911251007650E+00 -0.3134941774222904E+00 -0.5253859417137868E+00 -0.7244637037509032E+00 -0.8481736463807388E+00 -0.8459737049540168E+00 -0.7308859350405890E+00 -0.5630226372160944E+00 -0.3909359878170705E+00 -0.2394484769486055E+00 -0.1185888920210497E+00 -0.3225835432295798E-01  0.1620149259610701E-01  0.1968067177539275E-01  0.0000000000000000E+00
  0.0000000000000000E+00 -0.1538621775724575E-01 -0.3291534404815761E-01 -0.6075450064921622E-01 -0.8597068297495834E-01 -0.8902166402418867E-01 -0.5609869101839528E-01  0.1903326855136825E-01  0.1256309238610672E+00  0.2420089675801805E+00  0.3400965581713154E+00  0.3964330058975112E+00  0.4055226931579776E+00  0.3789443827546096E+00  0.3275424268214465E+00  0.2599092696922881E+00  0.1839991532455396E+00  0.1113710241236851E+00  0.5124475937147679E-01  0.1891024213079969E-01  0.0000000000000000E+00
  0.0000000000000000E+00 -0.4872779155975046E-01 -0.1191058145999306E+00 -0.2028803649039021E+00 -0.2785737480219925E+00 -0.3193064098950132E+00 -0.3156871981559508E+00 -0.2563943717681856E+00 -0.1484931701305853E+00  0.1563198989638246E-02  0.1721160281332075E+00  0.3433253127385167E+00  0.4856821444333436E+00  0.5738105110477346E+00  0.5916912926472689E+00  0.5402793321282587E+00  0.4334085677155692E+00  0.3018547180480973E+00  0.1699357707105374E+00  0.7641139816779183E-01  0.0000000000000000E+00
  0.0000000000000000E+00 -0.7705981017567956E-01 -0.2269707001940290E+00 -0.3656729073809791E+00 -0.4898069493210265E+00 -0.5656268688020553E+00 -0.5970434043847082E+00 -0.5697053739978249E+00 -0.4933777963241037E+00 -0.3629022235865754E+00 -0.1946048600373853E+00  0.1965971135359923E-02  0.1975351201464521E+00  0.3632709133729115E+00  0.4726559862289420E+00  0.5105879596482609E+00  0.4710487405320992E+00  0.3715315746461420E+00  0.2340537796181979E+00  0.1079720543389312E+00  0.0000000000000000E+00
  0.0000000000000000E+00 -0.7722983111108639E-01 -0.2993522559116987E+00 -0.4687343779761817E+00 -0.6260927438639785E+00 -0.7261314239975837E+00 -0.7897310558649265E+00 -0.7954630212236209E+00 -0.7569688385721379E+00 -0.6598646251462934E+00 -0.5172008332831577E+00 -0.3322177732565729E+00 -0.1333324914278018E+00  0.5101917302790848E-01  0.1969208369570616E+00  0.2925672824572790E+00  0.3254236548355814E+00  0.2938177493247264E+00  0.2006817315567285E+00  0.9798945115309400E-01  0.0000000000000000E+00
  0.0000000000000000E+00 -0.6291778233785819E-01 -0.3229908718619017E+00 -0.5027448454809844E+00 -0.6809117894034831E+00 -0.7980258802926244E+00 -0.8916510187384300E+00 -0.9338321241864939E+00 -0.9425714663495389E+00 -0.8955148355608107E+00 -0.7960357148088685E+00 -0.6354036785327430E+00 -0.4364811886610104E+00 -0.2379223850363956E+00 -0.7556522339268908E-01  0.4307581896092427E-01  0.1183178372054293E+00  0.1436321384166168E+00  0.1077458998789900E+00  0.6179453072517344E-01  0.0000000000000000E+00
  0.0000000000000000E+00 -0.4230073479830369E-01 -0.2904470528185035E+00 -0.4619154600228314E+00 -0.6416712161452224E+00 -0.7631912182738231E+00 -0.8729455921615753E+00 -0.9415839508084832E+00 -0.9909852525134768E+00 -0.1001246293144455E+01 -0.9676091366537211E+00 -0.8646747275067141E+00 -0.6891283867068800E+00 -0.4761874559287845E+00 -0.2865457116524044E+00 -0.1502839236297774E+00 -0.5621813294528449E-01  0.2233694181471568E-02  0.1622339160715023E-01  0.2196638598427036E-01  0.0000000000000000E+00
  0.0000000000000000E+00 -0.1310033900333401E-01 -0.2101095797626388E+00 -0.3655246355326806E+00 -0.5372237173947684E+00 -0.6599384821833325E+00 -0.7779309495613098E+00 -0.8622524524876171E+00 -0.9345736816591769E+00 -0.9857446531019375E+00 -0.1015180246976446E+01 -0.9926804545261120E+00 -0.8808424303029880E+00 -0.6792243818683560E+00 -0.4516061516029149E+00 -0.2729505666493292E+00 -0.1551009569152736E+00 -0.7607627657170503E-01 -0.2850814001552561E-01  0.5606744621284637E-02  0.0000000000000000E+00
  0.0000000000000000E+00  0.3421569663941429E-01 -0.9402889580370193E-01 -0.2302011642577664E+00 -0.3904661305987270E+00 -0.5145864255603182E+00 -0.6373633684496571E+00 -0.7308171881627761E+00 -0.8104242749160073E+00 -0.8769620579965928E+00 -0.9426424118744767E+00 -0.9938766442458781E+00 -0.9778945884276861E+00 -0.8432752823239911E+00 -0.6101733851499438E+00 -0.3736464638200555E+00 -0.2021171336483129E+00 -0.9127752968248438E-01 -0.2261046180740824E-01  0.1840001749033218E-01  0.0000000000000000E+00
  0.0000000000000000E+00  0.9959040467394306E-01  0.3969511595528179E-01 -0.6974378088164281E-01 -0.2163097905952661E+00 -0.3414024937627706E+00 -0.4684663226034670E+00 -0.5719254335042551E+00 -0.6570128555944527E+00 -0.7259564510596886E+00 -0.7983365874821491E+00 -0.8879277770843189E+00 -0.9596200544605591E+00 -0.9328246664035738E+00 -0.7611196441338324E+00 -0.5041124854766409E+00 -0.2704374798683958E+00 -0.1059938384388143E+00 -0.9050837341775728E-02  0.3660744467399143E-01  0.0000000000000000E+00
  0.0000000000000000E+00  0.1587522725549362E+00  0.1658027142945618E+00  0.9989667360428002E-01 -0.2287318454557144E-01 -0.1414299628417107E+00 -0.2666262065181220E+00 -0.3780574436995962E+00 -0.4730008296058090E+00 -0.5497900298878274E+00 -0.6227195013410889E+00 -0.7214053805139719E+00 -0.8461902161780800E+00 -0.9260258729235020E+00 -0.8643514016295080E+00 -0.6522782094593195E+00 -0.3918907640850445E+00 -0.1753925539698568E+00 -0.3503139255813868E-01  0.2956798907923418E-01  0.0000000000000000E+00
  0.0000000000000000E+00  0.1857269811589221E+00  0.2602301319787909E+00  0.2591094975625166E+00  0.1792204064364978E+00  0.8099249077514525E-01 -0.3102475314435454E-01 -0.1416548416857874E+00 -0.2456765804797929E+00 -0.3387489937125067E+00 -0.4245886603668075E+00 -0.5284919239796015E+00 -0.6765429849543391E+00 -0.8363987238949993E+00 -0.8976234845973675E+00 -0.7802156041836363E+00 -0.5402750949259832E+00 -0.2950267697315416E+00 -0.1084852216920659E+00 -0.1219130001186115E-01  0.0000000000000000E+00
  0.0000000000000000E+00  0.1744750809494618E+00  0.3063879720888796E+00  0.3845687892605131E+00  0.3694727292926118E+00  0.3093749966954684E+00  0.2231440897080740E+00  0.1245322034736118E+00  0.1854326162609315E-01 -0.9080669486683329E-01 -0.2006792473914012E+00 -0.3221460763185215E+00 -0.4818039194771178E+00 -0.6895418586421516E+00 -0.8623670328708712E+00 -0.8695593245860405E+00 -0.6911490523862901E+00 -0.4426027384702000E+00 -0.2189670558994897E+00 -0.8100669346105749E-01  0.0000000000000000E+00
  0.0000000000000000E+00  0.1339420829320570E+00  0.2978647910362107E+00  0.4534803376824425E+00  0.5198679962882460E+00  0.5175740855719054E+00  0.4702742985890740E+00  0.3937917456210845E+00  0.2943754065764784E+00  0.1750589032437680E+00  0.4016391230336393E-01 -0.1094351454161556E+00 -0.2826767764628740E+00 -0.5109394791820435E+00 -0.7656181297433240E+00 -0.9094733777333005E+00 -0.8332495950551952E+00 -0.6080837563956816E+00 -0.3616513267432048E+00 -0.1688878571876787E+00  0.0000000000000000E+00
  0.0000000000000000E+00  0.7524912159805183E-01  0.2379786573252074E+00  0.4466589193065320E+00  0.5950082436882450E+00  0.6655112417561034E+00  0.6715887165556526E+00  0.6284656142430198E+00  0.5445647737516253E+00  0.4234460369976653E+00  0.2704710280535191E+00  0.9423949014590551E-01 -0.9400599551632871E-01 -0.3230353809885099E+00 -0.6179226969170843E+00 -0.8855421079305600E+00 -0.9498746326687921E+00 -0.7835206855156656E+00 -0.5320476844330541E+00 -0.2717053892304420E+00  0.0000000000000000E+00
  0.0000000000000000E+00  0.6439750249557429E-02  0.1385286810770599E+00  0.3574185004231407E+00  0.5657606510376588E+00  0.7101436247212947E+00  0.7798678050040407E+00  0.7810669967396072E+00  0.7218531321748931E+00  0.6080853937525839E+00  0.4494896109410444E+00  0.2616267491503697E+00  0.6903865320760791E-01 -0.1425952235182101E+00 -0.4309734123140563E+00 -0.7804637426320581E+00 -0.1008113848421166E+01 -0.9487683966546667E+00 -0.7206160324944320E+00 -0.3863116533094675E+00  0.0000000000000000E+00
  0.0000000000000000E+00 -0.6078736394145369E-01  0.1626351754914001E-01  0.1985329502455606E+00  0.4215778220613266E+00  0.6151737273845425E+00  0.7426945969628566E+00  0.7930709412286746E+00  0.7688181133787053E+00  0.6778231441904863E+00  0.5360610404020227E+00  0.3649734214541053E+00  0.1925447503345692E+00  0.1836019485817974E-01 -0.2180997838027917E+00 -0.5788781495706383E+00 -0.9555685034764678E+00 -0.1055065273200447E+01 -0.9018604172251935E+00 -0.5020815664751876E+00  0.0000000000000000E+00
  0.0000000000000000E+00 -0.8122870901784951E-01 -0.6180042888691751E-01  0.5597922480538850E-01  0.2369190661817131E+00  0.4234357882108762E+00  0.5714559242586013E+00  0.6570048821692954E+00  0.6736720634923701E+00  0.6263438995825726E+00  0.5311095408481683E+00  0.4083056639872397E+00  0.2820219814525297E+00  0.1593540118943829E+00  0.4325905243931099E-02 -0.2826502875142209E+00 -0.7311284277947863E+00 -0.1007540403123957E+01 -0.1006103943359518E+01 -0.5801233687887790E+00  0.0000000000000000E+00
  0.0000000000000000E+00  0.9686800538200967E-02  0.7573826091627858E-01  0.1614557679794964E+00  0.2733329695773876E+00  0.3969411793781085E+00  0.5076958355288143E+00  0.5836812833135043E+00  0.6134781583122034E+00  0.5960018309814129E+00  0.5419105514794487E+00  0.4652875844673058E+00  0.3852809450810780E+00  0.3075164838719187E+00  0.2278855541887782E+00  0.7142149140670850E-01 -0.3042603984174101E+00 -0.6665208958468216E+00 -0.8751264838257358E+00 -0.5185072605087357E+00  0.0000000000000000E+00
  0.0000000000000000E+00  0.4245731534098746E+00  0.5473132776113555E+00  0.6076563006390931E+00  0.6397270006384962E+00  0.6681207181606215E+00  0.6945257427995605E+00  0.7104357223057772E+00  0.7085678706472479E+00  0.6865532960441710E+00  0.6498790702699929E+00  0.6040367303283556E+00  0.5605384429766933E+00  0.5171651458418508E+00  0.4894937958400336E+00  0.4403586876631960E+00  0.2942057204320764E+00  0.1182897403751442E+00 -0.1557943766170858E+00 -0.4667994888229464E-01  0.0000000000000000E+00
  0.3000000000000000E+01  0.1735967340308577E+01  0.1433798428082212E+01  0.1338486866062217E+01  0.1354151967661899E+01  0.1392579024896244E+01  0.1424118607130133E+01  0.1452374116396173E+01  0.1487774546370460E+01  0.1536341942848900E+01  0.1592273340669470E+01  0.1653177393482239E+01  0.1703665616150998E+01  0.1756021046346366E+01  0.1759404166668678E+01  0.1750345428417121E+01  0.1813122440286360E+01  0.1978609883027746E+01  0.2592256646025521E+01  0.2621532586138148E+01  0.3000000000000000E+01
