  0.0000000000000000E+00  0.5755847255342089E-02  0.2067499790534336E-01  0.7353640726544580E-01  0.1433843302759121E+00  0.2013582517411243E+00  0.1993271650133383E+00  0.9405844183541856E-01 -0.1094528074842563E+00 -0.3685099914048248E+00 -0.6146896854338110E+00 -0.7683250077512391E+00 -0.7726923870365938E+00 -0.6464020346043365E+00 -0.4697246733487310E+00 -0.2989027060158758E+00 -0.1570733228939789E+00 -0.5244032364847956E-01  0.1040216229269730E-01  0.2195060637611988E-01  0.0000000000000000E+00
  0.0000000000000000E+00 -0.2383993348758315E-01 -0.6610901754399005E-01 -0.1238043112718656E+00 -0.1832080668178204E+00 -0.2252672726569491E+00 -0.2310115251741909E+00 -0.1815823538260737E+00 -0.7912631111493329E-01  0.6046177993049814E-01  0.2071004114701751E+00  0.3265235184755260E+00  0.3894899978835022E+00  0.3921071565483923E+00  0.3531930269611773E+00  0.2889786783262164E+00  0.2102315681171607E+00  0.1299655699369339E+00  0.6073950341309910E-01  0.2010484427878870E-01  0.0000000000000000E+00
  0.0000000000000000E+00 -0.6576395320740737E-01 -0.1776520547266268E+00 -0.2978765265501510E+00 -0.4062398701775489E+00 -0.4744435662297228E+00 -0.4937074105092342E+00 -0.4506886196428025E+00 -0.3468317408290562E+00 -0.1871246516133303E+00  0.6611548976714299E-02  0.2112455476753387E+00  0.3957776066139127E+00  0.5299194350408404E+00  0.5898544075348009E+00  0.5680333289627734E+00  0.4736213814575032E+00  0.3374563861623222E+00  0.1926206725319946E+00  0.8226513921248599E-01  0.0000000000000000E+00
  0.0000000000000000E+00 -0.8269601483400957E-01 -0.2692507510944656E+00 -0.4273021092540845E+00 -0.5660257162045026E+00 -0.6531156799435341E+00 -0.6956753916631203E+00 -0.6806963722852621E+00 -0.6142271256620828E+00 -0.4921858423320115E+00 -0.3265074172747332E+00 -0.1259000583531205E+00  0.8493578039324927E-01  0.2763286971719533E+00  0.4182592217257319E+00  0.4896777509844701E+00  0.4769794097193811E+00  0.3885769315480779E+00  0.2493407467804384E+00  0.1092816571614481E+00  0.0000000000000000E+00
  0.0000000000000000E+00 -0.7594596789344314E-01 -0.3150939875987360E+00 -0.4893600436368065E+00 -0.6495411435471583E+00 -0.7536835752455724E+00 -0.8236449409525348E+00 -0.8417583669705467E+00 -0.8183119134532488E+00 -0.7417782574703995E+00 -0.6169611420612345E+00 -0.4425081171552251E+00 -0.2391561767686749E+00 -0.4016365298576445E-01  0.1235472989892730E+00  0.2396501412210027E+00  0.2959736105377802E+00  0.2819223674754720E+00  0.1967044092468007E+00  0.9206218718751294E-01  0.0000000000000000E+00
  0.0000000000000000E+00 -0.5867914086933874E-01 -0.3057487349534734E+00 -0.4770309778435493E+00 -0.6439610710342274E+00 -0.7558109589323870E+00 -0.8451602574989722E+00 -0.8921003958227516E+00 -0.9116522471878235E+00 -0.8905417321132969E+00 -0.8255797857527247E+00 -0.6997457356362803E+00 -0.5169179487304273E+00 -0.3136097566058570E+00 -0.1402798080978911E+00 -0.1342766381803373E-01  0.7375899579794269E-01  0.1129925738440974E+00  0.8863117082906065E-01  0.4959705222601109E-01  0.0000000000000000E+00
  0.0000000000000000E+00 -0.3595702508632240E-01 -0.2482917731139580E+00 -0.4068809944790366E+00 -0.5706889460833335E+00 -0.6863565553380129E+00 -0.7883280659968348E+00 -0.8555315907915628E+00 -0.9051950556178666E+00 -0.9302433773831790E+00 -0.9283102159085784E+00 -0.8723405947250588E+00 -0.7363674604904045E+00 -0.5355714871048937E+00 -0.3371688944937660E+00 -0.1938789618063780E+00 -0.9594662098385788E-01 -0.3004915629717416E-01 -0.5069092768457863E-02  0.9444930426248832E-02  0.0000000000000000E+00
  0.0000000000000000E+00  0.1322322301562433E-04 -0.1514164256071773E+00 -0.2939845754399888E+00 -0.4498204884107901E+00 -0.5685436294796117E+00 -0.6787344339903415E+00 -0.7586974507557097E+00 -0.8230299730230020E+00 -0.8733154755456952E+00 -0.9175226115220212E+00 -0.9354187226600014E+00 -0.8774338165880465E+00 -0.7136161236012498E+00 -0.4908389163184346E+00 -0.3020745632970052E+00 -0.1785709588550430E+00 -0.9503730910220100E-01 -0.3953166356672871E-01  0.4886505336049822E-03  0.0000000000000000E+00
  0.0000000000000000E+00  0.5690378379134273E-01 -0.2836984697288142E-01 -0.1510832867200252E+00 -0.2972029743995769E+00 -0.4192461441242094E+00 -0.5370291139033593E+00 -0.6286413534707637E+00 -0.7011348163300228E+00 -0.7593945669908031E+00 -0.8221830250147765E+00 -0.8918941606324082E+00 -0.9209053324786636E+00 -0.8383430783283231E+00 -0.6336451404216659E+00 -0.3957919365615873E+00 -0.2143424548090709E+00 -0.9622753328137196E-01 -0.2169858455720239E-01  0.2173892216398201E-01  0.0000000000000000E+00
  0.0000000000000000E+00  0.1226804911696380E+00  0.1003943302799532E+00  0.9811846900547570E-02 -0.1207412806101228E+00 -0.2417184571767010E+00 -0.3634937031797766E+00 -0.4663038415045540E+00 -0.5492351129110242E+00 -0.6138276005017542E+00 -0.6795897932673438E+00 -0.7711950724479006E+00 -0.8676168071408695E+00 -0.8865540734585408E+00 -0.7573229242275136E+00 -0.5178413518912443E+00 -0.2812523357382126E+00 -0.1087977030079668E+00 -0.5584436359973651E-02  0.4235410096788977E-01  0.0000000000000000E+00
  0.0000000000000000E+00  0.1682798755231398E+00  0.2096643363806758E+00  0.1711756836716320E+00  0.7085565049691757E-01 -0.3781518611678904E-01 -0.1539569015376197E+00 -0.2622519890856766E+00 -0.3576204281385067E+00 -0.4367197983900929E+00 -0.5100285568144105E+00 -0.6087518196040327E+00 -0.7436175037883398E+00 -0.8536821576586487E+00 -0.8322423448743018E+00 -0.6491091571169354E+00 -0.3983741064670959E+00 -0.1803927537169650E+00 -0.3550165534023989E-01  0.3220068878406124E-01  0.0000000000000000E+00
  0.0000000000000000E+00  0.1773436046384821E+00  0.2796804071770586E+00  0.3123051631696888E+00  0.2629878768287971E+00  0.1821492587664385E+00  0.8352790949024785E-01 -0.2025857161939242E-01 -0.1237440412158759E+00 -0.2218208883622456E+00 -0.3150634183600450E+00 -0.4255597560346346E+00 -0.5797992316252760E+00 -0.7566482128511314E+00 -0.8482840624282619E+00 -0.7606173143227414E+00 -0.5372262864027675E+00 -0.2974485991334800E+00 -0.1106908076494315E+00 -0.1238391240837281E-01  0.0000000000000000E+00
  0.0000000000000000E+00  0.1524465367785127E+00  0.2994607362654239E+00  0.4107157262995369E+00  0.4317889533855757E+00  0.3964744593480535E+00  0.3276903576786721E+00  0.2391812547609539E+00  0.1361192446046006E+00  0.2252026481148896E-01 -0.9712314103466321E-01 -0.2309976173489043E+00 -0.3993260350761442E+00 -0.6166078626741205E+00 -0.8083929164790271E+00 -0.8405184881507751E+00 -0.6800892213691957E+00 -0.4398960369262500E+00 -0.2197040433070316E+00 -0.8155758096812135E-01  0.0000000000000000E+00
  0.0000000000000000E+00  0.1047862720894129E+00  0.2676150582760403E+00  0.4457308058436276E+00  0.5470638812566587E+00  0.5745670336880011E+00  0.5489216842728252E+00  0.4856701103630203E+00  0.3916254730151095E+00  0.2700233376188007E+00  0.1265789957407511E+00 -0.3599469443604923E-01 -0.2192689421613743E+00 -0.4539285717460711E+00 -0.7176664244128879E+00 -0.8781519126250961E+00 -0.8183791149198538E+00 -0.6016503917747076E+00 -0.3603000602115442E+00 -0.1686922543900519E+00  0.0000000000000000E+00
  0.0000000000000000E+00  0.4456049053122526E-01  0.1927098570652457E+00  0.4046003976117418E+00  0.5769368918457466E+00  0.6759829477675985E+00  0.7060309257047964E+00  0.6790377151565702E+00  0.6031990692265304E+00  0.4826135240269127E+00  0.3245263789204517E+00  0.1398908566570467E+00 -0.5401120505062652E-01 -0.2857422296821093E+00 -0.5826528888224616E+00 -0.8577615170607672E+00 -0.9346241016299621E+00 -0.7755894564073880E+00 -0.5293400536462931E+00 -0.2708248331018404E+00  0.0000000000000000E+00
  0.0000000000000000E+00 -0.2106977564572314E-01  0.8841452012270049E-01  0.2887452843204986E+00  0.5005844325665612E+00  0.6627025349977171E+00  0.7533663612326311E+00  0.7716816568685515E+00  0.7233320195790266E+00  0.6144435512725116E+00  0.4570472410278267E+00  0.2699802008068297E+00  0.8184507373099993E-01 -0.1250654063890337E+00 -0.4099266524183653E+00 -0.7593515569129301E+00 -0.9946802351956259E+00 -0.9408748564132031E+00 -0.7174502990120002E+00 -0.3850698939956697E+00  0.0000000000000000E+00
  0.0000000000000000E+00 -0.7836816857816835E-01 -0.2688661492336022E-01  0.1231782124446940E+00  0.3271816289885514E+00  0.5180518159609144E+00  0.6537823441980399E+00  0.7165694268715420E+00  0.7047179307629685E+00  0.6249227649311184E+00  0.4942688368203556E+00  0.3362496766807783E+00  0.1801302361711969E+00  0.1995488225488608E-01 -0.2084106535381361E+00 -0.5643902264506248E+00 -0.9446223878495216E+00 -0.1047902804847970E+01 -0.8987911946196550E+00 -0.5007522415513930E+00  0.0000000000000000E+00
  0.0000000000000000E+00 -0.8096191066136037E-01 -0.7794460720708311E-01  0.1096614875732327E-01  0.1629225387658597E+00  0.3299145746203112E+00  0.4700554760217924E+00  0.5571774849444484E+00  0.5818197301843603E+00  0.5469206718125066E+00  0.4675702410716828E+00  0.3635248033260832E+00  0.2578318922312565E+00  0.1532499466351922E+00  0.8214149097957925E-02 -0.2726762283294376E+00 -0.7224877336553067E+00 -0.1001311552996641E+01 -0.1003396249958188E+01 -0.5789047890735705E+00  0.0000000000000000E+00
  0.0000000000000000E+00  0.2147923944110269E-01  0.8605718891087506E-01  0.1605036246947334E+00  0.2514937895557299E+00  0.3534151844468729E+00  0.4481707538537624E+00  0.5163360848285807E+00  0.5462564341408621E+00  0.5355997396261475E+00  0.4932395589149046E+00  0.4312815893113627E+00  0.3667185931523073E+00  0.3026969445589601E+00  0.2306597746582116E+00  0.7871146559552687E-01 -0.2980732610368098E+00 -0.6618068977218421E+00 -0.8730784648637452E+00 -0.5176626830162606E+00  0.0000000000000000E+00
  0.0000000000000000E+00  0.4283191456548634E+00  0.5546254849225059E+00  0.6130769085608352E+00  0.6376167415816010E+00  0.6558138686938195E+00  0.6728487350003551E+00  0.6828112951530577E+00  0.6794694392314453E+00  0.6599914155427329E+00  0.6285515019729185E+00  0.5889895967786899E+00  0.5519670328111616E+00  0.5138202876314983E+00  0.4897871882837566E+00  0.4424672772986983E+00  0.2960057813696509E+00  0.1201293455062446E+00 -0.1549026767348841E+00 -0.4639769509266738E-01  0.0000000000000000E+00
  0.3000000000000000E+01  0.1736521802476513E+01  0.1422180734143357E+01  0.1321272899012228E+01  0.1338643564810927E+01  0.1385973578365414E+01  0.1429624548852697E+01  0.1467902199369407E+01  0.1507848116446526E+01  0.1555625492997949E+01  0.1607585052996149E+01  0.1664312798975293E+01  0.1710817494718823E+01  0.1761236081664465E+01  0.1761298209806942E+01  0.1751309633699432E+01  0.1813909394854238E+01  0.1977805065759424E+01  0.2591629565340908E+01  0.2621530402261742E+01  0.3000000000000000E+01
