  0.0000000000000000E+00  0.6582007683861121E-02  0.2109356855062181E-01  0.7272490865475462E-01  0.1403396731198496E+00  0.1944872403229516E+00  0.1869183652438853E+00  0.7644793121303778E-01 -0.1303903157914629E+00 -0.3898633203361076E+00 -0.6330784752777381E+00 -0.7806290940425720E+00 -0.7775441425305250E+00 -0.6464417138277841E+00 -0.4681239753738250E+00 -0.2971164387759937E+00 -0.1555970660772910E+00 -0.5138608364269304E-01  0.1100404817889702E-01  0.2238985805347997E-01  0.0000000000000000E+00
  0.0000000000000000E+00 -0.2402801939044702E-01 -0.6555547285829071E-01 -0.1223309632744414E+00 -0.1805798883788705E+00 -0.2211091822347217E+00 -0.2247751587214336E+00 -0.1733711300191436E+00 -0.6962916748229334E-01  0.7011663319094330E-01  0.2155792522390524E+00  0.3326493970670410E+00  0.3927068625030294E+00  0.3932021007725852E+00  0.3531657636461633E+00  0.2883601159610205E+00  0.2093706818275667E+00  0.1291539982146752E+00  0.6018138070671936E-01  0.1974840201796081E-01  0.0000000000000000E+00
  0.0000000000000000E+00 -0.6550205048747994E-01 -0.1755728500242503E+00 -0.2942679811685695E+00 -0.4013999920167617E+00 -0.4688403063812136E+00 -0.4874071109204154E+00 -0.4436654588443930E+00 -0.3392778182383429E+00 -0.1795134207632777E+00  0.1365928143941907E-01  0.2173190971585510E+00  0.4005764449785634E+00  0.5331645884899715E+00  0.5913733155646647E+00  0.5679639091070676E+00  0.4725149794054092E+00  0.3360759110013324E+00  0.1915481902990551E+00  0.8163506410736240E-01  0.0000000000000000E+00
  0.0000000000000000E+00 -0.8287934716020437E-01 -0.2679202644627814E+00 -0.4255880068566829E+00 -0.5644315502558334E+00 -0.6519522690024491E+00 -0.6947080371862605E+00 -0.6795527923185695E+00 -0.6127085519125245E+00 -0.4901621516297896E+00 -0.3240787254342107E+00 -0.1230774584986752E+00  0.8799879388953827E-01  0.2793824779298704E+00  0.4208120712351945E+00  0.4911961747901080E+00  0.4772950715611667E+00  0.3880992398420627E+00  0.2487152552647748E+00  0.1089391721572649E+00  0.0000000000000000E+00
  0.0000000000000000E+00 -0.7639179621333994E-01 -0.3152427622660982E+00 -0.4901559695754111E+00 -0.6512573729051867E+00 -0.7562298384267800E+00 -0.8266490385365378E+00 -0.8446605597485356E+00 -0.8207020852902996E+00 -0.7431668249919002E+00 -0.6172383451569463E+00 -0.4416805431934807E+00 -0.2375776997176494E+00 -0.3809164985238185E-01  0.1258759306391654E+00  0.2417882192915562E+00  0.2974048426628367E+00  0.2825563914133400E+00  0.1969354384157047E+00  0.9207055994952705E-01  0.0000000000000000E+00
  0.0000000000000000E+00 -0.5925160754877134E-01 -0.3076742236618105E+00 -0.4803615080516427E+00 -0.6488832923066373E+00 -0.7619649267528145E+00 -0.8522991000829946E+00 -0.8995770313310606E+00 -0.9189883900175662E+00 -0.8968891892701714E+00 -0.8303640999532605E+00 -0.7025348615480906E+00 -0.5179523635582246E+00 -0.3133983736851965E+00 -0.1391921772519332E+00 -0.1176186224960416E-01  0.7545576045984569E-01  0.1142877827885967E+00  0.8952576302844761E-01  0.4994096614808875E-01  0.0000000000000000E+00
  0.0000000000000000E+00 -0.3668183531430273E-01 -0.2514480198348540E+00 -0.4116365082324305E+00 -0.5771813614475360E+00 -0.6940335522322997E+00 -0.7970631571649059E+00 -0.8647059899459357E+00 -0.9144613736451018E+00 -0.9388297558923823E+00 -0.9355758811408379E+00 -0.8776248527036631E+00 -0.7395079415013509E+00 -0.5369240803202963E+00 -0.3372577065170184E+00 -0.1930303154570679E+00 -0.9453487711980881E-01 -0.2862797593527094E-01 -0.3992576018181183E-02  0.9916499683984607E-02  0.0000000000000000E+00
  0.0000000000000000E+00 -0.1031972688660155E-02 -0.1551072971595068E+00 -0.2992835925755038E+00 -0.4568588353295133E+00 -0.5767923657496266E+00 -0.6882079450186760E+00 -0.7688062288073790E+00 -0.8334546950648133E+00 -0.8833481177864970E+00 -0.9265374134708700E+00 -0.9427520101387185E+00 -0.8826648817838044E+00 -0.7167125316228299E+00 -0.4921976632992724E+00 -0.3022300925928786E+00 -0.1779262587407832E+00 -0.9409782857803872E-01 -0.3884252701347368E-01  0.6718549923592180E-03  0.0000000000000000E+00
  0.0000000000000000E+00  0.5575208448731902E-01 -0.3170854846585203E-01 -0.1561157512521926E+00 -0.3039244449186972E+00 -0.4272155186393137E+00 -0.5462847997667188E+00 -0.6385820498988373E+00 -0.7114090761098603E+00 -0.7693647224497104E+00 -0.8312944485847585E+00 -0.8997176769724716E+00 -0.9271886110510630E+00 -0.8428730984390373E+00 -0.6363821414122585E+00 -0.3970797884118438E+00 -0.2147726767081997E+00 -0.9621611435440441E-01 -0.2173934695681347E-01  0.2137796622221971E-01  0.0000000000000000E+00
  0.0000000000000000E+00  0.1223515864704093E+00  0.9836986541326764E-01  0.5882255000275055E-02 -0.1264134711111826E+00 -0.2486963672467175E+00 -0.3718053416946522E+00 -0.4754492500561644E+00 -0.5588503180510923E+00 -0.6232827031431508E+00 -0.6882133436954707E+00 -0.7785703014581088E+00 -0.8737714825041163E+00 -0.8915590875684707E+00 -0.7610403964425348E+00 -0.5201199465313644E+00 -0.2825901776702148E+00 -0.1096233547090747E+00 -0.6233365383102493E-02  0.4153394609148643E-01  0.0000000000000000E+00
  0.0000000000000000E+00  0.1693548818445033E+00  0.2095767297765830E+00  0.1690953322519765E+00  0.6692946912462437E-01 -0.4305986570999113E-01 -0.1604952149555392E+00 -0.2697417198215850E+00 -0.3657344868230437E+00 -0.4449464637044105E+00 -0.5176623608945129E+00 -0.6152205571129568E+00 -0.7489388926841648E+00 -0.8582256713694877E+00 -0.8361590207918352E+00 -0.6519763255925176E+00 -0.4002822215980389E+00 -0.1817043765686398E+00 -0.3641852248180236E-01  0.3122654773324679E-01  0.0000000000000000E+00
  0.0000000000000000E+00  0.1795313968981435E+00  0.2815802253749887E+00  0.3125344477835231E+00  0.2613919899587117E+00  0.1792572815052330E+00  0.7948639240960438E-01 -0.2521519517146321E-01 -0.1293910377836166E+00 -0.2278609950422850E+00 -0.3209431797589657E+00 -0.4306808438569093E+00 -0.5839517134623491E+00 -0.7601952783028749E+00 -0.8517284495693623E+00 -0.7635713228474021E+00 -0.5394115559491016E+00 -0.2990559707397803E+00 -0.1117703588303977E+00 -0.1334140485292011E-01  0.0000000000000000E+00
  0.0000000000000000E+00  0.1550900011727195E+00  0.3029054833192817E+00  0.4133175201313916E+00  0.4328816102033087E+00  0.3963468265602067E+00  0.3265714294541159E+00  0.2372562330318022E+00  0.1335104702369031E+00  0.1935996049045520E-01 -0.1005093121116141E+00 -0.2342512234415076E+00 -0.4021230985031841E+00 -0.6189838892933145E+00 -0.8110079848138705E+00 -0.8431868640477999E+00 -0.6822891195270483E+00 -0.4416830942989075E+00 -0.2209781422275396E+00 -0.8249570710660288E-01  0.0000000000000000E+00
  0.0000000000000000E+00  0.1073076830600214E+00  0.2718500112489023E+00  0.4503703556231411E+00  0.5509563527484601E+00  0.5775095874505238E+00  0.5510204491210324E+00  0.4870596416105864E+00  0.3923859484410081E+00  0.2701835753376844E+00  0.1262241352679777E+00 -0.3690036528634758E-01 -0.2205541105036760E+00 -0.4552073702971564E+00 -0.7194112769487943E+00 -0.8803843608131781E+00 -0.8204376157321119E+00 -0.6034821863867355E+00 -0.3616972239796706E+00 -0.1696073493712453E+00  0.0000000000000000E+00
  0.0000000000000000E+00  0.4653135237754797E-01  0.1968187790919846E+00  0.4104434869014291E+00  0.5832190221428558E+00  0.6819529030397146E+00  0.7114530451147526E+00  0.6838842654570970E+00  0.6074724601972578E+00  0.4862248191642364E+00  0.3273235123015514E+00  0.1414584455647960E+00 -0.5376887916827522E-01 -0.2861484846641080E+00 -0.5837400458910467E+00 -0.8596236365169584E+00 -0.9365301876439480E+00 -0.7774024390644465E+00 -0.5307538016382654E+00 -0.2716996078054485E+00  0.0000000000000000E+00
  0.0000000000000000E+00 -0.2006211153485129E-01  0.9157631880958247E-01  0.2945299649765194E+00  0.5081673147907630E+00  0.6710679969482720E+00  0.7618303148321182E+00  0.7798581549029375E+00  0.7309776033175172E+00  0.6212426974031181E+00  0.4625674606628374E+00  0.2735668887237170E+00  0.8328938190117118E-01 -0.1249409887572974E+00 -0.4106836883443553E+00 -0.7610422251489855E+00 -0.9965153039276513E+00 -0.9426864634748454E+00 -0.7188350267457549E+00 -0.3858992651692847E+00  0.0000000000000000E+00
  0.0000000000000000E+00 -0.7868443866948262E-01 -0.2547251849468530E-01  0.1271843966203022E+00  0.3338268711829113E+00  0.5266461534228746E+00  0.6634628087215960E+00  0.7265372328892983E+00  0.7142821696860957E+00  0.6333815689753035E+00  0.5009261919997274E+00  0.3404977000232891E+00  0.1819156893094363E+00  0.2012357736197751E-01 -0.2091442532884608E+00 -0.5660933861440171E+00 -0.9464590523165548E+00 -0.1049729443256126E+01 -0.9001289931005919E+00 -0.5015314710319883E+00  0.0000000000000000E+00
  0.0000000000000000E+00 -0.8237799315125693E-01 -0.7874085615886338E-01  0.1171159624086380E-01  0.1659238511211435E+00  0.3350944868218731E+00  0.4768318291168785E+00  0.5647253352841315E+00  0.5892644402949091E+00  0.5534149176235055E+00  0.4724283776330956E+00  0.3663642370886491E+00  0.2587533885567249E+00  0.1529280333786784E+00  0.7344199863018368E-02 -0.2743940411367483E+00 -0.7242688654190866E+00 -0.1003086974410057E+01 -0.1004648123340286E+01 -0.5796113006422655E+00  0.0000000000000000E+00
  0.0000000000000000E+00  0.2040403919718762E-01  0.8495324995641716E-01  0.1594562498753947E+00  0.2512615650225409E+00  0.3544491370234545E+00  0.4504455107972318E+00  0.5194400136300057E+00  0.5495712543666915E+00  0.5384765568164397E+00  0.4951655739479648E+00  0.4320367707289360E+00  0.3664282482628786E+00  0.3018223439376571E+00  0.2297704514845009E+00  0.7729588359109368E-01 -0.2994709670681782E+00 -0.6632733793012869E+00 -0.8741448217464972E+00 -0.5182807428815243E+00  0.0000000000000000E+00
  0.0000000000000000E+00  0.4284740529612686E+00  0.5544335907660656E+00  0.6125898526491828E+00  0.6371929714904181E+00  0.6557696101575320E+00  0.6733058986541255E+00  0.6836776583885648E+00  0.6804934478559759E+00  0.6608910677400242E+00  0.6291050561032953E+00  0.5891472754426068E+00  0.5517753684782630E+00  0.5135399682232288E+00  0.4896067050074225E+00  0.4422200259339615E+00  0.2957226910292149E+00  0.1195559144082865E+00 -0.1554289452955392E+00 -0.4678192993850704E-01  0.0000000000000000E+00
  0.3000000000000000E+01  0.1734981880313382E+01  0.1421652477658220E+01  0.1321686691927846E+01  0.1339682650551287E+01  0.1387140306550859E+01  0.1430527814834855E+01  0.1468407038464312E+01  0.1508090910798764E+01  0.1555803353596367E+01  0.1607850405638079E+01  0.1664594944401116E+01  0.1711102142828090E+01  0.1761202439267971E+01  0.1760950336462233E+01  0.1750635805789209E+01  0.1813360959844176E+01  0.1978058877473853E+01  0.2592142014140121E+01  0.2622065046933997E+01  0.3000000000000000E+01
