  0.0000000000000000E+00 -0.3446104708657967E-01 -0.1174904682141869E+00 -0.2129345624129496E+00 -0.3064551233582627E+00 -0.4169390121386717E+00 -0.5609465321016550E+00 -0.7216575551642793E+00 -0.8643018044914826E+00 -0.9356095919610804E+00 -0.9069296131310796E+00 -0.7891417971384004E+00 -0.6263853108462978E+00 -0.4569659518749071E+00 -0.3026731608266733E+00 -0.1739120144176071E+00 -0.7435322964441798E-01 -0.6116291638062710E-02  0.2781500231171133E-01  0.2190081341742266E-01  0.0000000000000000E+00
  0.0000000000000000E+00  0.5244208779745432E-02  0.2506874795104318E-01  0.4459035568122909E-01  0.6505484796494874E-01  0.1012527762818360E+00  0.1607104297371229E+00  0.2403461425727190E+00  0.3253654536399800E+00  0.3954173775825045E+00  0.4337817812851287E+00  0.4369609981087949E+00  0.4116854352325618E+00  0.3655395903100175E+00  0.3039670647705387E+00  0.2333174269235789E+00  0.1600406920570753E+00  0.9418586098556900E-01  0.4213184147392104E-01  0.1659140984955383E-01  0.0000000000000000E+00
  0.0000000000000000E+00 -0.1872842074734337E-01 -0.4228422436105738E-01 -0.7916349536926232E-01 -0.1112905794634165E+00 -0.1131806832931638E+00 -0.7881524289028623E-01 -0.6191274461223443E-03  0.1117945564284573E+00  0.2506425407864331E+00  0.3944157307243064E+00  0.5217411971879843E+00  0.6086709948513875E+00  0.6396528190551455E+00  0.6092280334849428E+00  0.5260402663531295E+00  0.4057688465268078E+00  0.2764412913186443E+00  0.1542105267334745E+00  0.7167504296608417E-01  0.0000000000000000E+00
  0.0000000000000000E+00 -0.5660252181735775E-01 -0.1623931232188355E+00 -0.2689714000874746E+00 -0.3616371453322071E+00 -0.4060118307881236E+00 -0.4084931903122703E+00 -0.3549757892111544E+00 -0.2584712075415033E+00 -0.1155835017329605E+00  0.5183393468220691E-01  0.2284493539551261E+00  0.3860826049859281E+00  0.5024652605640255E+00  0.5600826341394015E+00  0.5525461538896175E+00  0.4803250105092737E+00  0.3657895254116316E+00  0.2268776599529677E+00  0.1069488595086479E+00  0.0000000000000000E+00
  0.0000000000000000E+00 -0.7108958690035749E-01 -0.2698173314098465E+00 -0.4233610679408434E+00 -0.5623131373101281E+00 -0.6392438279080989E+00 -0.6788973387261045E+00 -0.6558898298844310E+00 -0.5890400665375738E+00 -0.4645174955426485E+00 -0.3066040769004955E+00 -0.1251792703069676E+00  0.5004029405901131E-01  0.2001128133464929E+00  0.3101587278816252E+00  0.3704554389164382E+00  0.3700459478272313E+00  0.3147318441819943E+00  0.2095233791926588E+00  0.1029187121952841E+00  0.0000000000000000E+00
  0.0000000000000000E+00 -0.6149038393359212E-01 -0.3319157617512059E+00 -0.5091082574548869E+00 -0.6858433264327120E+00 -0.7922931003387060E+00 -0.8745901163647142E+00 -0.8936049522301742E+00 -0.8723733315201788E+00 -0.7831512653062603E+00 -0.6451024079855217E+00 -0.4638124203970073E+00 -0.2753742010221694E+00 -0.1067402441563561E+00  0.2693693212452975E-01  0.1233513009778243E+00  0.1756273899500377E+00  0.1795909163708765E+00  0.1271848808509600E+00  0.7122490568106150E-01  0.0000000000000000E+00
  0.0000000000000000E+00 -0.4133627169083083E-01 -0.3316987874958855E+00 -0.5089882405486267E+00 -0.7019424814999694E+00 -0.8231900297297164E+00 -0.9367009162130492E+00 -0.9977646161984898E+00 -0.1032179483107252E+01 -0.1003957082771010E+01 -0.9151269981885226E+00 -0.7566226928494547E+00 -0.5582217764061126E+00 -0.3633341062211015E+00 -0.2059894570435696E+00 -0.8997199001660831E-01 -0.9252975946696891E-02  0.3515699247761461E-01  0.3398401907284399E-01  0.3024781972576344E-01  0.0000000000000000E+00
  0.0000000000000000E+00 -0.1713541479626954E-01 -0.2744329882115027E+00 -0.4371859829452807E+00 -0.6265068220172730E+00 -0.7503037168868867E+00 -0.8781636193745336E+00 -0.9687274128366203E+00 -0.1049406691989163E+01 -0.1090031614130421E+01 -0.1078097862622408E+01 -0.9829570129448821E+00 -0.8039938647469604E+00 -0.5825590644550066E+00 -0.3812446787979307E+00 -0.2329670737130676E+00 -0.1305833595165991E+00 -0.6106140698240180E-01 -0.2325775740066788E-01  0.6211213627660557E-02  0.0000000000000000E+00
  0.0000000000000000E+00  0.1785372382899853E-01 -0.1725182176620816E+00 -0.3144899999829441E+00 -0.4889379079786737E+00 -0.6092992099857787E+00 -0.7373518414872235E+00 -0.8387426810146864E+00 -0.9393074952723748E+00 -0.1026693039264720E+01 -0.1091788122910414E+01 -0.1094619803621834E+01 -0.9928877064999730E+00 -0.7876911807294584E+00 -0.5426232741902518E+00 -0.3340734537531543E+00 -0.1882491060977743E+00 -0.9135277382500427E-01 -0.2921559290128485E-01  0.1153831407481425E-01  0.0000000000000000E+00
  0.0000000000000000E+00  0.7135022489956835E-01 -0.4323507225331391E-01 -0.1617924999100206E+00 -0.3208734585919483E+00 -0.4407213070849001E+00 -0.5674763018314876E+00 -0.6712707230563434E+00 -0.7696026275787604E+00 -0.8657072816872728E+00 -0.9690321145711056E+00 -0.1058225238056333E+01 -0.1072160378875074E+01 -0.9549914286376027E+00 -0.7215445048618043E+00 -0.4594118613442099E+00 -0.2458681817941969E+00 -0.1001210678281663E+00 -0.1311331122631137E-01  0.3059114320990212E-01  0.0000000000000000E+00
  0.0000000000000000E+00  0.1328460996778438E+00  0.9008591588811085E-01  0.3642934776022569E-02 -0.1383387164120218E+00 -0.2593343298964887E+00 -0.3874520802673939E+00 -0.4958348976201373E+00 -0.5896754299410134E+00 -0.6752324496570151E+00 -0.7749727861522113E+00 -0.9013213844716154E+00 -0.1014173804044662E+01 -0.1026739821502261E+01 -0.8828243564434436E+00 -0.6273942266988823E+00 -0.3627737757227584E+00 -0.1559007835829668E+00 -0.2661100171208218E-01  0.3180517199555129E-01  0.0000000000000000E+00
  0.0000000000000000E+00  0.1760253725337871E+00  0.2041747465088978E+00  0.1679442931518341E+00  0.5544216640605060E-01 -0.5964153112997030E-01 -0.1850846028053924E+00 -0.2983105194856412E+00 -0.3958929441410013E+00 -0.4787369493618998E+00 -0.5652745800116109E+00 -0.6879978908572680E+00 -0.8501470179119759E+00 -0.9804457919675048E+00 -0.9712517276387274E+00 -0.7930726534524448E+00 -0.5272838733247512E+00 -0.2764684466606306E+00 -0.9418529559320442E-01 -0.4073720823493617E-02  0.0000000000000000E+00
  0.0000000000000000E+00  0.1836560325695971E+00  0.2790918636126865E+00  0.3125307928015137E+00  0.2513218914274257E+00  0.1595825374330994E+00  0.4984778109073620E-01 -0.5951674547313304E-01 -0.1626387495588614E+00 -0.2564752880903047E+00 -0.3478281372743165E+00 -0.4624904291526820E+00 -0.6327455858931306E+00 -0.8385179231110530E+00 -0.9670796067179860E+00 -0.9149005420274411E+00 -0.7002165834712043E+00 -0.4367853550643523E+00 -0.2083116066125987E+00 -0.7346576006068153E-01  0.0000000000000000E+00
  0.0000000000000000E+00  0.1573951992333996E+00  0.3037745537748973E+00  0.4174347910182508E+00  0.4313933731593738E+00  0.3865147719169444E+00  0.3079662035856066E+00  0.2139729045584769E+00  0.1118013972491990E+00  0.4395466172437900E-02 -0.1087445622557645E+00 -0.2353815041828436E+00 -0.4018571417093575E+00 -0.6367903356221558E+00 -0.8747106163102120E+00 -0.9732753516342633E+00 -0.8578584343179465E+00 -0.6149352721179099E+00 -0.3579285543894767E+00 -0.1648532513534180E+00  0.0000000000000000E+00
  0.0000000000000000E+00  0.1064976230783445E+00  0.2737526646720042E+00  0.4585466136003770E+00  0.5607072609691226E+00  0.5850203304865277E+00  0.5546535098211437E+00  0.4890189991562616E+00  0.3974511268748818E+00  0.2823203503185543E+00  0.1456140302695648E+00 -0.7660932669182034E-02 -0.1792053352761895E+00 -0.4113509852040147E+00 -0.7081020418806950E+00 -0.9525268685751133E+00 -0.9818229055176353E+00 -0.7977413484059965E+00 -0.5341655170647051E+00 -0.2708080900198365E+00  0.0000000000000000E+00
  0.0000000000000000E+00  0.3958424185716980E-01  0.1933761406114438E+00  0.4172239636906906E+00  0.6005158401312455E+00  0.7068866142648005E+00  0.7410480920736741E+00  0.7172465631522560E+00  0.6454136563728938E+00  0.5301130254763519E+00  0.3785060903091118E+00  0.2034868398496376E+00  0.2287341257587728E-01 -0.1904836273055616E+00 -0.4890037395183157E+00 -0.8364298825288983E+00 -0.1040250679381661E+01 -0.9652097227953533E+00 -0.7259406079547289E+00 -0.3873858106756649E+00  0.0000000000000000E+00
  0.0000000000000000E+00 -0.3445615060979321E-01  0.7438671571706462E-01  0.2888045256463526E+00  0.5195378861139267E+00  0.6989312675618954E+00  0.8023594151790667E+00  0.8292266741709374E+00  0.7871362897428532E+00  0.6849055541462307E+00  0.5374896740702442E+00  0.3641083424325010E+00  0.1896749065930533E+00  0.7257386403927652E-02 -0.2428643912893773E+00 -0.6153672846078510E+00 -0.9820607550979711E+00 -0.1070053348216470E+01 -0.9078711106031767E+00 -0.5040352633279879E+00  0.0000000000000000E+00
  0.0000000000000000E+00 -0.7723167215591942E-01 -0.3227640096978115E-01  0.1238708578967815E+00  0.3362766444327330E+00  0.5374151860783354E+00  0.6847080374129608E+00  0.7601680524931114E+00  0.7626925088769740E+00  0.7000693733072727E+00  0.5900540089303978E+00  0.4533411609071842E+00  0.3135607419866920E+00  0.1748423836220175E+00  0.4024909497439666E-02 -0.2993033988930223E+00 -0.7486577732295542E+00 -0.1018877248592428E+01 -0.1010971186825642E+01 -0.5819708810984467E+00  0.0000000000000000E+00
  0.0000000000000000E+00 -0.9208931262896578E-02  0.6130141481182444E-01  0.1669835317385755E+00  0.3096054530461477E+00  0.4608788632976907E+00  0.5891766834118142E+00  0.6717151520631369E+00  0.6991616488016371E+00  0.6731168676051431E+00  0.6071025960359490E+00  0.5174646065567007E+00  0.4242843291552491E+00  0.3317177525306780E+00  0.2380728798536707E+00  0.6785654220154066E-01 -0.3124413335344381E+00 -0.6730384010076633E+00 -0.8777114689498349E+00 -0.5191811975515541E+00  0.0000000000000000E+00
  0.0000000000000000E+00  0.4175014645671195E+00  0.5356711328886375E+00  0.6008768444800197E+00  0.6457577210689793E+00  0.6896861448915750E+00  0.7293378524806393E+00  0.7530746944661227E+00  0.7528339104103576E+00  0.7276093501837430E+00  0.6849465283146211E+00  0.6326139009072754E+00  0.5824211141845660E+00  0.5327995618873314E+00  0.4979075378099507E+00  0.4423874245356922E+00  0.2932283127628574E+00  0.1165483046442273E+00 -0.1563616274978326E+00 -0.4632447045348390E-01  0.0000000000000000E+00
  0.3000000000000000E+01  0.1738286675035745E+01  0.1454288016145912E+01  0.1364352998298517E+01  0.1372332289839210E+01  0.1391820428622966E+01  0.1401163125969896E+01  0.1412491068664769E+01  0.1440659917570564E+01  0.1490288817053914E+01  0.1552263011092085E+01  0.1619622903834875E+01  0.1677020986601551E+01  0.1733319066868684E+01  0.1744350266423819E+01  0.1740694268594464E+01  0.1807873728176990E+01  0.1977316685059655E+01  0.2591373413543662E+01  0.2619792213808898E+01  0.3000000000000000E+01
