  0.0000000000000000E+00  0.5753028017174783E-02  0.2058047294593809E-01  0.7348802086336353E-01  0.1434349767223122E+00  0.2014572363500954E+00  0.1992056613528085E+00  0.9338047660949578E-01 -0.1108668413455691E+00 -0.3706905400648556E+00 -0.6174957584959223E+00 -0.7713474785856878E+00 -0.7753058580031786E+00 -0.6481708741064427E+00 -0.4707253617335388E+00 -0.2993348587421341E+00 -0.1570944820671883E+00 -0.5215855458741719E-01  0.1083571300495004E-01  0.2247026992377617E-01  0.0000000000000000E+00
  0.0000000000000000E+00 -0.2385151773995069E-01 -0.6614155737061428E-01 -0.1239333920367004E+00 -0.1834695961685804E+00 -0.2256244003193679E+00 -0.2313425366650274E+00 -0.1817131095393909E+00 -0.7894509972544053E-01  0.6101757407503779E-01  0.2080045087669712E+00  0.3276595690797424E+00  0.3906417294671915E+00  0.3930924026719891E+00  0.3539723637097150E+00  0.2895378741045543E+00  0.2105618048100117E+00  0.1300479763475164E+00  0.6064737522547247E-01  0.1983903406321934E-01  0.0000000000000000E+00
  0.0000000000000000E+00 -0.6580152520267729E-01 -0.1778441991659047E+00 -0.2983121552467378E+00 -0.4069738117834288E+00 -0.4754159646080081E+00 -0.4948219486422737E+00 -0.4517588520086769E+00 -0.3477021405218907E+00 -0.1876378178397422E+00  0.6517767804991269E-02  0.2116312286535395E+00  0.3966193303983958E+00  0.5311063339095248E+00  0.5911917293956060E+00  0.5692787635715288E+00  0.4745909323628469E+00  0.3379853744551322E+00  0.1927778386813674E+00  0.8198737211343418E-01  0.0000000000000000E+00
  0.0000000000000000E+00 -0.8273181537994609E-01 -0.2696793557892032E+00 -0.4280820409378513E+00 -0.5672128524595833E+00 -0.6545831374877795E+00 -0.6973476079712191E+00 -0.6823954398715137E+00 -0.6158615108915703E+00 -0.4936110532953805E+00 -0.3276608981657948E+00 -0.1266404177210445E+00  0.8468691270670342E-01  0.2765869974484537E+00  0.4189240252068159E+00  0.4905601754183549E+00  0.4778781943206919E+00  0.3891996466363967E+00  0.2496507349500756E+00  0.1090421857920029E+00  0.0000000000000000E+00
  0.0000000000000000E+00 -0.7593773404793897E-01 -0.3157500465270849E+00 -0.4904208044871052E+00 -0.6511044712178961E+00 -0.7555482137876028E+00 -0.8257753444954652E+00 -0.8439552944468103E+00 -0.8205207670810386E+00 -0.7438541468839914E+00 -0.6188583537840683E+00 -0.4440687436444454E+00 -0.2402666157897002E+00 -0.4078564290228835E-01  0.1233289828723371E+00  0.2397411191996408E+00  0.2962793323203450E+00  0.2821959376193026E+00  0.1968612180759430E+00  0.9177657369404715E-01  0.0000000000000000E+00
  0.0000000000000000E+00 -0.5862324899071369E-01 -0.3065095795824672E+00 -0.4781668643514846E+00 -0.6456428413773649E+00 -0.7577876090009591E+00 -0.8474424874193969E+00 -0.8944643497150172E+00 -0.9140692946919058E+00 -0.8928999157225149E+00 -0.8278893772405076E+00 -0.7018744352672853E+00 -0.5186681912406643E+00 -0.3148547885086503E+00 -0.1411177412165774E+00 -0.1399084550768222E-01  0.7344891024506296E-01  0.1128097604838258E+00  0.8851458314855404E-01  0.4924202798761721E-01  0.0000000000000000E+00
  0.0000000000000000E+00 -0.3589062059866632E-01 -0.2490373400537090E+00 -0.4079561918073991E+00 -0.5723541960152353E+00 -0.6883539785024331E+00 -0.7906913719191653E+00 -0.8579804131169840E+00 -0.9076530903563430E+00 -0.9325940576932580E+00 -0.9306379902304178E+00 -0.8746607228206426E+00 -0.7384959230331762E+00 -0.5372268074400923E+00 -0.3383135314877909E+00 -0.1947278149587956E+00 -0.9657670484194222E-01 -0.3049471895214230E-01 -0.5339546149935586E-02  0.9100576549986944E-02  0.0000000000000000E+00
  0.0000000000000000E+00  0.8902283045486826E-04 -0.1520026018383245E+00 -0.2948778710379703E+00 -0.4513469306238104E+00 -0.5704816477978436E+00 -0.6811279210111720E+00 -0.7612239185253175E+00 -0.8255198499360166E+00 -0.8755750310945968E+00 -0.9196235959768344E+00 -0.9375571186935715E+00 -0.8796139278240076E+00 -0.7155290693880030E+00 -0.4921836465759215E+00 -0.3029539786449963E+00 -0.1791752450729440E+00 -0.9543497583181551E-01 -0.3974266135387522E-01  0.2523992783151356E-03  0.0000000000000000E+00
  0.0000000000000000E+00  0.5709280370409112E-01 -0.2861889993542372E-01 -0.1516376688083311E+00 -0.2984047900264518E+00 -0.4209310733952288E+00 -0.5392539017373553E+00 -0.6311020153902943E+00 -0.7036001615329364E+00 -0.7615741763159568E+00 -0.8240101147038462E+00 -0.8936197804214215E+00 -0.9227820680582083E+00 -0.8402647711328343E+00 -0.6351912382593972E+00 -0.3967744845868656E+00 -0.2148949862114831E+00 -0.9648294028588189E-01 -0.2177949167432654E-01  0.2159854990770983E-01  0.0000000000000000E+00
  0.0000000000000000E+00  0.1231393781607993E+00  0.1006419690704960E+00  0.9795988669152818E-02 -0.1213548035120261E+00 -0.2428130966633700E+00 -0.3651358303994641E+00 -0.4682797012125527E+00 -0.5513476736771509E+00 -0.6157809179347408E+00 -0.6811558661372290E+00 -0.7724916338708362E+00 -0.8689950478530574E+00 -0.8881825155451047E+00 -0.7589100287293383E+00 -0.5190210636014695E+00 -0.2819867357678963E+00 -0.1091473179893645E+00 -0.5703425033167992E-02  0.4217855768444222E-01  0.0000000000000000E+00
  0.0000000000000000E+00  0.1689847459187834E+00  0.2104387865845751E+00  0.1718350581418537E+00  0.7106073879490168E-01 -0.3799060066265566E-01 -0.1545745903079350E+00 -0.2632204206615911E+00 -0.3588484021151990E+00 -0.4380256410241466E+00 -0.5111537233168229E+00 -0.6096386164408804E+00 -0.7444976508213400E+00 -0.8548680835501146E+00 -0.8336492601782477E+00 -0.6503532375526090E+00 -0.3993141265140893E+00 -0.1809995590801154E+00 -0.3582109188244974E-01  0.3188393609882920E-01  0.0000000000000000E+00
  0.0000000000000000E+00  0.1781070598525970E+00  0.2808516615973388E+00  0.3136335756106725E+00  0.2641072155330427E+00  0.1830547682483946E+00  0.8415695911510583E-01 -0.1991768153712536E-01 -0.1237089306194558E+00 -0.2220608836447472E+00 -0.3154247387803409E+00 -0.4259470231425846E+00 -0.5802399417266976E+00 -0.7574075152561567E+00 -0.8494324037894037E+00 -0.7618035859715691E+00 -0.5382378399024651E+00 -0.2982523662986429E+00 -0.1112092242476940E+00 -0.1282182325465399E-01  0.0000000000000000E+00
  0.0000000000000000E+00  0.1530745068354047E+00  0.3007782728907614E+00  0.4125338015576029E+00  0.4337215597046762E+00  0.3983994346915734E+00  0.3295137876119004E+00  0.2408185756273612E+00  0.1374708859632575E+00  0.2349302399992757E-01 -0.9651581736512344E-01 -0.2307627206602031E+00 -0.3993691719894802E+00 -0.6170233862193621E+00 -0.8093066417141915E+00 -0.8416392572611200E+00 -0.6811070467032215E+00 -0.4408091023206538E+00 -0.2203682604999324E+00 -0.8204893710080692E-01  0.0000000000000000E+00
  0.0000000000000000E+00  0.1051541111299977E+00  0.2687784522098462E+00  0.4477020662076096E+00  0.5495090554845765E+00  0.5772563387195736E+00  0.5516889555441440E+00  0.4883596653844646E+00  0.3940762321000048E+00  0.2720561207738888E+00  0.1280879321042757E+00 -0.3514934596527819E-01 -0.2189778202270129E+00 -0.4541171289975701E+00 -0.7184191141231174E+00 -0.8792511678586714E+00 -0.8194133879719862E+00 -0.6026315973078052E+00 -0.3610586201521516E+00 -0.1691927518380224E+00  0.0000000000000000E+00
  0.0000000000000000E+00  0.4459000784909908E-01  0.1934586228022770E+00  0.4062943764638817E+00  0.5794109654948798E+00  0.6789731096874805E+00  0.7092942508918819E+00  0.6823424997101134E+00  0.6063240032372732E+00  0.4853111191217200E+00  0.3265956136386303E+00  0.1411127963537037E+00 -0.5352967613547010E-01 -0.2858276608354716E+00 -0.5833286274493132E+00 -0.8588939647954558E+00 -0.9357098474065808E+00 -0.7766277140848467E+00 -0.5301497661233332E+00 -0.2713192586532392E+00  0.0000000000000000E+00
  0.0000000000000000E+00 -0.2146211952590958E-01  0.8856188664239936E-01  0.2897052597215427E+00  0.5024562203575260E+00  0.6653240240867342E+00  0.7564728696548276E+00  0.7749687829807453E+00  0.7265017521344393E+00  0.6171808366728577E+00  0.4590905951270203E+00  0.2711305055000514E+00  0.8225715706900930E-01 -0.1251750980619952E+00 -0.4105691964471443E+00 -0.7605325112657064E+00 -0.9958391530103633E+00 -0.9419656937010985E+00 -0.7182836987763925E+00 -0.3855552278138789E+00  0.0000000000000000E+00
  0.0000000000000000E+00 -0.7914463476871926E-01 -0.2742190492207226E-01  0.1230974431423659E+00  0.3278532960942326E+00  0.5194920655772244E+00  0.6558149045794840E+00  0.7188956796976385E+00  0.7070034784271551E+00  0.6268269411386364E+00  0.4955445488705087E+00  0.3368033560633221E+00  0.1801742028005473E+00  0.1970712591700544E-01 -0.2090040618843024E+00 -0.5655506559716367E+00 -0.9458129170141507E+00 -0.1049016761602384E+01 -0.8996160020502489E+00 -0.5012201516396858E+00  0.0000000000000000E+00
  0.0000000000000000E+00 -0.8171479113496999E-01 -0.7874681343861994E-01  0.1021470682891070E-01  0.1625130000485049E+00  0.3299760622138679E+00  0.4705500545170843E+00  0.5579254385422900E+00  0.5825756465325340E+00  0.5474410178481699E+00  0.4677083248642891E+00  0.3632829777375803E+00  0.2574065249139586E+00  0.1528314467913936E+00  0.7735120427660430E-02 -0.2736672181647726E+00 -0.7235758640421814E+00 -0.1002365188023183E+01 -0.1004160185634532E+01 -0.5793303811318160E+00  0.0000000000000000E+00
  0.0000000000000000E+00  0.2131408616061936E-01  0.8590828346821118E-01  0.1601719643785351E+00  0.2510721679980831E+00  0.3530378245389622E+00  0.4479104444174328E+00  0.5161683405220525E+00  0.5460857807607014E+00  0.5353202749586811E+00  0.4927935960010085E+00  0.4307078857866612E+00  0.3661455058434395E+00  0.3022711746992464E+00  0.2303832256857579E+00  0.7807702416768215E-01 -0.2988318260450726E+00 -0.6626327957833971E+00 -0.8737052247541574E+00 -0.5180247254736662E+00  0.0000000000000000E+00
  0.0000000000000000E+00  0.4285888949948377E+00  0.5548718132389413E+00  0.6131760874108154E+00  0.6375944564407503E+00  0.6557354479802152E+00  0.6727648223406060E+00  0.6827387469725262E+00  0.6793891254399380E+00  0.6598809409413301E+00  0.6283961510815401E+00  0.5888254522367607E+00  0.5518337950491972E+00  0.5138135311297698E+00  0.4898956805006990E+00  0.4424878504977477E+00  0.2959066139944432E+00  0.1198296515356408E+00 -0.1551994425696865E+00 -0.4661696294893294E-01  0.0000000000000000E+00
  0.3000000000000000E+01  0.1735547401176107E+01  0.1421292843751387E+01  0.1320643702146089E+01  0.1338288798675832E+01  0.1385831480598317E+01  0.1429615977395615E+01  0.1467952099604474E+01  0.1507918404440887E+01  0.1555677452134691E+01  0.1607605142756388E+01  0.1664231529076379E+01  0.1710644120695848E+01  0.1760830581309937E+01  0.1760696184183661E+01  0.1750613472674439E+01  0.1813448331971598E+01  0.1977878249609680E+01  0.2591893102954903E+01  0.2621826163373133E+01  0.3000000000000000E+01
