  0.0000000000000000E+00  0.5889409551756666E-02  0.5123716762158032E-02  0.2923577815512376E-01  0.5701504930472318E-01  0.5485207761549549E-01 -0.1674528493375588E-01 -0.1743770647488475E+00 -0.3962861949536588E+00 -0.6266399940033057E+00 -0.7972618460501468E+00 -0.8434809478772711E+00 -0.7548235692322052E+00 -0.5914201271574877E+00 -0.4146525512716348E+00 -0.2563161014126276E+00 -0.1290541840848895E+00 -0.3748971689264641E-01  0.1490179987859541E-01  0.2052921156633208E-01  0.0000000000000000E+00
  0.0000000000000000E+00 -0.2085165513953427E-01 -0.4853438177338483E-01 -0.8858021387567394E-01 -0.1264799258322387E+00 -0.1422884251999325E+00 -0.1193989237260181E+00 -0.4832482367570475E-01  0.6190534310305802E-01  0.1902488687686425E+00  0.3066349214337402E+00  0.3826497871936614E+00  0.4049033631568040E+00  0.3843661713587287E+00  0.3353162890249431E+00  0.2679385697917114E+00  0.1908422911533443E+00  0.1160476407281588E+00  0.5357693303667908E-01  0.1913061896772138E-01  0.0000000000000000E+00
  0.0000000000000000E+00 -0.5666555586684614E-01 -0.1404794285579965E+00 -0.2365048634718981E+00 -0.3224247281919928E+00 -0.3720131979843019E+00 -0.3749420561118103E+00 -0.3193515357759617E+00 -0.2105701656444847E+00 -0.5589338769737826E-01  0.1226429182510737E+00  0.3044684137037132E+00  0.4598865202382069E+00  0.5616783869186985E+00  0.5912963158031945E+00  0.5474996079625065E+00  0.4434726893751433E+00  0.3106532052918301E+00  0.1756325989886326E+00  0.7792106846949623E-01  0.0000000000000000E+00
  0.0000000000000000E+00 -0.8127461444261212E-01 -0.2419627500748232E+00 -0.3875357425677531E+00 -0.5163677170123712E+00 -0.5968275478492420E+00 -0.6320416534144565E+00 -0.6087644216498777E+00 -0.5349950600238561E+00 -0.4068953923782441E+00 -0.2389488829273177E+00 -0.4051584183664537E-01  0.1609063031834777E+00  0.3358065222672638E+00  0.4559468640219381E+00  0.5039872381030202E+00  0.4719216037628997E+00  0.3755124290727099E+00  0.2378698078007609E+00  0.1083705826085767E+00  0.0000000000000000E+00
  0.0000000000000000E+00 -0.7877382915158972E-01 -0.3044389392440884E+00 -0.4761932655488341E+00 -0.6343418514084250E+00 -0.7371793930573126E+00 -0.8034171993852253E+00 -0.8141239358140420E+00 -0.7804718241560608E+00 -0.6898106836726305E+00 -0.5517135327585525E+00 -0.3687454515926057E+00 -0.1671986060369607E+00  0.2262266001498553E-01  0.1748568208834538E+00  0.2772722621414501E+00  0.3170411564576485E+00  0.2903591682970708E+00  0.1995174359083304E+00  0.9652980518150475E-01  0.0000000000000000E+00
  0.0000000000000000E+00 -0.6344675184391815E-01 -0.3169970420432123E+00 -0.4952126761229291E+00 -0.6695795875104368E+00 -0.7868059255083646E+00 -0.8799908239700560E+00 -0.9257385009228787E+00 -0.9393137918912270E+00 -0.9018614943310007E+00 -0.8129265325687830E+00 -0.6613083876724994E+00 -0.4646256470942624E+00 -0.2625073670145425E+00 -0.9545435710401175E-01  0.2677770821217485E-01  0.1060733947848454E+00  0.1354017869748762E+00  0.1026618668826044E+00  0.5867514071561795E-01  0.0000000000000000E+00
  0.0000000000000000E+00 -0.4225626830949636E-01 -0.2761797349920867E+00 -0.4446400947587822E+00 -0.6184076220181340E+00 -0.7392098088375435E+00 -0.8466118884359483E+00 -0.9163139536516883E+00 -0.9671173960451570E+00 -0.9841662052660965E+00 -0.9618941378492638E+00 -0.8735323111039507E+00 -0.7082077405488771E+00 -0.4964245470831620E+00 -0.3023974285034224E+00 -0.1628796310728172E+00 -0.6689132960562698E-01 -0.6177006305784531E-02  0.1070047398299473E-01  0.1872898253373817E-01  0.0000000000000000E+00
  0.0000000000000000E+00 -0.1095694155975960E-01 -0.1905420263525996E+00 -0.3430921032061813E+00 -0.5087511492849196E+00 -0.6313475739683994E+00 -0.7470354627866738E+00 -0.8311889752426680E+00 -0.9018029820558607E+00 -0.9541854292464916E+00 -0.9898859345845790E+00 -0.9810834427381036E+00 -0.8853459654734835E+00 -0.6931341075817705E+00 -0.4647109647441816E+00 -0.2816630649249965E+00 -0.1613274073461810E+00 -0.8076639684991047E-01 -0.3118591649040691E-01  0.4306359150249774E-02  0.0000000000000000E+00
  0.0000000000000000E+00  0.3978044578867679E-01 -0.7224109551078407E-01 -0.2057253371291133E+00 -0.3608827812295926E+00 -0.4857321741812862E+00 -0.6073558961356066E+00 -0.7010868931306052E+00 -0.7785971908175485E+00 -0.8427421605013304E+00 -0.9081208801176959E+00 -0.9662444363147843E+00 -0.9650084429452014E+00 -0.8458270183098388E+00 -0.6196229256395752E+00 -0.3810993614685628E+00 -0.2057690090362244E+00 -0.9246584831852052E-01 -0.2223936061352659E-01  0.1920940677520514E-01  0.0000000000000000E+00
  0.0000000000000000E+00  0.1063872109974769E+00  0.6007730755970889E-01 -0.4538395682701107E-01 -0.1869028864340078E+00 -0.3123318518566278E+00 -0.4385784088856443E+00 -0.5428435685146394E+00 -0.6274537210769168E+00 -0.6945550988101837E+00 -0.7641319810174666E+00 -0.8541666009101887E+00 -0.9341103384219989E+00 -0.9218822583868789E+00 -0.7626943650812130E+00 -0.5098228885761577E+00 -0.2744041418519110E+00 -0.1071742062567327E+00 -0.8331391171064460E-02  0.3782748556741093E-01  0.0000000000000000E+00
  0.0000000000000000E+00  0.1623614742321772E+00  0.1811252922063982E+00  0.1217132031388307E+00  0.5447976986628441E-02 -0.1116343058983052E+00 -0.2350670505388386E+00 -0.3466434991565250E+00 -0.4421791786659722E+00 -0.5192794291140026E+00 -0.5911410202194275E+00 -0.6885693024949082E+00 -0.8160921247136858E+00 -0.9056778864476649E+00 -0.8566648286558293E+00 -0.6530209791657220E+00 -0.3949354573745459E+00 -0.1775639430566382E+00 -0.3561752041771722E-01  0.2982579149186890E-01  0.0000000000000000E+00
  0.0000000000000000E+00  0.1843732173074195E+00  0.2681872479772220E+00  0.2757042039181708E+00  0.2045150716400979E+00  0.1103120087859275E+00  0.1501509255811468E-02 -0.1078926183464539E+00 -0.2122590200481722E+00 -0.3067867276092164E+00 -0.3940620700794391E+00 -0.4986087690989198E+00 -0.6475130199472420E+00 -0.8125807862178215E+00 -0.8837035072358199E+00 -0.7755323829811235E+00 -0.5404059038682946E+00 -0.2965334039808989E+00 -0.1096393903949380E+00 -0.1270138101294576E-01  0.0000000000000000E+00
  0.0000000000000000E+00  0.1691955414481255E+00  0.3064686950274308E+00  0.3935676548463811E+00  0.3888075577889805E+00  0.3353043392881646E+00  0.2537644903656948E+00  0.1577210293850294E+00  0.5224148167669869E-01 -0.5846587899611533E-01 -0.1709160081579238E+00 -0.2953538389560035E+00 -0.4566883318710900E+00 -0.6669610123398316E+00 -0.8461379545205445E+00 -0.8614276503562616E+00 -0.6885699959008004E+00 -0.4425167608924851E+00 -0.2197339946416507E+00 -0.8158285061051708E-01  0.0000000000000000E+00
  0.0000000000000000E+00  0.1265571569716193E+00  0.2910396769954683E+00  0.4531231787914218E+00  0.5296769185656623E+00  0.5358194306325385E+00  0.4947198640328269E+00  0.4220564909185229E+00  0.3241502878585449E+00  0.2041234045723067E+00  0.6672721826486035E-01 -0.8675016524642373E-01 -0.2628153498997973E+00 -0.4927358743369230E+00 -0.7506014116302913E+00 -0.9001626879999393E+00 -0.8292223922215790E+00 -0.6067351975405213E+00 -0.3617771677875365E+00 -0.1692035744329203E+00  0.0000000000000000E+00
  0.0000000000000000E+00  0.6723474174106263E-01  0.2265765988369393E+00  0.4368909671358786E+00  0.5926623025096940E+00  0.6716239742219116E+00  0.6848499556589303E+00  0.6466639157017242E+00  0.5652882058186346E+00  0.4443018781995885E+00  0.2895371175410816E+00  0.1100871189048202E+00 -0.8057190098350299E-01 -0.3106324409104352E+00 -0.6065494771621326E+00 -0.8770649514388427E+00 -0.9455585460596821E+00 -0.7816187416097942E+00 -0.5317089499706369E+00 -0.2717721867225207E+00  0.0000000000000000E+00
  0.0000000000000000E+00 -0.1142797518871359E-02  0.1252600278147481E+00  0.3401139373112390E+00  0.5507270028525880E+00  0.7011215287433968E+00  0.7775052313593235E+00  0.7840797820421047E+00  0.7281861641944758E+00  0.6155819338814729E+00  0.4565124013413635E+00  0.2674089930191687E+00  0.7465877463820847E-01 -0.1362869043611999E+00 -0.4240742098268651E+00 -0.7740758085460899E+00 -0.1004341012758133E+01 -0.9468687306445667E+00 -0.7201059897955675E+00 -0.3862379549467616E+00  0.0000000000000000E+00
  0.0000000000000000E+00 -0.6625913208738540E-01  0.4074137532361665E-02  0.1782794723140012E+00  0.3974591723688994E+00  0.5918251431711526E+00  0.7229242898061538E+00  0.7776126093912875E+00  0.7570665882691705E+00  0.6686774521482880E+00  0.5287186344916077E+00  0.3595118819576101E+00  0.1901828632659956E+00  0.1933237170831203E-01 -0.2150655439232738E+00 -0.5747810508388991E+00 -0.9526753491780398E+00 -0.1053445512121831E+01 -0.9013777250599796E+00 -0.5019641242020280E+00  0.0000000000000000E+00
  0.0000000000000000E+00 -0.8206394395772663E-01 -0.6737323460539901E-01  0.4258830062139000E-01  0.2163192771073357E+00  0.3986039468679033E+00  0.5455923878190539E+00  0.6323656963304957E+00  0.6514279006759194E+00  0.6070188933903538E+00  0.5150907028603551E+00  0.3962541850792182E+00  0.2748731957519797E+00  0.1571566018028714E+00  0.5130796110025171E-02 -0.2802048593725104E+00 -0.7290638667079952E+00 -0.1006260872421650E+01 -0.1005732858955157E+01 -0.5800231527748224E+00  0.0000000000000000E+00
  0.0000000000000000E+00  0.1247190337628212E-01  0.7792931211303629E-01  0.1601750771454749E+00  0.2662559054933326E+00  0.3842517145343178E+00  0.4911616600123147E+00  0.5654668863760587E+00  0.5954440429254007E+00  0.5795750895204276E+00  0.5281359232353142E+00  0.4549720711961348E+00  0.3789519804946712E+00  0.3051970732391125E+00  0.2281540564484515E+00  0.7304633034896439E-01 -0.3028779395535661E+00 -0.6656324825902223E+00 -0.8749172782180988E+00 -0.5185010888469042E+00  0.0000000000000000E+00
  0.0000000000000000E+00  0.4256593822121934E+00  0.5492124045053230E+00  0.6087822176708672E+00  0.6386083674243113E+00  0.6641804697743607E+00  0.6881241770191634E+00  0.7025589457380762E+00  0.7003756156126516E+00  0.6790175077763739E+00  0.6436310617994047E+00  0.5993625090957377E+00  0.5575935989631274E+00  0.5157937079686266E+00  0.4893993539421400E+00  0.4409015848188589E+00  0.2946784772909707E+00  0.1186454170370334E+00 -0.1557326699732317E+00 -0.4675699109971800E-01  0.0000000000000000E+00
  0.3000000000000000E+01  0.1735493756739702E+01  0.1430292098597067E+01  0.1333828424132874E+01  0.1350430803220399E+01  0.1391710305211236E+01  0.1426789128954825E+01  0.1457790049161830E+01  0.1494317196087446E+01  0.1542522566191306E+01  0.1597242737837100E+01  0.1656884543908921E+01  0.1706171183605289E+01  0.1757815949333233E+01  0.1759955994622032E+01  0.1750341575892387E+01  0.1813086628573521E+01  0.1978431266298677E+01  0.2592280731701596E+01  0.2621769884452250E+01  0.3000000000000000E+01
