  0.0000000000000000E+00  0.5736987593401785E-02  0.2058822330218052E-01  0.7351056341216811E-01  0.1434777353461186E+00  0.2015474364254091E+00  0.1994058078172466E+00  0.9373622593212422E-01 -0.1103499711540743E+00 -0.3700403212534372E+00 -0.6167716240813855E+00 -0.7706522768634719E+00 -0.7747650409176368E+00 -0.6478347930541273E+00 -0.4705453481995352E+00 -0.2992587847517864E+00 -0.1570885506429028E+00 -0.5220205332756889E-01  0.1076822636851468E-01  0.2238278076212483E-01  0.0000000000000000E+00
  0.0000000000000000E+00 -0.2384525491542708E-01 -0.6614893645884408E-01 -0.1239416153912086E+00 -0.1834742475034604E+00 -0.2256326802178677E+00 -0.2313791644200737E+00 -0.1818025423776193E+00 -0.7909697839783844E-01  0.6080567748057845E-01  0.2077502872552870E+00  0.3273937233070325E+00  0.3904062939016221E+00  0.3929099271198845E+00  0.3538380456390439E+00  0.2894477326364622E+00  0.2105129135221129E+00  0.1300395905169579E+00  0.6066516782470414E-01  0.1988608646831524E-01  0.0000000000000000E+00
  0.0000000000000000E+00 -0.6579877715287946E-01 -0.1778585860743517E+00 -0.2983142827614576E+00 -0.4069450071642628E+00 -0.4753506042281941E+00 -0.4947316854429745E+00 -0.4516714012007336E+00 -0.3476409063475897E+00 -0.1876232888117018E+00  0.6479237684475510E-02  0.2115288930576257E+00  0.3964538407872295E+00  0.5308949883055263E+00  0.5909687887175965E+00  0.5690844131576004E+00  0.4744501899234358E+00  0.3379167182233047E+00  0.1927637298426271E+00  0.8204104016707055E-01  0.0000000000000000E+00
  0.0000000000000000E+00 -0.8271801576238197E-01 -0.2696407661745418E+00 -0.4279900101352437E+00 -0.5670477620605462E+00 -0.6543544682446323E+00 -0.6970724334471737E+00 -0.6821068261117135E+00 -0.6155787753694166E+00 -0.4933589901108197E+00 -0.3274503792065394E+00 -0.1264993770650342E+00  0.8474001132568115E-01  0.2765465717954033E+00  0.4188129017257490E+00  0.4904189638409498E+00  0.4777437668212439E+00  0.3891150255777984E+00  0.2496137260566509E+00  0.1090883021988776E+00  0.0000000000000000E+00
  0.0000000000000000E+00 -0.7592485408270705E-01 -0.3156441381284847E+00 -0.4902321857750825E+00 -0.6508146845520585E+00 -0.7551867479121279E+00 -0.8253577873500346E+00 -0.8435226037598433E+00 -0.8200901255018808E+00 -0.7434540108578321E+00 -0.6184956943967276E+00 -0.4437710647528335E+00 -0.2400551920965787E+00 -0.4067185720056560E-01  0.1233623623957804E+00  0.2397208875833285E+00  0.2962299404449973E+00  0.2821582787153280E+00  0.1968424193528867E+00  0.9182694567927144E-01  0.0000000000000000E+00
  0.0000000000000000E+00 -0.5861516014849228E-01 -0.3063468602519474E+00 -0.4779102290172975E+00 -0.6452648105638674E+00 -0.7573316385482043E+00 -0.8469170014558972E+00 -0.8939198744973150E+00 -0.9135224875507733E+00 -0.8923802129751995E+00 -0.8273966597077184E+00 -0.7014319440314430E+00 -0.5183103114141649E+00 -0.3146093658452916E+00 -0.1409689928750723E+00 -0.1390463227199838E-01  0.7349025787422231E-01  0.1128336683958117E+00  0.8852891548610252E-01  0.4929846750035338E-01  0.0000000000000000E+00
  0.0000000000000000E+00 -0.3587990133960124E-01 -0.2488457712597486E+00 -0.4076729030835800E+00 -0.5719368749729808E+00 -0.6878515882114437E+00 -0.7901078816725557E+00 -0.8573801556125010E+00 -0.9070631018838986E+00 -0.9320481310780869E+00 -0.9301227688865534E+00 -0.8741685211517544E+00 -0.7380535268936383E+00 -0.5368893778870811E+00 -0.3380973767218170E+00 -0.1945911952849944E+00 -0.9649082733193745E-01 -0.3044063143191866E-01 -0.5310615309545204E-02  0.9149740393831932E-02  0.0000000000000000E+00
  0.0000000000000000E+00  0.1073057874536070E-03 -0.1518196882249335E+00 -0.2946054766182693E+00 -0.4509299483498129E+00 -0.5699624109556576E+00 -0.6805053643154773E+00 -0.7605720835448846E+00 -0.8248851287384972E+00 -0.8750113311376874E+00 -0.9191258720080180E+00 -0.9370842447023586E+00 -0.8791508304947022E+00 -0.7151277090091173E+00 -0.4919096079444794E+00 -0.3027953709886195E+00 -0.1790880106643880E+00 -0.9539058008932275E-01 -0.3972422086236387E-01  0.2854775049340360E-03  0.0000000000000000E+00
  0.0000000000000000E+00  0.5709640300249557E-01 -0.2849603716177479E-01 -0.1514234356110211E+00 -0.2980435608083714E+00 -0.4204537936339179E+00 -0.5386549791577994E+00 -0.6304523218191048E+00 -0.7029568062281971E+00 -0.7610109722668864E+00 -0.8235541934198857E+00 -0.8932236096682824E+00 -0.9223796031592045E+00 -0.8398590556110057E+00 -0.6348630931035087E+00 -0.3965711045243554E+00 -0.2147901176317238E+00 -0.9644280963005408E-01 -0.2176834559586932E-01  0.2162699582473987E-01  0.0000000000000000E+00
  0.0000000000000000E+00  0.1230777883434641E+00  0.1006516075637264E+00  0.9893379744394701E-02 -0.1211198957232082E+00 -0.2424647413125201E+00 -0.3646646536238087E+00 -0.4677360301232859E+00 -0.5507784081208749E+00 -0.6152589172803481E+00 -0.6807441381633322E+00 -0.7721777910907601E+00 -0.8686979873770524E+00 -0.8878446458753007E+00 -0.7585752598402203E+00 -0.5187691309740163E+00 -0.2818272488370158E+00 -0.1090661582354544E+00 -0.5667161826909159E-02  0.4222651946367764E-01  0.0000000000000000E+00
  0.0000000000000000E+00  0.1688457092714735E+00  0.2103117684362091E+00  0.1717700284097244E+00  0.7110689145565773E-01 -0.3785448267508228E-01 -0.1543390888894069E+00 -0.2629081624003893E+00 -0.3584819885404485E+00 -0.4376499251648919E+00 -0.5108357620384117E+00 -0.6094070657093947E+00 -0.7443060758803527E+00 -0.8546323251609266E+00 -0.8333623661654146E+00 -0.6500933344803743E+00 -0.3991142710243649E+00 -0.1808644014292557E+00 -0.3574306554618686E-01  0.3196102910038017E-01  0.0000000000000000E+00
  0.0000000000000000E+00  0.1779290161446433E+00  0.2806079646540233E+00  0.3133953239424251E+00  0.2639335061869270E+00  0.1829351693311753E+00  0.8409973196618516E-01 -0.1991248583083877E-01 -0.1236391526521216E+00 -0.2219354440736050E+00 -0.3152838963075342E+00 -0.4258256576457483E+00 -0.5801424682362415E+00 -0.7572699884600848E+00 -0.8492127208084645E+00 -0.7615655489556099E+00 -0.5380308204585785E+00 -0.2980843470147388E+00 -0.1110973817824561E+00 -0.1272622642302477E-01  0.0000000000000000E+00
  0.0000000000000000E+00  0.1529072643487469E+00  0.3004729797777422E+00  0.4121547940966467E+00  0.4333417663193845E+00  0.3980317335896587E+00  0.3291706472289834E+00  0.2405152432639145E+00  0.1372279853238111E+00  0.2332965469877050E-01 -0.9660637905383519E-01 -0.2307876325470163E+00 -0.3993593198506936E+00 -0.6169634418729973E+00 -0.8091480590431164E+00 -0.8414264836284612E+00 -0.6809066223978866E+00 -0.4406256849636902E+00 -0.2202320070442860E+00 -0.8194719822852466E-01  0.0000000000000000E+00
  0.0000000000000000E+00  0.1050336725822819E+00  0.2684836024608355E+00  0.4472538082899307E+00  0.5489812366455288E+00  0.5766892747934134E+00  0.5511099357390365E+00  0.4877978001298882E+00  0.3935645709563972E+00  0.2716322804915113E+00  0.1277732890301191E+00 -0.3532684366159377E-01 -0.2190465793878234E+00 -0.4541063188418329E+00 -0.7183005329561725E+00 -0.8790527528418937E+00 -0.8192168621211929E+00 -0.6024400766702940E+00 -0.3609071736601784E+00 -0.1690917195955051E+00  0.0000000000000000E+00
  0.0000000000000000E+00  0.4453980216899859E-01  0.1932415134161310E+00  0.4058754657898448E+00  0.5788373379855154E+00  0.6783008337199261E+00  0.7085700301460234E+00  0.6816115215850234E+00  0.6056312846816999E+00  0.4847088223296322E+00  0.3261272925824940E+00  0.1408290420001317E+00 -0.5364953006741821E-01 -0.2858367113094371E+00 -0.5832246143804178E+00 -0.8586928766242030E+00 -0.9355073453729539E+00 -0.7764285189837108E+00 -0.5299911982097482E+00 -0.2712210803114987E+00  0.0000000000000000E+00
  0.0000000000000000E+00 -0.2141960643955074E-01  0.8847199453971782E-01  0.2894242460810579E+00  0.5019766691457472E+00  0.6646880367085497E+00  0.7557379286028133E+00  0.7741982826764090E+00  0.7257578989060907E+00  0.6165312944015113E+00  0.4585945272800045E+00  0.2708385270634088E+00  0.8214255576896876E-01 -0.1251739934281385E+00 -0.4104629520922289E+00 -0.7603179107946655E+00 -0.9956218548125216E+00 -0.9417567365252346E+00 -0.7181221065018315E+00 -0.3854598741151303E+00  0.0000000000000000E+00
  0.0000000000000000E+00 -0.7900929092646555E-01 -0.2735655091781404E-01  0.1230395191759662E+00  0.3276163119102719E+00  0.5190811444339323E+00  0.6552737870737807E+00  0.7182920576749348E+00  0.7064120630259697E+00  0.6263250765130673E+00  0.4951919705623239E+00  0.3366287253960711E+00  0.1801369811566444E+00  0.1974672346048043E-01 -0.2088936721731516E+00 -0.5653298413565345E+00 -0.9455847377846514E+00 -0.1048801005086714E+01 -0.8994560521440010E+00 -0.5011285639642808E+00  0.0000000000000000E+00
  0.0000000000000000E+00 -0.8156017211923092E-01 -0.7859085113092994E-01  0.1033874854943054E-01  0.1625411371661512E+00  0.3298846399263700E+00  0.4703537675879583E+00  0.5576701109844204E+00  0.5823213923084922E+00  0.5472479635617482E+00  0.4676157071689024E+00  0.3632961518986201E+00  0.2574845596708005E+00  0.1529223093637939E+00  0.7837314298162453E-02 -0.2734681596586125E+00 -0.7233610807867087E+00 -0.1002157404140877E+01 -0.1004010762677743E+01 -0.5792467599930644E+00  0.0000000000000000E+00
  0.0000000000000000E+00  0.2136484393306422E-01  0.8595905872757471E-01  0.1602576384295958E+00  0.2511640859033042E+00  0.3531040892389341E+00  0.4479375329628512E+00  0.5161669858876338E+00  0.5460835913749758E+00  0.5353475267124214E+00  0.4928689772249989E+00  0.4308265721180558E+00  0.3662788970493141E+00  0.3023799788047369E+00  0.2304554508546363E+00  0.7821248315791129E-01 -0.2986775067660771E+00 -0.6624667875318994E+00 -0.8735809341254743E+00 -0.5179527974699004E+00  0.0000000000000000E+00
  0.0000000000000000E+00  0.4285433090415776E+00  0.5548385638265566E+00  0.6131758827093055E+00  0.6376171593908503E+00  0.6557642710403581E+00  0.6727884223991155E+00  0.6827552334650175E+00  0.6794057370620532E+00  0.6599061331159771E+00  0.6284357040612339E+00  0.5888730940841195E+00  0.5518799489855110E+00  0.5138351483836866E+00  0.4898889989788970E+00  0.4424920705894090E+00  0.2959296719183150E+00  0.1198910866675563E+00 -0.1551398597837642E+00 -0.4657304898785749E-01  0.0000000000000000E+00
  0.3000000000000000E+01  0.1735734916808332E+01  0.1421443367247905E+01  0.1320729990301679E+01  0.1338312607730753E+01  0.1385811276117860E+01  0.1429572265765505E+01  0.1467901285492581E+01  0.1507866380188816E+01  0.1555629127364490E+01  0.1607561865041297E+01  0.1664207289865697E+01  0.1710639050092781E+01  0.1760874533653677E+01  0.1760788453917945E+01  0.1750736271389684E+01  0.1813533477478977E+01  0.1977859952465431E+01  0.2591838645225818E+01  0.2621766349493672E+01  0.3000000000000000E+01
