  0.0000000000000000E+00  0.6029065415637913E-02  0.2073246799281100E-01  0.7324244095905802E-01  0.1424818864060135E+00  0.1993296999862311E+00  0.1954253267146489E+00  0.8809942336151155E-01 -0.1170703752781966E+00 -0.3769637240275966E+00 -0.6228715678434108E+00 -0.7749475054656685E+00 -0.7767457989900721E+00 -0.6482195272622098E+00 -0.4703117514631107E+00 -0.2988825451036853E+00 -0.1567452243280397E+00 -0.5194316206294269E-01  0.1092148584662353E-01  0.2253248374873902E-01  0.0000000000000000E+00
  0.0000000000000000E+00 -0.2391556233476791E-01 -0.6595208824504453E-01 -0.1234397819392997E+00 -0.1826059250800498E+00 -0.2242973384317737E+00 -0.2294071123313451E+00 -0.1792272100025891E+00 -0.7612474329638597E-01  0.6383717665826104E-01  0.2104427201507714E+00  0.3293897973275778E+00  0.3915176310029761E+00  0.3933532266640941E+00  0.3539165620779403E+00  0.2893242976988826E+00  0.2102951804840697E+00  0.1298187014994863E+00  0.6050831315102170E-01  0.1976502081678621E-01  0.0000000000000000E+00
  0.0000000000000000E+00 -0.6571762158866580E-01 -0.1771237967423226E+00 -0.2970769048588410E+00 -0.4053358888341358E+00 -0.4735623153090901E+00 -0.4927960102793865E+00 -0.4495822066462558E+00 -0.3454446051673545E+00 -0.1854521940528135E+00  0.8456592608903411E-02  0.2132218865170649E+00  0.3978070940188562E+00  0.5318401527300727E+00  0.5914379347707103E+00  0.5690903479929624E+00  0.4741403171241695E+00  0.3375129424355162E+00  0.1924464252996886E+00  0.8182754619909764E-01  0.0000000000000000E+00
  0.0000000000000000E+00 -0.8280402167382320E-01 -0.2691822175608275E+00 -0.4274443088342484E+00 -0.5666020523652298E+00 -0.6541341549154438E+00 -0.6969898844577552E+00 -0.6820350265383129E+00 -0.6154394511206069E+00 -0.4931027597910486E+00 -0.3270940592219505E+00 -0.1260088269819276E+00  0.8536615101011778E-01  0.2772693468829334E+00  0.4194730687435200E+00  0.4908191068236133E+00  0.4778039732590872E+00  0.3889414818804182E+00  0.2494042363027645E+00  0.1089554984159468E+00  0.0000000000000000E+00
  0.0000000000000000E+00 -0.7610473035133636E-01 -0.3157228972244462E+00 -0.4905894586181185E+00 -0.6515404991135545E+00 -0.7562588710793386E+00 -0.8266315587928693E+00 -0.8448011484619388E+00 -0.8212262998497483E+00 -0.7442913826327592E+00 -0.6190068180276023E+00 -0.4439373058998243E+00 -0.2399385795903597E+00 -0.4029991889704812E-01  0.1239117036255584E+00  0.2402688900598195E+00  0.2965918381988860E+00  0.2822920440519762E+00  0.1968728678464772E+00  0.9179614223490384E-01  0.0000000000000000E+00
  0.0000000000000000E+00 -0.5883812169071401E-01 -0.3070742122101082E+00 -0.4791830456051306E+00 -0.6471396820304199E+00 -0.7596859398742651E+00 -0.8496397770487734E+00 -0.8967641325402623E+00 -0.9163078710815501E+00 -0.8948314665582504E+00 -0.8293646003860344E+00 -0.7027931686507294E+00 -0.5190972577832983E+00 -0.3148927343672394E+00 -0.1408369337938838E+00 -0.1350760429636341E-01  0.7393578879973793E-01  0.1131750727546199E+00  0.8877120251992822E-01  0.4937612115590048E-01  0.0000000000000000E+00
  0.0000000000000000E+00 -0.3616022271635830E-01 -0.2500312805556114E+00 -0.4094732120680979E+00 -0.5744013292041971E+00 -0.6907873981012768E+00 -0.7934397533204496E+00 -0.8608429018418465E+00 -0.9104928947609509E+00 -0.9351698484139377E+00 -0.9327812150344357E+00 -0.8762323945399377E+00 -0.7394910411733008E+00 -0.5377138573376223E+00 -0.3383665049614390E+00 -0.1944299039519221E+00 -0.9608939519895277E-01 -0.3001245166046733E-01 -0.4974073884475795E-02  0.9289689293504837E-02  0.0000000000000000E+00
  0.0000000000000000E+00 -0.2942691542853708E-03 -0.1532072049890960E+00 -0.2966135299638562E+00 -0.4536197742547638E+00 -0.5731539955965591E+00 -0.6841774501110600E+00 -0.7644523686782044E+00 -0.8287906045154241E+00 -0.8786380769634433E+00 -0.9222851450631846E+00 -0.9396740620398721E+00 -0.8811524518534354E+00 -0.7165067362447761E+00 -0.4926422016905082E+00 -0.3029776523542739E+00 -0.1789040908793784E+00 -0.9506805718606091E-01 -0.3947617036425692E-01  0.3506461261801407E-03  0.0000000000000000E+00
  0.0000000000000000E+00  0.5666214458919181E-01 -0.2974024357482503E-01 -0.1533179188370646E+00 -0.3006059190420769E+00 -0.4235402979603676E+00 -0.5422636809613723E+00 -0.6343120417504492E+00 -0.7068717436112806E+00 -0.7646687934857131E+00 -0.8267221720714405E+00 -0.8958408102855362E+00 -0.9245394899835622E+00 -0.8415896981179515E+00 -0.6360591290330270E+00 -0.3971955919914952E+00 -0.2150144895806753E+00 -0.9644728945697592E-01 -0.2177101997508969E-01  0.2150178387961615E-01  0.0000000000000000E+00
  0.0000000000000000E+00  0.1229748833314910E+00  0.9993351348963815E-01  0.8461965919097560E-02 -0.1232209183317755E+00 -0.2450914911056687E+00 -0.3678235120614883E+00 -0.4712171214861597E+00 -0.5544107362757408E+00 -0.6187445943791331E+00 -0.6837626020016495E+00 -0.7745858607024846E+00 -0.8706515063605443E+00 -0.8895458241860799E+00 -0.7600015902219002E+00 -0.5197380381959390E+00 -0.2824257136027415E+00 -0.1094263608190099E+00 -0.5927638245980165E-02  0.4190972763382966E-01  0.0000000000000000E+00
  0.0000000000000000E+00  0.1692918809707846E+00  0.2103638653043087E+00  0.1711075386632130E+00  0.6977366134425918E-01 -0.3967552637064590E-01 -0.1566436589569831E+00 -0.2655708819825827E+00 -0.3613822020062923E+00 -0.4405764172061098E+00 -0.5134671011137181E+00 -0.6114853108445965E+00 -0.7458892710835242E+00 -0.8560164942417208E+00 -0.8347094281250224E+00 -0.6511889378982715E+00 -0.3999011273637393E+00 -0.1814259599674503E+00 -0.3613181646678930E-01  0.3156429624083400E-01  0.0000000000000000E+00
  0.0000000000000000E+00  0.1787970630132900E+00  0.2814357723904528E+00  0.3136696552357032E+00  0.2635913333466982E+00  0.1821624292259472E+00  0.8293806672846915E-01 -0.2139732917921039E-01 -0.1253908281570086E+00 -0.2238622928709675E+00 -0.3171622517006826E+00 -0.4273928661327447E+00 -0.5812931680479655E+00 -0.7582210313110032E+00 -0.8502768465463151E+00 -0.7625993940936582E+00 -0.5388600325121160E+00 -0.2987313934009292E+00 -0.1115445552205535E+00 -0.1311911989942630E-01  0.0000000000000000E+00
  0.0000000000000000E+00  0.1539310949184726E+00  0.3018769720514325E+00  0.4133507551151220E+00  0.4340838681002360E+00  0.3984151485895838E+00  0.3292594700517266E+00  0.2403439640995638E+00  0.1368001400544232E+00  0.2265184650219179E-01 -0.9743065677854215E-01 -0.2316239574892921E+00 -0.4000359241308399E+00 -0.6174887859286432E+00 -0.8098590162708078E+00 -0.8422939868685112E+00 -0.6816911244441223E+00 -0.4413051866241820E+00 -0.2207370135357259E+00 -0.8232392181798755E-01  0.0000000000000000E+00
  0.0000000000000000E+00  0.1059855006504879E+00  0.2701417728983507E+00  0.4491823108960259E+00  0.5507708266769639E+00  0.5782549484627179E+00  0.5524641443540326E+00  0.4889471335789925E+00  0.3944884490066105E+00  0.2722868922234798E+00  0.1281521901115892E+00 -0.3526870320124786E-01 -0.2192069853442215E+00 -0.4542866729279949E+00 -0.7187078141731740E+00 -0.8797409173927908E+00 -0.8199240768532897E+00 -0.6031128779561142E+00 -0.3614440038292975E+00 -0.1694503782132603E+00  0.0000000000000000E+00
  0.0000000000000000E+00  0.4525693868681091E-01  0.1947871076785532E+00  0.4081597011231240E+00  0.5814254343504573E+00  0.6809188285990464E+00  0.7111051301885905E+00  0.6840061079266101E+00  0.6078312697295920E+00  0.4866210818636300E+00  0.3276475560627345E+00  0.1417599317377495E+00 -0.5331711308112735E-01 -0.2857859393706527E+00 -0.5834555163022141E+00 -0.8592687027482513E+00 -0.9361595821903308E+00 -0.7770865578811262E+00 -0.5305253256018803E+00 -0.2715582038464082E+00  0.0000000000000000E+00
  0.0000000000000000E+00 -0.2108796145920772E-01  0.8959605732341340E-01  0.2915517754606655E+00  0.5048679218339011E+00  0.6679993457380723E+00  0.7592077096108527E+00  0.7776423851002726E+00  0.7290314920042136E+00  0.6194570817897681E+00  0.4609641168879614E+00  0.2723763933965681E+00  0.8280109002663569E-01 -0.1250339389705332E+00 -0.4106591691944251E+00 -0.7608826560361570E+00 -0.9962708293412984E+00 -0.9424206498936277E+00 -0.7186434516706102E+00 -0.3857769601419198E+00  0.0000000000000000E+00
  0.0000000000000000E+00 -0.7918208390376566E-01 -0.2693284118359194E-01  0.1243855957815448E+00  0.3299573195958916E+00  0.5222095897311344E+00  0.6588880190981246E+00  0.7220788205049582E+00  0.7100774677559325E+00  0.6295630606736008E+00  0.4977112488747521E+00  0.3381944960499566E+00  0.1807670167182550E+00  0.1979725128217854E-01 -0.2091586573226769E+00 -0.5659539222785330E+00 -0.9462651706392914E+00 -0.1049484817413786E+01 -0.8999628469044429E+00 -0.5014265601054493E+00  0.0000000000000000E+00
  0.0000000000000000E+00 -0.8212200824233369E-01 -0.7897338111530272E-01  0.1045953575400049E-01  0.1634498990382587E+00  0.3315880332150961E+00  0.4726639335278572E+00  0.5602879491186709E+00  0.5849120820660035E+00  0.5494801530494555E+00  0.4692268130786253E+00  0.3641541536193065E+00  0.2576633600659397E+00  0.1527094374795161E+00  0.7476245449929014E-02 -0.2741298498877039E+00 -0.7240436124030341E+00 -0.1002835973484209E+01 -0.1004490007726357E+01 -0.5795185888352140E+00  0.0000000000000000E+00
  0.0000000000000000E+00  0.2096531017837334E-01  0.8553692444252835E-01  0.1598073196853147E+00  0.2509503900315546E+00  0.3533023362108950E+00  0.4485579547496732E+00  0.5170737448402379E+00  0.5470564894304450E+00  0.5361511673218305E+00  0.4933214600743548E+00  0.4308630162989895E+00  0.3659728551195459E+00  0.3019331732191089E+00  0.2300752791942739E+00  0.7766211468943122E-01 -0.2992192768607178E+00 -0.6630349691004226E+00 -0.8739935818427820E+00 -0.5181929351383837E+00  0.0000000000000000E+00
  0.0000000000000000E+00  0.4286054524329678E+00  0.5547680782543586E+00  0.6129741516536837E+00  0.6374052739236012E+00  0.6556575022046605E+00  0.6728377328241313E+00  0.6829358812225849E+00  0.6796337871692278E+00  0.6600851778486349E+00  0.6284911065731872E+00  0.5887945961209377E+00  0.5516959358815856E+00  0.5136538679147478E+00  0.4897877423596815E+00  0.4423895614257102E+00  0.2958183565294825E+00  0.1196677433978302E+00 -0.1553448794378395E+00 -0.4672334041494584E-01  0.0000000000000000E+00
  0.3000000000000000E+01  0.1735148952879470E+01  0.1421232689679453E+01  0.1320884864724263E+01  0.1338734568260751E+01  0.1386329829596914E+01  0.1430044756277280E+01  0.1468266101172483E+01  0.1508155127922762E+01  0.1555895633775926E+01  0.1607848140354793E+01  0.1664479227936176E+01  0.1710885047474789E+01  0.1760971569474866E+01  0.1760712052115230E+01  0.1750493430412301E+01  0.1813325653550835E+01  0.1977961800706086E+01  0.2592041056470737E+01  0.2621977086106454E+01  0.3000000000000000E+01
