  0.0000000000000000E+00  0.5752768459615906E-02  0.2066441936433991E-01  0.7353375344287583E-01  0.1433967462732954E+00  0.2013832336242061E+00  0.1993408575866326E+00  0.9402664875941635E-01 -0.1095506539453184E+00 -0.3686808388666699E+00 -0.6149241402932701E+00 -0.7685878498636982E+00 -0.7729264963886966E+00 -0.6465634768794222E+00 -0.4698164547953801E+00 -0.2989415266836161E+00 -0.1570732627237763E+00 -0.5241134392240077E-01  0.1044552479689018E-01  0.2200077811723821E-01  0.0000000000000000E+00
  0.0000000000000000E+00 -0.2384022816012479E-01 -0.6611426342842522E-01 -0.1238215430310632E+00 -0.1832408695746695E+00 -0.2253119155545036E+00 -0.2310566672698547E+00 -0.1816103411609148E+00 -0.7912518163361193E-01  0.6049964992902353E-01  0.2071739519425622E+00  0.3266227315111648E+00  0.3895947692350754E+00  0.3921991178817031E+00  0.3532669983071645E+00  0.2890324708016497E+00  0.2102637366424985E+00  0.1299737766342366E+00  0.6073056054264192E-01  0.2007953562552162E-01  0.0000000000000000E+00
  0.0000000000000000E+00 -0.6576791602075847E-01 -0.1776783709209357E+00 -0.2979308756503138E+00 -0.4063258624507132E+00 -0.4745525130393046E+00 -0.4938291442229315E+00 -0.4508043747233279E+00 -0.3469261988461542E+00 -0.1871818890795993E+00  0.6597715534416600E-02  0.2112803446697963E+00  0.3958578113165294E+00  0.5300338767656871E+00  0.5899845401261131E+00  0.5681558857213330E+00  0.4737179472037192E+00  0.3375099859803091E+00  0.1926372064248159E+00  0.8223938499380308E-01  0.0000000000000000E+00
  0.0000000000000000E+00 -0.8269782760574569E-01 -0.2692978840599018E+00 -0.4273839623360602E+00 -0.5661460580757476E+00 -0.6532599737575902E+00 -0.6958370721396457E+00 -0.6808585677217919E+00 -0.6143816943217761E+00 -0.4923188282507723E+00 -0.3266129951360683E+00 -0.1259655171228324E+00  0.8491673069479566E-01  0.2763567550171168E+00  0.4183255028484770E+00  0.4897654138742756E+00  0.4770695087685549E+00  0.3886404878526700E+00  0.2493730565225840E+00  0.1092596676597403E+00  0.0000000000000000E+00
  0.0000000000000000E+00 -0.7594240933495724E-01 -0.3151583219040252E+00 -0.4894609171896392E+00 -0.6496878752454459E+00 -0.7538556225128127E+00 -0.8238406090680477E+00 -0.8419594851658513E+00 -0.8185145727415352E+00 -0.7419688592268042E+00 -0.6171350285255746E+00 -0.4426503328831538E+00 -0.2392566126384924E+00 -0.4021984310822179E-01  0.1235277030380497E+00  0.2396599043161276E+00  0.2960048537031149E+00  0.2819511342448448E+00  0.1967213824481295E+00  0.9203541469751796E-01  0.0000000000000000E+00
  0.0000000000000000E+00 -0.5867040646520921E-01 -0.3058164667464650E+00 -0.4771296340196182E+00 -0.6441075764599138E+00 -0.7559809099771634E+00 -0.8453567275102202E+00 -0.8923039929976848E+00 -0.9118623527754554E+00 -0.8907489390540633E+00 -0.8257847777896807E+00 -0.6999355723623913E+00 -0.5170741671582629E+00 -0.3137219852833685E+00 -0.1403578145858193E+00 -0.1348194019962966E-01  0.7372868914904802E-01  0.1129750181043112E+00  0.8861990767689833E-01  0.4956279667719792E-01  0.0000000000000000E+00
  0.0000000000000000E+00 -0.3594640851252603E-01 -0.2483523083056093E+00 -0.4069670145685294E+00 -0.5708259345654427E+00 -0.6865201951357193E+00 -0.7885236861776592E+00 -0.8557354422787898E+00 -0.9054026588715414E+00 -0.9304457817849775E+00 -0.9285149450514629E+00 -0.8725473047474473E+00 -0.7365574991699664E+00 -0.5357197986471502E+00 -0.3372742651977071E+00 -0.1939610343455792E+00 -0.9600993437266216E-01 -0.3009480753992455E-01 -0.5097350581417645E-02  0.9410640985203974E-02  0.0000000000000000E+00
  0.0000000000000000E+00  0.2651284377280166E-04 -0.1514579942982651E+00 -0.2940490418138276E+00 -0.4499392030823346E+00 -0.5686956936084946E+00 -0.6789256129577617E+00 -0.7589006638434159E+00 -0.8232326873617037E+00 -0.8735030050310358E+00 -0.9177025504791757E+00 -0.9356073159085040E+00 -0.8776280781339113E+00 -0.7137864401456898E+00 -0.4909597366921546E+00 -0.3021571201731941E+00 -0.1786314319393482E+00 -0.9507927128405301E-01 -0.3955477368684877E-01  0.4648383006064655E-03  0.0000000000000000E+00
  0.0000000000000000E+00  0.5692890689701272E-01 -0.2837917636893889E-01 -0.1511148664994311E+00 -0.2972900243346848E+00 -0.4193729843710786E+00 -0.5372022425494424E+00 -0.6288355012177540E+00 -0.7013316443813227E+00 -0.7595710666646740E+00 -0.8223354924876373E+00 -0.8920448447950354E+00 -0.9210732127148060E+00 -0.8385147831167427E+00 -0.6337823681807413E+00 -0.3958798471570520E+00 -0.2143935388911786E+00 -0.9625266978328734E-01 -0.2170689175702598E-01  0.2172618548567184E-01  0.0000000000000000E+00
  0.0000000000000000E+00  0.1227280496807627E+00  0.1004276630738803E+00  0.9827532624666910E-02 -0.1207765671051150E+00 -0.2417939090331180E+00 -0.3636162135494583E+00 -0.4664557204917495E+00 -0.5494003133215488E+00 -0.6139822498091204E+00 -0.6797165692422631E+00 -0.7713060987321139E+00 -0.8677409983111883E+00 -0.8867016561903251E+00 -0.7574649146663217E+00 -0.5179459673900790E+00 -0.2813167669475575E+00 -0.1088274268027444E+00 -0.5593054574588099E-02  0.4234042524459411E-01  0.0000000000000000E+00
  0.0000000000000000E+00  0.1683444574975013E+00  0.2097396751594409E+00  0.1712473797603506E+00  0.7088949321852686E-01 -0.3781341721686825E-01 -0.1539933691839726E+00 -0.2623192433686183E+00 -0.3577111032469861E+00 -0.4368191889857164E+00 -0.5101162387957354E+00 -0.6088254415258135E+00 -0.7436975232796291E+00 -0.8537923235477782E+00 -0.8323705917128654E+00 -0.6492210290157180E+00 -0.3984576428891883E+00 -0.1804454052952660E+00 -0.3552809833672603E-01  0.3217443745333969E-01  0.0000000000000000E+00
  0.0000000000000000E+00  0.1774083938068459E+00  0.2797848052169253E+00  0.3124300160748334E+00  0.2630971673762974E+00  0.1822406112811407E+00  0.8359496136883884E-01 -0.2021710606386316E-01 -0.1237297963575209E+00 -0.2218314902815971E+00 -0.3150867073095911E+00 -0.4255898034271531E+00 -0.5798402069938207E+00 -0.7567218072784234E+00 -0.8483916195188050E+00 -0.7607260155055277E+00 -0.5373179182508188E+00 -0.2975204790781597E+00 -0.1107364546907252E+00 -0.1242220647301046E-01  0.0000000000000000E+00
  0.0000000000000000E+00  0.1524960417030241E+00  0.2995725251689462E+00  0.4108770730026267E+00  0.4319636700202641E+00  0.3966493506425788E+00  0.3278559206946630E+00  0.2393298898751052E+00  0.1362424947829755E+00  0.2261014500322942E-01 -0.9706599027366594E-01 -0.2309751603001447E+00 -0.3993320111340162E+00 -0.6166513720740102E+00 -0.8084813254783748E+00 -0.8406232500485186E+00 -0.6801829166452066E+00 -0.4399791159596031E+00 -0.2197638784877966E+00 -0.8160160404666118E-01  0.0000000000000000E+00
  0.0000000000000000E+00  0.1048113016333111E+00  0.2677094060830786E+00  0.4458993641976222E+00  0.5472770726942652E+00  0.5748028074159384E+00  0.5491640378443164E+00  0.4859050169943608E+00  0.3918390604190155E+00  0.2702002621420233E+00  0.1267100078092524E+00 -0.3592201865449772E-01 -0.2192461590210409E+00 -0.4539515193889930E+00 -0.7177409705657084E+00 -0.8782560344994630E+00 -0.8184754245087473E+00 -0.6017406229915179E+00 -0.3603691486135220E+00 -0.1687375931272199E+00  0.0000000000000000E+00
  0.0000000000000000E+00  0.4455541054949955E-01  0.1927660403301248E+00  0.4047398477830320E+00  0.5771464844531129E+00  0.6762389425233791E+00  0.7063109901563228E+00  0.6793210668387307E+00  0.6034663911255057E+00  0.4828435086822053E+00  0.3247017878119544E+00  0.1399932107021124E+00 -0.5397259631048434E-01 -0.2857549860117848E+00 -0.5827196340462227E+00 -0.8578687226650034E+00 -0.9347255056837938E+00 -0.7756854069674076E+00 -0.5294142921697396E+00 -0.2708699081594019E+00  0.0000000000000000E+00
  0.0000000000000000E+00 -0.2111150928116109E-01  0.8841776928246878E-01  0.2888175258018011E+00  0.5007362839803777E+00  0.6629204679956967E+00  0.7536270121800260E+00  0.7719581570960541E+00  0.7235983348727858E+00  0.6146725252971240E+00  0.4572166934625938E+00  0.2700739167885350E+00  0.8187712445177170E-01 -0.1250787211538766E+00 -0.4099883270300876E+00 -0.7594619471307643E+00 -0.9947878334802497E+00 -0.9409755392836235E+00 -0.7175269056986326E+00 -0.3851142939046496E+00  0.0000000000000000E+00
  0.0000000000000000E+00 -0.7844190961494801E-01 -0.2694183006942510E-01  0.1231592968362651E+00  0.3272264659062153E+00  0.5181628856748903E+00  0.6539448281471217E+00  0.7167576603252722E+00  0.7049032107206080E+00  0.6250761220231370E+00  0.4943697302322828E+00  0.3362910524628287E+00  0.1801309215339031E+00  0.1993154482468207E-01 -0.2084652475020118E+00 -0.5644967192354150E+00 -0.9447317307187854E+00 -0.1048005034264927E+01 -0.8988669286668293E+00 -0.5007950714800460E+00  0.0000000000000000E+00
  0.0000000000000000E+00 -0.8102949952601850E-01 -0.7801784672273848E-01  0.1089440758662493E-01  0.1628778347861058E+00  0.3299088513396869E+00  0.4700862840513915E+00  0.5572301031289821E+00  0.5818737905107193E+00  0.5469560546565745E+00  0.4675751775298329E+00  0.3635001172895154E+00  0.2577944810428675E+00  0.1532143962675752E+00  0.8172349749421538E-02 -0.2727654154344004E+00 -0.7225864734650177E+00 -0.1001407485618519E+01 -0.1003466124554177E+01 -0.5789436603700627E+00  0.0000000000000000E+00
  0.0000000000000000E+00  0.2146726869047885E-01  0.8604729229268088E-01  0.1604771412904998E+00  0.2514576812726477E+00  0.3533808771794243E+00  0.4481449790850479E+00  0.5163175118800255E+00  0.5462377450739294E+00  0.5355727343486705E+00  0.4931999855050176E+00  0.4312331192007398E+00  0.3666719644310412E+00  0.3026634619942791E+00  0.2306379175744473E+00  0.7865556393973595E-01 -0.2981413549888642E+00 -0.6618815179118203E+00 -0.8731354845760578E+00 -0.5176956075023716E+00  0.0000000000000000E+00
  0.0000000000000000E+00  0.4283451512118477E+00  0.5546506822739726E+00  0.6130894534880242E+00  0.6376182432437075E+00  0.6558097164225258E+00  0.6728433419483875E+00  0.6828064025304994E+00  0.6794638114318166E+00  0.6599835844720795E+00  0.6285404793386118E+00  0.5889786684421930E+00  0.5519593675510246E+00  0.5138237716474401E+00  0.4897998002424327E+00  0.4424705865844291E+00  0.2959974097327248E+00  0.1201024750995586E+00 -0.1549295481664565E+00 -0.4641758433243730E-01  0.0000000000000000E+00
  0.3000000000000000E+01  0.1736431815054936E+01  0.1422095245470763E+01  0.1321208780826427E+01  0.1338602951541525E+01  0.1385951727911847E+01  0.1429614953239885E+01  0.1467898304288527E+01  0.1507846310778480E+01  0.1555621980932432E+01  0.1607578547489182E+01  0.1664297113874161E+01  0.1710793861777967E+01  0.1761192147051959E+01  0.1761238516847149E+01  0.1751243804186449E+01  0.1813866415812962E+01  0.1977811056789504E+01  0.2591653159923312E+01  0.2621557145494940E+01  0.3000000000000000E+01
