  0.0000000000000000E+00  0.5758920087626573E-02  0.2068552801803339E-01  0.7353905243087294E-01  0.1433719706954701E+00  0.2013333410888722E+00  0.1993133651198741E+00  0.9408974016409510E-01 -0.1093559232113081E+00 -0.3683405465508807E+00 -0.6144569398486306E+00 -0.7680639004351227E+00 -0.7724596734945550E+00 -0.6462414544188314E+00 -0.4696333211575914E+00 -0.2988640145076369E+00 -0.1570733011825398E+00 -0.5246906478005542E-01  0.1035910862761213E-01  0.2190077884520684E-01  0.0000000000000000E+00
  0.0000000000000000E+00 -0.2383964515772735E-01 -0.6610380718627393E-01 -0.1237871788429918E+00 -0.1831754408109891E+00 -0.2252228474503050E+00 -0.2309665547728967E+00 -0.1815543823960276E+00 -0.7912724480696211E-01  0.6042433652091853E-01  0.2070274883540961E+00  0.3264250235736452E+00  0.3893859101263867E+00  0.3920157516341375E+00  0.3531194802607466E+00  0.2889251786859469E+00  0.2101995600397220E+00  0.1299573802757656E+00  0.6074836735753150E-01  0.2012997829534995E-01  0.0000000000000000E+00
  0.0000000000000000E+00 -0.6576001538555547E-01 -0.1776258935407884E+00 -0.2978224840981025E+00 -0.4061543517374971E+00 -0.4743352012620428E+00 -0.4935862991988159E+00 -0.4505734070239876E+00 -0.3467376576321944E+00 -0.1870675369881251E+00  0.6625525213657774E-02  0.2112111702858130E+00  0.3956980568846051E+00  0.5298058004835812E+00  0.5897251196246482E+00  0.5679115215502039E+00  0.4735253789366262E+00  0.3374030760472414E+00  0.1926042107002066E+00  0.8229071373125670E-01  0.0000000000000000E+00
  0.0000000000000000E+00 -0.8269420882712430E-01 -0.2692038898055331E+00 -0.4272207197598745E+00 -0.5659060544851628E+00 -0.6529721918559147E+00 -0.6955146009977033E+00 -0.6805350401532093E+00 -0.6140733452856458E+00 -0.4920534833990479E+00 -0.3264022807679016E+00 -0.1258347890163417E+00  0.8495490856010560E-01  0.2763009711869401E+00  0.4181934618589457E+00  0.4895906930528672E+00  0.4768898925058771E+00  0.3885137652139632E+00  0.2493086298102272E+00  0.1093035009215951E+00  0.0000000000000000E+00
  0.0000000000000000E+00 -0.7594950207962005E-01 -0.3150300350547994E+00 -0.4892597638688529E+00 -0.6493952820217487E+00 -0.7535125445171282E+00 -0.8234504263070748E+00 -0.8415584178280682E+00 -0.8181104125297161E+00 -0.7415887077528086E+00 -0.6167881722422524E+00 -0.4423665955932768E+00 -0.2390561769688458E+00 -0.4010765287788546E-01  0.1235668954598055E+00  0.2396405302803463E+00  0.2959426244183282E+00  0.2818938126256905E+00  0.1966875612064192E+00  0.9208879538095600E-01  0.0000000000000000E+00
  0.0000000000000000E+00 -0.5868782053401205E-01 -0.3056814102717134E+00 -0.4769329112266390E+00 -0.6438154508289452E+00 -0.7556420343422330E+00 -0.8449649801123323E+00 -0.8918980319080053E+00 -0.9114434117294791E+00 -0.8903357570055599E+00 -0.8253759755702910E+00 -0.6995569377120967E+00 -0.5167625311992794E+00 -0.3134980714564695E+00 -0.1402021737538404E+00 -0.1337363903978294E-01  0.7378918405159256E-01  0.1130100698568168E+00  0.8864239667996633E-01  0.4963110603472319E-01  0.0000000000000000E+00
  0.0000000000000000E+00 -0.3596757490862702E-01 -0.2482316036078596E+00 -0.4067954920111166E+00 -0.5705527942931217E+00 -0.6861939164800462E+00 -0.7881336529182276E+00 -0.8553290041475415E+00 -0.9049887547708521E+00 -0.9300422456417561E+00 -0.9281067533329821E+00 -0.8721351080105798E+00 -0.7361784767176185E+00 -0.5354239507737254E+00 -0.3370640691324189E+00 -0.1937973319585319E+00 -0.9588364901639307E-01 -0.3000374827761543E-01 -0.5040984668164972E-02  0.9479018271329829E-02  0.0000000000000000E+00
  0.0000000000000000E+00  0.1931178475382919E-07 -0.1513751061892453E+00 -0.2939204946651469E+00 -0.4497024991926397E+00 -0.5683924937535765E+00 -0.6785444307656699E+00 -0.7584954955011759E+00 -0.8228285379039265E+00 -0.8731291586059481E+00 -0.9173438508820186E+00 -0.9352313302585959E+00 -0.8772407132290712E+00 -0.7134467498643011E+00 -0.4907187328659603E+00 -0.3019924564135540E+00 -0.1785108307996655E+00 -0.9499559007044113E-01 -0.3950869012097389E-01  0.5123155576903013E-03  0.0000000000000000E+00
  0.0000000000000000E+00  0.5687882087642581E-01 -0.2836056945661218E-01 -0.1510518904499177E+00 -0.2971164549927006E+00 -0.4191200734934307E+00 -0.5368570406020516E+00 -0.6284483931958633E+00 -0.7009392143886050E+00 -0.7592192065450165E+00 -0.8220315909724741E+00 -0.8917445111079186E+00 -0.9207385384416931E+00 -0.8381723923927100E+00 -0.6335086657755665E+00 -0.3957044976805932E+00 -0.2142916580588030E+00 -0.9620254730495084E-01 -0.2169033570898566E-01  0.2175156877170276E-01  0.0000000000000000E+00
  0.0000000000000000E+00  0.1226332302041693E+00  0.1003612039106438E+00  0.9796264900933598E-02 -0.1207062099203896E+00 -0.2416434622739908E+00 -0.3633719366832093E+00 -0.4661528842824742E+00 -0.5490709279659634E+00 -0.6136739344626830E+00 -0.6794638815452829E+00 -0.7710848635713808E+00 -0.8674935053684253E+00 -0.8864074463111445E+00 -0.7571817668980678E+00 -0.5177373141456486E+00 -0.2811882629005878E+00 -0.1087681500234764E+00 -0.5575875717215781E-02  0.4236767918590435E-01  0.0000000000000000E+00
  0.0000000000000000E+00  0.1682156900887735E+00  0.2095894540358972E+00  0.1711044262616165E+00  0.7082200603891708E-01 -0.3781695268441965E-01 -0.1539206661425375E+00 -0.2621851540299384E+00 -0.3575303190576470E+00 -0.4366210444503854E+00 -0.5099414788944179E+00 -0.6086787788438225E+00 -0.7435381383302714E+00 -0.8535727906438171E+00 -0.8321149166400184E+00 -0.6489979387494376E+00 -0.3982910484543156E+00 -0.1803404057294196E+00 -0.3547537000998954E-01  0.3222677287766015E-01  0.0000000000000000E+00
  0.0000000000000000E+00  0.1772792055763562E+00  0.2795766343629488E+00  0.3121810619319743E+00  0.2628792322750619E+00  0.1820584357495918E+00  0.8346123121224951E-01 -0.2029982533048006E-01 -0.1237582428251505E+00 -0.2218103999989669E+00 -0.3150403353574834E+00 -0.4255300050655468E+00 -0.5797586736664148E+00 -0.7565752374432202E+00 -0.8481772626579047E+00 -0.7605092931955902E+00 -0.5371352021082085E+00 -0.2973771464766810E+00 -0.1106454324799669E+00 -0.1234585171365791E-01  0.0000000000000000E+00
  0.0000000000000000E+00  0.1523973236048896E+00  0.2993496107472341E+00  0.4105553416521009E+00  0.4316152677075386E+00  0.3963005864884306E+00  0.3275257416675353E+00  0.2390334505957479E+00  0.1359966646644577E+00  0.2243084906841687E-01 -0.9718002422622891E-01 -0.2310200408137587E+00 -0.3993202459407265E+00 -0.6165648002296381E+00 -0.8083051938875043E+00 -0.8404144281899282E+00 -0.6799961112668194E+00 -0.4398134683418756E+00 -0.2196445698727845E+00 -0.8151382406742864E-01  0.0000000000000000E+00
  0.0000000000000000E+00  0.1047613853799755E+00  0.2675212655563946E+00  0.4455632446591483E+00  0.5468519431339295E+00  0.5743326330186979E+00  0.5486807251818001E+00  0.4854365351936719E+00  0.3914130774824185E+00  0.2698473776266497E+00  0.1264486773016122E+00 -0.3606703358053701E-01 -0.2192917161609275E+00 -0.4539059313717169E+00 -0.7175924992087462E+00 -0.8780485251828665E+00 -0.8182834291969578E+00 -0.6015607298348721E+00 -0.3602313962797519E+00 -0.1686471918838359E+00  0.0000000000000000E+00
  0.0000000000000000E+00  0.4456553332520689E-01  0.1926540010060420E+00  0.4044617667380007E+00  0.5767285264519586E+00  0.6757284414210776E+00  0.7057524749005591E+00  0.6787559770289330E+00  0.6029332514347990E+00  0.4823848112142978E+00  0.3243519183511521E+00  0.1397890141870185E+00 -0.5404968941984864E-01 -0.2857296882195544E+00 -0.5825867084763874E+00 -0.8576550846150116E+00 -0.9345233694198091E+00 -0.7754941209189544E+00 -0.5292662779413319E+00 -0.2707800357861299E+00  0.0000000000000000E+00
  0.0000000000000000E+00 -0.2102830508180978E-01  0.8841128256127391E-01  0.2886734565876522E+00  0.5004334586652264E+00  0.6624858596648552E+00  0.7531072068708554E+00  0.7714067299797865E+00  0.7230672031113722E+00  0.6142158435465962E+00  0.4568786987188741E+00  0.2698869451557614E+00  0.8181312642521363E-01 -0.1250522718087607E+00 -0.4098654806859287E+00 -0.7592419588080874E+00 -0.9945733556538905E+00 -0.9407748221766221E+00 -0.7173741742901142E+00 -0.3850257702419420E+00  0.0000000000000000E+00
  0.0000000000000000E+00 -0.7829489191421840E-01 -0.2683174224485659E-01  0.1231969927665566E+00  0.3271370266899964E+00  0.5179413625033767E+00  0.6536207687712960E+00  0.7163822400781423E+00  0.7045336672015819E+00  0.6247702249456277E+00  0.4941684463334603E+00  0.3362084569564278E+00  0.1801294874301635E+00  0.1997801950926694E-01 -0.2083564749261391E+00 -0.5642844815843273E+00 -0.9445137744904281E+00 -0.1047801233042627E+01 -0.8987159381266776E+00 -0.5007096796543589E+00  0.0000000000000000E+00
  0.0000000000000000E+00 -0.8089474721192620E-01 -0.7787182336661590E-01  0.1103743748566165E-01  0.1629669451252757E+00  0.3299202222059164E+00  0.4700247975726022E+00  0.5571251132007161E+00  0.5817659141941108E+00  0.5468854166214976E+00  0.4675652542844690E+00  0.3635492771764915E+00  0.2578690408406707E+00  0.1532852622993280E+00  0.8255656842471839E-02 -0.2725876494523433E+00 -0.7223896486303424E+00 -0.1001216235806939E+01 -0.1003326814828033E+01 -0.5788661617955403E+00  0.0000000000000000E+00
  0.0000000000000000E+00  0.2149112251182097E-01  0.8606701123945870E-01  0.1605299304701921E+00  0.2515296581981490E+00  0.3534492568052395E+00  0.4481963377297175E+00  0.5163545034607036E+00  0.5462749641120747E+00  0.5356265371396083E+00  0.4932788564536663E+00  0.4313297446044598E+00  0.3667649348904211E+00  0.3027302337096681E+00  0.2306814955261398E+00  0.7876699862087783E-01 -0.2980056159036129E+00 -0.6617327559874050E+00 -0.8730218022520905E+00 -0.5176299647703980E+00  0.0000000000000000E+00
  0.0000000000000000E+00  0.4282932836904856E+00  0.5546004210933603E+00  0.6130644203634433E+00  0.6376152310864555E+00  0.6558179784659243E+00  0.6728540775418136E+00  0.6828161399653007E+00  0.6794750157945734E+00  0.6599991859862939E+00  0.6285624507809242E+00  0.5890004609611533E+00  0.5519746612900606E+00  0.5138168435817088E+00  0.4897746649850291E+00  0.4424639897438305E+00  0.2960140884764383E+00  0.1201560402609009E+00 -0.1548759745574992E+00 -0.4637793013561380E-01  0.0000000000000000E+00
  0.3000000000000000E+01  0.1736611271440364E+01  0.1422265747959378E+01  0.1321336669379862E+01  0.1338683964938783E+01  0.1385995321407467E+01  0.1429634105104276E+01  0.1467906083564801E+01  0.1507849916728354E+01  0.1555628979180727E+01  0.1607591504110894E+01  0.1664328361721000E+01  0.1710840951020239E+01  0.1761279702964542E+01  0.1761357500571052E+01  0.1751375029389386E+01  0.1813952118667072E+01  0.1977799123229893E+01  0.2591606121420407E+01  0.2621503825636443E+01  0.3000000000000000E+01
