  0.0000000000000000E+00  0.5758245357726191E-02  0.2068321844781629E-01  0.7353847279316766E-01  0.1433746835080698E+00  0.2013388113172300E+00  0.1993164089260228E+00  0.9408290573090333E-01 -0.1093771316441097E+00 -0.3683776639681052E+00 -0.6145079424234736E+00 -0.7681211335848160E+00 -0.7725106954675378E+00 -0.6462766696017705E+00 -0.4696533595530298E+00 -0.2988725057216017E+00 -0.1570733122962649E+00 -0.5246276831529889E-01  0.1036854437719611E-01  0.2191170005362013E-01  0.0000000000000000E+00
  0.0000000000000000E+00 -0.2383970808590780E-01 -0.6610494965614742E-01 -0.1237909361512870E+00 -0.1831825965838294E+00 -0.2252325927858253E+00 -0.2309764237186752E+00 -0.1815605285755877E+00 -0.7912705639110855E-01  0.6043252907811005E-01  0.2070434619814600E+00  0.3264466083712388E+00  0.3894087268691731E+00  0.3920357918548618E+00  0.3531356070162189E+00  0.2889369109848768E+00  0.2102065805093933E+00  0.1299591784999719E+00  0.6074642598035300E-01  0.2012446952725869E-01  0.0000000000000000E+00
  0.0000000000000000E+00 -0.6576087889999722E-01 -0.1776316305206260E+00 -0.2978343356606934E+00 -0.4061731062434183E+00 -0.4743589670402458E+00 -0.4936128622300030E+00 -0.4505986799958596E+00 -0.3467583008174354E+00 -0.1870800767337751E+00  0.6622443520906422E-02  0.2112186915289005E+00  0.3957154851399815E+00  0.5298307059628147E+00  0.5897534614956269E+00  0.5679382272330288E+00  0.4735464292319149E+00  0.3374147671846169E+00  0.1926078223182551E+00  0.8228510863539620E-01  0.0000000000000000E+00
  0.0000000000000000E+00 -0.8269460515439392E-01 -0.2692141655418575E+00 -0.4272385669654232E+00 -0.5659322936533568E+00 -0.6530036559585626E+00 -0.6955498599350368E+00 -0.6805704199019411E+00 -0.6141070713987380E+00 -0.4920825152012956E+00 -0.3264253455324370E+00 -0.1258491137745436E+00  0.8495070090181044E-01  0.2763070382256957E+00  0.4182078706377223E+00  0.4896097747903114E+00  0.4769095163539755E+00  0.3885276141514569E+00  0.2493156718006752E+00  0.1092987128738509E+00  0.0000000000000000E+00
  0.0000000000000000E+00 -0.7594872738364383E-01 -0.3150440568959433E+00 -0.4892817505936451E+00 -0.6494272619458707E+00 -0.7535500428335620E+00 -0.8234930735774437E+00 -0.8416022578920234E+00 -0.8181545943798849E+00 -0.7416302720719332E+00 -0.6168261041758949E+00 -0.4423976350942814E+00 -0.2390781135724624E+00 -0.4011994145599016E-01  0.1235625901990564E+00  0.2396426304306794E+00  0.2959494128865713E+00  0.2819000704023012E+00  0.1966912534296876E+00  0.9208296186879208E-01  0.0000000000000000E+00
  0.0000000000000000E+00 -0.5868591764227389E-01 -0.3056961704602940E+00 -0.4769544112389889E+00 -0.6438473756462784E+00 -0.7556790681873768E+00 -0.8450077909136275E+00 -0.8919423965536347E+00 -0.9114891954955755E+00 -0.8903809155696309E+00 -0.8254206625613119E+00 -0.6995983375014756E+00 -0.5167966153514001E+00 -0.3135225672723581E+00 -0.1402192019712539E+00 -0.1338548960340881E-01  0.7378256030256286E-01  0.1130062302348175E+00  0.8863993293629914E-01  0.4962363936622410E-01  0.0000000000000000E+00
  0.0000000000000000E+00 -0.3596526207711790E-01 -0.2482447945669482E+00 -0.4068142367341194E+00 -0.5705826421733191E+00 -0.6862295709561380E+00 -0.7881762724339347E+00 -0.8553734150618661E+00 -0.9050339789788583E+00 -0.9300863368642051E+00 -0.9281513575851293E+00 -0.8721801605533283E+00 -0.7362199162884522E+00 -0.5354563055026591E+00 -0.3370870580415042E+00 -0.1938152330583798E+00 -0.9589745883851672E-01 -0.3001370670146022E-01 -0.5047149229600489E-02  0.9471543982703886E-02  0.0000000000000000E+00
  0.0000000000000000E+00  0.2913821700073686E-05 -0.1513841644409203E+00 -0.2939345429478650E+00 -0.4497283651209731E+00 -0.5684256264884158E+00 -0.6785860837912047E+00 -0.7585397681192352E+00 -0.8228726945995647E+00 -0.8731699991972559E+00 -0.9173830345682716E+00 -0.9352724092418496E+00 -0.8772830502687782E+00 -0.7134838895888519E+00 -0.4907450887129499E+00 -0.3020104614781803E+00 -0.1785240154322474E+00 -0.9500473803287147E-01 -0.3951372754388707E-01  0.5071271520328785E-03  0.0000000000000000E+00
  0.0000000000000000E+00  0.5688429321115723E-01 -0.2836260310700164E-01 -0.1510587733962762E+00 -0.2971354220023741E+00 -0.4191477118067770E+00 -0.5368947639810223E+00 -0.6284906953814691E+00 -0.7009820938487082E+00 -0.7592576455626043E+00 -0.8220647818612190E+00 -0.8917773106222106E+00 -0.9207751011140574E+00 -0.8382098149678360E+00 -0.6335385918739999E+00 -0.3957236720618859E+00 -0.2143027964060374E+00 -0.9620802553834416E-01 -0.2169214368272915E-01  0.2174879709503275E-01  0.0000000000000000E+00
  0.0000000000000000E+00  0.1226435908926451E+00  0.1003684665873945E+00  0.9799681025785706E-02 -0.1207138978624428E+00 -0.2416599034156035E+00 -0.3633986318536032E+00 -0.4661859791721760E+00 -0.5491069216567868E+00 -0.6137076193409927E+00 -0.6794914779643516E+00 -0.7711090143328336E+00 -0.8675205279029358E+00 -0.8864395884602313E+00 -0.7572127160406916E+00 -0.5177601271773421E+00 -0.2812023122408942E+00 -0.1087746295941334E+00 -0.5577751852121269E-02  0.4236470368465934E-01  0.0000000000000000E+00
  0.0000000000000000E+00  0.1682297614034360E+00  0.2096058712384835E+00  0.1711200485540251E+00  0.7082938309052116E-01 -0.3781656449338868E-01 -0.1539286093141258E+00 -0.2621998058285401E+00 -0.3575500729030663E+00 -0.4366426919244133E+00 -0.5099605634842983E+00 -0.6086947816036088E+00 -0.7435555258875068E+00 -0.8535967589919417E+00 -0.8321428511072458E+00 -0.6490223239362789E+00 -0.3983092598595978E+00 -0.1803518832674826E+00 -0.3548113261909817E-01  0.3222105515027281E-01  0.0000000000000000E+00
  0.0000000000000000E+00  0.1772933242008532E+00  0.2795993857222991E+00  0.3122082699841204E+00  0.2629030526493707E+00  0.1820783495225269E+00  0.8347585214406775E-01 -0.2029077796688913E-01 -0.1237551260278119E+00 -0.2218126955613227E+00 -0.3150453908277238E+00 -0.4255365187576381E+00 -0.5797675530752113E+00 -0.7565912243630711E+00 -0.8482006701469851E+00 -0.7605329743529885E+00 -0.5371551719567467E+00 -0.2973928121846391E+00 -0.1106553806475244E+00 -0.1235419584226967E-01  0.0000000000000000E+00
  0.0000000000000000E+00  0.1524081132979065E+00  0.2993739743949985E+00  0.4105905049624994E+00  0.4316533482141913E+00  0.3963387091692823E+00  0.3275618360948382E+00  0.2390658602715470E+00  0.1360235447025005E+00  0.2245045849670958E-01 -0.9716754733134067E-01 -0.2310151170496396E+00 -0.3993215040695979E+00 -0.6165742283125043E+00 -0.8083244158020714E+00 -0.8404372378178664E+00 -0.6800165236359594E+00 -0.4398315701873599E+00 -0.2196576088133053E+00 -0.8152341731389770E-01  0.0000000000000000E+00
  0.0000000000000000E+00  0.1047668418008806E+00  0.2675418292657454E+00  0.4455999817699831E+00  0.5468984105985191E+00  0.5743840266168786E+00  0.5487335582064202E+00  0.4854877508355043E+00  0.3914596504701868E+00  0.2698859627991848E+00  0.1264772553260703E+00 -0.3605116664410331E-01 -0.2192867138808443E+00 -0.4539108831809265E+00 -0.7176086948813458E+00 -0.8780711849003049E+00 -0.8183044047581756E+00 -0.6015803858606553E+00 -0.3602464497962581E+00 -0.1686570713021786E+00  0.0000000000000000E+00
  0.0000000000000000E+00  0.4456442782598360E-01  0.1926662472276547E+00  0.4044921611595984E+00  0.5767742106751678E+00  0.6757842431803838E+00  0.7058135279506174E+00  0.6788177524243059E+00  0.6029915373562174E+00  0.4824349625548511E+00  0.3243901746897688E+00  0.1398113493643192E+00 -0.5404124443536951E-01 -0.2857324281061252E+00 -0.5826012066921251E+00 -0.8576784104999401E+00 -0.9345454502424893E+00 -0.7755150201163906E+00 -0.5292824517500734E+00 -0.2707898568863329E+00  0.0000000000000000E+00
  0.0000000000000000E+00 -0.2103739665895073E-01  0.8841199238379599E-01  0.2886892050044830E+00  0.5004665602344601E+00  0.6625333670379367E+00  0.7531640288513538E+00  0.7714670114088819E+00  0.7231252688287791E+00  0.6142657738765785E+00  0.4569156571850851E+00  0.2699073973331715E+00  0.8182013667646917E-01 -0.1250551444069569E+00 -0.4098788828451782E+00 -0.7592659786207695E+00 -0.9945967835449097E+00 -0.9407967512231931E+00 -0.7173908628117994E+00 -0.3850354435183765E+00  0.0000000000000000E+00
  0.0000000000000000E+00 -0.7831095593606882E-01 -0.2684377228232817E-01  0.1231928763241048E+00  0.3271468071371335E+00  0.5179655813352141E+00  0.6536561968151237E+00  0.7164232843615683E+00  0.7045740714107535E+00  0.6248036744630087E+00  0.4941904624292394E+00  0.3362174998304667E+00  0.1801296560401214E+00  0.1997295109772726E-01 -0.2083683468621348E+00 -0.5643076578299537E+00 -0.9445375823727559E+00 -0.1047823499189836E+01 -0.8987324362504664E+00 -0.5007190104179432E+00  0.0000000000000000E+00
  0.0000000000000000E+00 -0.8090947080006204E-01 -0.7788777938677535E-01  0.1102180960713589E-01  0.1629572113386992E+00  0.3299189866253990E+00  0.4700315270080279E+00  0.5571365995953032E+00  0.5817777179145359E+00  0.5468931513390921E+00  0.4675663526449364E+00  0.3635439156057194E+00  0.2578608988926175E+00  0.1532775212434142E+00  0.8246559759119263E-02 -0.2726070644531853E+00 -0.7224111488274126E+00 -0.1001237130878607E+01 -0.1003342036827638E+01 -0.5788746299164641E+00  0.0000000000000000E+00
  0.0000000000000000E+00  0.2148851884434154E-01  0.8606485947225123E-01  0.1605241652649596E+00  0.2515217967120079E+00  0.3534417894499592E+00  0.4481907317402651E+00  0.5163504686887009E+00  0.5462709050790142E+00  0.5356206653412351E+00  0.4932702436092163E+00  0.4313191888160240E+00  0.3667547756477410E+00  0.3027229351288802E+00  0.2306767341576343E+00  0.7875482600173697E-01 -0.2980204437231430E+00 -0.6617490089638453E+00 -0.8730342242445369E+00 -0.5176371374772964E+00  0.0000000000000000E+00
  0.0000000000000000E+00  0.4282989551073754E+00  0.5546059181496198E+00  0.6130671604872434E+00  0.6376155644129495E+00  0.6558170795362200E+00  0.6728529082947280E+00  0.6828150797579293E+00  0.6794737949826452E+00  0.6599974838276298E+00  0.6285600513220512E+00  0.5889980793936546E+00  0.5519729885845640E+00  0.5138175977013012E+00  0.4897774100880279E+00  0.4424647106353936E+00  0.2960122684341147E+00  0.1201501887069094E+00 -0.1548818282887396E+00 -0.4638226313758898E-01  0.0000000000000000E+00
  0.3000000000000000E+01  0.1736591653522215E+01  0.1422247105023392E+01  0.1321322683803229E+01  0.1338675103473159E+01  0.1385990550841299E+01  0.1429632006856081E+01  0.1467905229414913E+01  0.1507849520131079E+01  0.1555628213858346E+01  0.1607590089643063E+01  0.1664324950635060E+01  0.1710835809894049E+01  0.1761270142024977E+01  0.1761344503893550E+01  0.1751360694095556E+01  0.1813942750974513E+01  0.1977800424915427E+01  0.2591611260621682E+01  0.2621509651935471E+01  0.3000000000000000E+01
