  0.0000000000000000E+00 -0.1294339836258242E-01 -0.5001249562934542E-01 -0.7950863560633489E-01 -0.1147491503587376E+00 -0.1830919095668181E+00 -0.3059710550107573E+00 -0.4770527464198839E+00 -0.6663242969204878E+00 -0.8156597481318172E+00 -0.8752426612928879E+00 -0.8199578546657535E+00 -0.6829150538495221E+00 -0.5153531287663632E+00 -0.3520131579449662E+00 -0.2107612135019621E+00 -0.9891743989994911E-01 -0.1976104242658316E-01  0.2264476100745375E-01  0.2148168090745980E-01  0.0000000000000000E+00
  0.0000000000000000E+00 -0.9129365808276771E-02 -0.1576497075397128E-01 -0.2864433568047833E-01 -0.3680452115461098E-01 -0.2252046060590722E-01  0.2365511022340951E-01  0.1030244852462688E+00  0.2025164407533736E+00  0.3007890097097839E+00  0.3741026368370779E+00  0.4075070457658063E+00  0.4027323034361400E+00  0.3694968060037178E+00  0.3152753408895153E+00  0.2472274233627607E+00  0.1726747922506578E+00  0.1026976630254483E+00  0.4595791378720832E-01  0.1714988067977095E-01  0.0000000000000000E+00
  0.0000000000000000E+00 -0.4033149578741273E-01 -0.9730740789125927E-01 -0.1654416426477699E+00 -0.2251627138225706E+00 -0.2506532913845397E+00 -0.2350057243405287E+00 -0.1679792906810776E+00 -0.5877497466036710E-01  0.8670728099753457E-01  0.2470652492183458E+00  0.4025632826316651E+00  0.5252818564588977E+00  0.5931372892447903E+00  0.5938128647235797E+00  0.5309210565863199E+00  0.4191069368520243E+00  0.2883319466497617E+00  0.1605185023690787E+00  0.7293132294677267E-01  0.0000000000000000E+00
  0.0000000000000000E+00 -0.7121782143784139E-01 -0.2093723567057860E+00 -0.3365075756492509E+00 -0.4506033482963018E+00 -0.5170353869129660E+00 -0.5409039151337295E+00 -0.5061485159801520E+00 -0.4246741031156606E+00 -0.2902827500672862E+00 -0.1219030080892095E+00  0.6971450521768922E-01  0.2544022743857761E+00  0.4052181667604579E+00  0.4984956092638068E+00  0.5218597220459955E+00  0.4715554585880852E+00  0.3669695848922019E+00  0.2293000582739442E+00  0.1068843577594723E+00  0.0000000000000000E+00
  0.0000000000000000E+00 -0.7437253315697205E-01 -0.2918703667443525E+00 -0.4558768482462592E+00 -0.6107977634211594E+00 -0.7065967822975574E+00 -0.7659895838833275E+00 -0.7640927291904608E+00 -0.7177703819865124E+00 -0.6113483057946160E+00 -0.4627038197592273E+00 -0.2766178131295824E+00 -0.8315015212064182E-01  0.9245950288573818E-01  0.2292002601416330E+00  0.3156219561583775E+00  0.3392503623970532E+00  0.3006391406408649E+00  0.2039642088945896E+00  0.9998767138314658E-01  0.0000000000000000E+00
  0.0000000000000000E+00 -0.6200604657625775E-01 -0.3284596939692525E+00 -0.5088992159282940E+00 -0.6919862010289470E+00 -0.8092101537008212E+00 -0.9028904089021167E+00 -0.9391827461422968E+00 -0.9394221630837899E+00 -0.8780218961440505E+00 -0.7642296529102144E+00 -0.5936150728929630E+00 -0.3946897463337709E+00 -0.2030763947249870E+00 -0.4777667284343524E-01  0.6613962795110009E-01  0.1363686584459484E+00  0.1563739432306099E+00  0.1159792166981357E+00  0.6602166582667279E-01  0.0000000000000000E+00
  0.0000000000000000E+00 -0.4260079532114978E-01 -0.3060670526503177E+00 -0.4814129222688222E+00 -0.6700952322365872E+00 -0.7940406394882347E+00 -0.9077323342807323E+00 -0.9750615215488998E+00 -0.1020902684698874E+01 -0.1019386736254623E+01 -0.9678326548976255E+00 -0.8448780768760220E+00 -0.6578047599978541E+00 -0.4463436860032926E+00 -0.2644798316966903E+00 -0.1331753576167675E+00 -0.4160818230751419E-01  0.1395210121248353E-01  0.2404466425215047E-01  0.2608434635631512E-01  0.0000000000000000E+00
  0.0000000000000000E+00 -0.1566990431052137E-01 -0.2317563367362014E+00 -0.3916227731768085E+00 -0.5724248041594094E+00 -0.6970083198702870E+00 -0.8194877992653390E+00 -0.9055232649933714E+00 -0.9801613966756468E+00 -0.1028166490425338E+01 -0.1045995758403575E+01 -0.1002153037420750E+01 -0.8680398855575059E+00 -0.6556957568379819E+00 -0.4316739906987649E+00 -0.2604753062804909E+00 -0.1465979309310378E+00 -0.6977623138432973E-01 -0.2480370075299638E-01  0.7288199780683026E-02  0.0000000000000000E+00
  0.0000000000000000E+00  0.2842775506184495E-01 -0.1174471280175444E+00 -0.2577289590099708E+00 -0.4251347299525174E+00 -0.5493117794505827E+00 -0.6747602042304266E+00 -0.7700377617186079E+00 -0.8541861035090783E+00 -0.9246449841305209E+00 -0.9894065470435175E+00 -0.1028570975030028E+01 -0.9902081134182762E+00 -0.8342437604779139E+00 -0.5931879921078084E+00 -0.3610247264418757E+00 -0.1956609333674404E+00 -0.8864431351391716E-01 -0.2221543357289427E-01  0.1796200597547437E-01  0.0000000000000000E+00
  0.0000000000000000E+00  0.9260449290886215E-01  0.1834937314114771E-01 -0.9608588775023673E-01 -0.2487464925556560E+00 -0.3735523265358341E+00 -0.5022731706102629E+00 -0.6067652490144176E+00 -0.6948895524194347E+00 -0.7683670927366889E+00 -0.8451798200374806E+00 -0.9331028759331412E+00 -0.9915798217480508E+00 -0.9434617413053680E+00 -0.7545308975739375E+00 -0.4927075876148714E+00 -0.2622312528980497E+00 -0.1020980308036087E+00 -0.8158056983096877E-02  0.3635044616220647E-01  0.0000000000000000E+00
  0.0000000000000000E+00  0.1547988346532499E+00  0.1496699213663349E+00  0.7638626402959565E-01 -0.5359578251140280E-01 -0.1736607521591067E+00 -0.3013548485378171E+00 -0.4142262286611383E+00 -0.5106310241150950E+00 -0.5892747049585138E+00 -0.6651501839697501E+00 -0.7657821178863795E+00 -0.8858406755748486E+00 -0.9511145929087151E+00 -0.8714423919903179E+00 -0.6479263312216478E+00 -0.3849377992739629E+00 -0.1700821828972267E+00 -0.3235424730727240E-01  0.3067762952158644E-01  0.0000000000000000E+00
  0.0000000000000000E+00  0.1867770154302745E+00  0.2511421019982693E+00  0.2401414156053315E+00  0.1505465523906782E+00  0.4783719925868353E-01 -0.6827031067949299E-01 -0.1814986244200624E+00 -0.2867087654663847E+00 -0.3796974150307955E+00 -0.4650965265561431E+00 -0.5689699401481271E+00 -0.7156167055353111E+00 -0.8674447837112885E+00 -0.9143446612397674E+00 -0.7840213151620556E+00 -0.5378219247154342E+00 -0.2912004463569344E+00 -0.1056337674783914E+00 -0.1052916778265722E-01  0.0000000000000000E+00
  0.0000000000000000E+00  0.1798074485062490E+00  0.3049023031936187E+00  0.3721184644759708E+00  0.3448775552024240E+00  0.2770531172109819E+00  0.1850767987122132E+00  0.8287083382689651E-01 -0.2453045213110775E-01 -0.1331047087979840E+00 -0.2404036298051840E+00 -0.3586203909538780E+00 -0.5161856142163026E+00 -0.7199798392469513E+00 -0.8833622662342842E+00 -0.8788795540168981E+00 -0.6928653186706516E+00 -0.4412889593978886E+00 -0.2169656317150072E+00 -0.7962628021085505E-01  0.0000000000000000E+00
  0.0000000000000000E+00  0.1419702408480986E+00  0.3037142180681757E+00  0.4499731716324732E+00  0.5033134993844210E+00  0.4905141724768176E+00  0.4356026666313401E+00  0.3544887798389971E+00  0.2533185461375260E+00  0.1349999810740165E+00  0.3518759736185050E-02 -0.1409962613514781E+00 -0.3104213250666726E+00 -0.5361167281200389E+00 -0.7859227234552165E+00 -0.9212855487871598E+00 -0.8374803088222524E+00 -0.6087414419733450E+00 -0.3606245886715118E+00 -0.1679844572343447E+00  0.0000000000000000E+00
  0.0000000000000000E+00  0.8453754054736182E-01  0.2498311472996123E+00  0.4538654073473536E+00  0.5910344388887152E+00  0.6499669931786877E+00  0.6468491368862678E+00  0.5979226623274276E+00  0.5117980238060952E+00  0.3916911108610278E+00  0.2421946163810424E+00  0.7088467788096775E-01 -0.1136517388042619E+00 -0.3407632447320934E+00 -0.6337960102594665E+00 -0.8969066796034059E+00 -0.9550797188921116E+00 -0.7852637099597365E+00 -0.5318263033072568E+00 -0.2712196134986796E+00  0.0000000000000000E+00
  0.0000000000000000E+00  0.1572114172691508E-01  0.1541743275798331E+00  0.3756573914617529E+00  0.5782986728225585E+00  0.7129893983991493E+00  0.7733844185991614E+00  0.7680888975127300E+00  0.7060181647560801E+00  0.5925923065816847E+00  0.4363668296230379E+00  0.2512179419480371E+00  0.5959132717985074E-01 -0.1522550076354006E+00 -0.4409200574419284E+00 -0.7892752227442178E+00 -0.1012987288942300E+01 -0.9508086655369483E+00 -0.7208491753325150E+00 -0.3861230603565569E+00  0.0000000000000000E+00
  0.0000000000000000E+00 -0.5388260807142309E-01  0.3199980580500703E-01  0.2237577121979786E+00  0.4499075104362592E+00  0.6404796452633280E+00  0.7620667471283714E+00  0.8066989133428476E+00  0.7786014974402115E+00  0.6857380529661374E+00  0.5430356635757818E+00  0.3702038224289526E+00  0.1941337828085050E+00  0.1609064637984893E-01 -0.2226378054868239E+00 -0.5845035722184950E+00 -0.9593974123927312E+00 -0.1056912907661020E+01 -0.9022384977566407E+00 -0.5020626109550728E+00  0.0000000000000000E+00
  0.0000000000000000E+00 -0.8043489779568191E-01 -0.5424662952948769E-01  0.7421853791046225E-01  0.2644495416815307E+00  0.4558530583112585E+00  0.6045982279251881E+00  0.6883874169945060E+00  0.7023349744994627E+00  0.6517925808331482E+00  0.5525444733142609E+00  0.4242332089491160E+00  0.2910960506304742E+00  0.1618754999947365E+00  0.3123740084351733E-02 -0.2857233206617852E+00 -0.7337319231874111E+00 -0.1008977775384762E+01 -0.1006435481853589E+01 -0.5801637647568315E+00  0.0000000000000000E+00
  0.0000000000000000E+00  0.5006355794222366E-02  0.7198742171490734E-01  0.1630705416029685E+00  0.2835763897807866E+00  0.4152871788814459E+00  0.5315305869571381E+00  0.6100454425550322E+00  0.6398909722629470E+00  0.6203693960775278E+00  0.5624578559400638E+00  0.4804732087416921E+00  0.3943882753478617E+00  0.3108571855675431E+00  0.2277071534151522E+00  0.6969666493017854E-01 -0.3057521209257122E+00 -0.6673793069019396E+00 -0.8752525245238489E+00 -0.5184390542878828E+00  0.0000000000000000E+00
  0.0000000000000000E+00  0.4227757277326561E+00  0.5443243758627204E+00  0.6060092536621405E+00  0.6416214771501025E+00  0.6743639442974356E+00  0.7045553746801290E+00  0.7228066044527705E+00  0.7215830858201386E+00  0.6987068641626736E+00  0.6601221074869503E+00  0.6117749206353987E+00  0.5655765262048267E+00  0.5197504585372908E+00  0.4901824947448670E+00  0.4401345017556385E+00  0.2938421326684135E+00  0.1180458298527384E+00 -0.1557599520375031E+00 -0.4651181760606622E-01  0.0000000000000000E+00
  0.3000000000000000E+01  0.1736679172596254E+01  0.1439014294126746E+01  0.1345042780616547E+01  0.1358711958330479E+01  0.1392195345989139E+01  0.1417864462916751E+01  0.1441625629196721E+01  0.1475141714802531E+01  0.1524248803589507E+01  0.1582091533479213E+01  0.1645148446835496E+01  0.1697658696733382E+01  0.1751605809955671E+01  0.1757159669180551E+01  0.1749293159663263E+01  0.1812721481069048E+01  0.1978483203539845E+01  0.2592027331588661E+01  0.2621096398530316E+01  0.3000000000000000E+01
