  0.0000000000000000E+00  0.5739944501277142E-02  0.2061947732539721E-01  0.7352316899060402E-01  0.1434514649589906E+00  0.2014930993819253E+00  0.1994038616784540E+00  0.9389567782268016E-01 -0.1099648244674322E+00 -0.3694094311988378E+00 -0.6159283761145525E+00 -0.7697174910005478E+00 -0.7739357732348038E+00 -0.6472613544850715E+00 -0.4702144514538364E+00 -0.2991110895317921E+00 -0.1570749020611885E+00 -0.5228794094121364E-01  0.1063140244523045E-01  0.2221679123718562E-01  0.0000000000000000E+00
  0.0000000000000000E+00 -0.2384178632310061E-01 -0.6613690472752413E-01 -0.1238957992980725E+00 -0.1833822725403213E+00 -0.2255048016341979E+00 -0.2312525141084346E+00 -0.1817332939209019E+00 -0.7912348573579014E-01  0.6065930184776576E-01  0.2074876666477057E+00  0.3270480799072567E+00  0.3900453478479870E+00  0.3925953061685618E+00  0.3535860404845191E+00  0.2892647586161615E+00  0.2104029622704242E+00  0.1300097527726643E+00  0.6069254266718514E-01  0.1997058720519421E-01  0.0000000000000000E+00
  0.0000000000000000E+00 -0.6578541446802469E-01 -0.1777912368571752E+00 -0.2981642289036134E+00 -0.4066953526619733E+00 -0.4750213055206685E+00 -0.4943536806468500E+00 -0.4513042039400256E+00 -0.3473352816748026E+00 -0.1874315256555406E+00  0.6534623828564562E-02  0.2114267487212222E+00  0.3962002703091572E+00  0.5305245640206139E+00  0.5905436699997209E+00  0.5686831863166923E+00  0.4741339847500841E+00  0.3377413173767792E+00  0.1927090304467859E+00  0.8212855285276824E-01  0.0000000000000000E+00
  0.0000000000000000E+00 -0.8270624223173510E-01 -0.2694998942421318E+00 -0.4277351617269841E+00 -0.5666625928831526E+00 -0.6538799317446647E+00 -0.6965321801729598E+00 -0.6815565565947329E+00 -0.6150474567903702E+00 -0.4928924987063976E+00 -0.3270693713306245E+00 -0.1262496822762270E+00  0.8483222115597354E-01  0.2764751923313666E+00  0.4186087651996111E+00  0.4901411372501012E+00  0.4774563366234407E+00  0.3889135478575694E+00  0.2495120569999451E+00  0.1091647379159829E+00  0.0000000000000000E+00
  0.0000000000000000E+00 -0.7592785086647999E-01 -0.3154343523679207E+00 -0.4898941211437191E+00 -0.6503180706596469E+00 -0.7545951434456568E+00 -0.8246818857200646E+00 -0.8428245494388371E+00 -0.8193864636207669E+00 -0.7427894292450613E+00 -0.6178844030031131E+00 -0.4432640483817796E+00 -0.2396906933997782E+00 -0.4046335462088818E-01  0.1234416712466446E+00  0.2397001465371616E+00  0.2961377255773680E+00  0.2820736500169095E+00  0.1967936271600819E+00  0.9191964192849776E-01  0.0000000000000000E+00
  0.0000000000000000E+00 -0.5863370804097812E-01 -0.3061077267990396E+00 -0.4775542050011780E+00 -0.6447379381053662E+00 -0.7567127456972588E+00 -0.8462026799221197E+00 -0.8931804495427912E+00 -0.9127662695685420E+00 -0.8916402177308529E+00 -0.8266670428941468E+00 -0.7007535255200104E+00 -0.5177479362130801E+00 -0.3142062266867938E+00 -0.1406945710142653E+00 -0.1371673391008613E-01  0.7359692738973066E-01  0.1128981393705446E+00  0.8857045124465751E-01  0.4941471322980868E-01  0.0000000000000000E+00
  0.0000000000000000E+00 -0.3590189574709336E-01 -0.2486136979598105E+00 -0.4073386657461859E+00 -0.5714173195423187E+00 -0.6872272951616981E+00 -0.7893686525330196E+00 -0.8566153305969473E+00 -0.9062973327551419E+00 -0.9313166726084697E+00 -0.9293953605575432E+00 -0.8734368947858179E+00 -0.7373762123436756E+00 -0.5363590315635283E+00 -0.3377282612092527E+00 -0.1943146537144136E+00 -0.9628290961408344E-01 -0.3029191893106793E-01 -0.5219493262276683E-02  0.9262665522499386E-02  0.0000000000000000E+00
  0.0000000000000000E+00  0.8204087829503680E-04 -0.1516389206775752E+00 -0.2943294052409695E+00 -0.4504539696422499E+00 -0.5693555220191898E+00 -0.6797545264769534E+00 -0.7597809133769705E+00 -0.8241090157530303E+00 -0.8743114571309594E+00 -0.9184764283311821E+00 -0.9364181268784664E+00 -0.8784640706517991E+00 -0.7145199807731121E+00 -0.4914800373498026E+00 -0.3025124490763318E+00 -0.1788915233373676E+00 -0.9525971718305190E-01 -0.3965417118455613E-01  0.3622795619821797E-03  0.0000000000000000E+00
  0.0000000000000000E+00  0.5703497437629876E-01 -0.2842193512809132E-01 -0.1512545113550065E+00 -0.2976696011046154E+00 -0.4199256071852333E+00 -0.5379552549544028E+00 -0.6296788520089863E+00 -0.7021849594527575E+00 -0.7603340318182267E+00 -0.8229920580171390E+00 -0.8926922182897139E+00 -0.9217947414661711E+00 -0.8392535676690368E+00 -0.6343730357530958E+00 -0.3962582931158438E+00 -0.2146134049218850E+00 -0.9636069094068007E-01 -0.2174254780059882E-01  0.2167123769748544E-01  0.0000000000000000E+00
  0.0000000000000000E+00  0.1229312340747859E+00  0.1005690318171146E+00  0.9891736923710330E-02 -0.1209327989139022E+00 -0.2421245188831690E+00 -0.3641505137599862E+00 -0.4671166169258833E+00 -0.5501176517914246E+00 -0.6146520085414982E+00 -0.6802634377424768E+00 -0.7717830244705729E+00 -0.8682739880560557E+00 -0.8873358897469718E+00 -0.7580755225350743E+00 -0.5183960471288550E+00 -0.2815943642759243E+00 -0.1089556923101431E+00 -0.5630485599979211E-02  0.4228107038433820E-01  0.0000000000000000E+00
  0.0000000000000000E+00  0.1686222640511015E+00  0.2100633071059930E+00  0.1715543088966093E+00  0.7103291500496507E-01 -0.3780874789186354E-01 -0.1541538606638383E+00 -0.2626124567975418E+00 -0.3581049031259278E+00 -0.4372495578243593E+00 -0.5104944340723745E+00 -0.6091414682370917E+00 -0.7440402948981567E+00 -0.8542652086833652E+00 -0.8329216951496821E+00 -0.6497018269339598E+00 -0.3988171620535723E+00 -0.1806724238417588E+00 -0.3564240691568783E-01  0.3206080878120547E-01  0.0000000000000000E+00
  0.0000000000000000E+00  0.1776882853541458E+00  0.2802352160037549E+00  0.3129679779439803E+00  0.2635682227586678E+00  0.1826347381960766E+00  0.8388474328920703E-01 -0.2003739356888065E-01 -0.1236674176465962E+00 -0.2218762172195645E+00 -0.3151857479482268E+00 -0.4257176545857742E+00 -0.5800148948191950E+00 -0.7570373768547406E+00 -0.8488538382738364E+00 -0.7611930589486858E+00 -0.5377119014387400E+00 -0.2978300251022839E+00 -0.1109332509355214E+00 -0.1258749714718850E-01  0.0000000000000000E+00
  0.0000000000000000E+00  0.1527106800236122E+00  0.3000559290797952E+00  0.4115740363442791E+00  0.4327189452423721E+00  0.3974064987620058E+00  0.3285739507189014E+00  0.2399755268085759E+00  0.1367786023735541E+00  0.2300173355597427E-01 -0.9681619534006553E-01 -0.2308758867597280E+00 -0.3993559558504414E+00 -0.6168378019738170E+00 -0.8088617142587013E+00 -0.8410737781076519E+00 -0.6805857550467137E+00 -0.4403367729294108E+00 -0.2200216090214631E+00 -0.8179136818577090E-01  0.0000000000000000E+00
  0.0000000000000000E+00  0.1049205262869113E+00  0.2681179883523140E+00  0.4466282544881400E+00  0.5481993938358647E+00  0.5758240122850599E+00  0.5502151346231255E+00  0.4869248831857385E+00  0.3927669662394591E+00  0.2709691073786774E+00  0.1272795183056176E+00 -0.3560583085216770E-01 -0.2191463745265233E+00 -0.4540499807944268E+00 -0.7180625586927155E+00 -0.8787046962869709E+00 -0.8188898694020116E+00 -0.6021291902166230E+00 -0.3606667156113748E+00 -0.1689329475483775E+00  0.0000000000000000E+00
  0.0000000000000000E+00  0.4453458278487291E-01  0.1930097351855876E+00  0.4053430064775214E+00  0.5780530926562902E+00  0.6773471679145197E+00  0.7075245848284812E+00  0.6805497867271735E+00  0.6046259807189722E+00  0.4838410004931372E+00  0.3254622414144053E+00  0.1404365727942930E+00 -0.5380536894037330E-01 -0.2858102441834949E+00 -0.5830085153004769E+00 -0.8583317714236651E+00 -0.9351625436112936E+00 -0.7760988669819331E+00 -0.5297341504176589E+00 -0.2710641336566074E+00  0.0000000000000000E+00
  0.0000000000000000E+00 -0.2129084811222337E-01  0.8843251418756648E-01  0.2891298032606152E+00  0.5013923566204386E+00  0.6638625788707989E+00  0.7547545885008180E+00  0.7731548389423023E+00  0.7247509957033844E+00  0.6156630492382602E+00  0.4579488617520067E+00  0.2704777678966518E+00  0.8201452883839286E-01 -0.1251371745351001E+00 -0.4102559334762096E+00 -0.7599396253375601E+00 -0.9952523345299885E+00 -0.9414097186175979E+00 -0.7178571295526379E+00 -0.3853056619944963E+00  0.0000000000000000E+00
  0.0000000000000000E+00 -0.7875976327422943E-01 -0.2717985887643383E-01  0.1230773313863367E+00  0.3274190903150955E+00  0.5186412223502919E+00  0.6546452714740680E+00  0.7175693361835376E+00  0.7057018136365842E+00  0.6257360870385344E+00  0.4948022669701173E+00  0.3364661665069497E+00  0.1801311498456505E+00  0.1982916111150130E-01 -0.2087023780340558E+00 -0.5649578994647710E+00 -0.9452043435658883E+00 -0.1048446193449829E+01 -0.8991935338205487E+00 -0.5009797431702032E+00  0.0000000000000000E+00
  0.0000000000000000E+00 -0.8132110249308426E-01 -0.7833397017840225E-01  0.1058419831167712E-01  0.1626834824813838E+00  0.3298819293757446E+00  0.4702164071107205E+00  0.5574537900338957E+00  0.5821030556469738E+00  0.5471039974085492E+00  0.4675912495756236E+00  0.3633885216634646E+00  0.2576292205274253E+00  0.1530589703079923E+00  0.7990815698977012E-02 -0.2731515257358654E+00 -0.7230134879607070E+00 -0.1001821696777953E+01 -0.1003767549284062E+01 -0.5791113236999816E+00  0.0000000000000000E+00
  0.0000000000000000E+00  0.2141531453723321E-01  0.8600421890658091E-01  0.1603622238961067E+00  0.2513006637110350E+00  0.3532308644046175E+00  0.4480309931447192E+00  0.5162338554251897E+00  0.5461529055500471E+00  0.5354514817031789E+00  0.4930243171183987E+00  0.4310194407326969E+00  0.3664672998961273E+00  0.3025171581687154E+00  0.2305429216046505E+00  0.7841385825780456E-01 -0.2984357771672291E+00 -0.6622037946674177E+00 -0.8733814845864245E+00 -0.5178376312959236E+00  0.0000000000000000E+00
  0.0000000000000000E+00  0.4284569251710963E+00  0.5547588289038434E+00  0.6131429097087507E+00  0.6376238338909835E+00  0.6557905646781493E+00  0.6728184233741847E+00  0.6827832433329850E+00  0.6794371533218996E+00  0.6599472321294368E+00  0.6284903646125110E+00  0.5889292121090519E+00  0.5519244964866047E+00  0.5138377366404998E+00  0.4898538133212360E+00  0.4424847586148179E+00  0.2959610610299009E+00  0.1199863923686365E+00 -0.1550454908909775E+00 -0.4650336011235511E-01  0.0000000000000000E+00
  0.3000000000000000E+01  0.1736044539023944E+01  0.1421727732195051E+01  0.1320933494769855E+01  0.1338429162038084E+01  0.1385859170370169E+01  0.1429575723022165E+01  0.1467884125426235E+01  0.1507841445584349E+01  0.1555609785314868E+01  0.1607553223280866E+01  0.1664231804405541E+01  0.1710693810436313E+01  0.1761003948247216E+01  0.1760981481640942E+01  0.1750959582413351E+01  0.1813681039743068E+01  0.1977837028226673E+01  0.2591754988086508E+01  0.2621672449041141E+01  0.3000000000000000E+01
