  0.0000000000000000E+00  0.5748819374920541E-02  0.2065083154031344E-01  0.7353040361919638E-01  0.1434128344753305E+00  0.2014155186021956E+00  0.1993585639835687E+00  0.9398569412624830E-01 -0.1096767582272003E+00 -0.3689010185470873E+00 -0.6152262621238578E+00 -0.7689265045164326E+00 -0.7732280759645958E+00 -0.6467713913896445E+00 -0.4699346159714637E+00 -0.2989914670200051E+00 -0.1570731213415332E+00 -0.5237394665802880E-01  0.1050144845987372E-01  0.2206548267319672E-01  0.0000000000000000E+00
  0.0000000000000000E+00 -0.2384062168042706E-01 -0.6612105093750567E-01 -0.1238437832006460E+00 -0.1832831731626058E+00 -0.2253694668368598E+00 -0.2311148381905474E+00 -0.1816463762873398E+00 -0.7912367203290538E-01  0.6054851652501727E-01  0.2072687817504571E+00  0.3267506260450234E+00  0.3897297997552474E+00  0.3923176166586275E+00  0.3533623029022292E+00  0.2891017680994015E+00  0.2103051697921387E+00  0.1299843310379545E+00  0.6071901900230983E-01  0.2004689755727988E-01  0.0000000000000000E+00
  0.0000000000000000E+00 -0.6577304566636065E-01 -0.1777123212722036E+00 -0.2980009459827415E+00 -0.4064366850124869E+00 -0.4746928819083839E+00 -0.4939859505880734E+00 -0.4509534347357713E+00 -0.3470477743259164E+00 -0.1872554689720355E+00  0.6580083127513569E-02  0.2113253736186376E+00  0.3959613233011464E+00  0.5301814585862381E+00  0.5901522927352238E+00  0.5683138372781993E+00  0.4738423880348829E+00  0.3375790464558346E+00  0.1926585054668032E+00  0.8220617534503635E-01  0.0000000000000000E+00
  0.0000000000000000E+00 -0.8270017084315323E-01 -0.2693586123304409E+00 -0.4274893967883615E+00 -0.5663010419977921E+00 -0.6534457799623355E+00 -0.6960452431741515E+00 -0.6810673668698402E+00 -0.6145806328231436E+00 -0.4924899281364112E+00 -0.3267487611205404E+00 -0.1260495873773033E+00  0.8489243160819858E-01  0.2763931012144858E+00  0.4184110406988200E+00  0.4898784515115998E+00  0.4771856545123991E+00  0.3887224024379448E+00  0.2494147013721896E+00  0.1092313147173825E+00  0.0000000000000000E+00
  0.0000000000000000E+00 -0.7593783004836813E-01 -0.3152411857257828E+00 -0.4895908261931094E+00 -0.6498768366786541E+00 -0.7540771798336553E+00 -0.8240925817757595E+00 -0.8422184611640720E+00 -0.8187755144592015E+00 -0.7422142420617353E+00 -0.6173588506451448E+00 -0.4428333276111876E+00 -0.2393857814530810E+00 -0.4029204840904287E-01  0.1235025857221766E+00  0.2396725708063126E+00  0.2960451706456351E+00  0.2819882303614685E+00  0.1967432707175691E+00  0.9200090171092565E-01  0.0000000000000000E+00
  0.0000000000000000E+00 -0.5865916104264812E-01 -0.3059036886025035E+00 -0.4772566653796599E+00 -0.6442962297931504E+00 -0.7561997583794241E+00 -0.8456097324909724E+00 -0.8925661689422281E+00 -0.9121329025743371E+00 -0.8910157402402794E+00 -0.8260487066846456E+00 -0.7001799436930609E+00 -0.5172752041991263E+00 -0.3138663789024285E+00 -0.1404581948434684E+00 -0.1355180405444892E-01  0.7368968457869066E-01  0.1129524192376964E+00  0.8860540394803447E-01  0.4951864214798408E-01  0.0000000000000000E+00
  0.0000000000000000E+00 -0.3593274322726953E-01 -0.2484302608636052E+00 -0.4070777782709348E+00 -0.5710023561977230E+00 -0.6867309611705334E+00 -0.7887756616489471E+00 -0.8559980198302048E+00 -0.9056700654694584E+00 -0.9307064833054255E+00 -0.9287786307029381E+00 -0.8728135028783688E+00 -0.7368021546832165E+00 -0.5359106742291254E+00 -0.3374098843678960E+00 -0.1940667240020380E+00 -0.9609149100723698E-01 -0.3015362565138826E-01 -0.5133766869122991E-02  0.9366442777825737E-02  0.0000000000000000E+00
  0.0000000000000000E+00  0.4361848510465651E-04 -0.1515115252605388E+00 -0.2941320604781879E+00 -0.4500921209085875E+00 -0.5688915964686941E+00 -0.6791719228503493E+00 -0.7591624727070464E+00 -0.8234938462965188E+00 -0.8737445978114928E+00 -0.9179343724536568E+00 -0.9358502734366324E+00 -0.8778782620852243E+00 -0.7140056921562302E+00 -0.4911152277003083E+00 -0.3022634103407491E+00 -0.1787093344723999E+00 -0.9513334848485050E-01 -0.3958456714393482E-01  0.4341387004433390E-03  0.0000000000000000E+00
  0.0000000000000000E+00  0.5696125447709918E-01 -0.2839118909141832E-01 -0.1511555397514747E+00 -0.2974021808989578E+00 -0.4195364296326831E+00 -0.5374253413906293E+00 -0.6290856747719989E+00 -0.7015852594823682E+00 -0.7597984869610909E+00 -0.8225319723499357E+00 -0.8922390534321539E+00 -0.9212895277226792E+00 -0.8387359103007174E+00 -0.6339589986835376E+00 -0.3959929891863121E+00 -0.2144593148976107E+00 -0.9628505543328508E-01 -0.2171760848015428E-01  0.2170975577097034E-01  0.0000000000000000E+00
  0.0000000000000000E+00  0.1227893029355466E+00  0.1004706016772838E+00  0.9847740694786592E-02 -0.1208220464924042E+00 -0.2418911569435269E+00 -0.3637741055982960E+00 -0.4666514442578793E+00 -0.5496131851353526E+00 -0.6141815196886931E+00 -0.6798799534513246E+00 -0.7714492579340341E+00 -0.8679011317582486E+00 -0.8868918335652363E+00 -0.7576477503907402E+00 -0.5180806185619944E+00 -0.2813997053437898E+00 -0.1088656941343051E+00 -0.5604156049232232E-02  0.4232279052726406E-01  0.0000000000000000E+00
  0.0000000000000000E+00  0.1684276460002548E+00  0.2098367258334945E+00  0.1713397463757567E+00  0.7093308451066600E-01 -0.3781115775087089E-01 -0.1540403796827557E+00 -0.2624059145961518E+00 -0.3578279389286715E+00 -0.4369472463177958E+00 -0.5102292311251612E+00 -0.6089204059668850E+00 -0.7438008062298034E+00 -0.8539344177641104E+00 -0.8325358382043700E+00 -0.6493650726817440E+00 -0.3985651931919850E+00 -0.1805131967991610E+00 -0.3556215043273749E-01  0.3214061066728898E-01  0.0000000000000000E+00
  0.0000000000000000E+00  0.1774918493509794E+00  0.2799192904726083E+00  0.3125908678261313E+00  0.2632379778217801E+00  0.1823583178292655E+00  0.8368136273992198E-01 -0.2016366967412037E-01 -0.1237114312906931E+00 -0.2218451395739499E+00 -0.3151167152979631E+00 -0.4256286016980562E+00 -0.5798931971678122E+00 -0.7568168703377253E+00 -0.8485303372372608E+00 -0.7608660582826579E+00 -0.5374359296781358E+00 -0.2976130552430995E+00 -0.1107952456775848E+00 -0.1247153974343577E-01  0.0000000000000000E+00
  0.0000000000000000E+00  0.1525598033908998E+00  0.2997165258378848E+00  0.4110849341998362E+00  0.4321887767836410E+00  0.3968747034167147E+00  0.3280692688091485E+00  0.2395214280948176E+00  0.1364013170852128E+00  0.2272595448930734E-01 -0.9699236529653912E-01 -0.2309463001575714E+00 -0.3993398924325702E+00 -0.6167077122692455E+00 -0.8085954787916441E+00 -0.8407583176112344E+00 -0.6803036364351460E+00 -0.4400861503720137E+00 -0.2198409567751415E+00 -0.8165831674045644E-01  0.0000000000000000E+00
  0.0000000000000000E+00  0.1048435287917874E+00  0.2678309260647792E+00  0.4461164944548985E+00  0.5475517259872730E+00  0.5751065829105001E+00  0.5494763127168963E+00  0.4862076995902650E+00  0.3921142601062311E+00  0.2704281913653141E+00  0.1268787553611709E+00 -0.3582848175747342E-01 -0.2192169739740147E+00 -0.4539813644744879E+00 -0.7178373253274453E+00 -0.8783903710807870E+00 -0.8185995676780794E+00 -0.6018569070293991E+00 -0.3604581640246123E+00 -0.1687960061043454E+00  0.0000000000000000E+00
  0.0000000000000000E+00  0.4454884402840571E-01  0.1928383818896403E+00  0.4049194460574188E+00  0.5774164544056244E+00  0.6765687151045618E+00  0.7066717934903897E+00  0.6796861067026118E+00  0.6038107603022852E+00  0.4831397323498643E+00  0.3249276591083080E+00  0.1401249221561983E+00 -0.5392302876403825E-01 -0.2857716703494053E+00 -0.5828059457292432E+00 -0.8580070974219660E+00 -0.9348562629029487E+00 -0.7758090895450890E+00 -0.5295099618131115E+00 -0.2709279890606037E+00  0.0000000000000000E+00
  0.0000000000000000E+00 -0.2116531127513325E-01  0.8842190567396348E-01  0.2889105009187222E+00  0.5009317965227432E+00  0.6632011125013437E+00  0.7539626984895228E+00  0.7723142571462333E+00  0.7239412908050981E+00  0.6149673314869176E+00  0.4574347786306026E+00  0.2701944131398605E+00  0.8191821844260058E-01 -0.1250960805817350E+00 -0.4100680595586580E+00 -0.7596044423013866E+00 -0.9949266068584715E+00 -0.9411053373074304E+00 -0.7176256413041571E+00 -0.3851715119302476E+00  0.0000000000000000E+00
  0.0000000000000000E+00 -0.7853695880474738E-01 -0.2701301752009688E-01  0.1231348170213217E+00  0.3272840623736424E+00  0.5183057676753995E+00  0.6541539203252200E+00  0.7169999001878201E+00  0.7051416167331764E+00  0.6252733698046857E+00  0.4944993752552887E+00  0.3363440487108281E+00  0.1801315911415282E+00  0.1990132782663768E-01 -0.2085357705576802E+00 -0.5646341537062922E+00 -0.9448727616873782E+00 -0.1048136830590658E+01 -0.8989645457425161E+00 -0.5008502714120074E+00  0.0000000000000000E+00
  0.0000000000000000E+00 -0.8111660233563703E-01 -0.7811223113800006E-01  0.1080191300868896E-01  0.1628201149649033E+00  0.3299012878431576E+00  0.4701257287494129E+00  0.5572975994530137E+00  0.5819431090093089E+00  0.5470012916396686E+00  0.4675812021915186E+00  0.3634680345887968E+00  0.2577461083703935E+00  0.1531685136267181E+00  0.8118412881043462E-02 -0.2728804689338049E+00 -0.7227138190485434E+00 -0.1001531162451473E+01 -0.1003556188389827E+01 -0.5789937607288274E+00  0.0000000000000000E+00
  0.0000000000000000E+00  0.2145183904882514E-01  0.8603454176120541E-01  0.1604430118090383E+00  0.2514111216303893E+00  0.3533365921366164E+00  0.4481116374547280E+00  0.5162934052515527E+00  0.5462134582086994E+00  0.5355377234241778E+00  0.4931487994228573E+00  0.4311705190285587E+00  0.3666118068077059E+00  0.3026203135632773E+00  0.2306097551492331E+00  0.7858348914645773E-01 -0.2982291622921444E+00 -0.6619777151570750E+00 -0.8732089751494274E+00 -0.5177380412839000E+00  0.0000000000000000E+00
  0.0000000000000000E+00  0.4283786435267316E+00  0.5546831339783344E+00  0.6131056066903208E+00  0.6376201643745438E+00  0.6558043398527094E+00  0.6728363478813757E+00  0.6828000352603694E+00  0.6794564854703196E+00  0.6599734201186318E+00  0.6285262152094875E+00  0.5889645511252445E+00  0.5519494840892230E+00  0.5138282871996392E+00  0.4898160803095110E+00  0.4424748634340867E+00  0.2959866036394182E+00  0.1200678323285862E+00 -0.1549641816874231E+00 -0.4644321607714162E-01  0.0000000000000000E+00
  0.3000000000000000E+01  0.1736315908468630E+01  0.1421985139826202E+01  0.1321126191738076E+01  0.1338550628506758E+01  0.1385923572578488E+01  0.1429602593810601E+01  0.1467893299470444E+01  0.1507844001797741E+01  0.1555617463068282E+01  0.1607570153794395E+01  0.1664276865652825E+01  0.1710763354540037E+01  0.1761135451964360E+01  0.1761161514220700E+01  0.1751158898844198E+01  0.1813811026789601E+01  0.1977818787857166E+01  0.2591683569912842E+01  0.2621591606947525E+01  0.3000000000000000E+01
