  0.0000000000000000E+00  0.5736530919845800E-02  0.2060376949795042E-01  0.7351892659913284E-01  0.1434697078279787E+00  0.2015303626090837E+00  0.1994234397182928E+00  0.9384461546000006E-01 -0.1101192328418034E+00 -0.3696794218651629E+00 -0.6163010065075496E+00 -0.7701385354687076E+00 -0.7743143654469704E+00 -0.6475252341473116E+00 -0.4703669120736946E+00 -0.2991783918792519E+00 -0.1570794729811419E+00 -0.5224573623076451E-01  0.1069743639921744E-01  0.2229545648064599E-01  0.0000000000000000E+00
  0.0000000000000000E+00 -0.2384285857627999E-01 -0.6614425420126303E-01 -0.1239211189835972E+00 -0.1834314582772637E+00 -0.2255728141652366E+00 -0.2313220146652107E+00 -0.1817770493540417E+00 -0.7912251697785716E-01  0.6071748338765415E-01  0.2076023131701996E+00  0.3272042720253557E+00  0.3902115561486851E+00  0.3927418470489164E+00  0.3537042692040529E+00  0.2893510822125770E+00  0.2104550829933314E+00  0.1300239470235605E+00  0.6067946996522593E-01  0.1993080474204872E-01  0.0000000000000000E+00
  0.0000000000000000E+00 -0.6579204480899416E-01 -0.1778289931058387E+00 -0.2982444303516588E+00 -0.4068246670038123E+00 -0.4751880798866260E+00 -0.4945426042773393E+00 -0.4514865326021250E+00 -0.3474867837753749E+00 -0.1875269717022005E+00  0.6505933003049198E-02  0.2114742806073595E+00  0.3963203029990848E+00  0.5307003069994377E+00  0.5907458955384641E+00  0.5688748547584791E+00  0.4742857759988524E+00  0.3378261048399169E+00  0.1927358462948952E+00  0.8208787070679216E-01  0.0000000000000000E+00
  0.0000000000000000E+00 -0.8271060138619094E-01 -0.2695708281643220E+00 -0.4278604962315390E+00 -0.5668488187128742E+00 -0.6541059708811258E+00 -0.6967873913390213E+00 -0.6818148079891930E+00 -0.6152955616585711E+00 -0.4931087563010597E+00 -0.3272442026940996E+00 -0.1263621816309765E+00  0.8479336385028020E-01  0.2765121438610230E+00  0.4187075216707370E+00  0.4902748068414377E+00  0.4775950102225125E+00  0.3890115030573627E+00  0.2495619529576312E+00  0.1091293843149066E+00  0.0000000000000000E+00
  0.0000000000000000E+00 -0.7592438251655208E-01 -0.3155342742045630E+00 -0.4900527294945081E+00 -0.6505496021003282E+00 -0.7548687228769523E+00 -0.8249937596883499E+00 -0.8431461065185547E+00 -0.8197108775600206E+00 -0.7430958186753229E+00 -0.6181658360706174E+00 -0.4434966435436998E+00 -0.2398571205947258E+00 -0.4055831198591740E-01  0.1234058522105969E+00  0.2397111288273145E+00  0.2961829494603970E+00  0.2821156206029816E+00  0.1968181757404227E+00  0.9187638088771022E-01  0.0000000000000000E+00
  0.0000000000000000E+00 -0.5862246677634449E-01 -0.3062164815064632E+00 -0.4777142218632557E+00 -0.6449750868854764E+00 -0.7569896425103985E+00 -0.8465224752258521E+00 -0.8935115435015007E+00 -0.9131063282873682E+00 -0.8919746318432491E+00 -0.8269982647670837E+00 -0.7010620448640992E+00 -0.5180035996105967E+00 -0.3143902264934693E+00 -0.1408217191360107E+00 -0.1380520230521641E-01  0.7354645625943598E-01  0.1128678863186071E+00  0.8855089620344503E-01  0.4935973873113716E-01  0.0000000000000000E+00
  0.0000000000000000E+00 -0.3588839585651503E-01 -0.2487148530845312E+00 -0.4074833594972334E+00 -0.5716451650865356E+00 -0.6875006449224067E+00 -0.7896938931772950E+00 -0.8569526962523488E+00 -0.9066373380141789E+00 -0.9316443539923637E+00 -0.9297244742462429E+00 -0.8737698139431180E+00 -0.7376844884329038E+00 -0.5366006161539428E+00 -0.3378985382719239E+00 -0.1944453217028855E+00 -0.9638297805905061E-01 -0.3036414992485457E-01 -0.5264166978144242E-02  0.9208448729155707E-02  0.0000000000000000E+00
  0.0000000000000000E+00  0.9839016668784076E-04 -0.1517131728754311E+00 -0.2944436693942460E+00 -0.4506576495374650E+00 -0.5696163747550395E+00 -0.6800798588081918E+00 -0.7601247473604416E+00 -0.8244480555239957E+00 -0.8746198168798344E+00 -0.9187668090145724E+00 -0.9367200881480797E+00 -0.8787766650433370E+00 -0.7147961976817696E+00 -0.4916759701989418E+00 -0.3026442760951100E+00 -0.1789860028403179E+00 -0.9532430071567408E-01 -0.3968939240381628E-01  0.3251492809110618E-03  0.0000000000000000E+00
  0.0000000000000000E+00  0.5706908495288759E-01 -0.2844601589793744E-01 -0.1513180500839189E+00 -0.2978248872573650E+00 -0.4201487626838597E+00 -0.5382552158760049E+00 -0.6300123900586185E+00 -0.7025194152343202E+00 -0.7606291128846113E+00 -0.8232404980252205E+00 -0.8929322345380186E+00 -0.9220617945619392E+00 -0.8395295138712594E+00 -0.6345953798540771E+00 -0.3964007066283266E+00 -0.2146951758710506E+00 -0.9639989276490740E-01 -0.2175516665902273E-01  0.2165086111157280E-01  0.0000000000000000E+00
  0.0000000000000000E+00  0.1230028993591652E+00  0.1006150586655557E+00  0.9905269430209657E-02 -0.1210035584874559E+00 -0.2422630706763674E+00 -0.3643670374349260E+00 -0.4673808046633043E+00 -0.5504014652084237E+00 -0.6149139750515004E+00 -0.6804729712758143E+00 -0.7719598470951599E+00 -0.8684686255088880E+00 -0.8875696879315683E+00 -0.7583033422302845E+00 -0.5185652398317683E+00 -0.2816994568044670E+00 -0.1090048293512276E+00 -0.5645667273227282E-02  0.4225768656091222E-01  0.0000000000000000E+00
  0.0000000000000000E+00  0.1687252883327685E+00  0.2101811515072960E+00  0.1716621850422675E+00  0.7107817147748426E-01 -0.3781670093706524E-01 -0.1542245157348880E+00 -0.2627330881440174E+00 -0.3582627821097465E+00 -0.4374193130291328E+00 -0.5106406098796145E+00 -0.6092587697080181E+00 -0.7441631710820030E+00 -0.8544363603979759E+00 -0.8331247103496267E+00 -0.6498807123722565E+00 -0.3989521095801562E+00 -0.1807586533052404E+00 -0.3568665816883156E-01  0.3201686158506146E-01  0.0000000000000000E+00
  0.0000000000000000E+00  0.1777954393600971E+00  0.2804049315263453E+00  0.3131673825405871E+00  0.2637416555491158E+00  0.1827794517794663E+00  0.8399076950859544E-01 -0.1997234803976276E-01 -0.1236463746012792E+00 -0.2218952529493466E+00 -0.3152239143033181E+00 -0.4257638261510053E+00 -0.5800749126623665E+00 -0.7571485715267294E+00 -0.8490217267758609E+00 -0.7613650287467765E+00 -0.5378581945448854E+00 -0.2979459681448826E+00 -0.1110075287008454E+00 -0.1265011346666851E-01  0.0000000000000000E+00
  0.0000000000000000E+00  0.1527953312607983E+00  0.3002415859599020E+00  0.4118379493641123E+00  0.4330044049410804E+00  0.3976937225064166E+00  0.3288479808277212E+00  0.2402233327582495E+00  0.1369852813364082E+00  0.2315334091593140E-01 -0.9671853329745306E-01 -0.2308348556205295E+00 -0.3993596587931114E+00 -0.6169007591250020E+00 -0.8089981609156247E+00 -0.8412384441069479E+00 -0.6807342225090489E+00 -0.4404696714144569E+00 -0.2201178997998275E+00 -0.8186251183019527E-01  0.0000000000000000E+00
  0.0000000000000000E+00  0.1049662092600577E+00  0.2682774343454703E+00  0.4469077161546252E+00  0.5485518517926075E+00  0.5762151301752581E+00  0.5506194729093494E+00  0.4873188624238344E+00  0.3931265620627390E+00  0.2712678156018740E+00  0.1275015629143988E+00 -0.3548112413772429E-01 -0.2191038086494553E+00 -0.4540810721770183E+00 -0.7181774784078091E+00 -0.8788684516129563E+00 -0.8190421479439344E+00 -0.6022730178799145E+00 -0.3607773911851571E+00 -0.1690058307623451E+00  0.0000000000000000E+00
  0.0000000000000000E+00  0.4453113157775579E-01  0.1931073057829190E+00  0.4055767322383827E+00  0.5784019436318709E+00  0.6777735185831374E+00  0.7079925715017225E+00  0.6810248858531710E+00  0.6050753162294227E+00  0.4842281545539502E+00  0.3257579858389636E+00  0.1406099169440350E+00 -0.5373812916153328E-01 -0.2858268590261553E+00 -0.5831127429464859E+00 -0.8585017194671609E+00 -0.9353234501936440E+00 -0.7762518067212224E+00 -0.5298528871841560E+00 -0.2711364185430197E+00  0.0000000000000000E+00
  0.0000000000000000E+00 -0.2135465231212665E-01  0.8844298118290048E-01  0.2892537266875307E+00  0.5016469900584721E+00  0.6642264683557726E+00  0.7551900061264021E+00  0.7736174192079125E+00  0.7251970656373627E+00  0.6160467364296682E+00  0.4582327973744927E+00  0.2706347980783087E+00  0.8206879213001091E-01 -0.1251571485635380E+00 -0.4103542743150922E+00 -0.7601165599091495E+00 -0.9954243395313709E+00 -0.9415706538840852E+00 -0.7179797150249977E+00 -0.3853768232846906E+00  0.0000000000000000E+00
  0.0000000000000000E+00 -0.7887693589176938E-01 -0.2726607266752787E-01  0.1230511113028583E+00  0.3274973123954248E+00  0.5188281744538458E+00  0.6549170057361035E+00  0.7178835749523967E+00  0.7060107813410572E+00  0.6259912711034954E+00  0.4949692937516402E+00  0.3365334346886080E+00  0.1801308406893755E+00  0.1979029368825948E-01 -0.2087912652009786E+00 -0.5651302539415830E+00 -0.9453805034411439E+00 -0.1048610302926047E+01 -0.8993149343042377E+00 -0.5010484478559433E+00  0.0000000000000000E+00
  0.0000000000000000E+00 -0.8143042118411471E-01 -0.7845231270489349E-01  0.1046873364424103E-01  0.1626122888457484E+00  0.3298744110642788E+00  0.4702685267378058E+00  0.5575411673307333E+00  0.5821917938982364E+00  0.5471605329405494E+00  0.4675960831919637E+00  0.3633434495933914E+00  0.2575633095756057E+00  0.1529978592546699E+00  0.7921380837192002E-02 -0.2732967831043216E+00 -0.7231735087989887E+00 -0.1001976381839912E+01 -0.1003879814420627E+01 -0.5791737896719757E+00  0.0000000000000000E+00
  0.0000000000000000E+00  0.2139440064830569E-01  0.8598623051394903E-01  0.1603169549607844E+00  0.2512395773946111E+00  0.3531725464083975E+00  0.4479863134496627E+00  0.5162003920256109E+00  0.5461183489479567E+00  0.5354021409234333E+00  0.4929532984643649E+00  0.4309332960112541E+00  0.3663846887872459E+00  0.3024580469149712E+00  0.2305052064155850E+00  0.7832249185390734E-01 -0.2985464548404006E+00 -0.6623245202443322E+00 -0.8734733021742173E+00 -0.5178906332434096E+00  0.0000000000000000E+00
  0.0000000000000000E+00  0.4284977631976100E+00  0.5547976203053373E+00  0.6131607688447218E+00  0.6376234749536337E+00  0.6557807612835994E+00  0.6728063289459959E+00  0.6827716278134989E+00  0.6794239190728038E+00  0.6599299404192801E+00  0.6284675191476617E+00  0.5889064121301530E+00  0.5519074117986079E+00  0.5138397433245880E+00  0.4898721695514799E+00  0.4424892538793810E+00  0.2959470815518124E+00  0.1199428014286770E+00 -0.1550888338443010E+00 -0.4653538681264714E-01  0.0000000000000000E+00
  0.3000000000000000E+01  0.1735901111055476E+01  0.1421593369597937E+01  0.1320834648426619E+01  0.1338369152533710E+01  0.1385830262557599E+01  0.1429567326611675E+01  0.1467885508585114E+01  0.1507846591729545E+01  0.1555612319665593E+01  0.1607550741021380E+01  0.1664214059620795E+01  0.1710662453391422E+01  0.1760938816941207E+01  0.1760888697761145E+01  0.1750854730215764E+01  0.1813612300504162E+01  0.1977847075469637E+01  0.2591793199358686E+01  0.2621715527194532E+01  0.3000000000000000E+01
