  0.0000000000000000E+00  0.5741661462973890E-02  0.2058238068263274E-01  0.7350211899967568E-01  0.1434673846004430E+00  0.2015261048647325E+00  0.1993461964513394E+00  0.9361271774455387E-01 -0.1105464779234725E+00 -0.3703044102770322E+00 -0.6170826183312851E+00 -0.7709664753093608E+00 -0.7750226298392862E+00 -0.6480027024159778E+00 -0.4706389113825328E+00 -0.2993001167950611E+00 -0.1570933269703995E+00 -0.5218043555972401E-01  0.1080312961899940E-01  0.2242747064638267E-01  0.0000000000000000E+00
  0.0000000000000000E+00 -0.2384759599245571E-01 -0.6614777280185342E-01 -0.1239438126209495E+00 -0.1834826344225063E+00 -0.2256442170552793E+00 -0.2313824931759926E+00 -0.1817841945956774E+00 -0.7904966427174365E-01  0.6088419453330774E-01  0.2078547100543933E+00  0.3275114960132146E+00  0.3905173381500747E+00  0.3930002927304592E+00  0.3539070943435164E+00  0.2894958245469994E+00  0.2105404192894010E+00  0.1300458927497556E+00  0.6065709226728937E-01  0.1986256097903783E-01  0.0000000000000000E+00
  0.0000000000000000E+00 -0.6580112651439324E-01 -0.1778609377229275E+00 -0.2983293188631728E+00 -0.4069805186670759E+00 -0.4754065463011052E+00 -0.4948012830766385E+00 -0.4517398660424785E+00 -0.3476954707387034E+00 -0.1876518266771090E+00  0.6481511831894739E-02  0.2115680127302831E+00  0.3965293846109379E+00  0.5309981757753999E+00  0.5910823716480164E+00  0.5691873568459371E+00  0.4745279308978035E+00  0.3379572426895428E+00  0.1927744064208675E+00  0.8201515358349618E-01  0.0000000000000000E+00
  0.0000000000000000E+00 -0.8272377932665186E-01 -0.2696674312386144E+00 -0.4280455710096113E+00 -0.5671400922016939E+00 -0.6544765490519643E+00 -0.6972164237433730E+00 -0.6822566714924678E+00 -0.6157253469890606E+00 -0.4934897594462364E+00 -0.3275596247133228E+00 -0.1265732764605182E+00  0.8471040428152769E-01  0.2765639968488734E+00  0.4188671020836890E+00  0.4904910410281125E+00  0.4778154019486625E+00  0.3891624857718106E+00  0.2496360231530838E+00  0.1090657325294989E+00  0.0000000000000000E+00
  0.0000000000000000E+00 -0.7592882435029984E-01 -0.3156992028232524E+00 -0.4903268293691395E+00 -0.6509577398156537E+00 -0.7553625554999897E+00 -0.8255602102539089E+00 -0.8437323946534301E+00 -0.8203001401584326E+00 -0.7436508724397440E+00 -0.6186758430865230E+00 -0.4439204173324069E+00 -0.2401625894111646E+00 -0.4073186004885906E-01  0.1233415579636168E+00  0.2397277087159398E+00  0.2962538036943041E+00  0.2821780890335314E+00  0.1968529175888997E+00  0.9180114079211980E-01  0.0000000000000000E+00
  0.0000000000000000E+00 -0.5861602032222314E-01 -0.3064230605273494E+00 -0.4780283791812922E+00 -0.6454390245339834E+00 -0.7575402359889037E+00 -0.8471574229794501E+00 -0.8941688139456554E+00 -0.9137737082021249E+00 -0.8926212996305195E+00 -0.8276287478804013E+00 -0.7016437828901787E+00 -0.5184839616079405E+00 -0.3147307689200308E+00 -0.1410460142006927E+00 -0.1395272919445144E-01  0.7346488146426627E-01  0.1128184010061362E+00  0.8851937711693611E-01  0.4926819287825279E-01  0.0000000000000000E+00
  0.0000000000000000E+00 -0.3588131165260272E-01 -0.2489306657299318E+00 -0.4077975974177142E+00 -0.5721232830757478E+00 -0.6880760858348196E+00 -0.7903699336006569E+00 -0.8576498509780611E+00 -0.9073289599961479E+00 -0.9322958789624690E+00 -0.9303603933841096E+00 -0.8744001786422835E+00 -0.7382649366095213E+00 -0.5370527369114951E+00 -0.3382051897508611E+00 -0.1946638420736156E+00 -0.9654022813415626E-01 -0.3047379334532692E-01 -0.5329661201235542E-02  0.9122233129241727E-02  0.0000000000000000E+00
  0.0000000000000000E+00  0.1036928742369111E-03 -0.1518968688214430E+00 -0.2947211193243541E+00 -0.4511123573754076E+00 -0.5701912681055090E+00 -0.6807820292976849E+00 -0.7608619007641482E+00 -0.8251670614690773E+00 -0.8752616340468130E+00 -0.9193491715854167E+00 -0.9373016054630883E+00 -0.8793684380139655E+00 -0.7153187017414211E+00 -0.4920419051478022E+00 -0.3028754022764513E+00 -0.1791361543262801E+00 -0.9541827124201716E-01 -0.3973734262023523E-01  0.2670418918774113E-03  0.0000000000000000E+00
  0.0000000000000000E+00  0.5710107318997040E-01 -0.2854331010594552E-01 -0.1515097654904850E+00 -0.2981980337941422E+00 -0.4206615957676866E+00 -0.5389194329470122E+00 -0.6307403795687448E+00 -0.7032419403096596E+00 -0.7612595173075350E+00 -0.8237553486702526E+00 -0.8934019359580753E+00 -0.9225660806623524E+00 -0.8400500762731219E+00 -0.6350184503546603E+00 -0.3966685294053353E+00 -0.2148418732928999E+00 -0.9646399785710270E-01 -0.2177444621859025E-01  0.2161347058954173E-01  0.0000000000000000E+00
  0.0000000000000000E+00  0.1231120961536148E+00  0.1006566269373263E+00  0.9861958212952420E-02 -0.1212146661994169E+00 -0.2426117544976928E+00 -0.3648689085422414E+00 -0.4679741766743942E+00 -0.5510285554554046E+00 -0.6154875533943085E+00 -0.6809233151289589E+00 -0.7723158174510273E+00 -0.8688335620383062E+00 -0.8880029549015606E+00 -0.7587328754644037E+00 -0.5188879668251462E+00 -0.2819023402509315E+00 -0.1091035838121613E+00 -0.5682576894398907E-02  0.4220558839611369E-01  0.0000000000000000E+00
  0.0000000000000000E+00  0.1689129162270637E+00  0.2103777604684907E+00  0.1718128764755542E+00  0.7109984812223520E-01 -0.3790250993293440E-01 -0.1544331048355827E+00 -0.2630379247050799E+00 -0.3586372290873954E+00 -0.4378101607114275E+00 -0.5109707686940169E+00 -0.6095058228050676E+00 -0.7443916048029867E+00 -0.8547428467684737E+00 -0.8334978218716192E+00 -0.6502159870215651E+00 -0.3992085731514977E+00 -0.1809274501052304E+00 -0.3577848982650408E-01  0.3192605227701943E-01  0.0000000000000000E+00
  0.0000000000000000E+00  0.1780107027219851E+00  0.2807243304736100E+00  0.3135157580695567E+00  0.2640273915703660E+00  0.1830055335337104E+00  0.8414178777087979E-01 -0.1989936389961854E-01 -0.1236565028747447E+00 -0.2219795754474282E+00 -0.3153368522672799E+00 -0.4258731481362618E+00 -0.5801839777979133E+00 -0.7573352122672768E+00 -0.8493178943022942E+00 -0.7616787686049499E+00 -0.5381292196724822E+00 -0.2981640305668995E+00 -0.1111500026557232E+00 -0.1277106462377420E-01  0.0000000000000000E+00
  0.0000000000000000E+00  0.1529810674608049E+00  0.3006137520256441E+00  0.4123362994950206E+00  0.4335285075524549E+00  0.3982155909676379E+00  0.3293443857612889E+00  0.2406708274218797E+00  0.1373550780359974E+00  0.2341865593323236E-01 -0.9655309876887141E-01 -0.2307681704888523E+00 -0.3993604402011771E+00 -0.6169931904012383E+00 -0.8092262594342087E+00 -0.8415294035907571E+00 -0.6810028413425135E+00 -0.4407135830830748E+00 -0.2202970015991904E+00 -0.8199565410142096E-01  0.0000000000000000E+00
  0.0000000000000000E+00  0.1050839246425735E+00  0.2686156780070519E+00  0.4474620079040255E+00  0.5492316722220522E+00  0.5769617216014562E+00  0.5513900668385031E+00  0.4880707384752431E+00  0.3938138701517705E+00  0.2718394331299154E+00  0.1279276100402297E+00 -0.3523912226995229E-01 -0.2190124396835144E+00 -0.4541138105976398E+00 -0.7183613409501181E+00 -0.8791507060599826E+00 -0.8193124031766188E+00 -0.6025326932140121E+00 -0.3609799936534299E+00 -0.1691401846026664E+00  0.0000000000000000E+00
  0.0000000000000000E+00  0.4455643943845321E-01  0.1933347394989141E+00  0.4060642881757135E+00  0.5791021139360752E+00  0.6786154262682474E+00  0.7089115137665327E+00  0.6819574168701017E+00  0.6059593246436741E+00  0.4849935625050615E+00  0.3263477940249228E+00  0.1409617826744673E+00 -0.5359396161305842E-01 -0.2858354704163932E+00 -0.5832790838665167E+00 -0.8587933564617154E+00 -0.9356067449604261E+00 -0.7765255086400722E+00 -0.5300679581860450E+00 -0.2712684196656669E+00  0.0000000000000000E+00
  0.0000000000000000E+00 -0.2144643652351634E-01  0.8850452740286788E-01  0.2895438974243355E+00  0.5021897968742323E+00  0.6649765363254707E+00  0.7560749775257991E+00  0.7745533831360880E+00  0.7261008894679792E+00  0.6168296587094733E+00  0.4588204725307936E+00  0.2709694181346937E+00  0.8219265114324704E-01 -0.1251777750884993E+00 -0.4105177770610345E+00 -0.7604248927650207E+00 -0.9957287615630146E+00 -0.9418587108876844E+00 -0.7182006661343049E+00 -0.3855060318703358E+00  0.0000000000000000E+00
  0.0000000000000000E+00 -0.7907818550316283E-01 -0.2739596165750662E-01  0.1230532981712709E+00  0.3277111794596399E+00  0.5192565760138858E+00  0.6555104651509244E+00  0.7185586413052587E+00  0.7066735439079392E+00  0.6265453361968815E+00  0.4953438057284855E+00  0.3367002268605934E+00  0.1801487365371749E+00  0.1972531720282349E-01 -0.2089486211927928E+00 -0.5654384863081132E+00 -0.9456964911237011E+00 -0.1048906079847955E+01 -0.8995338854697869E+00 -0.5011729855527133E+00  0.0000000000000000E+00
  0.0000000000000000E+00 -0.8163407655157556E-01 -0.7866729015708111E-01  0.1027320582889059E-01  0.1625163013224422E+00  0.3299125172608608E+00  0.4704287793210160E+00  0.5577719950409251E+00  0.5824230474855692E+00  0.5473223187663698E+00  0.4676456615994538E+00  0.3632804724283195E+00  0.2574433084693694E+00  0.1528785300637077E+00  0.7788686324124533E-02 -0.2735642887848967E+00 -0.7234653433454964E+00 -0.1002258094392282E+01 -0.1004083311486682E+01 -0.5792872929488979E+00  0.0000000000000000E+00
  0.0000000000000000E+00  0.2134344361161399E-01  0.8593812868632612E-01  0.1602192331046845E+00  0.2511200029969935E+00  0.3530687574057030E+00  0.4479177431278676E+00  0.5161587084578366E+00  0.5460751090439726E+00  0.5353259556445021E+00  0.4928267702687250E+00  0.4307668937274897E+00  0.3662154465614231E+00  0.3023303243875368E+00  0.2304231557815608E+00  0.7814855682216292E-01 -0.2987516017701616E+00 -0.6625467463315180E+00 -0.8736410155133182E+00 -0.5179875387305467E+00  0.0000000000000000E+00
  0.0000000000000000E+00  0.4285666322144414E+00  0.5548572422532957E+00  0.6131791331494442E+00  0.6376088560432345E+00  0.6557517722878661E+00  0.6727769791154903E+00  0.6827460719935727E+00  0.6793960529335907E+00  0.6598926556990402E+00  0.6284162753242305E+00  0.5888510451060072E+00  0.5518597790503983E+00  0.5138274096847194E+00  0.4898945003702558E+00  0.4424914241388522E+00  0.2959190707604281E+00  0.1198617011954920E+00 -0.1551685394235628E+00 -0.4659419516710426E-01  0.0000000000000000E+00
  0.3000000000000000E+01  0.1735643546968290E+01  0.1421366401926439E+01  0.1320681833656352E+01  0.1338293434867290E+01  0.1385813440542105E+01  0.1429586805781397E+01  0.1467920492477119E+01  0.1507886950243200E+01  0.1555647988547381E+01  0.1607577944296034E+01  0.1664213758409468E+01  0.1710636109410228E+01  0.1760848095333379E+01  0.1760739654670793E+01  0.1750674284405606E+01  0.1813491185948555E+01  0.1977868150082006E+01  0.2591864602757370E+01  0.2621795046770766E+01  0.3000000000000000E+01
