  0.0000000000000000E+00  0.3952625150909612E-02 -0.2742775892017772E-01 -0.8714429372855149E-01 -0.1908661331651456E+00 -0.3399974262069221E+00 -0.5186764988952298E+00 -0.6938700172181125E+00 -0.8258577730557839E+00 -0.8826734419375450E+00 -0.8512885861015439E+00 -0.7472990900046356E+00 -0.6053575524881547E+00 -0.4579287103123505E+00 -0.3241136094780828E+00 -0.2129681807507979E+00 -0.1267398825120641E+00 -0.6545732718044106E-01 -0.2396967992480051E-01 -0.7878160083886573E-02  0.0000000000000000E+00
  0.0000000000000000E+00 -0.1214998856321851E-01  0.1114575724349683E-02  0.2364586978049881E-01  0.6722032613042164E-01  0.1320673826267422E+00  0.2137912624025761E+00  0.3003628933323916E+00  0.3764878242654093E+00  0.4281902108322492E+00  0.4474166023671587E+00  0.4352115428169846E+00  0.3992354116632525E+00  0.3479044041181684E+00  0.2873074454482492E+00  0.2234154529447351E+00  0.1609016017593843E+00  0.1063044166720150E+00  0.5905492466380095E-01  0.2990055920222381E-01  0.0000000000000000E+00
  0.0000000000000000E+00 -0.3249734053874592E-01 -0.2408403174712867E-01 -0.1620668438705507E-01  0.1079484522611933E-01  0.5620472167330445E-01  0.1226972883124983E+00  0.2072186627790624E+00  0.3036056997404442E+00  0.4018971905592025E+00  0.4909612209999322E+00  0.5583355384463183E+00  0.5923486825016029E+00  0.5857845020421545E+00  0.5378087268666647E+00  0.4572781780834073E+00  0.3559649227660889E+00  0.2534559228356039E+00  0.1531950940666023E+00  0.8182351752278484E-01  0.0000000000000000E+00
  0.0000000000000000E+00 -0.5840296149762238E-01 -0.7620280019752819E-01 -0.1053830359017159E+00 -0.1210672172612042E+00 -0.1224114603369747E+00 -0.9714895296456896E-01 -0.4266862734026886E-01  0.4032865585203747E-01  0.1433987201452487E+00  0.2563025908484801E+00  0.3646755405198074E+00  0.4532923715615522E+00  0.5078604383158776E+00  0.5179222553166628E+00  0.4826464302826028E+00  0.4063146302269201E+00  0.3093643526004939E+00  0.1968149388326675E+00  0.1063692977561240E+00  0.0000000000000000E+00
  0.0000000000000000E+00 -0.8324571384608272E-01 -0.1515452566340655E+00 -0.2399988926338402E+00 -0.3220153440667435E+00 -0.3854400094710541E+00 -0.4070615130430495E+00 -0.3835605200228199E+00 -0.3142305970214900E+00 -0.2099844086455716E+00 -0.8224782000699435E-01  0.5126637271013622E-01  0.1747746659713005E+00  0.2734250831498067E+00  0.3357762946414078E+00  0.3555504044160445E+00  0.3291529854324752E+00  0.2695644704647852E+00  0.1779522566312966E+00  0.1009399327739005E+00  0.0000000000000000E+00
  0.0000000000000000E+00 -0.1014765153267725E+00 -0.2411135510585711E+00 -0.3967251888112537E+00 -0.5463563483953092E+00 -0.6622662804400957E+00 -0.7236660240223483E+00 -0.7306382223970178E+00 -0.6799991867650266E+00 -0.5812098815447535E+00 -0.4434839748742847E+00 -0.2880065149648008E+00 -0.1343424765738770E+00 -0.1129296491403253E-02  0.1010744850792996E+00  0.1661789383474284E+00  0.1887545188870595E+00  0.1739862618003414E+00  0.1195256145444741E+00  0.7602916170768319E-01  0.0000000000000000E+00
  0.0000000000000000E+00 -0.1034260073840575E+00 -0.3114948712861366E+00 -0.5160352929270610E+00 -0.7100857873051221E+00 -0.8583217823653032E+00 -0.9538861732551174E+00 -0.9950651502697755E+00 -0.9764402642326152E+00 -0.9007772986525615E+00 -0.7693904075062457E+00 -0.6004361641337307E+00 -0.4178380994120774E+00 -0.2503625738290912E+00 -0.1145497337929682E+00 -0.1572302047287547E-01  0.4453543656615922E-01  0.6833442625154619E-01  0.5399814830486285E-01  0.4538953979812133E-01  0.0000000000000000E+00
  0.0000000000000000E+00 -0.9163725857459092E-01 -0.3340071562252854E+00 -0.5583608568131004E+00 -0.7691801924970887E+00 -0.9326487259176596E+00 -0.1053360251932058E+01 -0.1128630941242443E+01 -0.1155837552527093E+01 -0.1129213444581197E+01 -0.1036699639596925E+01 -0.8800152613213367E+00 -0.6778873440436721E+00 -0.4694069034365225E+00 -0.2903007154607514E+00 -0.1563791095069020E+00 -0.6592541588135625E-01 -0.1226609437080932E-01  0.8022683141343571E-02  0.2448903654481193E-01  0.0000000000000000E+00
  0.0000000000000000E+00 -0.7046756088240487E-01 -0.2921277892372141E+00 -0.5064506167326802E+00 -0.7036607765978300E+00 -0.8607490537515640E+00 -0.9862760973367741E+00 -0.1082632810131339E+01 -0.1154189329201459E+01 -0.1195240948895383E+01 -0.1183598262094738E+01 -0.1094442728958302E+01 -0.9196372619026286E+00 -0.6883330762417335E+00 -0.4556511671862990E+00 -0.2672418849215778E+00 -0.1360727470607021E+00 -0.5295796397927245E-01 -0.6768163362438616E-02  0.2206966477759000E-01  0.0000000000000000E+00
  0.0000000000000000E+00 -0.3521505328350723E-01 -0.1882040921397157E+00 -0.3726228373023586E+00 -0.5371047240229277E+00 -0.6747996615380839E+00 -0.7892637755797731E+00 -0.8865586653638607E+00 -0.9775804429779680E+00 -0.1068368901581369E+01 -0.1144571923214341E+01 -0.1167655717408092E+01 -0.1092418288052641E+01 -0.9059339176819784E+00 -0.6509128837914039E+00 -0.4003269085824905E+00 -0.2051792440072178E+00 -0.7599741599738472E-01 -0.3333443150151483E-02  0.3174966756455277E-01  0.0000000000000000E+00
  0.0000000000000000E+00  0.2362070477216353E-01 -0.4251138905713616E-01 -0.1865613625928832E+00 -0.3143903301025677E+00 -0.4318789300818294E+00 -0.5351661809020132E+00 -0.6268270611448279E+00 -0.7159979163598630E+00 -0.8179072374795449E+00 -0.9400166679965299E+00 -0.1059911824113738E+01 -0.1118744787185873E+01 -0.1054187749458883E+01 -0.8561188633925173E+00 -0.5865696071943404E+00 -0.3299619039859619E+00 -0.1366612612121928E+00 -0.2028730750475807E-01  0.3074794559754972E-01  0.0000000000000000E+00
  0.0000000000000000E+00  0.1006904963306089E+00  0.1130474744002994E+00  0.2162781210541521E-01 -0.7017653761687495E-01 -0.1679587346041528E+00 -0.2650461656181136E+00 -0.3583195120910520E+00 -0.4484397698905465E+00 -0.5459213273119190E+00 -0.6702997380448225E+00 -0.8299731408512652E+00 -0.9902763121881362E+00 -0.1070696566470211E+01 -0.1000026943652325E+01 -0.7862224197006578E+00 -0.5120627370692528E+00 -0.2641089940289611E+00 -0.8885272433099338E-01 -0.3783357248651479E-02  0.0000000000000000E+00
  0.0000000000000000E+00  0.1591979113829064E+00  0.2361813483975154E+00  0.2139039670912138E+00  0.1664898297649561E+00  0.9705702883634876E-01  0.1179428762124812E-01 -0.8374965887858363E-01 -0.1838494436087997E+00 -0.2882856285422745E+00 -0.4083059663411661E+00 -0.5663974529117939E+00 -0.7687734904294674E+00 -0.9613694310208356E+00 -0.1040540590868761E+01 -0.9431013158968753E+00 -0.7076399600767873E+00 -0.4372684094244671E+00 -0.2072138411885510E+00 -0.7368554863452294E-01  0.0000000000000000E+00
  0.0000000000000000E+00  0.1733252125368447E+00  0.2980319231048360E+00  0.3555839207320698E+00  0.3677390741355690E+00  0.3399318724453585E+00  0.2785483559351976E+00  0.1904897117879484E+00  0.8363380536513423E-01 -0.3595339703894476E-01 -0.1655135882369972E+00 -0.3164849608438567E+00 -0.5167863493426770E+00 -0.7654569961667521E+00 -0.9761643164931445E+00 -0.1029646632805532E+01 -0.8844373903932203E+00 -0.6287818597477126E+00 -0.3626035731816774E+00 -0.1670391345947688E+00  0.0000000000000000E+00
  0.0000000000000000E+00  0.1440533344877722E+00  0.2890880624605846E+00  0.4167247676725654E+00  0.4967275428221775E+00  0.5227444835871520E+00  0.4983288037255861E+00  0.4303947423215588E+00  0.3276921670337566E+00  0.1996723432185951E+00  0.5784979718876716E-01 -0.9369637713609086E-01 -0.2752054552360412E+00 -0.5245801556759243E+00 -0.8163768958151064E+00 -0.1027461691827054E+01 -0.1022047529678977E+01 -0.8220390396612858E+00 -0.5446173791686673E+00 -0.2752147324545099E+00  0.0000000000000000E+00
  0.0000000000000000E+00  0.8850751515088982E-01  0.2249177370799058E+00  0.3927461083729207E+00  0.5311187041987910E+00  0.6137932632567664E+00  0.6343536128300874E+00  0.5963749629587877E+00  0.5095524120874677E+00  0.3874005251181947E+00  0.2465966452851619E+00  0.9783243441093606E-01 -0.6365046362765120E-01 -0.2788321018973769E+00 -0.5821379993559731E+00 -0.9148297414003889E+00 -0.1087198331104088E+01 -0.9954018232101419E+00 -0.7407782347246668E+00 -0.3937119493472999E+00  0.0000000000000000E+00
  0.0000000000000000E+00  0.2361728918792081E-01  0.1338792607012728E+00  0.3097389227248722E+00  0.4813242832468582E+00  0.6066352233093378E+00  0.6681172974863935E+00  0.6647221259016711E+00  0.6064019362881604E+00  0.5085364454631985E+00  0.3887854525508569E+00  0.2574109982715141E+00  0.1180093390320655E+00 -0.5258362874801416E-01 -0.3071216087148985E+00 -0.6807928964587137E+00 -0.1026355451226787E+01 -0.1100185400489126E+01 -0.9241315496733299E+00 -0.5113363065197198E+00  0.0000000000000000E+00
  0.0000000000000000E+00 -0.1726163017094957E-01  0.5586995167273812E-01  0.2116594640317845E+00  0.3852715962291249E+00  0.5306245025119356E+00  0.6236345667381064E+00  0.6579880445170632E+00  0.6399947158493503E+00  0.5814738346498463E+00  0.4967520910486237E+00  0.3941094172906708E+00  0.2807086928861526E+00  0.1501613821293999E+00 -0.2671573935500979E-01 -0.3413033116616276E+00 -0.7816025699903045E+00 -0.1042969987137359E+01 -0.1024944463598053E+01 -0.5885527283925743E+00  0.0000000000000000E+00
  0.0000000000000000E+00  0.1515579173959990E-01  0.1070327405108528E+00  0.2531966536550129E+00  0.4093979410200997E+00  0.5456470811004308E+00  0.6429892882830871E+00  0.6932404354482847E+00  0.6982177215108772E+00  0.6651489892210611E+00  0.6054991745375709E+00  0.5271788045789007E+00  0.4400193399521177E+00  0.3430925898162520E+00  0.2372773001489547E+00  0.5096228932722029E-01 -0.3291402447851440E+00 -0.6867512585183226E+00 -0.8862196482903792E+00 -0.5230858071340713E+00  0.0000000000000000E+00
  0.0000000000000000E+00  0.4068253544371042E+00  0.5457987771825665E+00  0.6453005331060551E+00  0.7156756129249433E+00  0.7676047752008758E+00  0.7997284430400976E+00  0.8083366539549269E+00  0.7939824299864018E+00  0.7610495351968010E+00  0.7168521672992327E+00  0.6660612528609814E+00  0.6152117303809591E+00  0.5620229762179318E+00  0.5171183444683408E+00  0.4506825230491220E+00  0.2941672758111263E+00  0.1139479466800012E+00 -0.1587058432434802E+00 -0.4737371002026260E-01  0.0000000000000000E+00
  0.3000000000000000E+01  0.1794679728428287E+01  0.1469636408963153E+01  0.1317295054336848E+01  0.1262371102245270E+01  0.1242832755497804E+01  0.1243803959162794E+01  0.1268230473583504E+01  0.1316270431551672E+01  0.1382000383630658E+01  0.1454942672639872E+01  0.1528995045995956E+01  0.1594384148809241E+01  0.1657023661162456E+01  0.1685922266743932E+01  0.1698914720179854E+01  0.1788357927781477E+01  0.1971404901441674E+01  0.2589897881440062E+01  0.2619035322926717E+01  0.3000000000000000E+01
