  0.0000000000000000E+00  0.5743800363092161E-02  0.2063346874525268E-01  0.7352634070881520E-01  0.1434339934672845E+00  0.2014579155786553E+00  0.1993827736193681E+00  0.9393495008148955E-01 -0.1098367836357340E+00 -0.3691822045091999E+00 -0.6156134583725665E+00 -0.7693616476580223E+00 -0.7736164700438870E+00 -0.6470396740339440E+00 -0.4700874023116035E+00 -0.2990563318425067E+00 -0.1570733785371100E+00 -0.5232610434367724E-01  0.1057327812848663E-01  0.2214879508539422E-01  0.0000000000000000E+00
  0.0000000000000000E+00 -0.2384118906487458E-01 -0.6612984139968987E-01 -0.1238725164538861E+00 -0.1833378108291297E+00 -0.2254439033150233E+00 -0.2311903186541639E+00 -0.1816936228887437E+00 -0.7912276122274295E-01  0.6061036361925062E-01  0.2073899684872975E+00  0.3269147129720112E+00  0.3899034584336211E+00  0.3924702256491002E+00  0.3534851489322250E+00  0.2891911709079744E+00  0.2103587082631128E+00  0.1299980864148485E+00  0.6070427799575803E-01  0.2000488302717685E-01  0.0000000000000000E+00
  0.0000000000000000E+00 -0.6577976683153157E-01 -0.1777560554538170E+00 -0.2980912086528431E+00 -0.4065794390201046E+00 -0.4748737943664145E+00 -0.4941881823431236E+00 -0.4511459185847416E+00 -0.3472050673039629E+00 -0.1873511136514480E+00  0.6556447089326046E-02  0.2113824912580115E+00  0.3960939052569762E+00  0.5303710029133567E+00  0.5903680444850714E+00  0.5685171808814163E+00  0.4740027462522285E+00  0.3376681549008682E+00  0.1926861121157607E+00  0.8216344416692477E-01  0.0000000000000000E+00
  0.0000000000000000E+00 -0.8270331583241698E-01 -0.2694366763640313E+00 -0.4276249646332329E+00 -0.5665003042692605E+00 -0.6536847547355933E+00 -0.6963130499867056E+00 -0.6813361135022239E+00 -0.6148368097667025E+00 -0.4927104406877600E+00 -0.3269239294581265E+00 -0.1261583122658918E+00  0.8486061757940891E-01  0.2764393789198052E+00  0.4185207058944527E+00  0.4900236306192093E+00  0.4773349985264060E+00  0.3888277951109184E+00  0.2494683376907085E+00  0.1091947622685242E+00  0.0000000000000000E+00
  0.0000000000000000E+00 -0.7593208106947590E-01 -0.3153476662462679E+00 -0.4897578077480424E+00 -0.6501197027159051E+00 -0.7543620406650521E+00 -0.8244165888855109E+00 -0.8425515517546677E+00 -0.8191111894615235E+00 -0.7425300416555467E+00 -0.6176470843111765E+00 -0.4430691730524000E+00 -0.2395524031586541E+00 -0.4038534909571666E-01  0.1234698614074016E+00  0.2396884581322352E+00  0.2960967088388771E+00  0.2820357059963585E+00  0.1967712785702761E+00  0.9195634968066022E-01  0.0000000000000000E+00
  0.0000000000000000E+00 -0.5864485581033731E-01 -0.3060158242711820E+00 -0.4774200203896510E+00 -0.6445388003150483E+00 -0.7564812631758104E+00 -0.8459351576915974E+00 -0.8929033485718381E+00 -0.9124807487402791E+00 -0.8913587662906369E+00 -0.8263882014441409E+00 -0.7004945204781762E+00 -0.5175341613307310E+00 -0.3140524398522573E+00 -0.1405876265195797E+00 -0.1364203605210313E-01  0.7363913905632186E-01  0.1129230017421480E+00  0.8858648899470191E-01  0.4946163862933634E-01  0.0000000000000000E+00
  0.0000000000000000E+00 -0.3591538175407893E-01 -0.2485306485170252E+00 -0.4072204500121068E+00 -0.5712295491979492E+00 -0.6870025338243501E+00 -0.7891002883579936E+00 -0.8563361720458946E+00 -0.9060141437523381E+00 -0.9310416665999448E+00 -0.9291176103346065E+00 -0.8731559188761274E+00 -0.7371170776255273E+00 -0.5361564475711670E+00 -0.3375845172865815E+00 -0.1942028837571987E+00 -0.9619664318794706E-01 -0.3022954539729848E-01 -0.5180812931685828E-02  0.9309427394310114E-02  0.0000000000000000E+00
  0.0000000000000000E+00  0.6531303848366144E-04 -0.1515807089122817E+00 -0.2942393216558428E+00 -0.4502894862364905E+00 -0.5691445787988791E+00 -0.6794899029095685E+00 -0.7595002807920408E+00 -0.8238304256073398E+00 -0.8740554777804810E+00 -0.9182323283474251E+00 -0.9361625687670937E+00 -0.8782000772405385E+00 -0.7142878579305468E+00 -0.4913153372461807E+00 -0.3024002130601039E+00 -0.1788096152945731E+00 -0.9520298610670921E-01 -0.3962295109301196E-01  0.3945813452259834E-03  0.0000000000000000E+00
  0.0000000000000000E+00  0.5700248622560537E-01 -0.2840707654184058E-01 -0.1512084929625863E+00 -0.2975473431486600E+00 -0.4197479585541308E+00 -0.5377138645042003E+00 -0.6294089949081347E+00 -0.7019126528074410E+00 -0.7600915621846704E+00 -0.8227846409599923E+00 -0.8924885533732194E+00 -0.9215675649703918E+00 -0.8390203252182524E+00 -0.6341862165194921E+00 -0.3961385588280116E+00 -0.2145439592913408E+00 -0.9632671582286835E-01 -0.2173138919653513E-01  0.2168858521024107E-01  0.0000000000000000E+00
  0.0000000000000000E+00  0.1228678280984973E+00  0.1005254996367959E+00  0.9873190115265114E-02 -0.1208813181795041E+00 -0.2420173546210680E+00 -0.3639785727762958E+00 -0.4669046204805223E+00 -0.5498882143123814E+00 -0.6144385695932812E+00 -0.6800902258900472E+00 -0.7716331217542139E+00 -0.8681067873113506E+00 -0.8871362946450616E+00 -0.7578828369793186E+00 -0.5182537793643883E+00 -0.2815064473620827E+00 -0.1089149762944270E+00 -0.5618484110943471E-02  0.4230001948316179E-01  0.0000000000000000E+00
  0.0000000000000000E+00  0.1685346438924660E+00  0.2099615134899704E+00  0.1714583563387826E+00  0.7098884671103509E-01 -0.3780871431524533E-01 -0.1541014472635158E+00 -0.2625180494819755E+00 -0.3579788260018157E+00 -0.4371123576847667E+00 -0.5103745882464511E+00 -0.6090422790666027E+00 -0.7439333049657519E+00 -0.8541169844641028E+00 -0.8327482547622719E+00 -0.6495502196279731E+00 -0.3987035356446665E+00 -0.1806004762035349E+00 -0.3560603961645635E-01  0.3209697456505922E-01  0.0000000000000000E+00
  0.0000000000000000E+00  0.1775994070987766E+00  0.2800925532143397E+00  0.3127980243115625E+00  0.2634194176418042E+00  0.1825101184481633E+00  0.8379295476706144E-01 -0.2009447091642009E-01 -0.1236873908258710E+00 -0.2218623236933115E+00 -0.3151548952796785E+00 -0.4256780857770386E+00 -0.5799609889955009E+00 -0.7569389796762580E+00 -0.8487087080717587E+00 -0.7610460685471726E+00 -0.5375876687345167E+00 -0.2977321913681700E+00 -0.1108709441646058E+00 -0.1253510408008343E-01  0.0000000000000000E+00
  0.0000000000000000E+00  0.1526421092077094E+00  0.2999022320646839E+00  0.4113529264176172E+00  0.4324791890526974E+00  0.3971657186823321E+00  0.3283450889591292E+00  0.2397693002811019E+00  0.1366070368958331E+00  0.2287613013337990E-01 -0.9689668439762424E-01 -0.2309085176615897E+00 -0.3993496354356520E+00 -0.6167800989902087E+00 -0.8087424213407173E+00 -0.8409320687187291E+00 -0.6804588809035673E+00 -0.4402238906191976E+00 -0.2199401699867597E+00 -0.8173134678583756E-01  0.0000000000000000E+00
  0.0000000000000000E+00  0.1048852318409910E+00  0.2679877172735050E+00  0.4463965304695310E+00  0.5479061205854602E+00  0.5754988668163012E+00  0.5498799107956239E+00  0.4865991524706034E+00  0.3924703077005712E+00  0.2707231279656894E+00  0.1270971461432204E+00 -0.3570737743749013E-01 -0.2191790628001613E+00 -0.4540197881641196E+00 -0.7179615891467371E+00 -0.8785634210236529E+00 -0.8187593235631689E+00 -0.6020065971773710E+00 -0.3605727519316820E+00 -0.1688712151606107E+00  0.0000000000000000E+00
  0.0000000000000000E+00  0.4454052983816689E-01  0.1929317384359577E+00  0.4051510255688585E+00  0.5777646769550717E+00  0.6769943400281663E+00  0.7071377679045016E+00  0.6801577655589147E+00  0.6042557932862878E+00  0.4835224967228009E+00  0.3252194138568531E+00  0.1402949355393888E+00 -0.5385907946197898E-01 -0.2857933059870508E+00 -0.5829174833599553E+00 -0.8581856159186843E+00 -0.9350246996391723E+00 -0.7759683768471257E+00 -0.5296331516857711E+00 -0.2710027776097328E+00  0.0000000000000000E+00
  0.0000000000000000E+00 -0.2123455959879313E-01  0.8842725854612508E-01  0.2890302284290895E+00  0.5011836843750467E+00  0.6635628995176716E+00  0.7543956769932285E+00  0.7727737101467851E+00  0.7243837920618721E+00  0.6153475596964227E+00  0.4577158118174767E+00  0.2703493938009551E+00  0.8197087130449446E-01 -0.1251187498474067E+00 -0.4101712292704455E+00 -0.7597884657104528E+00 -0.9951055466464910E+00 -0.9412725791278284E+00 -0.7177528227164671E+00 -0.3852452049251257E+00  0.0000000000000000E+00
  0.0000000000000000E+00 -0.7865941728709919E-01 -0.2710480325351172E-01  0.1231030126170132E+00  0.3273578392058801E+00  0.5184893783417571E+00  0.6544228817810125E+00  0.7173115940108404E+00  0.7054482977515496E+00  0.6255268292970916E+00  0.4946655255095551E+00  0.3364113662125151E+00  0.1801317337154495E+00  0.1986196306571232E-01 -0.2086270451773879E+00 -0.5648116968560190E+00 -0.9450547339597410E+00 -0.1048306713672288E+01 -0.8990903203812091E+00 -0.5009213830130956E+00  0.0000000000000000E+00
  0.0000000000000000E+00 -0.8122882942323988E-01 -0.7823388976906714E-01  0.1068251170292268E-01  0.1627452714574360E+00  0.3298908352560834E+00  0.4701756688585164E+00  0.5573835362125611E+00  0.5820312448956101E+00  0.5470582538093544E+00  0.4675875733218289E+00  0.3634254079176604E+00  0.2576828542184380E+00  0.1531089293225156E+00  0.8048648519432339E-02 -0.2730290378207476E+00 -0.7228781681905209E+00 -0.1001690621608047E+01 -0.1003672248369731E+01 -0.5790583160405730E+00  0.0000000000000000E+00
  0.0000000000000000E+00  0.2143193431748662E-01  0.8601808514883523E-01  0.1603989422374339E+00  0.2513508754514975E+00  0.3532790576853875E+00  0.4480679804367741E+00  0.5162614471303734E+00  0.5461811009289895E+00  0.5354914377070692E+00  0.4930816601446988E+00  0.4310888025368207E+00  0.3665335257941401E+00  0.3025643467161442E+00  0.2305733515877409E+00  0.7849051462564348E-01 -0.2983424554459649E+00 -0.6621017547218575E+00 -0.8733036796596304E+00 -0.5177927179696388E+00  0.0000000000000000E+00
  0.0000000000000000E+00  0.4284217299842665E+00  0.5547248693738814E+00  0.6131263278533103E+00  0.6376224936540481E+00  0.6557971724707841E+00  0.6728269838648120E+00  0.6827913722774457E+00  0.6794465050942398E+00  0.6599597422716517E+00  0.6285072677718649E+00  0.5889458664235087E+00  0.5519363850268058E+00  0.5138339151607701E+00  0.4898370100870995E+00  0.4424803751070557E+00  0.2959726361103531E+00  0.1200231600183770E+00 -0.1550088125464008E+00 -0.4647623720084171E-01  0.0000000000000000E+00
  0.3000000000000000E+01  0.1736166744364687E+01  0.1421843477027191E+01  0.1321019958677503E+01  0.1338483394489353E+01  0.1385887540273035E+01  0.1429587028842338E+01  0.1467887330298036E+01  0.1507841585646270E+01  0.1555612210892114E+01  0.1607559856829104E+01  0.1664251203266295E+01  0.1710724370713723E+01  0.1761062601233834E+01  0.1761062321326442E+01  0.1751049389304476E+01  0.1813739636222976E+01  0.1977828765223012E+01  0.2591722757979572E+01  0.2621635993632887E+01  0.3000000000000000E+01
