  0.0000000000000000E+00  0.5759540573765348E-02  0.2068765067727299E-01  0.7353958481354345E-01  0.1433694762896921E+00  0.2013283102680816E+00  0.1993105597164972E+00  0.9409600799139456E-01 -0.1093364491108114E+00 -0.3683064530619631E+00 -0.6144100839462384E+00 -0.7680113136291314E+00 -0.7724127880662417E+00 -0.6462090905739102E+00 -0.4696149030966817E+00 -0.2988562081130419E+00 -0.1570732881919605E+00 -0.5247484859033746E-01  0.1035043949489559E-01  0.2189074463074126E-01  0.0000000000000000E+00
  0.0000000000000000E+00 -0.2383958745449976E-01 -0.6610275722438155E-01 -0.1237837255762486E+00 -0.1831688639009083E+00 -0.2252138897590578E+00 -0.2309574816931706E+00 -0.1815487284315881E+00 -0.7912741069266448E-01  0.6041681559503200E-01  0.2070128161713219E+00  0.3264051930828712E+00  0.3893649450369788E+00  0.3919973361242164E+00  0.3531046601090519E+00  0.2889143963722114E+00  0.2101931075016583E+00  0.1299557266496642E+00  0.6075015043810413E-01  0.2013503960399391E-01  0.0000000000000000E+00
  0.0000000000000000E+00 -0.6575922178973392E-01 -0.1776206209958717E+00 -0.2978115919152025E+00 -0.4061371154130328E+00 -0.4743133590090918E+00 -0.4935618853630147E+00 -0.4505501773033697E+00 -0.3467186811888048E+00 -0.1870560062768671E+00  0.6628364567727343E-02  0.2112042656194823E+00  0.3956820470446947E+00  0.5297829177987392E+00  0.5896990772304741E+00  0.5678869810035925E+00  0.4735060343130146E+00  0.3373923313586551E+00  0.1926008908092080E+00  0.8229586344272299E-01  0.0000000000000000E+00
  0.0000000000000000E+00 -0.8269384447658419E-01 -0.2691944463507203E+00 -0.4272043181306771E+00 -0.5658819408996797E+00 -0.6529432765284602E+00 -0.6954821979750183E+00 -0.6805025252301465E+00 -0.6140423490661017E+00 -0.4920267999448985E+00 -0.3263810800256345E+00 -0.1258216193885607E+00  0.8495878097809480E-01  0.2762954010487687E+00  0.4181802250280270E+00  0.4895731606305128E+00  0.4768718606697220E+00  0.3885010390265395E+00  0.2493021585133996E+00  0.1093079002255904E+00  0.0000000000000000E+00
  0.0000000000000000E+00 -0.7595021392343446E-01 -0.3150171497799228E+00 -0.4892395593944467E+00 -0.6493658947954957E+00 -0.7534780863036141E+00 -0.8234112365451418E+00 -0.8415181314081395E+00 -0.8180698113419308E+00 -0.7415505106652361E+00 -0.6167533118831290E+00 -0.4423380677822713E+00 -0.2390360137667571E+00 -0.4009635599238636E-01  0.1235708554510802E+00  0.2396386034013176E+00  0.2959363885118608E+00  0.2818880633446664E+00  0.1966841690193210E+00  0.9209415577965475E-01  0.0000000000000000E+00
  0.0000000000000000E+00 -0.5868956913596541E-01 -0.3056678470448470E+00 -0.4769131547862778E+00 -0.6437861153664995E+00 -0.7556080043019773E+00 -0.8449256418808427E+00 -0.8918572657209335E+00 -0.9114013413169212E+00 -0.8902942601856387E+00 -0.8253349107174536E+00 -0.6995188917205820E+00 -0.5167312064577662E+00 -0.3134755576968239E+00 -0.1401865230117109E+00 -0.1336274674171460E-01  0.7379527298351617E-01  0.1130135997636455E+00  0.8864466176637779E-01  0.4963796752456469E-01  0.0000000000000000E+00
  0.0000000000000000E+00 -0.3596970017450150E-01 -0.2482194826804856E+00 -0.4067782678506410E+00 -0.5705253679609814E+00 -0.6861611546787093E+00 -0.7880944914327691E+00 -0.8552881967403865E+00 -0.9049472003746913E+00 -0.9300017320735678E+00 -0.9280657673399739E+00 -0.8720937080695308E+00 -0.7361403945536020E+00 -0.5353942158455534E+00 -0.3370429413145824E+00 -0.1937808804093560E+00 -0.9587095728711460E-01 -0.2999459594321940E-01 -0.5035319010540794E-02  0.9485886873810946E-02  0.0000000000000000E+00
  0.0000000000000000E+00 -0.2640380588428788E-05 -0.1513667829058472E+00 -0.2939075861370428E+00 -0.4496787319922804E+00 -0.5683620492170758E+00 -0.6785061573908561E+00 -0.7584548152778976E+00 -0.8227879649566460E+00 -0.8730916333736595E+00 -0.9173078481053905E+00 -0.9351935844952785E+00 -0.8772018087992965E+00 -0.7134126190833729E+00 -0.4906945112211328E+00 -0.3019759096036643E+00 -0.1784987142832481E+00 -0.9498718317781912E-01 -0.3950406080266212E-01  0.5170833039035533E-03  0.0000000000000000E+00
  0.0000000000000000E+00  0.5687379249106878E-01 -0.2835870102507403E-01 -0.1510455660155822E+00 -0.2970990270222852E+00 -0.4190946774254338E+00 -0.5368223776093008E+00 -0.6284095228976627E+00 -0.7008998144279522E+00 -0.7591838880052314E+00 -0.8220010958704524E+00 -0.8917143755064101E+00 -0.9207049428274307E+00 -0.8381380037399020E+00 -0.6334811640115218E+00 -0.3956868762772157E+00 -0.2142814221846681E+00 -0.9619751313836648E-01 -0.2168867455343673E-01  0.2175411524983959E-01  0.0000000000000000E+00
  0.0000000000000000E+00  0.1226237100334379E+00  0.1003545300664323E+00  0.9793125719991752E-02 -0.1206991460098642E+00 -0.2416283549110547E+00 -0.3633474069259135E+00 -0.4661224737938103E+00 -0.5490378543069887E+00 -0.6136429835371694E+00 -0.6794385268262859E+00 -0.7710626762267115E+00 -0.8674686784138553E+00 -0.8863779123488511E+00 -0.7571533265540271E+00 -0.5177163493465420E+00 -0.2811753519978142E+00 -0.1087621957882302E+00 -0.5574152100170173E-02  0.4237041270411763E-01  0.0000000000000000E+00
  0.0000000000000000E+00  0.1682027602066841E+00  0.2095743681473201E+00  0.1710900709186318E+00  0.7081522684158169E-01 -0.3781730975655307E-01 -0.1539133675255804E+00 -0.2621716908021806E+00 -0.3575121677789441E+00 -0.4366011538858807E+00 -0.5099239447301631E+00 -0.6086640784556963E+00 -0.7435221661298670E+00 -0.8535507697974711E+00 -0.8320892485212871E+00 -0.6489755301392555E+00 -0.3982743130526085E+00 -0.1803298586498081E+00 -0.3547007486931401E-01  0.3223202643105008E-01  0.0000000000000000E+00
  0.0000000000000000E+00  0.1772662320379047E+00  0.2795557279602398E+00  0.3121560603472138E+00  0.2628573432245312E+00  0.1820401363101191E+00  0.8344779517098916E-01 -0.2030813997423934E-01 -0.1237611079808736E+00 -0.2218082920500130E+00 -0.3150356919612269E+00 -0.4255240233947797E+00 -0.5797505197066510E+00 -0.7565605521336624E+00 -0.8481557563598103E+00 -0.7604875328330111E+00 -0.5371168513315226E+00 -0.2973627509437893E+00 -0.1106362910180431E+00 -0.1233818440716548E-01  0.0000000000000000E+00
  0.0000000000000000E+00  0.1523874088541899E+00  0.2993272227127676E+00  0.4105230297782607E+00  0.4315802748006097E+00  0.3962655544129691E+00  0.3274925728998395E+00  0.2390036673288552E+00  0.1359719623926839E+00  0.2241282762483184E-01 -0.9719149154805090E-01 -0.2310245684466636E+00 -0.3993190946113090E+00 -0.6165561422743099E+00 -0.8082875351696177E+00 -0.8403934700568954E+00 -0.6799773545334576E+00 -0.4397968345819055E+00 -0.2196325882866664E+00 -0.8150500876866885E-01  0.0000000000000000E+00
  0.0000000000000000E+00  0.1047563713716864E+00  0.2675023692517538E+00  0.4455294864164272E+00  0.5468092431898046E+00  0.5742854058771474E+00  0.5486321747295650E+00  0.4853894703490954E+00  0.3913702784697323E+00  0.2698119184913124E+00  0.1264224140645844E+00 -0.3608161677716411E-01 -0.2192963167950103E+00 -0.4539013863099376E+00 -0.7175776219983010E+00 -0.8780277059530867E+00 -0.8182641556024044E+00 -0.6015426683340195E+00 -0.3602175636078249E+00 -0.1686381136285874E+00  0.0000000000000000E+00
  0.0000000000000000E+00  0.4456654918194070E-01  0.1926427477720136E+00  0.4044338367655913E+00  0.5766865461340329E+00  0.6756771634235448E+00  0.7056963707797501E+00  0.6786992084522748E+00  0.6028796889698502E+00  0.4823387234984749E+00  0.3243167613175796E+00  0.1397684872521876E+00 -0.5405745290294962E-01 -0.2857271748319780E+00 -0.5825733909465529E+00 -0.8576336539598877E+00 -0.9345030807267095E+00 -0.7754749173667209E+00 -0.5292514159945936E+00 -0.2707710111910914E+00  0.0000000000000000E+00
  0.0000000000000000E+00 -0.2101995094165853E-01  0.8841063030131210E-01  0.2886589848416464E+00  0.5004030405187821E+00  0.6624422033737276E+00  0.7530549907356459E+00  0.7713513343213693E+00  0.7230138431028579E+00  0.6141699590281156E+00  0.4568447342778186E+00  0.2698681485422988E+00  0.8180668190567845E-01 -0.1250496353619023E+00 -0.4098531695197665E+00 -0.7592198906471208E+00 -0.9945518294868492E+00 -0.9407546724372009E+00 -0.7173588394968570E+00 -0.3850168815499372E+00  0.0000000000000000E+00
  0.0000000000000000E+00 -0.7828013110301905E-01 -0.2682068791485053E-01  0.1232007748347101E+00  0.3271280383753738E+00  0.5179191061426225E+00  0.6535882116804284E+00  0.7163445216829454E+00  0.7044965366257030E+00  0.6247394848938443E+00  0.4941482125633210E+00  0.3362001445960727E+00  0.1801293303277642E+00  0.1998267489447909E-01 -0.2083455686308164E+00 -0.5642631881148111E+00 -0.9444918992707604E+00 -0.1047780773562502E+01 -0.8987007783195270E+00 -0.5007011057447189E+00  0.0000000000000000E+00
  0.0000000000000000E+00 -0.8088121823397570E-01 -0.7785716186547664E-01  0.1105179719716308E-01  0.1629758884501792E+00  0.3299213560869509E+00  0.4700186119202830E+00  0.5571145559217476E+00  0.5817550650020932E+00  0.5468783063292976E+00  0.4675642423174974E+00  0.3635542017457034E+00  0.2578765211008782E+00  0.1532923747332982E+00  0.8264014693612308E-02 -0.2725698112418952E+00 -0.7223698937648250E+00 -0.1001197036168910E+01 -0.1003312827605737E+01 -0.5788583805907703E+00  0.0000000000000000E+00
  0.0000000000000000E+00  0.2149351424175332E-01  0.8606898762876709E-01  0.1605352270144715E+00  0.2515368808108977E+00  0.3534561170263805E+00  0.4482014873135656E+00  0.5163582090678237E+00  0.5462786919274666E+00  0.5356319308013348E+00  0.4932867691426158E+00  0.4313394431657346E+00  0.3667742696279120E+00  0.3027369403500719E+00  0.2306858703387850E+00  0.7877818295109333E-01 -0.2979919917798748E+00 -0.6617178218521638E+00 -0.8730103878879358E+00 -0.5176233739042850E+00  0.0000000000000000E+00
  0.0000000000000000E+00  0.4282880714256398E+00  0.5545953687190891E+00  0.6130619012504187E+00  0.6376149235770820E+00  0.6558188032755634E+00  0.6728551507343240E+00  0.6828171129772196E+00  0.6794761364611895E+00  0.6600007491387849E+00  0.6285646549251037E+00  0.5890026490006166E+00  0.5519761982407587E+00  0.5138161509011024E+00  0.4897721426248088E+00  0.4424633272045077E+00  0.2960157603252816E+00  0.1201614168203356E+00 -0.1548705957227547E+00 -0.4637394862518401E-01  0.0000000000000000E+00
  0.3000000000000000E+01  0.1736629299964834E+01  0.1422282881471500E+01  0.1321349523263216E+01  0.1338692110079652E+01  0.1385999707199690E+01  0.1429636035110593E+01  0.1467906870136165E+01  0.1507850282543898E+01  0.1555629683384980E+01  0.1607592804367305E+01  0.1664331496163885E+01  0.1710845674905636E+01  0.1761288487646765E+01  0.1761369442464358E+01  0.1751388201337570E+01  0.1813960727244281E+01  0.1977797927686829E+01  0.2591601399280329E+01  0.2621498471971267E+01  0.3000000000000000E+01
