  0.0000000000000000E+00  0.5754905038996769E-02  0.2067176305896865E-01  0.7353559431456369E-01  0.1433881244525029E+00  0.2013658913927355E+00  0.1993313653942782E+00  0.9404875350159536E-01 -0.1094826741007751E+00 -0.3685621663002088E+00 -0.6147613057635679E+00 -0.7684053174041219E+00 -0.7727639324636697E+00 -0.6464513827479204E+00 -0.4697527346247312E+00 -0.2989145806775593E+00 -0.1570733133311352E+00 -0.5243147461949454E-01  0.1041540832283352E-01  0.2196593392006313E-01  0.0000000000000000E+00
  0.0000000000000000E+00 -0.2384002292713678E-01 -0.6611061970149666E-01 -0.1238095767740550E+00 -0.1832180921657182E+00 -0.2252809192272149E+00 -0.2310253292450327E+00 -0.1815909209758296E+00 -0.7912598427775033E-01  0.6047333318793081E-01  0.2071228675705055E+00  0.3265538252124940E+00  0.3895220099813647E+00  0.3921352590436828E+00  0.3532156342345438E+00  0.2889951201316043E+00  0.2102414020124887E+00  0.1299680812051176E+00  0.6073677316935430E-01  0.2009711250844824E-01  0.0000000000000000E+00
  0.0000000000000000E+00 -0.6576516374241358E-01 -0.1776600960455213E+00 -0.2978931360076013E+00 -0.4062661520446518E+00 -0.4744768662889092E+00 -0.4937446223408199E+00 -0.4507240094258934E+00 -0.3468606269340261E+00 -0.1871421667364163E+00  0.6607296947948668E-02  0.2112561582333604E+00  0.3958020974804243E+00  0.5299543943831282E+00  0.5898941680789000E+00  0.5680707797172535E+00  0.4736508927063309E+00  0.3374727689958583E+00  0.1926257278308964E+00  0.8225727144540784E-01  0.0000000000000000E+00
  0.0000000000000000E+00 -0.8269656916425924E-01 -0.2692651554178113E+00 -0.4273271258903622E+00 -0.5660624969212601E+00 -0.6531597827781583E+00 -0.6957248104234680E+00 -0.6807459518874173E+00 -0.6142743779528249E+00 -0.4922265026089347E+00 -0.3265397042046979E+00 -0.1259200862128375E+00  0.8492993638546162E-01  0.2763372527158819E+00  0.4182794629109146E+00  0.4897045313661433E+00  0.4770069386774800E+00  0.3885963527193861E+00  0.2493506202946807E+00  0.1092749386972439E+00  0.0000000000000000E+00
  0.0000000000000000E+00 -0.7594488075760443E-01 -0.3151136486197581E+00 -0.4893908722599961E+00 -0.6495859867944472E+00 -0.7537361559095388E+00 -0.8237047409229341E+00 -0.8418198344059392E+00 -0.8183738540151215E+00 -0.7418365168332401E+00 -0.6170142970303371E+00 -0.4425515970696545E+00 -0.2391868894737491E+00 -0.4018084167701017E-01  0.1235412971312475E+00  0.2396531143860625E+00  0.2959831506114977E+00  0.2819311540721497E+00  0.1967095935672885E+00  0.9205400606199757E-01  0.0000000000000000E+00
  0.0000000000000000E+00 -0.5867647192777392E-01 -0.3057694344172632E+00 -0.4770611287747646E+00 -0.6440058444249571E+00 -0.7558628976418997E+00 -0.8452202999754350E+00 -0.8921626166796792E+00 -0.9117164572327597E+00 -0.8906050583125763E+00 -0.8256424387664963E+00 -0.6998037626328116E+00 -0.5169657057484939E+00 -0.3136440691425712E+00 -0.1403036578146527E+00 -0.1344425866674584E-01  0.7374972741257001E-01  0.1129872041051229E+00  0.8862772578082817E-01  0.4958658364719325E-01  0.0000000000000000E+00
  0.0000000000000000E+00 -0.3595378097914465E-01 -0.2483102734377994E+00 -0.4069072836876403E+00 -0.5707308103791667E+00 -0.6864065640391565E+00 -0.7883878466060240E+00 -0.8555938860316534E+00 -0.9052584957432026E+00 -0.9303052282402310E+00 -0.9283727789381605E+00 -0.8724037688449273E+00 -0.7364255473533473E+00 -0.5356168252024743E+00 -0.3372011060370310E+00 -0.1939040484712536E+00 -0.9596597320600354E-01 -0.3006311002287243E-01 -0.5077729964096024E-02  0.9434451569248214E-02  0.0000000000000000E+00
  0.0000000000000000E+00  0.1728391268041709E-04 -0.1514291300565322E+00 -0.2940042780066712E+00 -0.4498567681719891E+00 -0.5685901006549159E+00 -0.6787928575462309E+00 -0.7587595510312397E+00 -0.8230919183875156E+00 -0.8733727775348438E+00 -0.9175775920136996E+00 -0.9354763505457097E+00 -0.8774931850987665E+00 -0.7136681826368632E+00 -0.4908758499508953E+00 -0.3020997979408526E+00 -0.1785894409827978E+00 -0.9505013305430428E-01 -0.3953872572299730E-01  0.4813743323497026E-03  0.0000000000000000E+00
  0.0000000000000000E+00  0.5691146047091749E-01 -0.2837269924782937E-01 -0.1510929392681801E+00 -0.2972295774220040E+00 -0.4192849070374532E+00 -0.5370820218530529E+00 -0.6287006843911699E+00 -0.7011949642088174E+00 -0.7594484987414112E+00 -0.8222296078221246E+00 -0.8919401963331983E+00 -0.9209566286902673E+00 -0.8383955537190946E+00 -0.6336870864798804E+00 -0.3958188091471973E+00 -0.2143580684834121E+00 -0.9623521491736269E-01 -0.2170112217905729E-01  0.2173503138000895E-01  0.0000000000000000E+00
  0.0000000000000000E+00  0.1226950240190054E+00  0.1004045157862319E+00  0.9816638825722371E-02 -0.1207520645707573E+00 -0.2417415155982303E+00 -0.3635311422590281E+00 -0.4663502556180236E+00 -0.5492855969422029E+00 -0.6138748570544781E+00 -0.6796285262432726E+00 -0.7712289861878366E+00 -0.8676547441173053E+00 -0.8865991672872114E+00 -0.7573663196905187E+00 -0.5178733291239411E+00 -0.2812720298544219E+00 -0.1088067879275223E+00 -0.5587069767913187E-02  0.4234992310842895E-01  0.0000000000000000E+00
  0.0000000000000000E+00  0.1682996113154328E+00  0.2096873596461744E+00  0.1711975930328506E+00  0.7086599303208063E-01 -0.3781464495511043E-01 -0.1539680449525408E+00 -0.2622725407718567E+00 -0.3576481368375170E+00 -0.4367501689306984E+00 -0.5100553451584676E+00 -0.6087743037506848E+00 -0.7436419382409302E+00 -0.8537158085354779E+00 -0.8322815319342063E+00 -0.6491433480138364E+00 -0.3983996385625133E+00 -0.1804088460825402E+00 -0.3550973692310604E-01  0.3219266708393387E-01  0.0000000000000000E+00
  0.0000000000000000E+00  0.1773634046964798E+00  0.2797123119774688E+00  0.3123433184018526E+00  0.2630212772048807E+00  0.1821771780982693E+00  0.8354840352151414E-01 -0.2024589597034727E-01 -0.1237396837637956E+00 -0.2218241234686990E+00 -0.3150705289711482E+00 -0.4255689261331256E+00 -0.5798117342724495E+00 -0.7566706824783779E+00 -0.8483169188215133E+00 -0.7606505305678010E+00 -0.5372542898715557E+00 -0.2974705665991381E+00 -0.1107047580305219E+00 -0.1239561497542892E-01  0.0000000000000000E+00
  0.0000000000000000E+00  0.1524616666942195E+00  0.2994949006663631E+00  0.4107650354181605E+00  0.4318423492559113E+00  0.3965279097642495E+00  0.3277409587999273E+00  0.2392266841502807E+00  0.1361569172512135E+00  0.2254774020183785E-01 -0.9710566766865436E-01 -0.2309907432992549E+00 -0.3993278440687251E+00 -0.6166211370522573E+00 -0.8084199155744295E+00 -0.8405504947730941E+00 -0.6801178522034868E+00 -0.4399214247791754E+00 -0.2197223289216149E+00 -0.8157103438914198E-01  0.0000000000000000E+00
  0.0000000000000000E+00  0.1047939225005685E+00  0.2676438932100976E+00  0.4457823201298118E+00  0.5471290365076088E+00  0.5746390914532408E+00  0.5489957544564288E+00  0.4857419065579842E+00  0.3916907553495706E+00  0.2700774167641154E+00  0.1266190437679846E+00 -0.3597247304944533E-01 -0.2192619647154048E+00 -0.4539355642006112E+00 -0.7176891846238859E+00 -0.8781837189701039E+00 -0.8184085417040031E+00 -0.6016779632721858E+00 -0.3603211726392849E+00 -0.1687061095418581E+00  0.0000000000000000E+00
  0.0000000000000000E+00  0.4455893934035972E-01  0.1927270287866660E+00  0.4046430170676119E+00  0.5770009483834236E+00  0.6760611864939441E+00  0.7061165219289094E+00  0.6791243179336396E+00  0.6032807748027221E+00  0.4826838205081146E+00  0.3245799969228861E+00  0.1399221489438774E+00 -0.5399939318021012E-01 -0.2857461112551314E+00 -0.5826732660868257E+00 -0.8577942631562551E+00 -0.9346550829894149E+00 -0.7756187742204904E+00 -0.5293627389461910E+00 -0.2708386072481670E+00  0.0000000000000000E+00
  0.0000000000000000E+00 -0.2108252763017603E-01  0.8841551483520513E-01  0.2887673651107562E+00  0.5006308442167419E+00  0.6627691431679523E+00  0.7534460258880069E+00  0.7717661670403598E+00  0.7234134188170452E+00  0.6145135401971057E+00  0.4570990402149931E+00  0.2700088541236478E+00  0.8185487981464487E-01 -0.1250694630765937E+00 -0.4099454839970485E+00 -0.7593852762483836E+00 -0.9947131082363466E+00 -0.9409056197108070E+00 -0.7174737073449843E+00 -0.3850834614783790E+00  0.0000000000000000E+00
  0.0000000000000000E+00 -0.7839070122357451E-01 -0.2690348691406233E-01  0.1231724354584655E+00  0.3271953369817035E+00  0.5180857670936252E+00  0.6538320097369104E+00  0.7166269635363178E+00  0.7047745664270536E+00  0.6249696459316139E+00  0.4942996846743656E+00  0.3362623341318312E+00  0.1801304547096666E+00  0.1994775781628224E-01 -0.2084273269300152E+00 -0.5644227574596212E+00 -0.9446557940425180E+00 -0.1047934040791225E+01 -0.8988143361322583E+00 -0.5007653290665190E+00  0.0000000000000000E+00
  0.0000000000000000E+00 -0.8098256382967144E-01 -0.7796698764656056E-01  0.1094422720986454E-01  0.1629088812972528E+00  0.3299128317587508E+00  0.4700648993452403E+00  0.5571935754917891E+00  0.5818362629199267E+00  0.5469314972443006E+00  0.4675717612447090E+00  0.3635172684087600E+00  0.2578204646319230E+00  0.1532390850682613E+00  0.8201379818550273E-02 -0.2727034753648921E+00 -0.7225179010719237E+00 -0.1001340865236111E+01 -0.1003417601183759E+01 -0.5789166668618319E+00  0.0000000000000000E+00
  0.0000000000000000E+00  0.2147558247817914E-01  0.8605416552284111E-01  0.1604955326730214E+00  0.2514827568224685E+00  0.3534047032129592E+00  0.4481628814740596E+00  0.5163304145299141E+00  0.5462507291202506E+00  0.5355914931212116E+00  0.4932274705950250E+00  0.4312667801376466E+00  0.3667043442860572E+00  0.3026867110983203E+00  0.2306530952597082E+00  0.7869438560929221E-01 -0.2980940659265883E+00 -0.6618296980869584E+00 -0.8730958883189418E+00 -0.5176727437413199E+00  0.0000000000000000E+00
  0.0000000000000000E+00  0.4283270940722255E+00  0.5546331866920975E+00  0.6130807436795650E+00  0.6376172017698198E+00  0.6558126011220126E+00  0.6728470885101253E+00  0.6828098018442555E+00  0.6794677213064313E+00  0.6599890239336718E+00  0.6285481343073286E+00  0.5889862567711731E+00  0.5519646889460333E+00  0.5138213497577291E+00  0.4897910405874004E+00  0.4424682881171886E+00  0.2960032244784182E+00  0.1201211354964302E+00 -0.1549108877454542E+00 -0.4640377270596976E-01  0.0000000000000000E+00
  0.3000000000000000E+01  0.1736494300261503E+01  0.1422154605446549E+01  0.1321253301634327E+01  0.1338631151513009E+01  0.1385966899846922E+01  0.1429621615943684E+01  0.1467901008997148E+01  0.1507847565200957E+01  0.1555624421320196E+01  0.1607583067673039E+01  0.1664308009824127E+01  0.1710810277447957E+01  0.1761222661825133E+01  0.1761279973497507E+01  0.1751289521257726E+01  0.1813896260638157E+01  0.1977806895423751E+01  0.2591636774917421E+01  0.2621538574376590E+01  0.3000000000000000E+01
