  0.0000000000000000E+00  0.2462420460435943E-01  0.3241805238541878E-01  0.3935286656308783E-01  0.4142002655278200E-01  0.4012092433736229E-01  0.3355037726237566E-01  0.2013849876887317E-01 -0.1449346420237835E-02 -0.3137635668231601E-01 -0.6792704888786152E-01 -0.1070585944700855E+00 -0.1428357139581350E+00 -0.1689590570983615E+00 -0.1808276401374505E+00 -0.1770326542527109E+00 -0.1589054435931248E+00 -0.1299757097106064E+00 -0.9029088593276821E-01 -0.5008236000890310E-01  0.0000000000000000E+00
  0.0000000000000000E+00 -0.2128425188685334E-01 -0.2590759730884946E-01 -0.3225334919880839E-01 -0.3527892628583987E-01 -0.3599185619896889E-01 -0.3305818311823405E-01 -0.2557013008759044E-01 -0.1272094273195143E-01  0.5628498874985456E-02  0.2855630977443062E-01  0.5376480302021247E-01  0.7774329779648670E-01  0.9659145164258497E-01  0.1072210853134459E+00  0.1083105672597515E+00  0.1001131074470892E+00  0.8452736918944524E-01  0.6092414045929209E-01  0.3733279579156953E-01  0.0000000000000000E+00
  0.0000000000000000E+00 -0.3922855105620061E-01 -0.4530473954112960E-01 -0.5740718103333733E-01 -0.6441675230473763E-01 -0.6785464425954439E-01 -0.6562417209232647E-01 -0.5657189149389815E-01 -0.3961217461609213E-01 -0.1449086005735964E-01  0.1774188043543034E-01  0.5423581459055189E-01  0.9039417943132504E-01  0.1208152978293934E+00  0.1408356158028873E+00  0.1478990475265435E+00  0.1414338787481427E+00  0.1236063978577293E+00  0.9248153544510804E-01  0.6191602736580550E-01  0.0000000000000000E+00
  0.0000000000000000E+00 -0.4952278019885640E-01 -0.5772851758655582E-01 -0.7455168711115305E-01 -0.8536324147819872E-01 -0.9224007095260764E-01 -0.9233962181913892E-01 -0.8401590788636226E-01 -0.6544323462887071E-01 -0.3568059314514350E-01  0.4484583604589745E-02  0.5146758588953578E-01  0.9874741123465164E-01  0.1384688298070684E+00  0.1641222928578762E+00  0.1726653826612311E+00  0.1641214630704169E+00  0.1424572988429031E+00  0.1058777277209439E+00  0.7194687465485833E-01  0.0000000000000000E+00
  0.0000000000000000E+00 -0.5505483643802141E-01 -0.6629568723779591E-01 -0.8809974824639859E-01 -0.1035298403482373E+00 -0.1150828079977679E+00 -0.1191902538240010E+00 -0.1134483121205972E+00 -0.9473402937834333E-01 -0.6068825732854410E-01 -0.1131526072862872E-01  0.4883500814629246E-01  0.1102530926287398E+00  0.1613770156699191E+00  0.1930775340220761E+00  0.2017052986023229E+00  0.1883118844994433E+00  0.1595951712564031E+00  0.1152694259505924E+00  0.7668163857205328E-01  0.0000000000000000E+00
  0.0000000000000000E+00 -0.5948876110849712E-01 -0.7468439674564366E-01 -0.1023990519552051E+00 -0.1239867527577229E+00 -0.1423895896943231E+00 -0.1533215917356957E+00 -0.1533639944999948E+00 -0.1374396043443252E+00 -0.1008694893043628E+00 -0.4225886238764912E-01  0.3264277204109350E-01  0.1105874319898068E+00  0.1758309800922884E+00  0.2163786548862685E+00  0.2274771169976784E+00  0.2106057567978512E+00  0.1749999913467768E+00  0.1224859662709902E+00  0.7922128030324581E-01  0.0000000000000000E+00
  0.0000000000000000E+00 -0.6392691067248404E-01 -0.8394475127724289E-01 -0.1187100809883181E+00 -0.1482774767397569E+00 -0.1763219526916959E+00 -0.1980663304406977E+00 -0.2091293136413825E+00 -0.2021104668357978E+00 -0.1693844783999611E+00 -0.1076863035386105E+00 -0.2357263606184407E-01  0.6726987809610516E-01  0.1468428186648287E+00  0.2010357464817164E+00  0.2226612063430073E+00  0.2112229088939991E+00  0.1760489067380422E+00  0.1205228104983916E+00  0.7723109182748122E-01  0.0000000000000000E+00
  0.0000000000000000E+00 -0.6849520162756442E-01 -0.9388289953242827E-01 -0.1365894608023104E+00 -0.1758489506766300E+00 -0.2166745129724883E+00 -0.2544720466360736E+00 -0.2846109368144874E+00 -0.2977513722918967E+00 -0.2832683270906136E+00 -0.2351495463344806E+00 -0.1579753925579010E+00 -0.6505555255616045E-01  0.2711087443185557E-01  0.1026410077149067E+00  0.1494319162152619E+00  0.1614310323151486E+00  0.1434518191447546E+00  0.9851508640772799E-01  0.6610265232239811E-01  0.0000000000000000E+00
  0.0000000000000000E+00 -0.7267552936380371E-01 -0.1033010382194650E+00 -0.1540731368839121E+00 -0.2039923596157996E+00 -0.2602385571724729E+00 -0.3195839822914704E+00 -0.3786101075901830E+00 -0.4271016632955719E+00 -0.4511720589958538E+00 -0.4392551921991826E+00 -0.3884874489971720E+00 -0.3044288186149119E+00 -0.2004118746421190E+00 -0.9564467576170736E-01 -0.9382569508187836E-02  0.4488859614959229E-01  0.6422929884776291E-01  0.4947857560869678E-01  0.4204795264719023E-01  0.0000000000000000E+00
  0.0000000000000000E+00 -0.7562801824139412E-01 -0.1103123150883684E+00 -0.1679166539802878E+00 -0.2277043834842684E+00 -0.2996822366525909E+00 -0.3831822932845735E+00 -0.4773822065751896E+00 -0.5717376190083517E+00 -0.6476189565163609E+00 -0.6849663033374765E+00 -0.6713794294423754E+00 -0.6034941265008732E+00 -0.4907813504281022E+00 -0.3555356416571885E+00 -0.2243901356867965E+00 -0.1189003133689988E+00 -0.4962205102380260E-01 -0.1795398334572940E-01  0.8286007320210375E-02  0.0000000000000000E+00
  0.0000000000000000E+00 -0.7640530810554437E-01 -0.1127005596670100E+00 -0.1740049309456172E+00 -0.2398841111329254E+00 -0.3229461258156540E+00 -0.4252692667128056E+00 -0.5488124034504281E+00 -0.6827597863257500E+00 -0.8045287832715124E+00 -0.8899527289469836E+00 -0.9220342838165844E+00 -0.8862697786086758E+00 -0.7816538343443121E+00 -0.6266534608941279E+00 -0.4526346572590044E+00 -0.2923421426235598E+00 -0.1664324852650655E+00 -0.8143096652908448E-01 -0.2328972269146806E-01  0.0000000000000000E+00
  0.0000000000000000E+00 -0.7428160383195204E-01 -0.1086646079755459E+00 -0.1686092762149847E+00 -0.2333788010382140E+00 -0.3166437249759866E+00 -0.4220663476029267E+00 -0.5539866404783098E+00 -0.7037984998622195E+00 -0.8519842086083156E+00 -0.9800494504874406E+00 -0.1070065390655881E+01 -0.1093118705354844E+01 -0.1030810900444008E+01 -0.8848840933377922E+00 -0.6817775501672051E+00 -0.4657561782703347E+00 -0.2750112920608800E+00 -0.1327474858397577E+00 -0.4749394486515357E-01  0.0000000000000000E+00
  0.0000000000000000E+00 -0.6917413667446315E-01 -0.9783718732420052E-01 -0.1504283416912034E+00 -0.2050684630211660E+00 -0.2742509763591705E+00 -0.3616560021350624E+00 -0.4741905540263173E+00 -0.6100471372660839E+00 -0.7599512523574177E+00 -0.9156223708628131E+00 -0.1061821533359060E+01 -0.1163722068349289E+01 -0.1186502384841664E+01 -0.1102744401737796E+01 -0.9154134172920869E+00 -0.6668749764592966E+00 -0.4133059658472167E+00 -0.2054877259696158E+00 -0.8390101696899679E-01  0.0000000000000000E+00
  0.0000000000000000E+00 -0.6192244913816886E-01 -0.8193766166481221E-01 -0.1220678828856471E+00 -0.1590270020358951E+00 -0.2023916970010612E+00 -0.2546470257459013E+00 -0.3249228673709652E+00 -0.4204025984175860E+00 -0.5439824353684252E+00 -0.6970846980413068E+00 -0.8734140909372742E+00 -0.1047500854106412E+01 -0.1179961779511196E+01 -0.1216073131466541E+01 -0.1116781537773313E+01 -0.8960079901105458E+00 -0.6140186135502530E+00 -0.3423773666374971E+00 -0.1582189412729360E+00  0.0000000000000000E+00
  0.0000000000000000E+00 -0.5412149415418668E-01 -0.6416940452301004E-01 -0.8902741550920330E-01 -0.1048369585993825E+00 -0.1178020610936711E+00 -0.1285669007983494E+00 -0.1466744790352298E+00 -0.1865024568310147E+00 -0.2619699893840838E+00 -0.3821819601103608E+00 -0.5499366324600712E+00 -0.7567092387221697E+00 -0.9786247806845351E+00 -0.1157383764095336E+01 -0.1210785191047028E+01 -0.1093248019138691E+01 -0.8438955918815852E+00 -0.5364006478211104E+00 -0.2674869491080037E+00  0.0000000000000000E+00
  0.0000000000000000E+00 -0.4686757235454229E-01 -0.4726596726125838E-01 -0.5614772536687859E-01 -0.5140001827821527E-01 -0.3692473752995398E-01 -0.1173902772432164E-01  0.1656513964940244E-01  0.3150599852188471E-01  0.1164190058039329E-01 -0.5894249324740360E-01 -0.1875808846641305E+00 -0.3764582515935059E+00 -0.6268311945142306E+00 -0.9121662674279056E+00 -0.1142380739239466E+01 -0.1193871791029623E+01 -0.1044298343783244E+01 -0.7499721329669926E+00 -0.3929286976376309E+00  0.0000000000000000E+00
  0.0000000000000000E+00 -0.3946283944923913E-01 -0.2880251523677330E-01 -0.1953179648441633E-01  0.4423800339009201E-02  0.3961782709234127E-01  0.8772491683275790E-01  0.1444852362483872E+00  0.1969987265657316E+00  0.2236300326058191E+00  0.2037752871372453E+00  0.1261589309392728E+00 -0.1288799939919474E-01 -0.2252429132003367E+00 -0.5275313928459918E+00 -0.8891842400848506E+00 -0.1143184021136342E+01 -0.1158274595148195E+01 -0.9435525465506486E+00 -0.5160841505198859E+00  0.0000000000000000E+00
  0.0000000000000000E+00 -0.2058832058943543E-01  0.4020559981807394E-02  0.4216264311928044E-01  0.9046838320078120E-01  0.1430172691665510E+00  0.2016488783912635E+00  0.2660305557259433E+00  0.3298847598836718E+00  0.3785062522422002E+00  0.3933995809783690E+00  0.3600949262799677E+00  0.2728370157522960E+00  0.1248036743419398E+00 -0.1037907498215636E+00 -0.4719131904384236E+00 -0.8807426098034510E+00 -0.1095903398558800E+01 -0.1045251072885343E+01 -0.5954313870275162E+00  0.0000000000000000E+00
  0.0000000000000000E+00  0.2555179038964140E-01  0.1156661769272851E+00  0.2080673543438514E+00  0.2860595879070417E+00  0.3494027001212749E+00  0.4052386695297784E+00  0.4583941789548164E+00  0.5084926820151617E+00  0.5484476166475973E+00  0.5663096984223136E+00  0.5497581312257210E+00  0.4930935748894807E+00  0.3917627268937399E+00  0.2544165497497509E+00  0.1037500176898745E-01 -0.3850571950359361E+00 -0.7229211879332953E+00 -0.8994552063674339E+00 -0.5268697826555986E+00  0.0000000000000000E+00
  0.0000000000000000E+00  0.3816900113695802E+00  0.5227003222087339E+00  0.6105098530953726E+00  0.6525347039705961E+00  0.6726654905323033E+00  0.6856566543946134E+00  0.6977399198731782E+00  0.7095489293307512E+00  0.7175442995203578E+00  0.7153896424747347E+00  0.6969086863056685E+00  0.6601268286421699E+00  0.6050701729443561E+00  0.5440853749841608E+00  0.4522288253431125E+00  0.2822606202907574E+00  0.1021548505602978E+00 -0.1631440821891049E+00 -0.4666319127703385E-01  0.0000000000000000E+00
  0.3000000000000000E+01  0.1880481756280901E+01  0.1547565210301084E+01  0.1376537795057733E+01  0.1328455475995253E+01  0.1331406228524365E+01  0.1348268706345938E+01  0.1365174419335282E+01  0.1379845894022908E+01  0.1395814718086524E+01  0.1420140770998110E+01  0.1459032072308716E+01  0.1512713088962971E+01  0.1576552208060672E+01  0.1622160424797269E+01  0.1653688525739650E+01  0.1768160944091792E+01  0.1970614260385811E+01  0.2589977040199881E+01  0.2613119791175503E+01  0.3000000000000000E+01
