  0.0000000000000000E+00  0.9055089331357208E-02  0.1701784447452467E-01  0.5394050335900319E-01  0.9769727990295601E-01  0.1153369470060881E+00  0.6330086293694859E-01 -0.8203405025837451E-01 -0.3030805205936806E+00 -0.5479440087461568E+00 -0.7470263552595995E+00 -0.8293732175349831E+00 -0.7666688363567757E+00 -0.6109940892187830E+00 -0.4325411260910059E+00 -0.2696856955428588E+00 -0.1376991193258630E+00 -0.4204768343012633E-01  0.1354330566460393E-01  0.2101113024682748E-01  0.0000000000000000E+00
  0.0000000000000000E+00 -0.2341076551478181E-01 -0.5724011741854486E-01 -0.1041073098095806E+00 -0.1495534767013196E+00 -0.1739023510436969E+00 -0.1591403546075968E+00 -0.9327607956738823E-01  0.1650071738587723E-01  0.1504779547397780E+00  0.2780927702707796E+00  0.3685625516495619E+00  0.4025411379215133E+00  0.3879417725677325E+00  0.3413747476965925E+00  0.2745660997400826E+00  0.1966841281227164E+00  0.1201073048651754E+00  0.5560413683594880E-01  0.1938861066975235E-01  0.0000000000000000E+00
  0.0000000000000000E+00 -0.6117720721298822E-01 -0.1547025077811099E+00 -0.2583814260697386E+00 -0.3509631502010028E+00 -0.4063701061250027E+00 -0.4141202008858419E+00 -0.3618622889605392E+00 -0.2535783684360489E+00 -0.9651014452682272E-01  0.8725195555273918E-01  0.2763144374137025E+00  0.4409545774077641E+00  0.5528312284844145E+00  0.5915831169987718E+00  0.5540126036773890E+00  0.4523532650422862E+00  0.3182742311654000E+00  0.1803557161724503E+00  0.7917696225608455E-01  0.0000000000000000E+00
  0.0000000000000000E+00 -0.8274290335202289E-01 -0.2516704098120822E+00 -0.4010981716509499E+00 -0.5330826137818743E+00 -0.6163101519880425E+00 -0.6541605730913823E+00 -0.6337267625285062E+00 -0.5620494030956680E+00 -0.4357837508450811E+00 -0.2683439251284033E+00 -0.6909115619966721E-01  0.1357327305548565E+00  0.3164565889276889E+00  0.4439896585271901E+00  0.4994836326190700E+00  0.4731906259582359E+00  0.3790746977542125E+00  0.2410140330280261E+00  0.1087598938062685E+00  0.0000000000000000E+00
  0.0000000000000000E+00 -0.7871076542602806E-01 -0.3079938864581576E+00 -0.4809065957170434E+00 -0.6400675631481740E+00 -0.7443014565736848E+00 -0.8122280499287031E+00 -0.8259435584002101E+00 -0.7956803394681110E+00 -0.7096394366248748E+00 -0.5753265664197859E+00 -0.3944717425096122E+00 -0.1916207481712105E+00  0.1749602940810008E-02  0.1582702483178015E+00  0.2655159341387497E+00  0.3105982054250569E+00  0.2878101929410222E+00  0.1987715557642932E+00  0.9548596237032821E-01  0.0000000000000000E+00
  0.0000000000000000E+00 -0.6289122831318703E-01 -0.3130459223287593E+00 -0.4896731269854075E+00 -0.6618123768702442E+00 -0.7782638943233092E+00 -0.8707270878776056E+00 -0.9178727487349375E+00 -0.9340663219746447E+00 -0.9027072369691621E+00 -0.8215631994833826E+00 -0.6775663918801335E+00 -0.4839981126487623E+00 -0.2802542368544724E+00 -0.1102429989839348E+00  0.1428042739095567E-01  0.9655388326646297E-01  0.1291293967373739E+00  0.9901579887071318E-01  0.5646768578593741E-01  0.0000000000000000E+00
  0.0000000000000000E+00 -0.4141034736394256E-01 -0.2666471353895707E+00 -0.4327736140087725E+00 -0.6032267485218011E+00 -0.7232064178833225E+00 -0.8291198729027993E+00 -0.8988084718931120E+00 -0.9497840555936001E+00 -0.9703362715531150E+00 -0.9552841373980931E+00 -0.8774406104838388E+00 -0.7206228388691812E+00 -0.5108465835893808E+00 -0.3140838754116764E+00 -0.1723520841521338E+00 -0.7503693167680854E-01 -0.1246227430095824E-01  0.6817381232380407E-02  0.1654607476908591E-01  0.0000000000000000E+00
  0.0000000000000000E+00 -0.8572280744825257E-02 -0.1771173140534874E+00 -0.3275601454557128E+00 -0.4898999906165531E+00 -0.6121735902974654E+00 -0.7264138589541810E+00 -0.8099268103779521E+00 -0.8788342311145595E+00 -0.9310823731937161E+00 -0.9701311537440372E+00 -0.9704716612876632E+00 -0.8867672781565148E+00 -0.7025524428611812E+00 -0.4743278285950410E+00 -0.2881319481681192E+00 -0.1659132392122868E+00 -0.8410598885000366E-01 -0.3290471681527070E-01  0.3602419791807274E-02  0.0000000000000000E+00
  0.0000000000000000E+00  0.4471179711422251E-01 -0.5680591517162945E-01 -0.1882540268666912E+00 -0.3405445163276373E+00 -0.4656179819759463E+00 -0.5865361166576697E+00 -0.6802648859140407E+00 -0.7563002672759719E+00 -0.8185158295780695E+00 -0.8830272180027672E+00 -0.9451820452952658E+00 -0.9541690706533976E+00 -0.8467067294688984E+00 -0.6264111811005391E+00 -0.3867312479664428E+00 -0.2084627317415814E+00 -0.9317223876777139E-01 -0.2170806698005433E-01  0.2007344048072043E-01  0.0000000000000000E+00
  0.0000000000000000E+00  0.1120845375946469E+00  0.7497665521793541E-01 -0.2729696609859734E-01 -0.1656307017098566E+00 -0.2908750923149054E+00 -0.4164266592145282E+00 -0.5210622211220054E+00 -0.6055080234170590E+00 -0.6716815413896791E+00 -0.7394610254706810E+00 -0.8294979220319679E+00 -0.9148786070453869E+00 -0.9131622621716542E+00 -0.7636267851417278E+00 -0.5142403995884164E+00 -0.2775601121335973E+00 -0.1081016249841060E+00 -0.7721260257541008E-02  0.3891208223883501E-01  0.0000000000000000E+00
  0.0000000000000000E+00  0.1654280504518117E+00  0.1926714590300040E+00  0.1385730129667362E+00  0.2691882536157549E-01 -0.8861923190572023E-01 -0.2104972768255484E+00 -0.3219005638974349E+00 -0.4180046355545642E+00 -0.4959187863582989E+00 -0.5677470450504225E+00 -0.6646491236286458E+00 -0.7940133678685813E+00 -0.8904975295564489E+00 -0.8509530133358181E+00 -0.6538302360837268E+00 -0.3975587374649651E+00 -0.1794792216034011E+00 -0.3623328062746398E-01  0.3001230833096021E-01  0.0000000000000000E+00
  0.0000000000000000E+00  0.1834344424163858E+00  0.2743731766291264E+00  0.2890459947433697E+00  0.2244078235299765E+00  0.1335670316542448E+00  0.2734411552487359E-01 -0.8096460063825830E-01 -0.1857096409116880E+00 -0.2818344664442722E+00 -0.3709243474547183E+00 -0.4765959038440998E+00 -0.6263413608074823E+00 -0.7950846781761164E+00 -0.8735525823868533E+00 -0.7724434782626751E+00 -0.5409471344773583E+00 -0.2980465033746107E+00 -0.1108011669026551E+00 -0.1322285849852987E-01  0.0000000000000000E+00
  0.0000000000000000E+00  0.1650111032058883E+00  0.3065612620536146E+00  0.4011528662174090E+00  0.4044338463333498E+00  0.3561295949234485E+00  0.2781492528377059E+00  0.1840073283819623E+00  0.7873534119061554E-01 -0.3342539530583801E-01 -0.1483593900001234E+00 -0.2754817021492546E+00 -0.4383398765535671E+00 -0.6504060047646323E+00 -0.8342562733776501E+00 -0.8557896122107496E+00 -0.6871623300820779E+00 -0.4428667835152569E+00 -0.2206319866831762E+00 -0.8219200118430750E-01  0.0000000000000000E+00
  0.0000000000000000E+00  0.1205670709175206E+00  0.2855205324803363E+00  0.4531237254439421E+00  0.5377617361736400E+00  0.5504759105195383E+00  0.5139768272215686E+00  0.4439788567322016E+00  0.3469188053153830E+00  0.2259818608829125E+00  0.8639720104156130E-01 -0.7008910285613697E-01 -0.2483082646710914E+00 -0.4793168164070148E+00 -0.7394361864088143E+00 -0.8934657827157779E+00 -0.8266928366550927E+00 -0.6061378092577790E+00 -0.3622049695746990E+00 -0.1696178065718192E+00  0.0000000000000000E+00
  0.0000000000000000E+00  0.6072828996963302E-01  0.2172435244140783E+00  0.4289140621059347E+00  0.5906044010921102E+00  0.6761641649770435E+00  0.6947090335194113E+00  0.6599643862886564E+00  0.5801859590105439E+00  0.4590991355156550E+00  0.3030279668354152E+00  0.1214550039379375E+00 -0.7078799555999664E-01 -0.3013595017147890E+00 -0.5978163107221983E+00 -0.8706565557899116E+00 -0.9426211021497101E+00 -0.7805245704770983E+00 -0.5317616963461150E+00 -0.2719846580427749E+00  0.0000000000000000E+00
  0.0000000000000000E+00 -0.7138116944132081E-02  0.1144818171496918E+00  0.3257446627491296E+00  0.5378531134129055E+00  0.6927488062550095E+00  0.7740944735815103E+00  0.7845982406678390E+00  0.7311733575325740E+00  0.6196548176122444E+00  0.4607643087345715E+00  0.2714056851542818E+00  0.7889450597786365E-01 -0.1313249146520679E+00 -0.4184197434450988E+00 -0.7688566184464485E+00 -0.1001519538116588E+01 -0.9456223429593241E+00 -0.7199542661024914E+00 -0.3863123797177465E+00  0.0000000000000000E+00
  0.0000000000000000E+00 -0.7036175771780524E-01 -0.5579674506613203E-02  0.1618139035678737E+00  0.3774774617679220E+00  0.5720559933165498E+00  0.7056905645890814E+00  0.7636651243221110E+00  0.7462380500052778E+00  0.6604943824402061E+00  0.5228461180077156E+00  0.3558788664989839E+00  0.1891132188787088E+00  0.2066209303068469E-01 -0.2121476811340456E+00 -0.5710378059839065E+00 -0.9502332914990601E+00 -0.1052235235090091E+01 -0.9011491027582114E+00 -0.5019593373090931E+00  0.0000000000000000E+00
  0.0000000000000000E+00 -0.8248342596001083E-01 -0.7156078145390692E-01  0.3203983471937458E-01  0.1998029548672730E+00  0.3785220456002321E+00  0.5246236880356857E+00  0.6125215286939761E+00  0.6339336297272600E+00  0.5925603631900866E+00  0.5040250448411863E+00  0.3887419086125101E+00  0.2709741575004918E+00  0.1564858687785543E+00  0.6375348772570720E-02 -0.2777353633703311E+00 -0.7271268323936441E+00 -0.1005180203717916E+01 -0.1005505479971204E+01 -0.5799859994361597E+00  0.0000000000000000E+00
  0.0000000000000000E+00  0.1488572706582515E-01  0.7986846204871483E-01  0.1592578498987207E+00  0.2605942095151147E+00  0.3740467739255880E+00  0.4779639173985329E+00  0.5511992570955238E+00  0.5818007870672932E+00  0.5678208299395781E+00  0.5190292805495925E+00  0.4488108819689713E+00  0.3756594837604078E+00  0.3044243264391298E+00  0.2288180327462997E+00  0.7460602770820238E-01 -0.3015903202146082E+00 -0.6648495650003663E+00 -0.8747806138417173E+00 -0.5185238168820906E+00  0.0000000000000000E+00
  0.0000000000000000E+00  0.4266416666840800E+00  0.5508243064551818E+00  0.6096964080616989E+00  0.6376556482676177E+00  0.6609446573457168E+00  0.6829685065630883E+00  0.6963627118009911E+00  0.6941493789879674E+00  0.6735679248168901E+00  0.6394111318702939E+00  0.5964594929612677E+00  0.5559469975606023E+00  0.5151389042229642E+00  0.4894548079040614E+00  0.4413309079365615E+00  0.2950532428800168E+00  0.1189233875967521E+00 -0.1557096288305340E+00 -0.4685024168230760E-01  0.0000000000000000E+00
  0.3000000000000000E+01  0.1734960727013585E+01  0.1427395542683169E+01  0.1330168625713624E+01  0.1347627264712262E+01  0.1391212801888437E+01  0.1429058397709268E+01  0.1462111121692551E+01  0.1499352650103391E+01  0.1547117055488908E+01  0.1600795884938711E+01  0.1659432403085168E+01  0.1707818491078601E+01  0.1759007613770237E+01  0.1760453609034115E+01  0.1750613303898518E+01  0.1813249951145341E+01  0.1978380272209377E+01  0.2592348272649884E+01  0.2622026908164832E+01  0.3000000000000000E+01
