  0.0000000000000000E+00  0.5751559471376691E-02  0.2066026056939865E-01  0.7353271751963808E-01  0.1434016436761918E+00  0.2013930717783242E+00  0.1993462317983010E+00  0.9401409035618119E-01 -0.1095892366922121E+00 -0.3687481691796369E+00 -0.6150165048546758E+00 -0.7686913670374880E+00 -0.7730186703297276E+00 -0.6466270199359011E+00 -0.4698525663948430E+00 -0.2989567887770168E+00 -0.1570732198678426E+00 -0.5239991683355416E-01  0.1046261220481789E-01  0.2202054608749644E-01  0.0000000000000000E+00
  0.0000000000000000E+00 -0.2384034621571820E-01 -0.6611633315680673E-01 -0.1238283326056559E+00 -0.1832537885734289E+00 -0.2253294917777215E+00 -0.2310744306165664E+00 -0.1816213383928200E+00 -0.7912470504190015E-01  0.6051459738750956E-01  0.2072029424127127E+00  0.3266618219789520E+00  0.3896360359990748E+00  0.3922353306268416E+00  0.3532961222968095E+00  0.2890536467334707E+00  0.2102763971637910E+00  0.1299770014001791E+00  0.6072703347014054E-01  0.2006956391756531E-01  0.0000000000000000E+00
  0.0000000000000000E+00 -0.6576947917577790E-01 -0.1776887389010215E+00 -0.2979522802973297E+00 -0.4063597220440947E+00 -0.4745954035548404E+00 -0.4938770600513981E+00 -0.4508499248222786E+00 -0.3469633518179125E+00 -0.1872043770171082E+00  0.6592322383462280E-02  0.2112940988993681E+00  0.3958894376674967E+00  0.5300789719446236E+00  0.5900358004955855E+00  0.5682041514233953E+00  0.4737559716235303E+00  0.3375310873669832E+00  0.1926437126152395E+00  0.8222923784019237E-01  0.0000000000000000E+00
  0.0000000000000000E+00 -0.8269854134517186E-01 -0.2693164429817894E+00 -0.4274161874425700E+00 -0.5661934320405021E+00 -0.6533167717979365E+00 -0.6959007090758330E+00 -0.6809223989219262E+00 -0.6144425141220655E+00 -0.4923711412820686E+00 -0.3266545101880115E+00 -0.1259912324443453E+00  0.8490928535215098E-01  0.2763678489574822E+00  0.4183516355827763E+00  0.4897999541512320E+00  0.4771049994212778E+00  0.3886655187174460E+00  0.2493857807760198E+00  0.1092510052656246E+00  0.0000000000000000E+00
  0.0000000000000000E+00 -0.7594100777409551E-01 -0.3151836513301167E+00 -0.4895006293817791E+00 -0.6497456409041259E+00 -0.7539233527201369E+00 -0.8239176372462992E+00 -0.8420386547705806E+00 -0.8185943442048679E+00 -0.7420438755225588E+00 -0.6172034551338176E+00 -0.4427062816609551E+00 -0.2392961096663536E+00 -0.4024192582320703E-01  0.1235200186837244E+00  0.2396637722315038E+00  0.2960171734823197E+00  0.2819624713695264E+00  0.1967280717571578E+00  0.9202487067448228E-01  0.0000000000000000E+00
  0.0000000000000000E+00 -0.5866696714859547E-01 -0.3058431314606407E+00 -0.4771684706268068E+00 -0.6441652516841297E+00 -0.7560478150309189E+00 -0.8454340740731877E+00 -0.8923841444836058E+00 -0.9119450659072996E+00 -0.8908305069539743E+00 -0.8258654664880933E+00 -0.7000102826513548E+00 -0.5171356327111398E+00 -0.3137661346462522E+00 -0.1403885026526914E+00 -0.1350329388414171E-01  0.7371676968292683E-01  0.1129681145195396E+00  0.8861547816424623E-01  0.4954930702493317E-01  0.0000000000000000E+00
  0.0000000000000000E+00 -0.3594222840087011E-01 -0.2483761387619556E+00 -0.4070008762304657E+00 -0.5708798651598503E+00 -0.6865846201774441E+00 -0.7886007057771833E+00 -0.8558157041659858E+00 -0.9054844006320285E+00 -0.9305254773936339E+00 -0.9285955529707878E+00 -0.8726286806944573E+00 -0.7366322938994811E+00 -0.5357781571281138E+00 -0.3373157276200124E+00 -0.1939933382807843E+00 -0.9603485749958049E-01 -0.3011277899707838E-01 -0.5108475616664632E-02  0.9397137704046056E-02  0.0000000000000000E+00
  0.0000000000000000E+00  0.3174579267254240E-04 -0.1514743570083903E+00 -0.2940744179588001E+00 -0.4499859411082221E+00 -0.5687555641641315E+00 -0.6790008872728017E+00 -0.7589806775843994E+00 -0.8233125084097898E+00 -0.8735768522266267E+00 -0.9177734134173056E+00 -0.9356815817739517E+00 -0.8777045566906289E+00 -0.7138534710167387E+00 -0.4910072784473923E+00 -0.3021896128068818E+00 -0.1786552404196174E+00 -0.9509579503049710E-01 -0.3956387562666856E-01  0.4554591397264909E-03  0.0000000000000000E+00
  0.0000000000000000E+00  0.5693879954879362E-01 -0.2838284604041678E-01 -0.1511272953235534E+00 -0.2973242971292747E+00 -0.4194229259832230E+00 -0.5372704121452092E+00 -0.6289119472612889E+00 -0.7014091484320371E+00 -0.7596405727334520E+00 -0.8223955461239519E+00 -0.8921042026577803E+00 -0.9211393295409455E+00 -0.8385823801541911E+00 -0.6338363728607088E+00 -0.3959144408507791E+00 -0.2144136462759776E+00 -0.9626256755311206E-01 -0.2171016555237255E-01  0.2172116646564297E-01  0.0000000000000000E+00
  0.0000000000000000E+00  0.1227467761380691E+00  0.1004407897640320E+00  0.9833712764506061E-02 -0.1207904599304328E+00 -0.2418236182888075E+00 -0.3636644535468754E+00 -0.4665155237604179E+00 -0.5494653624336265E+00 -0.6140431489226044E+00 -0.6797665047439027E+00 -0.7713498487832808E+00 -0.8677899336797126E+00 -0.8867597813610189E+00 -0.7575208099375730E+00 -0.5179871380956828E+00 -0.2813421242291745E+00 -0.1088391258289277E+00 -0.5596447987443713E-02  0.4233503733833218E-01  0.0000000000000000E+00
  0.0000000000000000E+00  0.1683698856936937E+00  0.2097693391967655E+00  0.1712756117715246E+00  0.7090281857981440E-01 -0.3781272200435162E-01 -0.1540077307430341E+00 -0.2623457269035945E+00 -0.3577468083892441E+00 -0.4368583277858805E+00 -0.5101507756322288E+00 -0.6088544615234086E+00 -0.7437290766534447E+00 -0.8538357392181184E+00 -0.8324210983431704E+00 -0.6492650667783264E+00 -0.3984905236173109E+00 -0.1804661296866333E+00 -0.3553850755356757E-01  0.3216409993483114E-01  0.0000000000000000E+00
  0.0000000000000000E+00  0.1774339016853101E+00  0.2798259085744729E+00  0.3124791757213892E+00  0.2631401987210689E+00  0.1822765788320297E+00  0.8362135929919259E-01 -0.2020078394948900E-01 -0.1237241930185638E+00 -0.2218356712997787E+00 -0.3150958874232956E+00 -0.4256016606732322E+00 -0.5798563875938917E+00 -0.7567508379168575E+00 -0.8484340023810334E+00 -0.7607688207061043E+00 -0.5373539933612329E+00 -0.2975487774208083E+00 -0.1107544253070946E+00 -0.1243728427630481E-01  0.0000000000000000E+00
  0.0000000000000000E+00  0.1525155299682783E+00  0.2996165361088539E+00  0.4109405983960794E+00  0.4320324600317412E+00  0.3967182091566861E+00  0.3279211049427209E+00  0.2393884064739197E+00  0.1362910139415190E+00  0.2264552248949639E-01 -0.9704350120974641E-01 -0.2309663416801749E+00 -0.3993344062583011E+00 -0.6166685617951478E+00 -0.8085161861798933E+00 -0.8406645213607608E+00 -0.6802198134473805E+00 -0.4400118296893623E+00 -0.2197874374540588E+00 -0.8161893754621892E-01  0.0000000000000000E+00
  0.0000000000000000E+00  0.1048211524173581E+00  0.2677465477976534E+00  0.4459657248804214E+00  0.5473610071941264E+00  0.5748956335172879E+00  0.5492594537774174E+00  0.4859974979912962E+00  0.3919231437746564E+00  0.2702699054622950E+00  0.1267615715715581E+00 -0.3589342974880130E-01 -0.2192372255970892E+00 -0.4539606097790619E+00 -0.7177703814036949E+00 -0.8782970686206083E+00 -0.8185133598573267E+00 -0.6017761590086298E+00 -0.3603963538779575E+00 -0.1687554456833934E+00  0.0000000000000000E+00
  0.0000000000000000E+00  0.4455340597879682E-01  0.1927881544898948E+00  0.4047947437289809E+00  0.5772289961903412E+00  0.6763397235866324E+00  0.7064212471408660E+00  0.6794326150715865E+00  0.6035716238797978E+00  0.4829340350901065E+00  0.3247708226148399E+00  0.1400334782035138E+00 -0.5395742922904975E-01 -0.2857600553290537E+00 -0.5827459720172258E+00 -0.8579109801579076E+00 -0.9347654545542575E+00 -0.7757231997616826E+00 -0.5294435284284199E+00 -0.2708876582048254E+00  0.0000000000000000E+00
  0.0000000000000000E+00 -0.2112794774142924E-01  0.8841904110369751E-01  0.2888459556686833E+00  0.5007960539969756E+00  0.6630062534906149E+00  0.7537296149085937E+00  0.7720669967110546E+00  0.7237031599675822E+00  0.6147626425383991E+00  0.4572833717747417E+00  0.2701107751022259E+00  0.8188971018448482E-01 -0.1250839995432315E+00 -0.4100126583250561E+00 -0.7595054596184035E+00 -0.9948302260054899E+00 -0.9410151979654533E+00 -0.7175570766796170E+00 -0.3851317792119017E+00  0.0000000000000000E+00
  0.0000000000000000E+00 -0.7847095260687389E-01 -0.2696357793934985E-01  0.1231518338859516E+00  0.3272440966846387E+00  0.5182065875535251E+00  0.6540087680057284E+00  0.7168317333809799E+00  0.7049761160994356E+00  0.6251364542545385E+00  0.4944094051109285E+00  0.3363072984758405E+00  0.1801311602119999E+00  0.1992233235175081E-01 -0.2084867747102093E+00 -0.5645386894020776E+00 -0.9447748107297599E+00 -0.1048045302230006E+01 -0.8988967567103492E+00 -0.5008119392598733E+00  0.0000000000000000E+00
  0.0000000000000000E+00 -0.8105611718915158E-01 -0.7804668869195973E-01  0.1086615075662747E-01  0.1628602165088282E+00  0.3299065728610434E+00  0.4700983813787679E+00  0.5572507810195716E+00  0.5818950311493005E+00  0.5469699390712635E+00  0.4675770765731815E+00  0.3634903613469515E+00  0.2577797291827046E+00  0.1532003884598965E+00  0.8155877964873515E-02 -0.2728005573313319E+00 -0.7226253740100900E+00 -0.1001445272629510E+01 -0.1003493644518507E+01 -0.5789589694273305E+00  0.0000000000000000E+00
  0.0000000000000000E+00  0.2146255311639959E-01  0.8604339452294128E-01  0.1604667115532553E+00  0.2514434584644883E+00  0.3533673581133483E+00  0.4481348135706011E+00  0.5163101766520485E+00  0.5462303605205975E+00  0.5355620747373792E+00  0.4931843803255579E+00  0.4312140180857240E+00  0.3666535976977439E+00  0.3026502801781683E+00  0.2306293115468462E+00  0.7863354341130216E-01 -0.2981681799146004E+00 -0.6619109095361809E+00 -0.8731579409330126E+00 -0.5177085741602113E+00  0.0000000000000000E+00
  0.0000000000000000E+00  0.4283553884072052E+00  0.5546606009812156E+00  0.6130943908023890E+00  0.6376188322313969E+00  0.6558080780415025E+00  0.6728412130972040E+00  0.6828044688887968E+00  0.6794615873116190E+00  0.6599804934215137E+00  0.6285361337226321E+00  0.5889743637763017E+00  0.5519563516688450E+00  0.5138251502538039E+00  0.4898047720283676E+00  0.4424718916567680E+00  0.2959941096742110E+00  0.1200918906909790E+00 -0.1549401311395418E+00 -0.4642541704819266E-01  0.0000000000000000E+00
  0.3000000000000000E+01  0.1736396387894784E+01  0.1422061591579294E+01  0.1321183539146088E+01  0.1338586961770297E+01  0.1385943123988841E+01  0.1429611174278989E+01  0.1467896769985658E+01  0.1507845598585740E+01  0.1555620594472838E+01  0.1607575979157662E+01  0.1664290926756819E+01  0.1710784542691209E+01  0.1761174829416756E+01  0.1761214995461743E+01  0.1751217868440998E+01  0.1813849491062766E+01  0.1977813418390882E+01  0.2591662452485613E+01  0.2621567676984367E+01  0.3000000000000000E+01
