  0.0000000000000000E+00  0.5747271882522886E-02  0.2064550232238713E-01  0.7352912657390553E-01  0.1434192412166790E+00  0.2014283540005178E+00  0.1993657297690475E+00  0.9396982825764111E-01 -0.1097261109628080E+00 -0.3689874152741122E+00 -0.6153449774868127E+00 -0.7690597048090974E+00 -0.7733467915964619E+00 -0.6468532883094992E+00 -0.4699811887339537E+00 -0.2990111761344647E+00 -0.1570731022925750E+00 -0.5235924669159103E-01  0.1052345591193371E-01  0.2209096582775012E-01  0.0000000000000000E+00
  0.0000000000000000E+00 -0.2384078475647398E-01 -0.6612373598925458E-01 -0.1238525616028069E+00 -0.1832998616330717E+00 -0.2253921782750725E+00 -0.2311378202203496E+00 -0.1816606698848250E+00 -0.7912320054618387E-01  0.6056763229240479E-01  0.2073060140190516E+00  0.3268009136976009E+00  0.3897829394971717E+00  0.3923642730736342E+00  0.3533998383036794E+00  0.2891290687871653E+00  0.2103215015620143E+00  0.1299885021366322E+00  0.6071448540937774E-01  0.2003404508677176E-01  0.0000000000000000E+00
  0.0000000000000000E+00 -0.6577508238689907E-01 -0.1777257056453766E+00 -0.2980285582345151E+00 -0.4064803436825362E+00 -0.4747481808246998E+00 -0.4940477308920012E+00 -0.4510121813968337E+00 -0.3470957126013596E+00 -0.1872845183968978E+00  0.6573064570342138E-02  0.2113430362837055E+00  0.3960020268950531E+00  0.5302395309114035E+00  0.5902183261770847E+00  0.5683760302270311E+00  0.4738914023934679E+00  0.3376062597183054E+00  0.1926669121400669E+00  0.8219310108806539E-01  0.0000000000000000E+00
  0.0000000000000000E+00 -0.8270110712705760E-01 -0.2693825138905149E+00 -0.4275308890567739E+00 -0.5663620230181931E+00 -0.6535188891939403E+00 -0.6961271529377390E+00 -0.6811495305202069E+00 -0.6146589212594715E+00 -0.4925572698097718E+00 -0.3268022035362698E+00 -0.1260826889338592E+00  0.8488285193242404E-01  0.2764073885019054E+00  0.4184446901481623E+00  0.4899229318915453E+00  0.4772313723468242E+00  0.3887546519848949E+00  0.2494311039092461E+00  0.1092201452972645E+00  0.0000000000000000E+00
  0.0000000000000000E+00 -0.7593604148427838E-01 -0.3152737830237972E+00 -0.4896419290438606E+00 -0.6499511637781756E+00 -0.7541643351881792E+00 -0.8241917047467084E+00 -0.8423203447524055E+00 -0.8188781751496579E+00 -0.7423107918497696E+00 -0.6174469300363852E+00 -0.4429053503717224E+00 -0.2394366242202244E+00 -0.4032047731943537E-01  0.1234926773341102E+00  0.2396775263698561E+00  0.2960610142937064E+00  0.2820028112060220E+00  0.1967518739386810E+00  0.9198729953358938E-01  0.0000000000000000E+00
  0.0000000000000000E+00 -0.5865475082917115E-01 -0.3059379960444356E+00 -0.4773066304085758E+00 -0.6443704314430118E+00 -0.7562858464980251E+00 -0.8457092565170879E+00 -0.8926692951981101E+00 -0.9122393127269677E+00 -0.8911206764748046E+00 -0.8261525302764389E+00 -0.7002760939784259E+00 -0.5173543130095526E+00 -0.3139232016567359E+00 -0.1404977120635812E+00 -0.1357932927524718E-01  0.7367429914112560E-01  0.1129434901367818E+00  0.8859966848774369E-01  0.4950123894287130E-01  0.0000000000000000E+00
  0.0000000000000000E+00 -0.3592738690640646E-01 -0.2484609338902999E+00 -0.4071213624784313E+00 -0.5710717793383001E+00 -0.6868139182074336E+00 -0.7888748391369294E+00 -0.8561013572183622E+00 -0.9057752744930417E+00 -0.9308090288729411E+00 -0.9288823496690398E+00 -0.8729182299391158E+00 -0.7368984191257036E+00 -0.5359857772630151E+00 -0.3374632514365459E+00 -0.1941083343177286E+00 -0.9612361569096148E-01 -0.3017680609199623E-01 -0.5148125197986292E-02  0.9349025873105524E-02  0.0000000000000000E+00
  0.0000000000000000E+00  0.5031972962702717E-04 -0.1515326087478838E+00 -0.2941647559628164E+00 -0.4501523399109360E+00 -0.5689687641454378E+00 -0.6792689423603081E+00 -0.7592655783435136E+00 -0.8235966550346726E+00 -0.8738396554566285E+00 -0.9180255560225721E+00 -0.9359458448680862E+00 -0.8779766918776503E+00 -0.7140919523829082E+00 -0.4911763969314691E+00 -0.3023052365624226E+00 -0.1787400028624525E+00 -0.9515464595766852E-01 -0.3959630544617879E-01  0.4220446645453337E-03  0.0000000000000000E+00
  0.0000000000000000E+00  0.5697394681687977E-01 -0.2839594835355414E-01 -0.1511715920244876E+00 -0.2974463890353981E+00 -0.4196008625032497E+00 -0.5375132761952861E+00 -0.6291842589608481E+00 -0.7016851594077550E+00 -0.7598880162252708E+00 -0.8226092726935275E+00 -0.8923154462367817E+00 -0.9213746273823963E+00 -0.8388229054138377E+00 -0.6340284753392815E+00 -0.3960374946200800E+00 -0.2144851969386533E+00 -0.9629780206527387E-01 -0.2172182846973485E-01  0.2170328346594833E-01  0.0000000000000000E+00
  0.0000000000000000E+00  0.1228133796336405E+00  0.1004874718124816E+00  0.9855650553549675E-02 -0.1208400084206352E+00 -0.2419295264696338E+00 -0.3638363671504792E+00 -0.4667285958371674E+00 -0.5496970602176263E+00 -0.6142599916559862E+00 -0.6799442483938033E+00 -0.7715055717534210E+00 -0.8679641296058193E+00 -0.8869666576176822E+00 -0.7577196689078556E+00 -0.5181335762660020E+00 -0.2814323339750919E+00 -0.1088807518659033E+00 -0.5608526631989845E-02  0.4231584223550998E-01  0.0000000000000000E+00
  0.0000000000000000E+00  0.1684603772149231E+00  0.2098749126966974E+00  0.1713760814143004E+00  0.7095021717028470E-01 -0.3781030530655212E-01 -0.1540589292731036E+00 -0.2624400748951305E+00 -0.3578739616262404E+00 -0.4369976614965433E+00 -0.5102736843476376E+00 -0.6089577543860463E+00 -0.7438414400164994E+00 -0.8539903385257634E+00 -0.8326008521466738E+00 -0.6494217247773557E+00 -0.3986075006118000E+00 -0.1805398715987783E+00 -0.3557555363928010E-01  0.3212728864280440E-01  0.0000000000000000E+00
  0.0000000000000000E+00  0.1775247042115197E+00  0.2799722350594850E+00  0.3126541931049120E+00  0.2632934283762202E+00  0.1824046878236508E+00  0.8371542155201957E-01 -0.2014258122318365E-01 -0.1237041480247530E+00 -0.2218504585703210E+00 -0.3151284694647440E+00 -0.4256438313264066E+00 -0.5799140412035279E+00 -0.7568543040578698E+00 -0.8485849436565417E+00 -0.7609211529021718E+00 -0.5374823541736036E+00 -0.2976494838648037E+00 -0.1108183833457499E+00 -0.1249096164626722E-01  0.0000000000000000E+00
  0.0000000000000000E+00  0.1525849143418887E+00  0.2997732299617799E+00  0.4111667883836005E+00  0.4322774488972058E+00  0.3969635075346635E+00  0.3281533778789099E+00  0.2395969663913782E+00  0.1364639728288984E+00  0.2277165909588600E-01 -0.9696328772785846E-01 -0.2309348828233911E+00 -0.3993429816881417E+00 -0.6167299245984450E+00 -0.8086404561480335E+00 -0.8408114877829734E+00 -0.6803511388117386E+00 -0.4401282754686255E+00 -0.2198712922211224E+00 -0.8168064056737658E-01  0.0000000000000000E+00
  0.0000000000000000E+00  0.1048562256004354E+00  0.2678787793534286E+00  0.4462019992074557E+00  0.5476599103901190E+00  0.5752262784071878E+00  0.5495993973138039E+00  0.4863270307635344E+00  0.3922227686430245E+00  0.2705180611816432E+00  0.1269452881089566E+00 -0.3579160945973322E-01 -0.2192054796928023E+00 -0.4539931627038493E+00 -0.7178753325155707E+00 -0.8784432956875261E+00 -0.8186484389572209E+00 -0.6019026843453258E+00 -0.3604932024156614E+00 -0.1688189996458647E+00  0.0000000000000000E+00
  0.0000000000000000E+00  0.4454626309422459E-01  0.1928668625301078E+00  0.4049901541746083E+00  0.5775227665854282E+00  0.6766986142796754E+00  0.7068139531390251E+00  0.6798299589269181E+00  0.6039464718581339E+00  0.4832564564055288E+00  0.3250166392807116E+00  0.1401767805600459E+00 -0.5390353609982086E-01 -0.2857782990477665E+00 -0.5828400216230557E+00 -0.8580616509414286E+00 -0.9349077640951367E+00 -0.7758577923831275E+00 -0.5295476270181898E+00 -0.2709508542535684E+00  0.0000000000000000E+00
  0.0000000000000000E+00 -0.2118649867285570E-01  0.8842351869951082E-01  0.2889470707449466E+00  0.5010087359561849E+00  0.6633115913115600E+00  0.7540948783259782E+00  0.7724544918641352E+00  0.7240763452576394E+00  0.6150833974163975E+00  0.4575205969735390E+00  0.2702417768639532E+00  0.8193432957743249E-01 -0.1251029839246201E+00 -0.4100995468581556E+00 -0.7596606404805936E+00 -0.9949812883014086E+00 -0.9411564591005059E+00 -0.7176645208409915E+00 -0.3851940404421066E+00  0.0000000000000000E+00
  0.0000000000000000E+00 -0.7857439226438276E-01 -0.2704106794328454E-01  0.1231251214312995E+00  0.3273066506131834E+00  0.5183619191379760E+00  0.6542361383391904E+00  0.7170951667549285E+00  0.7052353617846079E+00  0.6253508863466337E+00  0.4945502546295470E+00  0.3363647519931273E+00  0.1801317397161825E+00  0.1988935945566163E-01 -0.2085636117479142E+00 -0.5646883548103467E+00 -0.9449283455398704E+00 -0.1048188746684678E+01 -0.8990029894408549E+00 -0.5008720081167266E+00  0.0000000000000000E+00
  0.0000000000000000E+00 -0.8115090033601692E-01 -0.7814940253644945E-01  0.1076545738534257E-01  0.1627973113869076E+00  0.3298981932557601E+00  0.4701411119716951E+00  0.5573240027824005E+00  0.5819702085198115E+00  0.5470188932320657E+00  0.4675833634638193E+00  0.3634552165885352E+00  0.2577269361755396E+00  0.1531503877488358E+00  0.8097136184196016E-02 -0.2729258271355861E+00 -0.7227640098603456E+00 -0.1001579883536121E+01 -0.1003591658919947E+01 -0.5790134910184143E+00  0.0000000000000000E+00
  0.0000000000000000E+00  0.2144576410213965E-01  0.8602952331557086E-01  0.1604295675767959E+00  0.2513927600338099E+00  0.3533190931719146E+00  0.4480984132656778E+00  0.5162837873209527E+00  0.5462037463039648E+00  0.5355237767879741E+00  0.4931284876980873E+00  0.4311457372567178E+00  0.3665880307132034E+00  0.3026032886011475E+00  0.2305986576872987E+00  0.7855509286476491E-01 -0.2982637634213266E+00 -0.6620156107198256E+00 -0.8732379176152125E+00 -0.5177547518466458E+00  0.0000000000000000E+00
  0.0000000000000000E+00  0.4283918241148105E+00  0.5546959056602846E+00  0.6131119608922865E+00  0.6376209084995977E+00  0.6558021978889595E+00  0.6728335531496663E+00  0.6827974723278303E+00  0.6794535341430976E+00  0.6599693471831378E+00  0.6285205319982385E+00  0.5889589383619374E+00  0.5519455574855112E+00  0.5138300537646041E+00  0.4898224938420636E+00  0.4424765515865886E+00  0.2959823420511613E+00  0.1200541850146671E+00 -0.1549778210020543E+00 -0.4645330890557574E-01  0.0000000000000000E+00
  0.3000000000000000E+01  0.1736270291757708E+01  0.1421941806334717E+01  0.1321093684899937E+01  0.1338530034535017E+01  0.1385912499505036E+01  0.1429597753816679E+01  0.1467891370337462E+01  0.1507843143874672E+01  0.1555615735238561E+01  0.1607566891703372E+01  0.1664268922170906E+01  0.1710751358256670E+01  0.1761113127307335E+01  0.1761131176161108E+01  0.1751125438104999E+01  0.1813789210425189E+01  0.1977821834236174E+01  0.2591695545390950E+01  0.2621605174870081E+01  0.3000000000000000E+01
