  0.0000000000000000E+00  0.5776100118170938E-02  0.2058592523298811E-01  0.7346359471236708E-01  0.1433611964318512E+00  0.2012980636407665E+00  0.1989109500420579E+00  0.9294194045060183E-01 -0.1114197204158602E+00 -0.3713013471337909E+00 -0.6180898862026284E+00 -0.7718368329135071E+00 -0.7756173718688181E+00 -0.6483225242438035E+00 -0.4707861709757670E+00 -0.2993491770326147E+00 -0.1570841505955745E+00 -0.5213408061210911E-01  0.1086421341837704E-01  0.2250785220800035E-01  0.0000000000000000E+00
  0.0000000000000000E+00 -0.2385795180373268E-01 -0.6612635794070500E-01 -0.1238997179197859E+00 -0.1834161417365046E+00 -0.2255442409696442E+00 -0.2312185140350887E+00 -0.1815394209092850E+00 -0.7872966896949568E-01  0.6125600176774533E-01  0.2082391449526227E+00  0.3278612900617411E+00  0.3907858255134559E+00  0.3931820821147139E+00  0.3540254053615317E+00  0.2895643858344238E+00  0.2105686256281859E+00  0.1300403682211987E+00  0.6063391026755195E-01  0.1981637581929038E-01  0.0000000000000000E+00
  0.0000000000000000E+00 -0.6579775529302712E-01 -0.1777931485891269E+00 -0.2982355590469905E+00 -0.4068872287776625E+00 -0.4753346592681663E+00 -0.4947445920632081E+00 -0.4516763222772530E+00 -0.3476087273243473E+00 -0.1875333418305549E+00  0.6627548655239828E-02  0.2117470372717162E+00  0.3967401046715494E+00  0.5312237221003382E+00  0.5912900451088279E+00  0.5693439804706568E+00  0.4746217262889834E+00  0.3379870240514870E+00  0.1927659442210329E+00  0.8195697966587150E-01  0.0000000000000000E+00
  0.0000000000000000E+00 -0.8274269399792170E-01 -0.2696634793833618E+00 -0.4280804404912288E+00 -0.5672439825884129E+00 -0.6546525753148605E+00 -0.6974441096505750E+00 -0.6825006564002795E+00 -0.6159639220874098E+00 -0.4936993903584355E+00 -0.3277317221805955E+00 -0.1266805814985680E+00  0.8468626441294583E-01  0.2766276402258808E+00  0.4189893071455073E+00  0.4906242418402439E+00  0.4779232023228672E+00  0.3892162468862981E+00  0.2496504224604749E+00  0.1090181296772821E+00  0.0000000000000000E+00
  0.0000000000000000E+00 -0.7595428294349009E-01 -0.3157904779178343E+00 -0.4905078908557495E+00 -0.6512494373246834E+00 -0.7557406465726311E+00 -0.8260004567937961E+00 -0.8441875758916496E+00 -0.8207453600827687E+00 -0.7440529569544710E+00 -0.6190280497111441E+00 -0.4441981963065337E+00 -0.2403496092190651E+00 -0.4081705832973474E-01  0.1233388644194341E+00  0.2397714253026023E+00  0.2963106452121994E+00  0.2822118839037063E+00  0.1968665627931813E+00  0.9175629403289567E-01  0.0000000000000000E+00
  0.0000000000000000E+00 -0.5864086052406431E-01 -0.3066102518938877E+00 -0.4783344906165197E+00 -0.6458894096291313E+00 -0.7580915897478900E+00 -0.8477929300003910E+00 -0.8948284236925822E+00 -0.9144297088212345E+00 -0.8932312071959932E+00 -0.8281851362747277E+00 -0.7021210260737403E+00 -0.5188539080701630E+00 -0.3149695667384592E+00 -0.1411702007866319E+00 -0.1400377677496510E-01  0.7345525372936333E-01  0.1128170791599852E+00  0.8852096912054554E-01  0.4922591658996963E-01  0.0000000000000000E+00
  0.0000000000000000E+00 -0.3591290534113789E-01 -0.2491774948778535E+00 -0.4081670062966071E+00 -0.5726526306127142E+00 -0.6887121726668513E+00 -0.7911016983008230E+00 -0.8584029012639656E+00 -0.9080665547675165E+00 -0.9329702099968732E+00 -0.9309752037219672E+00 -0.8749585792677330E+00 -0.7387451107330137E+00 -0.5374046797597534E+00 -0.3384121614324547E+00 -0.1947691823916331E+00 -0.9658485306394771E-01 -0.3048983685684670E-01 -0.5330651265933171E-02  0.9091560032680381E-02  0.0000000000000000E+00
  0.0000000000000000E+00  0.5613594211401582E-04 -0.1521535850219324E+00 -0.2950993129762914E+00 -0.4516614895627714E+00 -0.5708646017240215E+00 -0.6815768499258964E+00 -0.7616942810742784E+00 -0.8259814577522122E+00 -0.8759886441154047E+00 -0.9199808553597242E+00 -0.9378718670743971E+00 -0.8798964759017106E+00 -0.7157592770201056E+00 -0.4923306614973131E+00 -0.3030232513117951E+00 -0.1791946309417382E+00 -0.9543022137658916E-01 -0.3973334598627324E-01  0.2454501009530214E-03  0.0000000000000000E+00
  0.0000000000000000E+00  0.5706265573229825E-01 -0.2874074294704513E-01 -0.1518324605031772E+00 -0.2986928642865843E+00 -0.4212939346918715E+00 -0.5396923598262039E+00 -0.6315728745313922E+00 -0.7040688398674746E+00 -0.7619927290092225E+00 -0.8243534956921316E+00 -0.8939044204819742E+00 -0.9230444602446128E+00 -0.8405107829683590E+00 -0.6353835253444116E+00 -0.3968878076083416E+00 -0.2149467593544079E+00 -0.9649689664495678E-01 -0.2178285637215142E-01  0.2158151584573511E-01  0.0000000000000000E+00
  0.0000000000000000E+00  0.1231530987313158E+00  0.1005928631170491E+00  0.9671682796556407E-02 -0.1215685475210422E+00 -0.2430999214860086E+00 -0.3654989268247959E+00 -0.4686876888864559E+00 -0.5517722985649082E+00 -0.6161760153088257E+00 -0.6814768869471594E+00 -0.7727341709593052E+00 -0.8692026009153242E+00 -0.8883951294719233E+00 -0.7591131689284143E+00 -0.5191712535898012E+00 -0.2820820729719902E+00 -0.1091995919987414E+00 -0.5733027554655727E-02  0.4214186358912189E-01  0.0000000000000000E+00
  0.0000000000000000E+00  0.1690608291046690E+00  0.2104867787088238E+00  0.1718175607496133E+00  0.7096410818691275E-01 -0.3814810296509145E-01 -0.1547959328866684E+00 -0.2634900397313216E+00 -0.3591510354522140E+00 -0.4383319093864205E+00 -0.5114182126136468E+00 -0.6098334010715524E+00 -0.7446442096328518E+00 -0.8550203921464470E+00 -0.8338247294427500E+00 -0.6505099153932630E+00 -0.3994335836178927E+00 -0.1810833132641950E+00 -0.3587388461836590E-01  0.3183152533741003E-01  0.0000000000000000E+00
  0.0000000000000000E+00  0.1782239154963172E+00  0.2809901343952929E+00  0.3137373520186958E+00  0.2641528199687717E+00  0.1830573128060421E+00  0.8411588925257825E-01 -0.1999910187285146E-01 -0.1238290308930726E+00 -0.2222116792340569E+00 -0.3155778148638565E+00 -0.4260722895057364E+00 -0.5803280002994254E+00 -0.7574970822364546E+00 -0.8495629542879743E+00 -0.7619449119734246E+00 -0.5383595145279180E+00 -0.2983511412081257E+00 -0.1112766424925693E+00 -0.1288008875305849E-01  0.0000000000000000E+00
  0.0000000000000000E+00  0.1531975130250620E+00  0.3009746552060253E+00  0.4127455054297421E+00  0.4339091043759439E+00  0.3985644142626527E+00  0.3296553535956210E+00  0.2409323147607600E+00  0.1375482307397072E+00  0.2352610474242946E-01 -0.9651900358621683E-01 -0.2307911834958632E+00 -0.3993993680422539E+00 -0.6170607105716488E+00 -0.8093926346854970E+00 -0.8417590528727948E+00 -0.6812214403093637E+00 -0.4409134138840850E+00 -0.2204466614466975E+00 -0.8210770272747960E-01  0.0000000000000000E+00
  0.0000000000000000E+00  0.1052560056018710E+00  0.2689862730633937E+00  0.4479829646436513E+00  0.5498134126258317E+00  0.5775652334400259E+00  0.5519930915905370E+00  0.4886478389304885E+00  0.3943337912737079E+00  0.2722652460594325E+00  0.1282393429898535E+00 -0.3506918458443272E-01 -0.2189511387809426E+00 -0.4541191116012314E+00 -0.7184735735799489E+00 -0.8793541817755712E+00 -0.8195205355491721E+00 -0.6027371318815967E+00 -0.3611434239285125E+00 -0.1692496835129230E+00  0.0000000000000000E+00
  0.0000000000000000E+00  0.4465233397635675E-01  0.1936307386410815E+00  0.4065845412555712E+00  0.5797778760769531E+00  0.6793811198054229E+00  0.7097196971349177E+00  0.6827645878551818E+00  0.6067217658061628E+00  0.4856585078558838E+00  0.3268693305655414E+00  0.1412816472869341E+00 -0.5345806309216344E-01 -0.2858125678921015E+00 -0.5833701967148947E+00 -0.8589920165982682E+00 -0.9358156626664220E+00 -0.7767345517988760E+00 -0.5302363830393686E+00 -0.2713735965221682E+00  0.0000000000000000E+00
  0.0000000000000000E+00 -0.2145639770219133E-01  0.8866183000165702E-01  0.2899338616996154E+00  0.5028034535838485E+00  0.6657555536886072E+00  0.7569527088921156E+00  0.7754623414888921E+00  0.7269766417825954E+00  0.6176005390641327E+00  0.4594200628990633E+00  0.2713341179137816E+00  0.8234229543615254E-01 -0.1251625423271431E+00 -0.4106132775366654E+00 -0.7606368133625615E+00 -0.9959508259851267E+00 -0.9420764891461920E+00 -0.7183704550034513E+00 -0.3856072378958894E+00  0.0000000000000000E+00
  0.0000000000000000E+00 -0.7920252357699560E-01 -0.2742042769273449E-01  0.1231969452423919E+00  0.3280761802670210E+00  0.5198254737833704E+00  0.6562259214005324E+00  0.7193411227167158E+00  0.7074381260760482E+00  0.6272035959951953E+00  0.4958234613097551E+00  0.3369598755973857E+00  0.1802248049712438E+00  0.1969647502625764E-01 -0.2090573200655355E+00 -0.5656632675423751E+00 -0.9459316813445933E+00 -0.1049131787398745E+01 -0.8997014625699525E+00 -0.5012697059901412E+00  0.0000000000000000E+00
  0.0000000000000000E+00 -0.8180329622740683E-01 -0.7882644883781816E-01  0.1017487683058719E-01  0.1625530711772230E+00  0.3301057216076471E+00  0.4707535993536151E+00  0.5581688462223339E+00  0.5828171443751029E+00  0.5476388197022793E+00  0.4678324422550116E+00  0.3633238646139073E+00  0.2573842935246121E+00  0.1527833946769764E+00  0.7676505127666639E-02 -0.2737763795870474E+00 -0.7236913777724522E+00 -0.1002477918599615E+01 -0.1004240646577081E+01 -0.5793756973910152E+00  0.0000000000000000E+00
  0.0000000000000000E+00  0.2127148432644702E-01  0.8586367847710587E-01  0.1601119534895289E+00  0.2510224426153040E+00  0.3530204035774716E+00  0.4479312063668040E+00  0.5162156983500561E+00  0.5461368765601448E+00  0.5353502978978717E+00  0.4927852062161142E+00  0.4306594291902470E+00  0.3660725068804870E+00  0.3022009741172204E+00  0.2303328140223796E+00  0.7799606616109812E-01 -0.2989183996549051E+00 -0.6627248983813059E+00 -0.8737732658279639E+00 -0.5180642199884532E+00  0.0000000000000000E+00
  0.0000000000000000E+00  0.4286079313796837E+00  0.5548780436874651E+00  0.6131620797104146E+00  0.6375708071530479E+00  0.6557149637328991E+00  0.6727547176025109E+00  0.6827384307178894E+00  0.6793912171880681E+00  0.6598768430064407E+00  0.6283795583891580E+00  0.5887982059383126E+00  0.5518014373249305E+00  0.5137911465437646E+00  0.4898898001042644E+00  0.4424794163144650E+00  0.2958916113469978E+00  0.1197946665506700E+00 -0.1552325883378890E+00 -0.4664135215679999E-01  0.0000000000000000E+00
  0.3000000000000000E+01  0.1735447690187396E+01  0.1421229547414711E+01  0.1320625714358285E+01  0.1338310021156160E+01  0.1385875512378774E+01  0.1429667053559271E+01  0.1468000406196388E+01  0.1507963224995941E+01  0.1555719768878550E+01  0.1607646531048640E+01  0.1664264811375309E+01  0.1710668194905696E+01  0.1760827534485927E+01  0.1760663413709587E+01  0.1750557817217703E+01  0.1813406766304102E+01  0.1977891101966684E+01  0.2591924499185703E+01  0.2621859836481947E+01  0.3000000000000000E+01
