  0.0000000000000000E+00  0.6244278376993234E-02  0.2087348134594588E-01  0.7305155408449815E-01  0.1416801293435924E+00  0.1975143572660167E+00  0.1922289989642321E+00  0.8371322851721408E-01 -0.1220979041948338E+00 -0.3818581343192975E+00 -0.6267880221667498E+00 -0.7771950824277916E+00 -0.7771641660882160E+00 -0.6476440508189329E+00 -0.4695539883514931E+00 -0.2982611756029097E+00 -0.1563396481168152E+00 -0.5174767180954026E-01  0.1094717599378306E-01  0.2248368684984620E-01  0.0000000000000000E+00
  0.0000000000000000E+00 -0.2396049066229036E-01 -0.6580091203255674E-01 -0.1230201004985037E+00 -0.1818439854034501E+00 -0.2231045353058533E+00 -0.2276763080520960E+00 -0.1770388610194953E+00 -0.7369481934829673E-01  0.6619235046326427E-01  0.2123799335872500E+00  0.3306352999946330E+00  0.3919929750677041E+00  0.3933234134053228E+00  0.3536575436128641E+00  0.2889802292634941E+00  0.2099604973030798E+00  0.1295760602713281E+00  0.6038838828209556E-01  0.1975558540529435E-01  0.0000000000000000E+00
  0.0000000000000000E+00 -0.6563719360987785E-01 -0.1765292547517243E+00 -0.2960087474110130E+00 -0.4038518268667578E+00 -0.4717992486515433E+00 -0.4907999251920558E+00 -0.4474033545412718E+00 -0.3431823622397240E+00 -0.1832810829295047E+00  0.1035177859500040E-01  0.2147108175561075E+00  0.3988147591148963E+00  0.5323261893970355E+00  0.5914186424870990E+00  0.5686795121875726E+00  0.4735418437924243E+00  0.3369805090044440E+00  0.1921123408400698E+00  0.8175044306572925E-01  0.0000000000000000E+00
  0.0000000000000000E+00 -0.8283739963321508E-01 -0.2687058903782165E+00 -0.4267560151273839E+00 -0.5658144204500032E+00 -0.6533651717978647E+00 -0.6962024409311465E+00 -0.6811871509297340E+00 -0.6145086074478640E+00 -0.4921004522946151E+00 -0.3260671843048373E+00 -0.1250078453504124E+00  0.8627241486144412E-01  0.2780074611438169E+00  0.4199460068518800E+00  0.4909477858448487E+00  0.4776084250877057E+00  0.3886222820905865E+00  0.2491431921707832E+00  0.1089431732969967E+00  0.0000000000000000E+00
  0.0000000000000000E+00 -0.7621921392686988E-01 -0.3155556797200574E+00 -0.4904599192302724E+00 -0.6514898664521417E+00 -0.7563244902423173E+00 -0.8267292369082931E+00 -0.8448481350739611E+00 -0.8211338455327292E+00 -0.7439765974131118E+00 -0.6184540771651609E+00 -0.4431993954550329E+00 -0.2391478615814204E+00 -0.3954020168033827E-01  0.1246056578902992E+00  0.2408124748177304E+00  0.2968802555773499E+00  0.2823793372867865E+00  0.1968888707788534E+00  0.9189166953703107E-01  0.0000000000000000E+00
  0.0000000000000000E+00 -0.5900012623855012E-01 -0.3073294124309444E+00 -0.4796802783915393E+00 -0.6478745733532036E+00 -0.7606422743553690E+00 -0.8507530146622061E+00 -0.8979395065569610E+00 -0.9174323646904500E+00 -0.8957190236938136E+00 -0.8298580120525902E+00 -0.7028189337095195E+00 -0.5187833156782484E+00 -0.3144194314661084E+00 -0.1402721383437062E+00 -0.1288275802624979E-01  0.7448731904271749E-01  0.1135799667310013E+00  0.8904784835542319E-01  0.4958174097172331E-01  0.0000000000000000E+00
  0.0000000000000000E+00 -0.3636387475285257E-01 -0.2506041460043208E+00 -0.4103515213582004E+00 -0.5755384935059453E+00 -0.6921204024605598E+00 -0.7949289963104460E+00 -0.8624219135743328E+00 -0.9121003681725859E+00 -0.9366436865167643E+00 -0.9339224772058955E+00 -0.8768559653431035E+00 -0.7396097649566203E+00 -0.5375170323558767E+00 -0.3380115109970072E+00 -0.1939321980145405E+00 -0.9551681602496080E-01 -0.2949656161390728E-01 -0.4605023774219766E-02  0.9523238333684653E-02  0.0000000000000000E+00
  0.0000000000000000E+00 -0.5814855243156526E-03 -0.1539636647171310E+00 -0.2976839102496203E+00 -0.4549336807602762E+00 -0.5746432557430401E+00 -0.6858354857232317E+00 -0.7662355964804716E+00 -0.8306770446057443E+00 -0.8805110207628982E+00 -0.9239568720749801E+00 -0.9408991079916956E+00 -0.8818090130783738E+00 -0.7166848800453821E+00 -0.4925521687467017E+00 -0.3027321678951803E+00 -0.1785441175498237E+00 -0.9469893676438099E-01 -0.3923156044320997E-01  0.4724047724133460E-03  0.0000000000000000E+00
  0.0000000000000000E+00  0.5631323762399999E-01 -0.3051066735191375E-01 -0.1544244412748540E+00 -0.3019378536972241E+00 -0.4250340916988962E+00 -0.5439137902094958E+00 -0.6360656535992748E+00 -0.7087182761057088E+00 -0.7665431726478164E+00 -0.8285046939500257E+00 -0.8973325805356258E+00 -0.9255796829062845E+00 -0.8421477411229312E+00 -0.6362641865391037E+00 -0.3972075643471977E+00 -0.2149472265995541E+00 -0.9636410486032927E-01 -0.2175763389788673E-01  0.2145194169667812E-01  0.0000000000000000E+00
  0.0000000000000000E+00  0.1227503664305454E+00  0.9934174058109557E-01  0.7466026700015589E-02 -0.1244734178978830E+00 -0.2465236457452776E+00 -0.3694225985360443E+00 -0.4729256160927116E+00 -0.5562014849319611E+00 -0.6205553358126042E+00 -0.6854984656169385E+00 -0.7761003180900189E+00 -0.8718277816008752E+00 -0.8903341716375172E+00 -0.7604562429420917E+00 -0.5199446755789888E+00 -0.2825314724651126E+00 -0.1095249240458824E+00 -0.6055791293589539E-02  0.4175482915018078E-01  0.0000000000000000E+00
  0.0000000000000000E+00  0.1693458797806746E+00  0.2100976958909684E+00  0.1703660623943806E+00  0.6870054900486085E-01 -0.4096791534464828E-01 -0.1581293465452696E+00 -0.2671913484577889E+00 -0.3630826099550880E+00 -0.4422849835787603E+00 -0.5150892421399188E+00 -0.6128951550613536E+00 -0.7470129868216736E+00 -0.8568368268831654E+00 -0.8352837720503012E+00 -0.6515339031360000E+00 -0.4000906610919449E+00 -0.1815665280266914E+00 -0.3626298759096545E-01  0.3141649613906044E-01  0.0000000000000000E+00
  0.0000000000000000E+00  0.1791147766365944E+00  0.2815488994057301E+00  0.3133014318114604E+00  0.2628154713289176E+00  0.1811153857455447E+00  0.8167802078783612E-01 -0.2280443652753530E-01 -0.1268790416130979E+00 -0.2253633584373966E+00 -0.3185840319891979E+00 -0.4286148187744810E+00 -0.5822545782696381E+00 -0.7589242377657779E+00 -0.8508191640259901E+00 -0.7629920210687576E+00 -0.5391031801066536E+00 -0.2988879440795073E+00 -0.1116550393270119E+00 -0.1322423038101786E-01  0.0000000000000000E+00
  0.0000000000000000E+00  0.1544076664941575E+00  0.3023376289277578E+00  0.4134311908386769E+00  0.4337321161653154E+00  0.3977425108835571E+00  0.3283555263194115E+00  0.2392865558222012E+00  0.1356566796556667E+00  0.2149006037812585E-01 -0.9852942416759917E-01 -0.2325655379039329E+00 -0.4007715887444032E+00 -0.6179979361456873E+00 -0.8102648053598800E+00 -0.8426379771608273E+00 -0.6819399745622995E+00 -0.4414763737419269E+00 -0.2208529868642935E+00 -0.8240808944558628E-01  0.0000000000000000E+00
  0.0000000000000000E+00  0.1065142105056214E+00  0.2708552285588356E+00  0.4497373042109103E+00  0.5509736109986157E+00  0.5781242729689047E+00  0.5520809320785806E+00  0.4883993765938378E+00  0.3938531856949194E+00  0.2716340048533847E+00  0.1275409510528279E+00 -0.3580095429735863E-01 -0.2196550701481754E+00 -0.4545794337427844E+00 -0.7189380142151371E+00 -0.8799800284206247E+00 -0.8201330614832943E+00 -0.6032760507112982E+00 -0.3615632666380735E+00 -0.1695267005105824E+00  0.0000000000000000E+00
  0.0000000000000000E+00  0.4575345347838237E-01  0.1956036553680539E+00  0.4091173387998038E+00  0.5822390015506111E+00  0.6814763012153747E+00  0.7114236067441733E+00  0.6841559792660326E+00  0.6078889434574101E+00  0.4866482886130855E+00  0.3276734187054883E+00  0.1417498035142023E+00 -0.5342530709692826E-01 -0.2858784463919503E+00 -0.5835344232275791E+00 -0.8593989784029306E+00 -0.9363124063150018E+00 -0.7772274703734237E+00 -0.5306335688928837E+00 -0.2716267233711451E+00  0.0000000000000000E+00
  0.0000000000000000E+00 -0.2070365136136152E-01  0.9036457259370712E-01  0.2927364381081629E+00  0.5062204307316274E+00  0.6693060457075785E+00  0.7603759481845029E+00  0.7786725435532260E+00  0.7299605000787014E+00  0.6203093125852784E+00  0.4617151038475379E+00  0.2729223023043001E+00  0.8303529281155551E-01 -0.1249727639820008E+00 -0.4106559457240129E+00 -0.7609484182068814E+00 -0.9963796904955222E+00 -0.9425438806780779E+00 -0.7187369115413317E+00 -0.3858369532284376E+00  0.0000000000000000E+00
  0.0000000000000000E+00 -0.7901613192985281E-01 -0.2639466705228402E-01  0.1254504665086586E+00  0.3314637964785211E+00  0.5239712387574161E+00  0.6607364772215141E+00  0.7239040895752172E+00  0.7118106580561598E+00  0.6311350737249752E+00  0.4990231671657196E+00  0.3391189944716721E+00  0.1812191185294700E+00  0.1992243896788761E-01 -0.2091585983811212E+00 -0.5660246434709278E+00 -0.9463613550168979E+00 -0.1049603147128107E+01 -0.9000466266449607E+00 -0.5014791480395877E+00  0.0000000000000000E+00
  0.0000000000000000E+00 -0.8224759208369199E-01 -0.7892114011790126E-01  0.1089754371303983E-01  0.1643655100400854E+00  0.3329186407014880E+00  0.4742695613926714E+00  0.5620123326161079E+00  0.5866082008027592E+00  0.5510077574868798E+00  0.4704555282114575E+00  0.3649829072406747E+00  0.2580522774453181E+00  0.1527688851152003E+00  0.7408406184959336E-02 -0.2742555502076192E+00 -0.7241557574767798E+00 -0.1002958741301417E+01 -0.1004570419410083E+01 -0.5795656743499892E+00  0.0000000000000000E+00
  0.0000000000000000E+00  0.2073995534534539E-01  0.8529930897190698E-01  0.1596448445600725E+00  0.2510313419886188E+00  0.3537009755380645E+00  0.4492439127013846E+00  0.5179476360558289E+00  0.5479883557333223E+00  0.5370064258016787E+00  0.4939847901906322E+00  0.4312633006482443E+00  0.3660989756729362E+00  0.3018547969775858E+00  0.2299390746759722E+00  0.7750104438097209E-01 -0.2993369332664010E+00 -0.6631496350533423E+00 -0.8740692608006586E+00 -0.5182371959493075E+00  0.0000000000000000E+00
  0.0000000000000000E+00  0.4285605977058516E+00  0.5546412093595754E+00  0.6128187896125302E+00  0.6373068928701824E+00  0.6556776233152894E+00  0.6729917914639043E+00  0.6831943194799558E+00  0.6799371158573128E+00  0.6603669428396448E+00  0.6286978218265644E+00  0.5889009625926063E+00  0.5517001513190412E+00  0.5135917957968843E+00  0.4897107867436830E+00  0.4423208598774263E+00  0.2957776626849722E+00  0.1196156830722055E+00 -0.1553861017648808E+00 -0.4675267812443106E-01  0.0000000000000000E+00
  0.3000000000000000E+01  0.1735058162227791E+01  0.1421375680893181E+01  0.1321188475722482E+01  0.1339110663378072E+01  0.1386668105592196E+01  0.1430268538309672E+01  0.1468364677615961E+01  0.1508177008161384E+01  0.1555905597282744E+01  0.1607891324710939E+01  0.1664560412870425E+01  0.1710998521715813E+01  0.1761079409586933E+01  0.1760806714444923E+01  0.1750538464748693E+01  0.1813330078678682E+01  0.1978003315730041E+01  0.2592089044493983E+01  0.2622020838423985E+01  0.3000000000000000E+01
