  0.0000000000000000E+00  0.2433240325737895E-01  0.2816225635328083E-01  0.2651818663049552E-01  0.8989405238844374E-02 -0.2819689383102565E-01 -0.9226004605013192E-01 -0.1850229488370387E+00 -0.2982306606955125E+00 -0.4112945075128056E+00 -0.4974416027537419E+00 -0.5356104092833932E+00 -0.5201949710466257E+00 -0.4622142554428418E+00 -0.3807586731927186E+00 -0.2938674809812017E+00 -0.2123751540075903E+00 -0.1425600355666858E+00 -0.8170756116606542E-01 -0.3838632338823485E-01  0.0000000000000000E+00
  0.0000000000000000E+00 -0.2299228927401391E-01 -0.2627794139840005E-01 -0.2907322328431555E-01 -0.2183358356373489E-01 -0.2933467659795520E-02  0.3168354414226446E-01  0.8273966530470027E-01  0.1460620316258358E+00  0.2116387626874736E+00  0.2665511370044860E+00  0.2999849149311436E+00  0.3072600720822499E+00  0.2906808521352097E+00  0.2566793130857837E+00  0.2129656155959878E+00  0.1652493113721025E+00  0.1192166589773738E+00  0.7393569359681838E-01  0.3930709577946444E-01  0.0000000000000000E+00
  0.0000000000000000E+00 -0.4464446456466278E-01 -0.5067156784191931E-01 -0.6070148322245113E-01 -0.5651134545236030E-01 -0.3699729681041221E-01  0.2790586376661455E-02  0.6319604707706211E-01  0.1399554341819950E+00  0.2236217805496151E+00  0.3022118082597160E+00  0.3643443355100376E+00  0.4015852452001240E+00  0.4098283009627873E+00  0.3892792660646326E+00  0.3450293658067615E+00  0.2833727801087171E+00  0.2150899413654357E+00  0.1400995196243897E+00  0.7953496395015847E-01  0.0000000000000000E+00
  0.0000000000000000E+00 -0.6172644785996078E-01 -0.7572322213059153E-01 -0.9752525166162601E-01 -0.1025189102624701E+00 -0.8991338589434092E-01 -0.5273457775710561E-01  0.9373170372315685E-02  0.9137071145528618E-01  0.1827042434222495E+00  0.2710343020683638E+00  0.3448052704287320E+00  0.3949706745676222E+00  0.4161763754760243E+00  0.4068326543719848E+00  0.3704032680281159E+00  0.3115604585638115E+00  0.2418923645538959E+00  0.1598766546469173E+00  0.9253877654271959E-01  0.0000000000000000E+00
  0.0000000000000000E+00 -0.7580873043712688E-01 -0.1027821131297617E+00 -0.1415310472551625E+00 -0.1631085258805735E+00 -0.1678761646674681E+00 -0.1471432093365001E+00 -0.1002691346532177E+00 -0.3037536715228823E-01  0.5469591521211805E-01  0.1452002728975133E+00  0.2297306469720441E+00  0.2971030425501119E+00  0.3386793376765364E+00  0.3496780165544338E+00  0.3309352087974842E+00  0.2855265935434211E+00  0.2253042786912369E+00  0.1485022440134721E+00  0.8834584204678313E-01  0.0000000000000000E+00
  0.0000000000000000E+00 -0.9041120148880878E-01 -0.1357056210142729E+00 -0.1982526715501007E+00 -0.2475393453037740E+00 -0.2868793962021544E+00 -0.3053274887320350E+00 -0.2986426229920349E+00 -0.2618462855490996E+00 -0.1960913825844792E+00 -0.1073952281215692E+00 -0.8244535093601452E-02  0.8635466889936826E-01  0.1627715699092463E+00  0.2114671074478262E+00  0.2283232583274097E+00  0.2129667600967139E+00  0.1754551561280301E+00  0.1154712078949996E+00  0.7315283211902200E-01  0.0000000000000000E+00
  0.0000000000000000E+00 -0.1047595883242632E+00 -0.1722176598705931E+00 -0.2644582401432614E+00 -0.3523531304714972E+00 -0.4426754478158979E+00 -0.5180304119900918E+00 -0.5648401905419765E+00 -0.5679266718549055E+00 -0.5244576265738567E+00 -0.4384160286389166E+00 -0.3238667722897404E+00 -0.1992447204673769E+00 -0.8315276435169619E-01  0.1056577581579089E-01  0.7334865878530086E-01  0.1008728384094287E+00  0.9833076858510983E-01  0.6698879542863125E-01  0.4970399693447984E-01  0.0000000000000000E+00
  0.0000000000000000E+00 -0.1161265758208064E+00 -0.2047701774569336E+00 -0.3274205488189733E+00 -0.4566351492914757E+00 -0.5999765505987502E+00 -0.7288398100710143E+00 -0.8222625494979139E+00 -0.8630687585271167E+00 -0.8469000666126602E+00 -0.7723327387585281E+00 -0.6502860057460209E+00 -0.4996866659110198E+00 -0.3454101976874355E+00 -0.2079392200792841E+00 -0.1000966837939997E+00 -0.2803462053258414E-01  0.9181775460451692E-02  0.1419284534637813E-01  0.2358115318501255E-01  0.0000000000000000E+00
  0.0000000000000000E+00 -0.1203974087246955E+00 -0.2206397190028183E+00 -0.3642333403287655E+00 -0.5214709339305977E+00 -0.6987334841670718E+00 -0.8599196961290170E+00 -0.9879589673221795E+00 -0.1069383400216336E+01 -0.1094362644850936E+01 -0.1052856056422000E+01 -0.9448208977121906E+00 -0.7821689427544603E+00 -0.5937158076016150E+00 -0.4112626925135979E+00 -0.2583712992507405E+00 -0.1443307529002119E+00 -0.6866669998376658E-01 -0.2671224490538203E-01  0.4768188880498087E-02  0.0000000000000000E+00
  0.0000000000000000E+00 -0.1134998896577061E+00 -0.2076201978333611E+00 -0.3531611947562845E+00 -0.5128839251487202E+00 -0.6945542111553907E+00 -0.8634877598776834E+00 -0.1011983628369963E+01 -0.1129867466579857E+01 -0.1205415001268332E+01 -0.1224004809608487E+01 -0.1168763163503449E+01 -0.1032058617923436E+01 -0.8313926409524593E+00 -0.6054951059150288E+00 -0.3979676834939255E+00 -0.2340052168541184E+00 -0.1178063425496725E+00 -0.4342672865490369E-01  0.1195942663592331E-02  0.0000000000000000E+00
  0.0000000000000000E+00 -0.9282627549291009E-01 -0.1616995866662249E+00 -0.2868613356742940E+00 -0.4214485381329111E+00 -0.5777810781991407E+00 -0.7284954126501856E+00 -0.8734609354728122E+00 -0.1007652764208348E+01 -0.1125297545272747E+01 -0.1215412239883268E+01 -0.1251811673574009E+01 -0.1201786448522255E+01 -0.1049784357420185E+01 -0.8171673043877742E+00 -0.5591021643294554E+00 -0.3300832302307973E+00 -0.1580725563540132E+00 -0.4773669967370728E-01  0.6112092046844830E-02  0.0000000000000000E+00
  0.0000000000000000E+00 -0.5949508916363730E-01 -0.9134781836889670E-01 -0.1778400237635804E+00 -0.2670741955847701E+00 -0.3764764705541448E+00 -0.4896372554066640E+00 -0.6102170104484620E+00 -0.7369835521428474E+00 -0.8698189591633319E+00 -0.1007949117890810E+01 -0.1134745865413929E+01 -0.1209031751532416E+01 -0.1179603511623407E+01 -0.1021535793120488E+01 -0.7675613750882505E+00 -0.4891601308283255E+00 -0.2502841404336618E+00 -0.8521108520885773E-01 -0.7955887488662793E-02  0.0000000000000000E+00
  0.0000000000000000E+00 -0.2082650609734662E-01 -0.1470812549693573E-01 -0.5295237874325292E-01 -0.8821514314591185E-01 -0.1408085180710227E+00 -0.2079596612233436E+00 -0.2956331036736973E+00 -0.4032386716958113E+00 -0.5299457985189179E+00 -0.6796394370725046E+00 -0.8528445388639535E+00 -0.1027266945940088E+01 -0.1144830137001667E+01 -0.1133359371445188E+01 -0.9689229035432719E+00 -0.7020811716136456E+00 -0.4207369986018301E+00 -0.1915708379571766E+00 -0.6595883561225796E-01  0.0000000000000000E+00
  0.0000000000000000E+00  0.1186200917641688E-01  0.4904950417465610E-01  0.5881277625280226E-01  0.7542757661929282E-01  0.7978069483427153E-01  0.6136120278347903E-01  0.9503609682858370E-02 -0.7662967528778607E-01 -0.1927965486051023E+00 -0.3370355469049236E+00 -0.5142910349616171E+00 -0.7285322297616740E+00 -0.9524079196023471E+00 -0.1101629950302556E+01 -0.1089711931344882E+01 -0.9046265486836237E+00 -0.6302397914876854E+00 -0.3545198620573315E+00 -0.1611129037355004E+00  0.0000000000000000E+00
  0.0000000000000000E+00  0.2912886759239914E-01  0.8713569777196625E-01  0.1367660112848321E+00  0.1950508035374034E+00  0.2471378274491817E+00  0.2749703055013327E+00  0.2614580217088233E+00  0.2011818951897989E+00  0.9849271980011247E-01 -0.3779783849903037E-01 -0.2033637479095135E+00 -0.4088556066205682E+00 -0.6693130478845573E+00 -0.9382612348865852E+00 -0.1100518588696103E+01 -0.1054076698590958E+01 -0.8363749898195397E+00 -0.5458288072837529E+00 -0.2739085344171202E+00  0.0000000000000000E+00
  0.0000000000000000E+00  0.3021134452803072E-01  0.9837561230107197E-01  0.1752161906580395E+00  0.2610363847278032E+00  0.3443146732007903E+00  0.4069216472125691E+00  0.4288049485581926E+00  0.3995786911019461E+00  0.3203624370678577E+00  0.2007344074612568E+00  0.5144400183906810E-01 -0.1263887522306436E+00 -0.3633236163671481E+00 -0.6748006499324392E+00 -0.9869742745771655E+00 -0.1122706682940518E+01 -0.1014051387445476E+01 -0.7470496010528995E+00 -0.3951696515027454E+00  0.0000000000000000E+00
  0.0000000000000000E+00  0.1930716404216950E-01  0.8965065988633150E-01  0.1827941827336065E+00  0.2842049342902603E+00  0.3824331140917981E+00  0.4633635712607841E+00  0.5099544438907256E+00  0.5106708087181118E+00  0.4632312647702816E+00  0.3740735015366902E+00  0.2512564836103235E+00  0.1034705380374247E+00 -0.8556319542253654E-01 -0.3581985890774246E+00 -0.7375809630637220E+00 -0.1060554268965124E+01 -0.1118752742574805E+01 -0.9321041897837732E+00 -0.5140118693752372E+00  0.0000000000000000E+00
  0.0000000000000000E+00  0.1915016433636046E-01  0.8726987650917296E-01  0.1921117708478580E+00  0.3041602112957433E+00  0.4092114184355446E+00  0.4972584893863292E+00  0.5571797039436091E+00  0.5800348734563825E+00  0.5617412816501041E+00  0.5050874708029134E+00  0.4135223001328742E+00  0.2957751250013173E+00  0.1493225682033290E+00 -0.4442454581596991E-01 -0.3753823859818244E+00 -0.8089168256306678E+00 -0.1058739583547178E+01 -0.1032146558217444E+01 -0.5913822518486062E+00  0.0000000000000000E+00
  0.0000000000000000E+00  0.6857213424873901E-01  0.1751004678650045E+00  0.3082818223837828E+00  0.4300904925988014E+00  0.5325325833638269E+00  0.6130194816777030E+00  0.6671743290260221E+00  0.6903284507840576E+00  0.6792834319299310E+00  0.6360950582660120E+00  0.5632200285793054E+00  0.4704932972934626E+00  0.3587106352198406E+00  0.2377081420546094E+00  0.3598818680607390E-01 -0.3459319734372230E+00 -0.6979244411250906E+00 -0.8911060411289502E+00 -0.5249784742007677E+00  0.0000000000000000E+00
  0.0000000000000000E+00  0.4272777406378624E+00  0.5860657952811250E+00  0.6895559426309179E+00  0.7497318826950127E+00  0.7865535093496266E+00  0.8085977763533206E+00  0.8165005949292693E+00  0.8085424270425751E+00  0.7836963381499792E+00  0.7443036693918149E+00  0.6931889449444384E+00  0.6372376778655500E+00  0.5763191324165279E+00  0.5229281734495315E+00  0.4486207794544719E+00  0.2895353377521210E+00  0.1096475473338444E+00 -0.1607802860452109E+00 -0.4792918623535428E-01  0.0000000000000000E+00
  0.3000000000000000E+01  0.1786738912335152E+01  0.1416903082021630E+01  0.1239613994491029E+01  0.1180894844513763E+01  0.1172872055314947E+01  0.1187226152617741E+01  0.1217672544238214E+01  0.1264701169656333E+01  0.1328194417479993E+01  0.1403184050090567E+01  0.1483653193745990E+01  0.1558780263696813E+01  0.1629753237970257E+01  0.1668923621706015E+01  0.1690125848442658E+01  0.1785462013306414E+01  0.1973132916873376E+01  0.2591234817006683E+01  0.2618809084505296E+01  0.3000000000000000E+01
