  0.0000000000000000E+00 -0.2271960140725388E-01 -0.7810945749477305E-01 -0.1325161007905433E+00 -0.1933170612040397E+00 -0.2875727462336495E+00 -0.4320463248209670E+00 -0.6089942512922973E+00 -0.7813926882133506E+00 -0.8900018280805534E+00 -0.8960536473464842E+00 -0.7979672225551464E+00 -0.6414583765596453E+00 -0.4711751264249223E+00 -0.3130019901244038E+00 -0.1794389583597518E+00 -0.7524433789395396E-01 -0.2983175212272038E-02  0.3273187693337877E-01  0.2573832503730376E-01  0.0000000000000000E+00
  0.0000000000000000E+00 -0.3245487477192939E-02  0.1435731323279454E-03 -0.3083819984642050E-03  0.4646744359681556E-02  0.3262857614903972E-01  0.9064552059349802E-01  0.1755444988007022E+00  0.2712529618810937E+00  0.3557352489214666E+00  0.4087545543090847E+00  0.4229776764317786E+00  0.4050568398230406E+00  0.3637684969566807E+00  0.3050181900460439E+00  0.2352034438789373E+00  0.1611819733723448E+00  0.9352296393635819E-01  0.4015484613736008E-01  0.1473703805636323E-01  0.0000000000000000E+00
  0.0000000000000000E+00 -0.3245606383883269E-01 -0.7767873809778922E-01 -0.1334412467859359E+00 -0.1793768281249951E+00 -0.1896870177865303E+00 -0.1601097630404729E+00 -0.8236075489019083E-01  0.3236619742993054E-01  0.1772039186838464E+00  0.3302100155807698E+00  0.4709658067401894E+00  0.5737121429094767E+00  0.6201303644451198E+00  0.6020525800137279E+00  0.5261713732770601E+00  0.4083015822230804E+00  0.2775857165968025E+00  0.1531964153454590E+00  0.6994943920639345E-01  0.0000000000000000E+00
  0.0000000000000000E+00 -0.6618787753881229E-01 -0.1934084691343207E+00 -0.3100762398736729E+00 -0.4110511475732755E+00 -0.4633366012344916E+00 -0.4746421869387452E+00 -0.4285848886680972E+00 -0.3386209198584821E+00 -0.1988234801546684E+00 -0.3029521968571266E-01  0.1544520253182484E+00  0.3258181385945660E+00  0.4592581431915004E+00  0.5340997445748404E+00  0.5407108344030143E+00  0.4777549234873317E+00  0.3665330991392362E+00  0.2273462163535621E+00  0.1061965745420634E+00  0.0000000000000000E+00
  0.0000000000000000E+00 -0.7237518231616039E-01 -0.2838854665424855E+00 -0.4401999829767639E+00 -0.5860212278572440E+00 -0.6724847554019842E+00 -0.7235117353601339E+00 -0.7115747396435098E+00 -0.6553431392402578E+00 -0.5390765127819486E+00 -0.3851806142667861E+00 -0.2007806883142531E+00 -0.1624675257190849E-01  0.1472629365203801E+00  0.2720446139662243E+00  0.3466738125832353E+00  0.3585866201152007E+00  0.3107380164848525E+00  0.2086949498024981E+00  0.1018270671506089E+00  0.0000000000000000E+00
  0.0000000000000000E+00 -0.6114577040059824E-01 -0.3301977262691677E+00 -0.5073384146027102E+00 -0.6890219045243693E+00 -0.8038959200532396E+00 -0.8957406861669548E+00 -0.9257586008256213E+00 -0.9164164194116382E+00 -0.8400214509683275E+00 -0.7120225550017766E+00 -0.5337874069394565E+00 -0.3391217066243673E+00 -0.1586576253511633E+00 -0.1303574913938845E-01  0.9445383215920732E-01  0.1577595592446261E+00  0.1703831800551192E+00  0.1237253282374557E+00  0.6921913174362004E-01  0.0000000000000000E+00
  0.0000000000000000E+00 -0.4234341116933261E-01 -0.3167301491559085E+00 -0.4922587078460982E+00 -0.6857075455968762E+00 -0.8122657951039423E+00 -0.9304299425716902E+00 -0.9982915067708095E+00 -0.1040799614507271E+01 -0.1026051474436780E+01 -0.9538171066971897E+00 -0.8094413508673932E+00 -0.6135384322358350E+00 -0.4092303215613528E+00 -0.2397595075299427E+00 -0.1151395429791814E+00 -0.2691847831238486E-01  0.2465244206677849E-01  0.2989284771908208E-01  0.2841192343019922E-01  0.0000000000000000E+00
  0.0000000000000000E+00 -0.1749392521687005E-01 -0.2495948630914708E+00 -0.4109757237405622E+00 -0.5986322614122320E+00 -0.7267069673361225E+00 -0.8560625939501846E+00 -0.9481658122122559E+00 -0.1028662758561372E+01 -0.1074380587122941E+01 -0.1077012898316870E+01 -0.1004947995512019E+01 -0.8439454659437237E+00 -0.6229657042992337E+00 -0.4088944830691579E+00 -0.2494837398205305E+00 -0.1408214701585266E+00 -0.6642133360337464E-01 -0.2384323062114205E-01  0.6953759671456120E-02  0.0000000000000000E+00
  0.0000000000000000E+00  0.2258937596596716E-01 -0.1401261388825494E+00 -0.2816993043003936E+00 -0.4544138446817196E+00 -0.5794723751665971E+00 -0.7092325633571500E+00 -0.8107022250711777E+00 -0.9053081663141349E+00 -0.9853998970899942E+00 -0.1051090774366046E+01 -0.1072681624235030E+01 -0.1001399929290159E+01 -0.8167939905388355E+00 -0.5691157287099330E+00 -0.3469025314583885E+00 -0.1911347931439800E+00 -0.8896856899362234E-01 -0.2427657192506692E-01  0.1587172667061900E-01  0.0000000000000000E+00
  0.0000000000000000E+00  0.8282072374150723E-01 -0.6692636021149177E-02 -0.1233849187675565E+00 -0.2800151437804277E+00 -0.4039183298853595E+00 -0.5339356076801349E+00 -0.6412779733326807E+00 -0.7366959349195280E+00 -0.8213157088678397E+00 -0.9097620982672726E+00 -0.9983954767274869E+00 -0.1036874517291735E+01 -0.9553613848610832E+00 -0.7412814383498756E+00 -0.4751619398941784E+00 -0.2510113607883169E+00 -0.9743094877346058E-01 -0.7236255306843201E-02  0.3588587456619689E-01  0.0000000000000000E+00
  0.0000000000000000E+00  0.1453103445558032E+00  0.1254317198325609E+00  0.4623763538789934E-01 -0.8935292937025774E-01 -0.2102169382753292E+00 -0.3396528034132375E+00 -0.4539465881384083E+00 -0.5527285897706283E+00 -0.6356090321048886E+00 -0.7198064303582615E+00 -0.8289017454178379E+00 -0.9453030816709364E+00 -0.9884317127686081E+00 -0.8795403512349576E+00 -0.6386062063765423E+00 -0.3723721663667707E+00 -0.1600971978071174E+00 -0.2640386055866640E-01  0.3367379653670607E-01  0.0000000000000000E+00
  0.0000000000000000E+00  0.1820478654412550E+00  0.2315098435221311E+00  0.2094346126973670E+00  0.1099629049736140E+00  0.2334368193251454E-02 -0.1182723602373351E+00 -0.2341491756634975E+00 -0.3398260703909580E+00 -0.4310683180751898E+00 -0.5156558882598299E+00 -0.6228123139008185E+00 -0.7720837622478156E+00 -0.9145801968814836E+00 -0.9390463380246767E+00 -0.7879501354043552E+00 -0.5320007196766847E+00 -0.2829361308671187E+00 -0.9880169664632169E-01 -0.6180165041382946E-02  0.0000000000000000E+00
  0.0000000000000000E+00  0.1811932821534882E+00  0.2934367262922581E+00  0.3455392478042817E+00  0.3035907958106762E+00  0.2262777506788224E+00  0.1273071964152822E+00  0.2125631605820989E-01 -0.8639393287136676E-01 -0.1911441399995950E+00 -0.2921031280883511E+00 -0.4056005672708980E+00 -0.5630153939338586E+00 -0.7647826412324128E+00 -0.9148465107957716E+00 -0.8919700603463920E+00 -0.6942042681085084E+00 -0.4379100304465873E+00 -0.2123112245778315E+00 -0.7629654808393441E-01  0.0000000000000000E+00
  0.0000000000000000E+00  0.1484531688528617E+00  0.3029526384984380E+00  0.4339982189629653E+00  0.4696000647544694E+00  0.4433433297204226E+00  0.3793566230473260E+00  0.2937426952151436E+00  0.1925538216897913E+00  0.7853252640926919E-01 -0.4527972061142852E-01 -0.1812845814159953E+00 -0.3458810601678668E+00 -0.5711695064106267E+00 -0.8159129946100737E+00 -0.9383130319675669E+00 -0.8428103787116997E+00 -0.6089685983868534E+00 -0.3582515349480484E+00 -0.1660431885053343E+00  0.0000000000000000E+00
  0.0000000000000000E+00  0.9421026665723251E-01  0.2598152105046329E+00  0.4541167564976545E+00  0.5746266206379599E+00  0.6181500743000130E+00  0.6041465576920890E+00  0.5498776087933189E+00  0.4637144827931582E+00  0.3477195414194529E+00  0.2051377328396546E+00  0.4165159860146215E-01 -0.1370390220025263E+00 -0.3631096234430773E+00 -0.6560324843412082E+00 -0.9132655341996557E+00 -0.9618267427228390E+00 -0.7871233113530838E+00 -0.5309466070935668E+00 -0.2701731342791966E+00  0.0000000000000000E+00
  0.0000000000000000E+00  0.2653845267838547E-01  0.1719501682592447E+00  0.3940825825715491E+00  0.5869803739545290E+00  0.7083228183755710E+00  0.7575559845672570E+00  0.7460315437059081E+00  0.6828878762909482E+00  0.5719755786846721E+00  0.4200889667753855E+00  0.2390202998870876E+00  0.4980331266693404E-01 -0.1623368013196348E+00 -0.4531136600568690E+00 -0.8013661575701274E+00 -0.1019290397526010E+01 -0.9529648963560188E+00 -0.7206809585164320E+00 -0.3855584653331596E+00  0.0000000000000000E+00
  0.0000000000000000E+00 -0.4508638220797213E-01  0.5184145752612999E-01  0.2545864324973206E+00  0.4829459207098323E+00  0.6684897124392880E+00  0.7826062325107380E+00  0.8211200052278420E+00  0.7897292428014006E+00  0.6956113226970143E+00  0.5522083797551751E+00  0.3774578452544475E+00  0.1980433721694709E+00  0.1602473102483600E-01 -0.2261996367267889E+00 -0.5911319291228576E+00 -0.9640978157597118E+00 -0.1058679114773009E+01 -0.9022405208190161E+00 -0.5017357964272231E+00  0.0000000000000000E+00
  0.0000000000000000E+00 -0.7837750224743435E-01 -0.4292792002083009E-01  0.9908013794542850E-01  0.3001510732605398E+00  0.4966217015194865E+00  0.6456903034912487E+00  0.7273065469188934E+00  0.7381303636472325E+00  0.6836046249205713E+00  0.5791430629063347E+00  0.4440490626036897E+00  0.3035307126770508E+00  0.1674110624494619E+00  0.4330388206617443E-02 -0.2880023175346643E+00 -0.7365846257509375E+00 -0.1010201603046804E+01 -0.1006372279090310E+01 -0.5799390466208829E+00  0.0000000000000000E+00
  0.0000000000000000E+00  0.8385026172731884E-03  0.6992715441400718E-01  0.1687338257538699E+00  0.3000625160502126E+00  0.4411581560810189E+00  0.5633120331380673E+00  0.6441864057262612E+00  0.6734064739309312E+00  0.6506540645475756E+00  0.5873990200189186E+00  0.4986773353847974E+00  0.4058330801735551E+00  0.3162165730643419E+00  0.2293865059248830E+00  0.6921629535929864E-01 -0.3070748911568509E+00 -0.6680556726472355E+00 -0.8750266716784207E+00 -0.5181258841659412E+00  0.0000000000000000E+00
  0.0000000000000000E+00  0.4210586756635171E+00  0.5419591497570292E+00  0.6060650868459774E+00  0.6464876308493818E+00  0.6846259059477592E+00  0.7191886386816208E+00  0.7398537374712435E+00  0.7388361719201695E+00  0.7142826664067006E+00  0.6727478273331735E+00  0.6209552304745146E+00  0.5713721195376882E+00  0.5226401674424670E+00  0.4910244119418123E+00  0.4396889691256639E+00  0.2932600861113585E+00  0.1177978004590134E+00 -0.1555628992571156E+00 -0.4616634285234981E-01  0.0000000000000000E+00
  0.3000000000000000E+01  0.1737662475626722E+01  0.1444049705142920E+01  0.1350538565215938E+01  0.1360599623502067E+01  0.1387280438237741E+01  0.1405746117093205E+01  0.1424625193312530E+01  0.1456897958170423E+01  0.1507806065327474E+01  0.1569155538019398E+01  0.1635811643961254E+01  0.1691716721560490E+01  0.1748296070736941E+01  0.1756313270099446E+01  0.1750149387982307E+01  0.1813144850509073E+01  0.1978550925975724E+01  0.2591662026092926E+01  0.2620373144391108E+01  0.3000000000000000E+01
