  0.0000000000000000E+00  0.5745598071196720E-02  0.2063972351046031E-01  0.7352777231547164E-01  0.1434262748608982E+00  0.2014424425783422E+00  0.1993737490884543E+00  0.9395289333932361E-01 -0.1097794098733914E+00 -0.3690810129371354E+00 -0.6154738140731200E+00 -0.7692044505400324E+00 -0.7734759482003792E+00 -0.6469424776555991E+00 -0.4700319641292664E+00 -0.2990327148800573E+00 -0.1570731595429338E+00 -0.5234331242641677E-01  0.1054736158769554E-01  0.2211868113610947E-01  0.0000000000000000E+00
  0.0000000000000000E+00 -0.2384097103012633E-01 -0.6612666236119709E-01 -0.1238621227525048E+00 -0.1833180385703572E+00 -0.2254169347347728E+00 -0.2311629133617257E+00 -0.1816763587679008E+00 -0.7912286133095744E-01  0.6058824386827578E-01  0.2073463577407085E+00  0.3268555134631956E+00  0.3898407069238079E+00  0.3924150291519459E+00  0.3534406907085064E+00  0.2891587959106348E+00  0.2103392993501219E+00  0.1299930682745034E+00  0.6070957517523953E-01  0.2002006828550184E-01  0.0000000000000000E+00
  0.0000000000000000E+00 -0.6577731501918226E-01 -0.1777402635731310E+00 -0.2980585959420428E+00 -0.4065278408501735E+00 -0.4748083616259763E+00 -0.4941149909967229E+00 -0.4510761829643786E+00 -0.3471479938662638E+00 -0.1873162813323080E+00  0.6565259149005557E-02  0.2113620898495545E+00  0.3960461725710445E+00  0.5303026098002385E+00  0.5902901079962529E+00  0.5684436728518472E+00  0.4739447385074320E+00  0.3376358923970933E+00  0.1926760871134141E+00  0.8217888599261498E-01  0.0000000000000000E+00
  0.0000000000000000E+00 -0.8270214622147488E-01 -0.2694084914850505E+00 -0.4275759941468811E+00 -0.5664283138308835E+00 -0.6535983808853366E+00 -0.6962162270991100E+00 -0.6812389059766188E+00 -0.6147441055434377E+00 -0.4926305791933830E+00 -0.3268604206882878E+00 -0.1261187999549339E+00  0.8487232154067992E-01  0.2764228257593106E+00  0.4184812025430131E+00  0.4899712478688426E+00  0.4772810641458502E+00  0.3887897166687849E+00  0.2494489472394779E+00  0.1092079894021121E+00  0.0000000000000000E+00
  0.0000000000000000E+00 -0.7593411998798844E-01 -0.3153092085622970E+00 -0.4896974756854564E+00 -0.6500319516306236E+00 -0.7542590840402734E+00 -0.8242994711429970E+00 -0.8424311269271720E+00 -0.8189898132396597E+00 -0.7424158107528978E+00 -0.6175427694620851E+00 -0.4429837553786125E+00 -0.2394920028904886E+00 -0.4035147428466213E-01  0.1234818236028253E+00  0.2396828390785184E+00  0.2960781812187430E+00  0.2820186211174536E+00  0.1967612015410309E+00  0.9197248591757674E-01  0.0000000000000000E+00
  0.0000000000000000E+00 -0.5864998183937586E-01 -0.3059752916196758E+00 -0.4773609553593174E+00 -0.6444511025978746E+00 -0.7563794587533441E+00 -0.8458174758226927E+00 -0.8927814251614371E+00 -0.9123549965436656E+00 -0.8912347588550029E+00 -0.8262654313374663E+00 -0.7003806943328211E+00 -0.5174404065716937E+00 -0.3139850552670211E+00 -0.1405407402160806E+00 -0.1360932258366418E-01  0.7365750569528896E-01  0.1129337224988411E+00  0.8859338911098839E-01  0.4948228462758942E-01  0.0000000000000000E+00
  0.0000000000000000E+00 -0.3592159827992478E-01 -0.2484943074254794E+00 -0.4071687897163671E+00 -0.5711473125778459E+00 -0.6869042000414315E+00 -0.7889827643282368E+00 -0.8562137869434164E+00 -0.9058896917519335E+00 -0.9309205052098267E+00 -0.9289950950249197E+00 -0.8730321083225460E+00 -0.7370031378520585E+00 -0.5360674939437390E+00 -0.3375213182058633E+00 -0.1941536144037744E+00 -0.9615858484525354E-01 -0.3020205180759069E-01 -0.5163768862154868E-02  0.9330064253767510E-02  0.0000000000000000E+00
  0.0000000000000000E+00  0.5755544586211037E-04 -0.1515555898796527E+00 -0.2942003887967766E+00 -0.4502179302621954E+00 -0.5690528353724004E+00 -0.6793746235795113E+00 -0.7593778593199884E+00 -0.8237085482406408E+00 -0.8739430321979351E+00 -0.9181246596088481E+00 -0.9360497222161049E+00 -0.8780837206546508E+00 -0.7141857796863887E+00 -0.4912429357746984E+00 -0.3023507320057530E+00 -0.1787733595867567E+00 -0.9517781252356855E-01 -0.3960907571371516E-01  0.4088861350713521E-03  0.0000000000000000E+00
  0.0000000000000000E+00  0.5698768533453053E-01 -0.2840119718269544E-01 -0.1511891538368627E+00 -0.2974946061716613E+00 -0.4196711333419523E+00 -0.5376091423472996E+00 -0.6292916995619854E+00 -0.7017939726276404E+00 -0.7599854497940298E+00 -0.8226933060207469E+00 -0.8923984482340607E+00 -0.9214671166093067E+00 -0.8389174968861729E+00 -0.6341040329640745E+00 -0.3960858999959961E+00 -0.2145133466348705E+00 -0.9631166082096573E-01 -0.2172641443529149E-01  0.2169624205699743E-01  0.0000000000000000E+00
  0.0000000000000000E+00  0.1228395149184534E+00  0.1005057584558178E+00  0.9864158844736492E-02 -0.1208596665919445E+00 -0.2419714276822732E+00 -0.3639042880563624E+00 -0.4668127144808899E+00 -0.5497884564491526E+00 -0.6143454334210525E+00 -0.6800141701968770E+00 -0.7715667435336054E+00 -0.8680325595603519E+00 -0.8870479804360965E+00 -0.7577978565288124E+00 -0.5181911604023813E+00 -0.2814678263764800E+00 -0.1088971361474929E+00 -0.5613287166483881E-02  0.4230827397575770E-01  0.0000000000000000E+00
  0.0000000000000000E+00  0.1684959653874422E+00  0.2099164251400913E+00  0.1714155536547559E+00  0.7096879343893386E-01 -0.3780945499972221E-01 -0.1540791961405517E+00 -0.2624773237956256E+00 -0.3579241011129692E+00 -0.4370525425847759E+00 -0.5103220186534870E+00 -0.6089983065258758E+00 -0.7438855441629597E+00 -0.8540510898239168E+00 -0.8326715145015973E+00 -0.6494833058559953E+00 -0.3986535072023324E+00 -0.1805688918594966E+00 -0.3559014328591956E-01  0.3211278313786212E-01  0.0000000000000000E+00
  0.0000000000000000E+00  0.1775604631574142E+00  0.2800298478728679E+00  0.3127230874025601E+00  0.2633537700972245E+00  0.1824551690645123E+00  0.8375252683325017E-01 -0.2011957659527040E-01 -0.1236961609952213E+00 -0.2218561809951365E+00 -0.3151411799198351E+00 -0.4256603127170798E+00 -0.5799366252582363E+00 -0.7568949538734789E+00 -0.8486442918816470E+00 -0.7609810345173514E+00 -0.5375328242088860E+00 -0.2976891040273971E+00 -0.1108435550848009E+00 -0.1251209708314025E-01  0.0000000000000000E+00
  0.0000000000000000E+00  0.1526122672139777E+00  0.2998349652673113E+00  0.4112558910595562E+00  0.4323740020762517E+00  0.3970602501150419E+00  0.3282450555799130E+00  0.2396793430775027E+00  0.1365323319892807E+00  0.2282155327588315E-01 -0.9693150906696306E-01 -0.2309223528810759E+00 -0.3993462588227900E+00 -0.6167540359498941E+00 -0.8086893538492024E+00 -0.8408692914246952E+00 -0.6804027797146872E+00 -0.4401740873597761E+00 -0.2199042875244842E+00 -0.8170492667662155E-01  0.0000000000000000E+00
  0.0000000000000000E+00  0.1048700743517876E+00  0.2679308926634525E+00  0.4462950934145456E+00  0.5477777228939504E+00  0.5753566757105202E+00  0.5497335411511408E+00  0.4864571256561261E+00  0.3923410888254232E+00  0.2706160678980157E+00  0.1270178535956989E+00 -0.3575137915490036E-01 -0.2191929057636444E+00 -0.4540059713223199E+00 -0.7179166824277136E+00 -0.8785008639269399E+00 -0.8187015811844693E+00 -0.6019524725213331E+00 -0.3605313127472426E+00 -0.1688440119085144E+00  0.0000000000000000E+00
  0.0000000000000000E+00  0.4454348133251616E-01  0.1928978837299133E+00  0.4050671332423028E+00  0.5776385231018798E+00  0.6768400942998064E+00  0.7069688343511870E+00  0.6799867195012139E+00  0.6040943768180290E+00  0.4833836639607568E+00  0.3251135992361798E+00  0.1402332781771443E+00 -0.5388229502470659E-01 -0.2857855133579476E+00 -0.5828771288866433E+00 -0.8581210303995968E+00 -0.9349637901511761E+00 -0.7759107720386206E+00 -0.5295885986600520E+00 -0.2709757272914456E+00  0.0000000000000000E+00
  0.0000000000000000E+00 -0.2120953901286479E-01  0.8842528270275178E-01  0.2889868636332138E+00  0.5010924687123458E+00  0.6634318567329988E+00  0.7542388035032331E+00  0.7726072115343859E+00  0.7242234272146372E+00  0.6152097809703542E+00  0.4576140114791499E+00  0.2702932941122450E+00  0.8195183004967649E-01 -0.1251105285033191E+00 -0.4101338598986946E+00 -0.7597218410678250E+00 -0.9950408011134259E+00 -0.9412120818876479E+00 -0.7177068193743809E+00 -0.3852185491541679E+00  0.0000000000000000E+00
  0.0000000000000000E+00 -0.7861512148327256E-01 -0.2707159791200832E-01  0.1231145370576733E+00  0.3273311740530955E+00  0.5184229609747235E+00  0.6543255551499829E+00  0.7171987891149164E+00  0.7053373188963290E+00  0.6254351546907804E+00  0.4946055032979664E+00  0.3363871479931090E+00  0.1801318002142531E+00  0.1987627663883588E-01 -0.2085939602945461E+00 -0.5647473927733239E+00 -0.9449888603096503E+00 -0.1048245244484500E+01 -0.8990448189299750E+00 -0.5008956579262147E+00  0.0000000000000000E+00
  0.0000000000000000E+00 -0.8118822085881429E-01 -0.7818985791639156E-01  0.1072575491663496E-01  0.1627724288257658E+00  0.3298947246232945E+00  0.4701577264960378E+00  0.5573525890059887E+00  0.5819995306972613E+00  0.5470378571989239E+00  0.4675855129375268E+00  0.3634410776261940E+00  0.2577059334779189E+00  0.1531305923039705E+00  0.8073945146813200E-02 -0.2729752272526460E+00 -0.7228186601035171E+00 -0.1001632911630452E+01 -0.1003630256375164E+01 -0.5790349598418367E+00  0.0000000000000000E+00
  0.0000000000000000E+00  0.2143914934535344E-01  0.8602405689709079E-01  0.1604149218938353E+00  0.2513727391464643E+00  0.3532999784967172E+00  0.4480839175454127E+00  0.5162731863282155E+00  0.5461930178838350E+00  0.5355084225489590E+00  0.4931062034587163E+00  0.4311186061321265E+00  0.3665620358734187E+00  0.3025847004991016E+00  0.2305865615937358E+00  0.7852417844397984E-01 -0.2983014354524908E+00 -0.6620568584752087E+00 -0.8732694121891716E+00 -0.5177729350337236E+00  0.0000000000000000E+00
  0.0000000000000000E+00  0.4284061561820062E+00  0.5547097907737810E+00  0.6131188599782914E+00  0.6376216940985743E+00  0.6557998284204992E+00  0.6728304562383796E+00  0.6827946114547370E+00  0.6794502379388324E+00  0.6599648237412273E+00  0.6285142573857490E+00  0.5889527505077704E+00  0.5519412236851937E+00  0.5138319413816860E+00  0.4898294619250723E+00  0.4424783872883756E+00  0.2959776987947083E+00  0.1200393301279348E+00 -0.1549926630492355E+00 -0.4646429037132978E-01  0.0000000000000000E+00
  0.3000000000000000E+01  0.1736220680799335E+01  0.1421894684575748E+01  0.1321058341958961E+01  0.1338507656850742E+01  0.1385900493235220E+01  0.1429592548830274E+01  0.1467889351964005E+01  0.1507842304067338E+01  0.1555613951325277E+01  0.1607563431301470E+01  0.1664260354608815E+01  0.1710738364817838E+01  0.1761088876354044E+01  0.1761098175818519E+01  0.1751089016578853E+01  0.1813765468163384E+01  0.1977825151140987E+01  0.2591708576958535E+01  0.2621619936080265E+01  0.3000000000000000E+01
