  0.0000000000000000E+00  0.2128392992990450E-01  0.2897574824358114E-01  0.3671870136208059E-01  0.4245922175208963E-01  0.4749690440789532E-01  0.5129925916086725E-01  0.5349225883151272E-01  0.5361731973188028E-01  0.5126935484483797E-01  0.4614154796745351E-01  0.3811565503812425E-01  0.2735621797836693E-01  0.1438471347628201E-01  0.9774856125646658E-04 -0.1427584007773828E-01 -0.2716820685169535E-01 -0.3647099747526053E-01 -0.3804088616022668E-01 -0.2909775878353361E-01  0.0000000000000000E+00
  0.0000000000000000E+00 -0.1757641657020374E-01 -0.2206670243358372E-01 -0.2813357839525583E-01 -0.3281639764268198E-01 -0.3694661766563633E-01 -0.4008463666337598E-01 -0.4199114608615500E-01 -0.4237081987379451E-01 -0.4097159836053958E-01 -0.3760808860564049E-01 -0.3221736008361253E-01 -0.2491643347364959E-01 -0.1605069260054499E-01 -0.6211762191793081E-02  0.3785069874038722E-02  0.1291220675702419E-01  0.1989599538561675E-01  0.2228809548011505E-01  0.1933055271294419E-01  0.0000000000000000E+00
  0.0000000000000000E+00 -0.3144531978070671E-01 -0.3722435905717002E-01 -0.4768203382368690E-01 -0.5598997117595630E-01 -0.6334294858901367E-01 -0.6895465082926069E-01 -0.7248117942695227E-01 -0.7349513988950324E-01 -0.7164544023678078E-01 -0.6668271784946797E-01 -0.5853642521271336E-01 -0.4739308244258184E-01 -0.3376736432535295E-01 -0.1853753801412278E-01 -0.2920630455622112E-02  0.1156841341937721E-01  0.2321698868158972E-01  0.2882340028011847E-01  0.2889389935529895E-01  0.0000000000000000E+00
  0.0000000000000000E+00 -0.3798865018867804E-01 -0.4448747911235892E-01 -0.5714918203294533E-01 -0.6726540537997978E-01 -0.7638016268293699E-01 -0.8347229489244608E-01 -0.8812294005016315E-01 -0.8979445663938052E-01 -0.8802813761456932E-01 -0.8246232669555219E-01 -0.7293105211184761E-01 -0.5958029858216361E-01 -0.4299607538788358E-01 -0.2429723065609757E-01 -0.5124587832658577E-02  0.1247876982641708E-01  0.2639340216508257E-01  0.3298085840172983E-01  0.3370828965934999E-01  0.0000000000000000E+00
  0.0000000000000000E+00 -0.4076135197140292E-01 -0.4815274302569534E-01 -0.6257408625959626E-01 -0.7421631743343847E-01 -0.8487877712380759E-01 -0.9340897636994948E-01 -0.9933625485073629E-01 -0.1020011529532761E+00 -0.1007817103748129E+00 -0.9510572811733500E-01 -0.8458094545405179E-01 -0.6918059527808773E-01 -0.4949038101920152E-01 -0.2694392847986714E-01 -0.3885214945055463E-02  0.1669323737055173E-01  0.3192070469760133E-01  0.3781518870838901E-01  0.3712818761197840E-01  0.0000000000000000E+00
  0.0000000000000000E+00 -0.4250991741702657E-01 -0.5108850386594305E-01 -0.6742594048783901E-01 -0.8089289958126625E-01 -0.9346816248592409E-01 -0.1039052291986743E+00 -0.1116817524013253E+00 -0.1159857136413338E+00 -0.1159543011749476E+00 -0.1106688142177663E+00 -0.9931663457598001E-01 -0.8147909830822755E-01 -0.5759306122889846E-01 -0.2949208769940689E-01 -0.6803439016979015E-03  0.2416908009782853E-01  0.4085045640612788E-01  0.4502423552028613E-01  0.4134236165448579E-01  0.0000000000000000E+00
  0.0000000000000000E+00 -0.4410380389611294E-01 -0.5420458071263094E-01 -0.7282942450705551E-01 -0.8859247690554485E-01 -0.1036312789008653E+00 -0.1166303551424079E+00 -0.1270299089427565E+00 -0.1338484118714252E+00 -0.1359095833716904E+00 -0.1317849123085327E+00 -0.1199609522952268E+00 -0.9925107377170768E-01 -0.6961846784555324E-01 -0.3333685785339680E-01  0.4226262231249347E-02  0.3552926438270709E-01  0.5414878050438265E-01  0.5543044078603747E-01  0.4699385124012544E-01  0.0000000000000000E+00
  0.0000000000000000E+00 -0.4581465785474428E-01 -0.5775623252731912E-01 -0.7906502321768324E-01 -0.9759762212917238E-01 -0.1156861741173675E+00 -0.1319901457130023E+00 -0.1459638292879894E+00 -0.1564799938936840E+00 -0.1620084359281513E+00 -0.1604341401968381E+00 -0.1491491794510330E+00 -0.1255708349143486E+00 -0.8854464178078668E-01 -0.4069482529778770E-01  0.9744254462206914E-02  0.5063636539910393E-01  0.7213762331821974E-01  0.6935725127875955E-01  0.5425637308916890E-01  0.0000000000000000E+00
  0.0000000000000000E+00 -0.4767878336186770E-01 -0.6173505681975809E-01 -0.8607187232344361E-01 -0.1077792572724770E+00 -0.1294654825531568E+00 -0.1498476058563429E+00 -0.1685087029530526E+00 -0.1842836506759086E+00 -0.1953430228416374E+00 -0.1987679453198074E+00 -0.1903967267756303E+00 -0.1653478303035494E+00 -0.1202992454108100E+00 -0.5790512199204744E-01  0.9661779631690022E-02  0.6393532982986186E-01  0.9047618732304219E-01  0.8399397169159743E-01  0.6174881805920365E-01  0.0000000000000000E+00
  0.0000000000000000E+00 -0.4966181104710846E-01 -0.6603703403870306E-01 -0.9363788622961426E-01 -0.1187897286275647E+00 -0.1444940782931775E+00 -0.1696568661913541E+00 -0.1941922929744979E+00 -0.2171470376165444E+00 -0.2366525228102358E+00 -0.2491016989506098E+00 -0.2484733148325434E+00 -0.2266270289908754E+00 -0.1767614798332152E+00 -0.1007957027255545E+00 -0.1480801524357150E-01  0.5645354757274822E-01  0.9344464264913098E-01  0.8908999594195380E-01  0.6467062968606087E-01  0.0000000000000000E+00
  0.0000000000000000E+00 -0.5170689866685549E-01 -0.7051412978052191E-01 -0.1014501788043426E+00 -0.1300877813167540E+00 -0.1599590446024272E+00 -0.1903316342919342E+00 -0.2217459447268472E+00 -0.2538982452717037E+00 -0.2854795082189855E+00 -0.3128244461126024E+00 -0.3283694888957647E+00 -0.3203025821190456E+00 -0.2771648878324671E+00 -0.1981719603195038E+00 -0.9966051751773786E-01 -0.8676178053508541E-02  0.5022430451345034E-01  0.6443398876996514E-01  0.5301808014083324E-01  0.0000000000000000E+00
  0.0000000000000000E+00 -0.5377101576274223E-01 -0.7502294067469699E-01 -0.1091398170420830E+00 -0.1409542924115316E+00 -0.1746591431528605E+00 -0.2100574964054655E+00 -0.2486479494715406E+00 -0.2913564967489887E+00 -0.3383936338523064E+00 -0.3873802573145140E+00 -0.4306256165155830E+00 -0.4533869795664484E+00 -0.4385244624201181E+00 -0.3780043936922404E+00 -0.2798835911480576E+00 -0.1669038847515795E+00 -0.6925332246884745E-01 -0.1028854794325007E-01  0.1437770755082636E-01  0.0000000000000000E+00
  0.0000000000000000E+00 -0.5587152937834863E-01 -0.7949007751894915E-01 -0.1163409616038555E+00 -0.1505283110370330E+00 -0.1869883036049427E+00 -0.2261457701954630E+00 -0.2706574446547773E+00 -0.3231313595801518E+00 -0.3862505540221278E+00 -0.4606024402537077E+00 -0.5406261127661645E+00 -0.6103612889106019E+00 -0.6459911683145075E+00 -0.6267077629452075E+00 -0.5439105528985170E+00 -0.4101783163379359E+00 -0.2609804058111136E+00 -0.1345648916975100E+00 -0.5481305323131266E-01  0.0000000000000000E+00
  0.0000000000000000E+00 -0.5813315665638328E-01 -0.8395771260959614E-01 -0.1227022890853794E+00 -0.1577996177069924E+00 -0.1949355859490956E+00 -0.2350470443300450E+00 -0.2817479542919697E+00 -0.3391261947949448E+00 -0.4123867517172405E+00 -0.5058886519885888E+00 -0.6182358804997315E+00 -0.7351072524210107E+00 -0.8286168582803766E+00 -0.8670502657994681E+00 -0.8223467690825575E+00 -0.6863047996667626E+00 -0.4917883397602204E+00 -0.2923161168300320E+00 -0.1445212694241268E+00  0.0000000000000000E+00
  0.0000000000000000E+00 -0.6077134310681540E-01 -0.8843219925443653E-01 -0.1275801103928151E+00 -0.1612488366762957E+00 -0.1958455643805848E+00 -0.2325025107164637E+00 -0.2750347678946282E+00 -0.3277747622401316E+00 -0.3968719749337379E+00 -0.4894463618826579E+00 -0.6097980259296759E+00 -0.7513823878097148E+00 -0.8933680422698536E+00 -0.1004805309807786E+01 -0.1037313784235935E+01 -0.9448215456203954E+00 -0.7403068197085771E+00 -0.4820139267218848E+00 -0.2496804921320734E+00  0.0000000000000000E+00
  0.0000000000000000E+00 -0.6369821097593305E-01 -0.9208770791811831E-01 -0.1287375136799466E+00 -0.1572904689728387E+00 -0.1850346231723471E+00 -0.2130078322860303E+00 -0.2442014666976061E+00 -0.2814148785588740E+00 -0.3291862259581033E+00 -0.3950359968695660E+00 -0.4895945054621251E+00 -0.6211686952624704E+00 -0.7885910866346593E+00 -0.9746288835618068E+00 -0.1119671730848902E+01 -0.1132797141723519E+01 -0.9805392416752597E+00 -0.7015513816913764E+00 -0.3725465594757021E+00  0.0000000000000000E+00
  0.0000000000000000E+00 -0.6553186855889705E-01 -0.9015051069206137E-01 -0.1178732160914825E+00 -0.1352914385654310E+00 -0.1509864869628266E+00 -0.1658471874754402E+00 -0.1812837022659878E+00 -0.1974239671865922E+00 -0.2152737783081481E+00 -0.2396970654166920E+00 -0.2840634424755710E+00 -0.3703599349147024E+00 -0.5205095800825340E+00 -0.7435853301363465E+00 -0.9997924048724545E+00 -0.1169930067997105E+01 -0.1145560576348998E+01 -0.9145893235092440E+00 -0.5006269489845321E+00  0.0000000000000000E+00
  0.0000000000000000E+00 -0.5760413130962715E-01 -0.6845043620804114E-01 -0.7148307048763854E-01 -0.6709915535767505E-01 -0.6500383767589234E-01 -0.6488150933077591E-01 -0.6554339191823284E-01 -0.6434389281838970E-01 -0.5875632407604139E-01 -0.4908925862355033E-01 -0.4440538192546987E-01 -0.6801888731074582E-01 -0.1543661408287207E+00 -0.3404363621012838E+00 -0.6410920941156979E+00 -0.9619068098882391E+00 -0.1121803455394221E+01 -0.1036848163013191E+01 -0.5882747376438485E+00  0.0000000000000000E+00
  0.0000000000000000E+00 -0.3158274136064591E-01  0.3562247939292999E-01  0.8215589057671131E-01  0.1146076445713062E+00  0.1319420628059210E+00  0.1409509413152877E+00  0.1471622629406129E+00  0.1552813737137935E+00  0.1691250619490575E+00  0.1905442699490485E+00  0.2159139561328363E+00  0.2308950284290934E+00  0.2094832924928923E+00  0.1157966153898464E+00 -0.1089622490159039E+00 -0.4602056548355558E+00 -0.7573522434910698E+00 -0.9010192434017054E+00 -0.5238892388229746E+00  0.0000000000000000E+00
  0.0000000000000000E+00  0.2927378422251119E+00  0.4038996534586325E+00  0.4673158674131584E+00  0.4872725062760056E+00  0.4872378263097554E+00  0.4811882935853858E+00  0.4754422198311923E+00  0.4732122187526131E+00  0.4765908825855897E+00  0.4867499978464292E+00  0.5028292223755642E+00  0.5192908889728673E+00  0.5257813684916743E+00  0.5079223265865975E+00  0.4307138290547661E+00  0.2642930698203500E+00  0.9108754351572303E-01 -0.1630488918143618E+00 -0.4191016497048305E-01  0.0000000000000000E+00
  0.3000000000000000E+01  0.2090203731964018E+01  0.1823923519017033E+01  0.1680208288337236E+01  0.1652790125743289E+01  0.1670228583876655E+01  0.1697386060559130E+01  0.1720835603447036E+01  0.1735644717455954E+01  0.1739352414192288E+01  0.1730294276409761E+01  0.1707426289006144E+01  0.1673022361510491E+01  0.1632139187017869E+01  0.1592029635630054E+01  0.1598896263819798E+01  0.1746915135703394E+01  0.1969385125961761E+01  0.2588127432041380E+01  0.2601841256088474E+01  0.3000000000000000E+01
