  0.0000000000000000E+00  0.5819710476566264E-02  0.2060562966621399E-01  0.7342308871223679E-01  0.1432166292722550E+00  0.2009800353127699E+00  0.1983407718134451E+00  0.9213133637224358E-01 -0.1123934026180603E+00 -0.3723171683487319E+00 -0.6190048159649951E+00 -0.7725084899936558E+00 -0.7759614202292804E+00 -0.6484266199165681E+00 -0.4707867172504978E+00 -0.2993165709919871E+00 -0.1570463715780159E+00 -0.5210087181457357E-01  0.1088730186370690E-01  0.2253545465381766E-01  0.0000000000000000E+00
  0.0000000000000000E+00 -0.2386883744855342E-01 -0.6609665190641750E-01 -0.1238265707226254E+00 -0.1832923221471150E+00 -0.2253567231039800E+00 -0.2309425254490652E+00 -0.1811780204017100E+00 -0.7830990890012424E-01  0.6168860882333402E-01  0.2086299953981221E+00  0.3281599904154316E+00  0.3909626769975507E+00  0.3932632441425113E+00  0.3540521002070107E+00  0.2895589963828872E+00  0.2105460450900628E+00  0.1300131490015412E+00  0.6061251002457205E-01  0.1979574409830275E-01  0.0000000000000000E+00
  0.0000000000000000E+00 -0.6578680186909400E-01 -0.1776843260530385E+00 -0.2980566234556395E+00 -0.4066603371690898E+00 -0.4750901339991701E+00 -0.4944868045337507E+00 -0.4514027248328865E+00 -0.3473231293184330E+00 -0.1872513418787298E+00  0.6885170229371151E-02  0.2119714812526390E+00  0.3969266107633718E+00  0.5313631125109660E+00  0.5913695833705344E+00  0.5693604181566746E+00  0.4745917636921726E+00  0.3379385751900501E+00  0.1927248319374230E+00  0.8192268694872591E-01  0.0000000000000000E+00
  0.0000000000000000E+00 -0.8275778027132798E-01 -0.2695997159985243E+00 -0.4280109389379851E+00 -0.5671979518029301E+00 -0.6546486532084929E+00 -0.6974679517245395E+00 -0.6825317681281458E+00 -0.6159890474803387E+00 -0.4937094101770854E+00 -0.3277271607331508E+00 -0.1266519677100879E+00  0.8474408257314966E-01  0.2767125987255760E+00  0.4190774949231605E+00  0.4906834572003304E+00  0.4779379611381349E+00  0.3891965308308390E+00  0.2496232458425419E+00  0.1089947112155952E+00  0.0000000000000000E+00
  0.0000000000000000E+00 -0.7598315537654818E-01 -0.3158111042833925E+00 -0.4905783594592458E+00 -0.6513835784367060E+00 -0.7559337963297688E+00 -0.8262294812364953E+00 -0.8444209183164884E+00 -0.8209602057964245E+00 -0.7442256218714592E+00 -0.6191549309713535E+00 -0.4442733204330359E+00 -0.2403763886411718E+00 -0.4079447412674332E-01  0.1233985998918976E+00  0.2398389681397752E+00  0.2963572316654501E+00  0.2822279025272503E+00  0.1968688083880503E+00  0.9174593779508847E-01  0.0000000000000000E+00
  0.0000000000000000E+00 -0.5867557384589509E-01 -0.3067312448473361E+00 -0.4785451181831091E+00 -0.6461990998331323E+00 -0.7584796970586585E+00 -0.8482409893824094E+00 -0.8952954903890856E+00 -0.9148874724129344E+00 -0.8936390063877198E+00 -0.8285249204525871E+00 -0.7023752559807938E+00 -0.5190215749159364E+00 -0.3150518160272153E+00 -0.1411781605621054E+00 -0.1396478043044788E-01  0.7350688931541596E-01  0.1128572168602620E+00  0.8855017258131295E-01  0.4923019668661691E-01  0.0000000000000000E+00
  0.0000000000000000E+00 -0.3595641813151277E-01 -0.2493692026664378E+00 -0.4084583952610992E+00 -0.5730538482252774E+00 -0.6891917769148564E+00 -0.7916462846820103E+00 -0.8589659716612223E+00 -0.9086194831023942E+00 -0.9334701993416287E+00 -0.9314053365747543E+00 -0.8753071418838032E+00 -0.7390074658019192E+00 -0.5375715749602661E+00 -0.3384824447520483E+00 -0.1947646338585040E+00 -0.9653905623466329E-01 -0.3043637562010933E-01 -0.5286722001368299E-02  0.9106592465666998E-02  0.0000000000000000E+00
  0.0000000000000000E+00 -0.6219661335188348E-05 -0.1523752281283575E+00 -0.2954214673854852E+00 -0.4520979435628632E+00 -0.5713865383582865E+00 -0.6821794083401347E+00 -0.7623280602862013E+00 -0.8266117323063594E+00 -0.8765635665399221E+00 -0.9204753855841730E+00 -0.9382828865763836E+00 -0.8802310547791997E+00 -0.7160073760013360E+00 -0.4924734331800079E+00 -0.3030694556207224E+00 -0.1791769517441716E+00 -0.9538704612740055E-01 -0.3969821740390498E-01  0.2526301076654856E-03  0.0000000000000000E+00
  0.0000000000000000E+00  0.5699677582903674E-01 -0.2893605155039781E-01 -0.1521326702490567E+00 -0.2991057337890489E+00 -0.4217971049776401E+00 -0.5402848718899419E+00 -0.6322060992824503E+00 -0.7047053518065105E+00 -0.7625758622530575E+00 -0.8248449021865287E+00 -0.8943046093632665E+00 -0.9233838795369247E+00 -0.8408002380731107E+00 -0.6355960103094688E+00 -0.3970042326224668E+00 -0.2149915129585156E+00 -0.9650081425403685E-01 -0.2178311968834466E-01  0.2156150514277037E-01  0.0000000000000000E+00
  0.0000000000000000E+00  0.1231428842258906E+00  0.1004865186366500E+00  0.9452297342660891E-02 -0.1218989552174792E+00 -0.2435193496317925E+00 -0.3660087628317190E+00 -0.4692514518600913E+00 -0.5523588670048496E+00 -0.6167317060108650E+00 -0.6819449001239248E+00 -0.7730947759885675E+00 -0.8694939614218788E+00 -0.8886625659367603E+00 -0.7593520609814352E+00 -0.5193408978038766E+00 -0.2821886536817870E+00 -0.1092621213924194E+00 -0.5775410187685039E-02  0.4209064669044688E-01  0.0000000000000000E+00
  0.0000000000000000E+00  0.1691399311133341E+00  0.2105084054606966E+00  0.1717297517346592E+00  0.7076938470457718E-01 -0.3842174437545386E-01 -0.1551489189297713E+00 -0.2639021742607413E+00 -0.3596027868384595E+00 -0.4387872270378285E+00 -0.5118206038472582E+00 -0.6101394838875045E+00 -0.7448691586451887E+00 -0.8552243069703582E+00 -0.8340388921131855E+00 -0.6506933036126640E+00 -0.3995696721555737E+00 -0.1811810185124615E+00 -0.3594018242747377E-01  0.3176488009191632E-01  0.0000000000000000E+00
  0.0000000000000000E+00  0.1783694789131526E+00  0.2811383352287043E+00  0.3138067343633743E+00  0.2641296342086877E+00  0.1829694482642395E+00  0.8396805556167282E-01 -0.2019853969459554E-01 -0.1240736013920739E+00 -0.2224882444760879E+00 -0.3158489606843383E+00 -0.4262937670729699E+00 -0.5804820077274406E+00 -0.7576256368319317E+00 -0.8497235485512216E+00 -0.7621117482970062E+00 -0.5384987240148233E+00 -0.2984625003416302E+00 -0.1113540230292637E+00 -0.1294768952148045E-01  0.0000000000000000E+00
  0.0000000000000000E+00  0.1533648645966987E+00  0.3012134999237396E+00  0.4129650105584704E+00  0.4340677366237688E+00  0.3986748367135131E+00  0.3297248440988399E+00  0.2409626302682875E+00  0.1375356829068294E+00  0.2346762941832163E-01 -0.9660854310262119E-01 -0.2308910583177092E+00 -0.3994784344457813E+00 -0.6171210197996607E+00 -0.8094935572907911E+00 -0.8418956307997231E+00 -0.6813504572599656E+00 -0.4410286373180806E+00 -0.2205335683621993E+00 -0.8217282843967365E-01  0.0000000000000000E+00
  0.0000000000000000E+00  0.1054077094034858E+00  0.2692599475564282E+00  0.4483151744628840E+00  0.5501392056479099E+00  0.5778686399537284E+00  0.5522723292861089E+00  0.4888989696750466E+00  0.3945481033502881E+00  0.2724300627960994E+00  0.1283498332957214E+00 -0.3502360666799312E-01 -0.2189506428409022E+00 -0.4541285524407090E+00 -0.7185277487438440E+00 -0.8794620279911811E+00 -0.8196362709578087E+00 -0.6028505122277564E+00 -0.3612353074069843E+00 -0.1693114915018501E+00  0.0000000000000000E+00
  0.0000000000000000E+00  0.4476220472587915E-01  0.1938780926168041E+00  0.4069620787262379E+00  0.5802203588343354E+00  0.6798441874635919E+00  0.7101816878842521E+00  0.6832106744641308E+00  0.6071371394632563E+00  0.4860217689149218E+00  0.3271588713154822E+00  0.1414618532157507E+00 -0.5338525740395802E-01 -0.2857920607156797E+00 -0.5834013991659371E+00 -0.8590849848051623E+00 -0.9359237939901471E+00 -0.7768458205923656E+00 -0.5303278212834870E+00 -0.2714315814189782E+00  0.0000000000000000E+00
  0.0000000000000000E+00 -0.2141228815991687E-01  0.8883303164858920E-01  0.2902699779946318E+00  0.5032733036819910E+00  0.6663070551393213E+00  0.7575423805012217E+00  0.7760556916261594E+00  0.7275442296865186E+00  0.6181073603329769E+00  0.4598278924307148E+00  0.2715963541061152E+00  0.8245575774441208E-01 -0.1251362258759134E+00 -0.4106450136600651E+00 -0.7607324425114759E+00 -0.9960610180187293E+00 -0.9421897538309506E+00 -0.7184600864492413E+00 -0.3856618370350082E+00  0.0000000000000000E+00
  0.0000000000000000E+00 -0.7924101738361866E-01 -0.2736779854351156E-01  0.1233933756876607E+00  0.3284344427403604E+00  0.5203172430720518E+00  0.6568043041610460E+00  0.7199536047452646E+00  0.7080332830224421E+00  0.6277275057407101E+00  0.4962264561711909E+00  0.3372044225062202E+00  0.1803188842005377E+00  0.1970013160277082E-01 -0.2091044255265648E+00 -0.5657716164773385E+00 -0.9460492883174789E+00 -0.1049249410210607E+01 -0.8997889954191856E+00 -0.5013211652036013E+00  0.0000000000000000E+00
  0.0000000000000000E+00 -0.8190007944069544E-01 -0.7889962601676478E-01  0.1017483115043486E-01  0.1626742153990089E+00  0.3303528264277573E+00  0.4710993326865563E+00  0.5585658095622286E+00  0.5832105423360862E+00  0.5479739659500682E+00  0.4680669341414966E+00  0.3634382996131601E+00  0.2573949425938813E+00  0.1527391697155699E+00  0.7612879462804771E-02 -0.2738907733077059E+00 -0.7238097628066269E+00 -0.1002595053259481E+01 -0.1004323596664363E+01 -0.5794227430886066E+00  0.0000000000000000E+00
  0.0000000000000000E+00  0.2120835351007665E-01  0.8579645860699782E-01  0.1600350938413672E+00  0.2509763865462745E+00  0.3530339787134642E+00  0.4480080663284883E+00  0.5163358568720712E+00  0.5462661184438010E+00  0.5354517238945701E+00  0.4928309081234915E+00  0.4306411345170852E+00  0.3660049317595852E+00  0.3021189171227480E+00  0.2302677996846332E+00  0.7790277728644243E-01 -0.2990115830891869E+00 -0.6628228686590241E+00 -0.8738446385746017E+00 -0.5181057787004678E+00  0.0000000000000000E+00
  0.0000000000000000E+00  0.4286206906454303E+00  0.5548699177986424E+00  0.6131307292479506E+00  0.6375342651160922E+00  0.6556914581569379E+00  0.6727529835412198E+00  0.6827554848058762E+00  0.6794146098011837E+00  0.6598921139597230E+00  0.6283756548853251E+00  0.5887745634754759E+00  0.5517636769618938E+00  0.5137577681114320E+00  0.4898730487211018E+00  0.4424631803073804E+00  0.2958729982782936E+00  0.1197563662589918E+00 -0.1552679708920034E+00 -0.4666733826865235E-01  0.0000000000000000E+00
  0.3000000000000000E+01  0.1735346281573786E+01  0.1421186705211071E+01  0.1320642906097515E+01  0.1338373591197998E+01  0.1385959604242651E+01  0.1429749115704829E+01  0.1468069402454443E+01  0.1508022289040250E+01  0.1555775382015401E+01  0.1607703943467516E+01  0.1664317444090658E+01  0.1710713900873904E+01  0.1760845612788452E+01  0.1760648653521328E+01  0.1750513236364301E+01  0.1813369422075933E+01  0.1977908032564001E+01  0.2591959274101409E+01  0.2621896236105489E+01  0.3000000000000000E+01
