  0.0000000000000000E+00  0.5753881111245265E-02  0.2066824492029723E-01  0.7353471118862603E-01  0.1433922524053847E+00  0.2013741978449133E+00  0.1993359177615696E+00  0.9403818028393701E-01 -0.1095152125561939E+00 -0.3686189804928466E+00 -0.6148392721023802E+00 -0.7684927238885869E+00 -0.7728417843396028E+00 -0.6465050699099679E+00 -0.4697832565708476E+00 -0.2989274908020163E+00 -0.1570732938327523E+00 -0.5242183810801548E-01  0.1042982775785284E-01  0.2198261770057265E-01  0.0000000000000000E+00
  0.0000000000000000E+00 -0.2384012081928521E-01 -0.6611236390387945E-01 -0.1238153066600377E+00 -0.1832290000078851E+00 -0.2252957644322766E+00 -0.2310403405891664E+00 -0.1816002278670070E+00 -0.7912560883076339E-01  0.6048592622589636E-01  0.2071473224603684E+00  0.3265868173466268E+00  0.3895568506190387E+00  0.3921658399670012E+00  0.3532402328263489E+00  0.2890130084550494E+00  0.2102520994877279E+00  0.1299708104101314E+00  0.6073379942899525E-01  0.2008869651952691E-01  0.0000000000000000E+00
  0.0000000000000000E+00 -0.6576648134661037E-01 -0.1776688467913411E+00 -0.2979112087914872E+00 -0.4062947476182704E+00 -0.4745130954519166E+00 -0.4937851040059295E+00 -0.4507625033170841E+00 -0.3468920390484840E+00 -0.1871612018151575E+00  0.6602695278725043E-02  0.2112677281512934E+00  0.3958287675175133E+00  0.5299924499910358E+00  0.5899374419081990E+00  0.5681115345631319E+00  0.4736830046304313E+00  0.3374905931223788E+00  0.1926312260448386E+00  0.8224870725915340E-01  0.0000000000000000E+00
  0.0000000000000000E+00 -0.8269717195064447E-01 -0.2692808289843119E+00 -0.4273543455712784E+00 -0.5661025160824202E+00 -0.6532077673233579E+00 -0.6957785770961896E+00 -0.6807998901183470E+00 -0.6143257802561740E+00 -0.4922707280133332E+00 -0.3265748154757489E+00 -0.1259418562516712E+00  0.8492359951113598E-01  0.2763465815041817E+00  0.4183015030126837E+00  0.4897336821884511E+00  0.4770368998640654E+00  0.3886174875820664E+00  0.2493613644753599E+00  0.1092676263923979E+00  0.0000000000000000E+00
  0.0000000000000000E+00 -0.7594369738726793E-01 -0.3151350426629121E+00 -0.4894244174528665E+00 -0.6496347820597818E+00 -0.7537933699038049E+00 -0.8237698100276712E+00 -0.8418867160493818E+00 -0.8184412482848311E+00 -0.7418999016311949E+00 -0.6170721234803246E+00 -0.4425988918304876E+00 -0.2392202906164730E+00 -0.4019952885069016E-01  0.1235347795800310E+00  0.2396563603036886E+00  0.2959935397497617E+00  0.2819407199300729E+00  0.1967152376866460E+00  0.9204510320112405E-01  0.0000000000000000E+00
  0.0000000000000000E+00 -0.5867356735689525E-01 -0.3057919585414621E+00 -0.4770939369240944E+00 -0.6440545647807163E+00 -0.7559194148451369E+00 -0.8452856359971476E+00 -0.8922303228780387E+00 -0.9117863278118287E+00 -0.8906739650119732E+00 -0.8257106090199529E+00 -0.6998668933187270E+00 -0.5170176570492827E+00 -0.3136813916526593E+00 -0.1403295992972667E+00 -0.1346230838828786E-01  0.7373964883743596E-01  0.1129813659161596E+00  0.8862398024827067E-01  0.4957519237559609E-01  0.0000000000000000E+00
  0.0000000000000000E+00 -0.3595025047438410E-01 -0.2483304044635432E+00 -0.4069358898176075E+00 -0.5707763658568272E+00 -0.6864609822573330E+00 -0.7884528996808343E+00 -0.8556616763777097E+00 -0.9053275336843811E+00 -0.9303725372736033E+00 -0.9284408610323164E+00 -0.8724725099264506E+00 -0.7364887449856388E+00 -0.5356661468866925E+00 -0.3372361474312696E+00 -0.1939313414668553E+00 -0.9598702766448003E-01 -0.3007829093066601E-01 -0.5087126765491521E-02  0.9423049057809451E-02  0.0000000000000000E+00
  0.0000000000000000E+00  0.2170332739756331E-04 -0.1514429538554412E+00 -0.2940257164755455E+00 -0.4498962465975859E+00 -0.5686406691711314E+00 -0.6788564334150502E+00 -0.7588271288080863E+00 -0.8231593303091810E+00 -0.8734351397118100E+00 -0.9176374297756490E+00 -0.9355390662282671E+00 -0.8775577863039347E+00 -0.7137248217416088E+00 -0.4909160293264583E+00 -0.3021272522096744E+00 -0.1786095508700060E+00 -0.9506408706858474E-01 -0.3954641060718172E-01  0.4734559418542944E-03  0.0000000000000000E+00
  0.0000000000000000E+00  0.5691981504965914E-01 -0.2837580194998436E-01 -0.1511034413295763E+00 -0.2972585256812555E+00 -0.4193270872018512E+00 -0.5371395948612223E+00 -0.6287652472184805E+00 -0.7012604184156852E+00 -0.7595071928015199E+00 -0.8222803097770894E+00 -0.8919903048792637E+00 -0.9210124559758857E+00 -0.8384526537565685E+00 -0.6337327220405646E+00 -0.3958480441896519E+00 -0.2143750564448343E+00 -0.9624357384478865E-01 -0.2170388454859317E-01  0.2173079603647821E-01  0.0000000000000000E+00
  0.0000000000000000E+00  0.1227108393895734E+00  0.1004156002874663E+00  0.9821854780164660E-02 -0.1207637990442622E+00 -0.2417666066964128E+00 -0.3635718822919592E+00 -0.4664007620562408E+00 -0.5493405334543567E+00 -0.6139262848864672E+00 -0.6796706846511655E+00 -0.7712659064400627E+00 -0.8676960420289456E+00 -0.8866482446204402E+00 -0.7574135384682164E+00 -0.5179081193884590E+00 -0.2812934566515161E+00 -0.1088166726484223E+00 -0.5589935767664866E-02  0.4234537539306461E-01  0.0000000000000000E+00
  0.0000000000000000E+00  0.1683210877954187E+00  0.2097124131372119E+00  0.1712214350267331E+00  0.7087724712868516E-01 -0.3781405675153102E-01 -0.1539801720291416E+00 -0.2622949057857072E+00 -0.3576782903933816E+00 -0.4367832208327490E+00 -0.5100845032355613E+00 -0.6087987854588180E+00 -0.7436685466860874E+00 -0.8537524421292625E+00 -0.8323241793882057E+00 -0.6491805509605272E+00 -0.3984274186783506E+00 -0.1804263554252642E+00 -0.3551853056972362E-01  0.3218393734128756E-01  0.0000000000000000E+00
  0.0000000000000000E+00  0.1773849501442704E+00  0.2797470290908765E+00  0.3123848375018590E+00  0.2630576210450714E+00  0.1822075567140011E+00  0.8357070110095643E-01 -0.2023210695616141E-01 -0.1237349468254750E+00 -0.2218276491810528E+00 -0.3150782735836360E+00 -0.4255789175583574E+00 -0.5798253587664717E+00 -0.7566951537806856E+00 -0.8483526850021623E+00 -0.7606866784110261E+00 -0.5372847617786252E+00 -0.2974944700875745E+00 -0.1107199378561433E+00 -0.1240834949430521E-01  0.0000000000000000E+00
  0.0000000000000000E+00  0.1524781295088632E+00  0.2995320756973725E+00  0.4108186904816167E+00  0.4319004502434100E+00  0.3965860686921983E+00  0.3277960155854541E+00  0.2392761116805415E+00  0.1361979032555603E+00  0.2257762934732019E-01 -0.9708666238611732E-01 -0.2309832747170617E+00 -0.3993298298868259E+00 -0.6166356034894523E+00 -0.8084493133496434E+00 -0.8405853318275764E+00 -0.6801490098659425E+00 -0.4399490521861593E+00 -0.2197422268322747E+00 -0.8158567403976791E-01  0.0000000000000000E+00
  0.0000000000000000E+00  0.1048022461936778E+00  0.2676752684237467E+00  0.4458383736265535E+00  0.5471999323269513E+00  0.5747174966854847E+00  0.5490763476325332E+00  0.4858200232956662E+00  0.3917617826311184E+00  0.2701362522765696E+00  0.1266626115780132E+00 -0.3594830427580393E-01 -0.2192543869356932E+00 -0.4539431930193896E+00 -0.7177139719417603E+00 -0.8782183424618757E+00 -0.8184405682925976E+00 -0.6017079687958535E+00 -0.3603441475044951E+00 -0.1687211866490599E+00  0.0000000000000000E+00
  0.0000000000000000E+00  0.4455725030137340E-01  0.1927457126756185E+00  0.4046893910679834E+00  0.5770706478378266E+00  0.6761463165813465E+00  0.7062096561209281E+00  0.6792185452770440E+00  0.6033696716848178E+00  0.4827603014187459E+00  0.3246383292672395E+00  0.1399561875602990E+00 -0.5398655264156725E-01 -0.2857503512978737E+00 -0.5826954592515438E+00 -0.8578299116487094E+00 -0.9346888033212628E+00 -0.7756506814321755E+00 -0.5293874262888459E+00 -0.2708535966021919E+00  0.0000000000000000E+00
  0.0000000000000000E+00 -0.2109640554658882E-01  0.8841659583450623E-01  0.2887913895011229E+00  0.5006813426749557E+00  0.6628416167388715E+00  0.7535327050483324E+00  0.7718581168474570E+00  0.7235019818629316E+00  0.6145896859254566E+00  0.4571553926323098E+00  0.2700400208470282E+00  0.8186553968242098E-01 -0.1250738892191600E+00 -0.4099659913869898E+00 -0.7594219836839577E+00 -0.9947488881692458E+00 -0.9409391004820714E+00 -0.7174991820842352E+00 -0.3850982262581166E+00  0.0000000000000000E+00
  0.0000000000000000E+00 -0.7841522297167486E-01 -0.2692184791283856E-01  0.1231661461288667E+00  0.3272102486635945E+00  0.5181227044863672E+00  0.6538860448916771E+00  0.7166895617641880E+00  0.7048361827123600E+00  0.6250206466670251E+00  0.4943332389549600E+00  0.3362760958550063E+00  0.1801306842559013E+00  0.1993999821414752E-01 -0.2084454804269065E+00 -0.5644581691930678E+00 -0.9446921540895231E+00 -0.1047968035827621E+01 -0.8988395206383915E+00 -0.5007795717239043E+00  0.0000000000000000E+00
  0.0000000000000000E+00 -0.8100503992622071E-01 -0.7799134283196346E-01  0.1092037060032257E-01  0.1628940162085824E+00  0.3299109299867895E+00  0.4700751463040674E+00  0.5572110756655659E+00  0.5818542429391940E+00  0.5469432662915643E+00  0.4675734053793519E+00  0.3635090612725337E+00  0.2578080249913050E+00  0.1532272635379037E+00  0.8187480267134358E-02 -0.2727331328989895E+00 -0.7225507353696671E+00 -0.1001372766391044E+01 -0.1003440837206963E+01 -0.5789295931011029E+00  0.0000000000000000E+00
  0.0000000000000000E+00  0.2147160165627569E-01  0.8605087436280455E-01  0.1604867257148199E+00  0.2514707493788680E+00  0.3533932950324649E+00  0.4481543111089501E+00  0.5163242394258799E+00  0.5462445156351612E+00  0.5355825141949545E+00  0.4932143120633934E+00  0.4312506626810548E+00  0.3666888386391762E+00  0.3026755766190145E+00  0.2306458267426166E+00  0.7867579620836980E-01 -0.2981167095823236E+00 -0.6618545121153205E+00 -0.8731148496334712E+00 -0.5176836924509557E+00  0.0000000000000000E+00
  0.0000000000000000E+00  0.4283357420774869E+00  0.5546415658889583E+00  0.6130849153484692E+00  0.6376177010865431E+00  0.6558112203517881E+00  0.6728452952680677E+00  0.6828081751556188E+00  0.6794658502298654E+00  0.6599864201732459E+00  0.6285444691208526E+00  0.5889826227536320E+00  0.5519621398275676E+00  0.5138225080265524E+00  0.4897952342955968E+00  0.4424693884524568E+00  0.2960004406622243E+00  0.1201122000780749E+00 -0.1549198235689893E+00 -0.4641038669191786E-01  0.0000000000000000E+00
  0.3000000000000000E+01  0.1736464375423815E+01  0.1422126176695930E+01  0.1321231979669412E+01  0.1338617646119239E+01  0.1385959633977101E+01  0.1429618425304747E+01  0.1467899713959024E+01  0.1507846964945565E+01  0.1555623253675217E+01  0.1607580904700836E+01  0.1664302794420159E+01  0.1710802419156473E+01  0.1761208052539357E+01  0.1761260123855826E+01  0.1751267630850999E+01  0.1813881968431003E+01  0.1977808887650455E+01  0.2591644621073496E+01  0.2621547467624798E+01  0.3000000000000000E+01
