  0.0000000000000000E+00  0.5761561288952818E-02  0.2069455595281089E-01  0.7354131450855739E-01  0.1433613545980121E+00  0.2013119244834071E+00  0.1993013861592540E+00  0.9411631837875578E-01 -0.1092732024994647E+00 -0.3681956592132122E+00 -0.6142577660300129E+00 -0.7678403252389561E+00 -0.7722603051439119E+00 -0.6461038133594456E+00 -0.4695549776307020E+00 -0.2988307983435775E+00 -0.1570732293097022E+00 -0.5249364575185078E-01  0.1032225542386475E-01  0.2185812107037040E-01  0.0000000000000000E+00
  0.0000000000000000E+00 -0.2383940054271337E-01 -0.6609934170510545E-01 -0.1237724911771876E+00 -0.1831474665048751E+00 -0.2251847426635620E+00 -0.2309279487095980E+00 -0.1815303044563464E+00 -0.7912790742950768E-01  0.6039239943926329E-01  0.2069651363043218E+00  0.3263407250515089E+00  0.3892967720970228E+00  0.3919374441252086E+00  0.3530564562206901E+00  0.2888793225138055E+00  0.2101721148709869E+00  0.1299503414879749E+00  0.6075594396455841E-01  0.2015149480612291E-01  0.0000000000000000E+00
  0.0000000000000000E+00 -0.6575664033918729E-01 -0.1776034691625055E+00 -0.2977761590230055E+00 -0.4060810449166133E+00 -0.4742423035072788E+00 -0.4934824599695400E+00 -0.4504745949902834E+00 -0.3466569247879878E+00 -0.1870184608954223E+00  0.6637642882952402E-02  0.2111818499155707E+00  0.3956300111471565E+00  0.5297085190161804E+00  0.5896143910313683E+00  0.5678071691978391E+00  0.4734431153032585E+00  0.3373573787120739E+00  0.1925900873175400E+00  0.8231260548873914E-01  0.0000000000000000E+00
  0.0000000000000000E+00 -0.8269265862889438E-01 -0.2691637287551120E+00 -0.4271509675532609E+00 -0.5658035070009518E+00 -0.6528492237977079E+00 -0.6953767993330150E+00 -0.6803967574091189E+00 -0.6139415153333163E+00 -0.4919399867112721E+00 -0.3263120947631046E+00 -0.1257787515036160E+00  0.8497140998839479E-01  0.2762773154134725E+00  0.4181371980150890E+00  0.4895161544489855E+00  0.4768132229354491E+00  0.3884596501097826E+00  0.2492811109852039E+00  0.1093222041465459E+00  0.0000000000000000E+00
  0.0000000000000000E+00 -0.7595252882372326E-01 -0.3149752420850070E+00 -0.4891738475751208E+00 -0.6492703200454345E+00 -0.7533660196116803E+00 -0.8232837815250897E+00 -0.8413871063314665E+00 -0.8179377583927987E+00 -0.7414262690980324E+00 -0.6166399153230296E+00 -0.4422452597539200E+00 -0.2389704078203759E+00 -0.4005958840584594E-01  0.1235837567036226E+00  0.2396323544406701E+00  0.2959161207920624E+00  0.2818693719758618E+00  0.1966731408777352E+00  0.9211158772292423E-01  0.0000000000000000E+00
  0.0000000000000000E+00 -0.5869525598976391E-01 -0.3056237378137325E+00 -0.4768489048785545E+00 -0.6436907158801225E+00 -0.7554973384726910E+00 -0.8447977150096578E+00 -0.8917246940773284E+00 -0.9112645268411934E+00 -0.8901593053883342E+00 -0.8252013526059324E+00 -0.6993951408540352E+00 -0.5166293071740885E+00 -0.3134023139352013E+00 -0.1401356046570637E+00 -0.1332730756821008E-01  0.7381508857146753E-01  0.1130250890352670E+00  0.8865203471246763E-01  0.4966028345284725E-01  0.0000000000000000E+00
  0.0000000000000000E+00 -0.3597661177451440E-01 -0.2481800661088586E+00 -0.4067222560025726E+00 -0.5704361813667275E+00 -0.6860546183324352E+00 -0.7879671460374378E+00 -0.8551554996334582E+00 -0.9048120756752981E+00 -0.9298699899537159E+00 -0.9279324825274681E+00 -0.8719590650233544E+00 -0.7360165282250863E+00 -0.5352974904375370E+00 -0.3369742120677003E+00 -0.1937273654625919E+00 -0.9582967171449067E-01 -0.2996482285054024E-01 -0.5016887765672834E-02  0.9508226753064739E-02  0.0000000000000000E+00
  0.0000000000000000E+00 -0.1128949676803504E-04 -0.1513397172906732E+00 -0.2938656096477144E+00 -0.4496014462425338E+00 -0.5682630495486352E+00 -0.6783817009347750E+00 -0.7583225331966427E+00 -0.8226560358552883E+00 -0.8729696181089687E+00 -0.9171907827828076E+00 -0.9350708421677811E+00 -0.8770752826192976E+00 -0.7133016043093100E+00 -0.4906157207183418E+00 -0.3019220862549807E+00 -0.1784593034943636E+00 -0.9495983834885463E-01 -0.3948900333850138E-01  0.5325890186770539E-03  0.0000000000000000E+00
  0.0000000000000000E+00  0.5685744066746723E-01 -0.2835262671508798E-01 -0.1510250006063459E+00 -0.2970423557668815E+00 -0.4190120935820081E+00 -0.5367096589791236E+00 -0.6282831227432342E+00 -0.7007716963257209E+00 -0.7590690489322800E+00 -0.8219019477103724E+00 -0.8916163950881538E+00 -0.9205956976713370E+00 -0.8380261623651397E+00 -0.6333917096526834E+00 -0.3956295574921604E+00 -0.2142481292463970E+00 -0.9618114032498382E-01 -0.2168327352666982E-01  0.2176239393914746E-01  0.0000000000000000E+00
  0.0000000000000000E+00  0.1225927515245851E+00  0.1003328252429978E+00  0.9782916390343442E-02 -0.1206761771694115E+00 -0.2415792275977057E+00 -0.3632676377951302E+00 -0.4660235799277818E+00 -0.5489303028417563E+00 -0.6135423421884794E+00 -0.6793560934399051E+00 -0.7709905499283437E+00 -0.8673879631370799E+00 -0.8862818738090202E+00 -0.7570608286774595E+00 -0.5176481583453435E+00 -0.2811333590171535E+00 -0.1087428314086235E+00 -0.5568549189668760E-02  0.4237929791592027E-01  0.0000000000000000E+00
  0.0000000000000000E+00  0.1681607131334212E+00  0.2095253073969468E+00  0.1710433869400145E+00  0.7079317853493942E-01 -0.3781847239072894E-01 -0.1538896332915879E+00 -0.2621279084228755E+00 -0.3574531409102467E+00 -0.4365364755577975E+00 -0.5098669379151878E+00 -0.6086162988136977E+00 -0.7434702545276503E+00 -0.8534791780506373E+00 -0.8320057784948489E+00 -0.6489026486003658E+00 -0.3982198824472579E+00 -0.1802955567278974E+00 -0.3545285571542587E-01  0.3224910814629952E-01  0.0000000000000000E+00
  0.0000000000000000E+00  0.1772240418550916E+00  0.2794877383687670E+00  0.3120747540165718E+00  0.2627861570018067E+00  0.1819806231680124E+00  0.8340409725537466E-01 -0.2033518355200428E-01 -0.1237704301747681E+00 -0.2218014435726915E+00 -0.3150206022316238E+00 -0.4255045924506708E+00 -0.5797240343715184E+00 -0.7565128249996481E+00 -0.8480858332758812E+00 -0.7604167674712906E+00 -0.5370571699800090E+00 -0.2973159337653978E+00 -0.1106065619570396E+00 -0.1231325071246092E-01  0.0000000000000000E+00
  0.0000000000000000E+00  0.1523551648835475E+00  0.2992544141122943E+00  0.4104179488044687E+00  0.4314664730812353E+00  0.3961516234613975E+00  0.3273846992663473E+00  0.2389068012268821E+00  0.1358916188197365E+00  0.2235420934623757E-01 -0.9722879561165254E-01 -0.2310393105249556E+00 -0.3993153789232395E+00 -0.6165280196271274E+00 -0.8082301341354502E+00 -0.8403253223911606E+00 -0.6799163571054376E+00 -0.4397427405275043E+00 -0.2195936227437249E+00 -0.8147634049251533E-01  0.0000000000000000E+00
  0.0000000000000000E+00  0.1047400647739970E+00  0.2674409154920792E+00  0.4454197001620353E+00  0.5466703758813549E+00  0.5741318131705873E+00  0.5484742753683074E+00  0.4852363988528490E+00  0.3912310778528014E+00  0.2696965864450718E+00  0.1263369891864077E+00 -0.3612905949176606E-01 -0.2193113025715307E+00 -0.4538866373266883E+00 -0.7175292715073446E+00 -0.8779600176276829E+00 -0.8182014815258599E+00 -0.6014839336329054E+00 -0.3601725788172037E+00 -0.1686085901801721E+00  0.0000000000000000E+00
  0.0000000000000000E+00  0.4456985269559452E-01  0.1926061501967126E+00  0.4043430035172150E+00  0.5765500176463347E+00  0.6755103949920646E+00  0.7055139038192733E+00  0.6785145767221321E+00  0.6027054814817603E+00  0.4821888232625542E+00  0.3242024100571175E+00  0.1397017139818342E+00 -0.5408272091918633E-01 -0.2857190280929913E+00 -0.5825301125138282E+00 -0.8575639822849013E+00 -0.9344371090513406E+00 -0.7754124705906377E+00 -0.5292030849525530E+00 -0.2707416626843361E+00  0.0000000000000000E+00
  0.0000000000000000E+00 -0.2099278379972280E-01  0.8840850850505097E-01  0.2886119176987574E+00  0.5003041112855359E+00  0.6623002194373770E+00  0.7528851662688024E+00  0.7711711662891622E+00  0.7228402929156634E+00  0.6140207185644622E+00  0.4567342595899397E+00  0.2698070011786420E+00  0.8178570601231519E-01 -0.1250410819600263E+00 -0.4098131592313186E+00 -0.7591481471741638E+00 -0.9944818359971562E+00 -0.9406891496069387E+00 -0.7173089715474382E+00 -0.3849879754458528E+00  0.0000000000000000E+00
  0.0000000000000000E+00 -0.7823213107327838E-01 -0.2678473980135147E-01  0.1232130694915665E+00  0.3270987992280069E+00  0.5178467146341827E+00  0.6534823181411537E+00  0.7162218400867781E+00  0.7043757645505850E+00  0.6246394941477335E+00  0.4940823893604794E+00  0.3361730924552856E+00  0.1801288044123159E+00  0.1999780117857716E-01 -0.2083101193386583E+00 -0.5641939613273281E+00 -0.9444207717053400E+00 -0.1047714243700617E+01 -0.8986514796705349E+00 -0.5006732236557810E+00  0.0000000000000000E+00
  0.0000000000000000E+00 -0.8083722469523935E-01 -0.7780948543005663E-01  0.1109848981445353E-01  0.1630049639852944E+00  0.3299250315016727E+00  0.4699984804406243E+00  0.5570802046081351E+00  0.5817197622342583E+00  0.5468551619531863E+00  0.4675609312547677E+00  0.3635702002100331E+00  0.2579008366971829E+00  0.1533154985958363E+00  0.8291185063426538E-02 -0.2725118150808272E+00 -0.7223056607211072E+00 -0.1001134603253582E+01 -0.1003267342024604E+01 -0.5788330765979586E+00  0.0000000000000000E+00
  0.0000000000000000E+00  0.2150128724508928E-01  0.8607540924627165E-01  0.1605524440981519E+00  0.2515603596772719E+00  0.3534784153014394E+00  0.4482182205147145E+00  0.5163702448268015E+00  0.5462907991542183E+00  0.5356494560260654E+00  0.4933124883266310E+00  0.4313709737071896E+00  0.3668046212347730E+00  0.3027587496987964E+00  0.2307000945158725E+00  0.7881454786580674E-01 -0.2979476929706542E+00 -0.6616692599035258E+00 -0.8729732689920382E+00 -0.5176019408731297E+00  0.0000000000000000E+00
  0.0000000000000000E+00  0.4282711155100200E+00  0.5545789306057087E+00  0.6130537007914797E+00  0.6376139151318859E+00  0.6558214768881930E+00  0.6728586317335150E+00  0.6828202680641426E+00  0.6794797720935291E+00  0.6600058248902451E+00  0.6285718168823384E+00  0.5890097609490837E+00  0.5519811949364972E+00  0.5138138995153776E+00  0.4897639402638786E+00  0.4424611717961802E+00  0.2960211933760846E+00  0.1201788988547054E+00 -0.1548531044634265E+00 -0.4636100106482338E-01  0.0000000000000000E+00
  0.3000000000000000E+01  0.1736687940715029E+01  0.1422338617429145E+01  0.1321391341723713E+01  0.1338718614281614E+01  0.1386013984636860E+01  0.1429642325314169E+01  0.1467909440634374E+01  0.1507851482873631E+01  0.1555631981355330E+01  0.1607597037679616E+01  0.1664341690859938E+01  0.1710861036425281E+01  0.1761317051152664E+01  0.1761408273724237E+01  0.1751431032477266E+01  0.1813988726901092E+01  0.1977794043532358E+01  0.2591586044398241E+01  0.2621481062321341E+01  0.3000000000000000E+01
