  0.0000000000000000E+00  0.9262340550454759E-02  0.2092090905404098E-01  0.6438482390955536E-01  0.1177666506050812E+00  0.1491745903307049E+00  0.1127501380923231E+00 -0.2109788087557402E-01 -0.2385115001390723E+00 -0.4905741239218153E+00 -0.7075015735373883E+00 -0.8148121414628361E+00 -0.7729940134117814E+00 -0.6248695990760239E+00 -0.4458614261585886E+00 -0.2798337448578549E+00 -0.1443197232014171E+00 -0.4555443498975770E-01  0.1250366540912975E-01  0.2141295082450306E-01  0.0000000000000000E+00
  0.0000000000000000E+00 -0.2418068629567191E-01 -0.6136520775557026E-01 -0.1121774755805565E+00 -0.1625274563085808E+00 -0.1929235157085915E+00 -0.1846752458484392E+00 -0.1236435889331920E+00 -0.1546588498064950E-01  0.1213093751795558E+00  0.2560537296124747E+00  0.3566062778467329E+00  0.3998081994318882E+00  0.3902410549040820E+00  0.3458331525639136E+00  0.2796432527889679E+00  0.2012899053591960E+00  0.1233847257729972E+00  0.5727475452744436E-01  0.1957371717004029E-01  0.0000000000000000E+00
  0.0000000000000000E+00 -0.6327971833656097E-01 -0.1631747142126698E+00 -0.2721476028321142E+00 -0.3698157183206613E+00 -0.4295959567950695E+00 -0.4412755994529944E+00 -0.3920286476751501E+00 -0.2849091550810208E+00 -0.1266459983831478E+00  0.6065961530003594E-01  0.2550066920773625E+00  0.4264305848838832E+00  0.5458535656362221E+00  0.5916380315331523E+00  0.5590960135090488E+00  0.4595499928761710E+00  0.3245997423292338E+00  0.1843279289914629E+00  0.8013410233462394E-01  0.0000000000000000E+00
  0.0000000000000000E+00 -0.8300211629347103E-01 -0.2578161292219282E+00 -0.4100377054145982E+00 -0.5445792900637231E+00 -0.6296982599148629E+00 -0.6696211489021590E+00 -0.6513279555368839E+00 -0.5814488291882346E+00 -0.4565506381443057E+00 -0.2895336484555257E+00 -0.8960339996274401E-01  0.1176370618300136E+00  0.3024715129867870E+00  0.4353037900083004E+00  0.4963385259268930E+00  0.4745192566871514E+00  0.3821965352493364E+00  0.2436874596585128E+00  0.1089236462059383E+00  0.0000000000000000E+00
  0.0000000000000000E+00 -0.7805898100312893E-01 -0.3105645801461746E+00 -0.4842307901028116E+00 -0.6443477630338522E+00 -0.7492913888924676E+00 -0.8184863192148214E+00 -0.8341389950180547E+00 -0.8063673001118440E+00 -0.7235401925227541E+00 -0.5921351635516299E+00 -0.4129523097142089E+00 -0.2093147439414601E+00 -0.1341511192731734E-01  0.1461180967756765E+00  0.2567529656341239E+00  0.3057398649232705E+00  0.2858746492528554E+00  0.1981067975763076E+00  0.9440396973962241E-01  0.0000000000000000E+00
  0.0000000000000000E+00 -0.6184693566022548E-01 -0.3107966911692722E+00 -0.4861125254942286E+00 -0.6570647094117794E+00 -0.7726704902587074E+00 -0.8646818957258211E+00 -0.9123638479838603E+00 -0.9301473158762557E+00 -0.9025992107832995E+00 -0.8269194800968094E+00 -0.6886195133990257E+00 -0.4978035262892403E+00 -0.2931826631318032E+00 -0.1211572145821653E+00  0.4789831627889362E-02  0.8904643542953909E-01  0.1239695065257503E+00  0.9580648749986927E-01  0.5437831655003123E-01  0.0000000000000000E+00
  0.0000000000000000E+00 -0.4008010767347431E-01 -0.2607324595814609E+00 -0.4249110160249117E+00 -0.5935713603388888E+00 -0.7127098386705799E+00 -0.8177534585246703E+00 -0.8870825964464932E+00 -0.9379686119076408E+00 -0.9603937080265016E+00 -0.9500157887753681E+00 -0.8795725588084488E+00 -0.7293080621251684E+00 -0.5215185211293591E+00 -0.3229904286468133E+00 -0.1798041988663870E+00 -0.8174730914572970E-01 -0.1786381600654918E-01  0.3295663814285787E-02  0.1447246777240129E-01  0.0000000000000000E+00
  0.0000000000000000E+00 -0.6219424632540786E-02 -0.1686220063176438E+00 -0.3170809441653555E+00 -0.4775684238509236E+00 -0.5992162924890828E+00 -0.7125255481030413E+00 -0.7952950374460319E+00 -0.8629244478713772E+00 -0.9146859944337240E+00 -0.9556116017483678E+00 -0.9620874744771484E+00 -0.8871704319942314E+00 -0.7093401758729764E+00 -0.4817638194998760E+00 -0.2934536666721090E+00 -0.1700134155056725E+00 -0.8731244176817661E-01 -0.3474056388318379E-01  0.2741438982615608E-02  0.0000000000000000E+00
  0.0000000000000000E+00  0.4853624577244846E-01 -0.4703453174036223E-01 -0.1763221460895398E+00 -0.3268568555338348E+00 -0.4515063841716949E+00 -0.5718600533892284E+00 -0.6653517028242222E+00 -0.7404269419657125E+00 -0.8012716975130009E+00 -0.8649581598924208E+00 -0.9295714153943287E+00 -0.9456710773802237E+00 -0.8469379838598770E+00 -0.6314708146015775E+00 -0.3912710991019508E+00 -0.2109962384709673E+00 -0.9426361800395050E-01 -0.2171588883298229E-01  0.2050383811054577E-01  0.0000000000000000E+00
  0.0000000000000000E+00  0.1159722182957066E+00  0.8428426323876184E-01 -0.1489505129620415E-01 -0.1509761621239221E+00 -0.2753708182114160E+00 -0.4001618946800964E+00 -0.5047160298406600E+00 -0.5890337148343751E+00 -0.6547321595084079E+00 -0.7214218132440596E+00 -0.8113862024824394E+00 -0.9004438108129396E+00 -0.9062957237284679E+00 -0.7640732926283558E+00 -0.5175449015519287E+00 -0.2801109377869090E+00 -0.1090908976813937E+00 -0.7492471795856537E-02  0.3961104507226140E-01  0.0000000000000000E+00
  0.0000000000000000E+00  0.1672156395313479E+00  0.1996779815388959E+00  0.1501033162243547E+00  0.4188296040441090E-01 -0.7183539686409120E-01 -0.1922088194911125E+00 -0.3030542663328606E+00 -0.3993723168809622E+00 -0.4779671070708136E+00 -0.5501072705842130E+00 -0.6468924230459620E+00 -0.7775638934987460E+00 -0.8789371174694006E+00 -0.8463906028003696E+00 -0.6542321856487103E+00 -0.3994061658228565E+00 -0.1809050111117909E+00 -0.3672301040713183E-01  0.3014152869682786E-01  0.0000000000000000E+00
  0.0000000000000000E+00  0.1823964603859327E+00  0.2777935187386001E+00  0.2980857982096670E+00  0.2383004660204872E+00  0.1504689456681414E+00  0.4651631398490536E-01 -0.6059857780513893E-01 -0.1652975105775675E+00 -0.2624681659658107E+00 -0.3530946911138882E+00 -0.4599671045580548E+00 -0.6105362345829214E+00 -0.7818808812104785E+00 -0.8656843998127191E+00 -0.7698668747403851E+00 -0.5410955220468473E+00 -0.2989737197604130E+00 -0.1115433135081970E+00 -0.1353325455732253E-01  0.0000000000000000E+00
  0.0000000000000000E+00  0.1617324642347588E+00  0.3059051434900105E+00  0.4061215667123833E+00  0.4152827408764842E+00  0.3711474539936766E+00  0.2961031022962070E+00  0.2036932217846552E+00  0.9893348277005785E-01 -0.1403946729784546E-01 -0.1308470345462089E+00 -0.2602520207248453E+00 -0.4245727422655189E+00 -0.6379972944606700E+00 -0.8251569362997638E+00 -0.8512901372026095E+00 -0.6858074800615706E+00 -0.4428367029419745E+00 -0.2210882627558262E+00 -0.8251331525726809E-01  0.0000000000000000E+00
  0.0000000000000000E+00  0.1160125174742297E+00  0.2810712979989369E+00  0.4527053419372939E+00  0.5431884045285650E+00  0.5609018377517779E+00  0.5280300699641886E+00  0.4602653927545279E+00  0.3641345287928174E+00  0.2427861102887581E+00  0.1016227800453008E+00 -0.5726251632403466E-01 -0.2373910771874035E+00 -0.4693501140480711E+00 -0.7310060412183088E+00 -0.8882279706667328E+00 -0.8244994456132627E+00 -0.6053705191490483E+00 -0.3622645269104534E+00 -0.1697732120885806E+00  0.0000000000000000E+00
  0.0000000000000000E+00  0.5576079753095892E-01  0.2101674143895434E+00  0.4227700847218372E+00  0.5886932541425275E+00  0.6791490733029851E+00  0.7017540062974573E+00  0.6697290691512245E+00  0.5913239877425382E+00  0.4703341885396721E+00  0.3133285051309203E+00  0.1301237655110553E+00 -0.6348372200089759E-01 -0.2946013830367527E+00 -0.5913669217861439E+00 -0.8657560158428743E+00 -0.9401767543331635E+00 -0.7793980275247218E+00 -0.5315255813080344E+00 -0.2719876714968157E+00  0.0000000000000000E+00
  0.0000000000000000E+00 -0.1175412612605418E-01  0.1063440239846787E+00  0.3148679932427081E+00  0.5279078258876571E+00  0.6860402357510925E+00  0.7710667025967841E+00  0.7845397238387598E+00  0.7330037130243315E+00  0.6223464006262023E+00  0.4636193243640317E+00  0.2741704781193413E+00  0.8186742801935848E-01 -0.1278992620705031E+00 -0.4144244833564507E+00 -0.7649974118602559E+00 -0.9992608528562723E+00 -0.9444337255570668E+00 -0.7195772949537382E+00 -0.3862197530912760E+00  0.0000000000000000E+00
  0.0000000000000000E+00 -0.7347563251762618E-01 -0.1283238419096150E-01  0.1493992152921941E+00  0.3621874131839226E+00  0.5566258814539058E+00  0.6919078000837484E+00  0.7521722924693458E+00  0.7369809311329617E+00  0.6532197390379649E+00  0.5174355109556498E+00  0.3524580045039326E+00  0.1878930651404657E+00  0.2130055540394778E-01 -0.2102810350986672E+00 -0.5684102221235410E+00 -0.9483728887676215E+00 -0.1051152728122322E+01 -0.9007517305910953E+00 -0.5018244634735267E+00  0.0000000000000000E+00
  0.0000000000000000E+00 -0.8267274104928329E-01 -0.7446008563914430E-01  0.2436738706332983E-01  0.1874301144275491E+00  0.3630917826469932E+00  0.5081091982571294E+00  0.5964958184510032E+00  0.6194379533955072E+00  0.5802906003451938E+00  0.4944607471287487E+00  0.3821967030151754E+00  0.2675061355402971E+00  0.1556138181259318E+00  0.7001332356746568E-02 -0.2761039666810171E+00 -0.7257319535156209E+00 -0.1004278708607644E+01 -0.1005164191122459E+01 -0.5798556895726646E+00  0.0000000000000000E+00
  0.0000000000000000E+00  0.1676923008674214E-01  0.8153225884871558E-01  0.1589797158529484E+00  0.2567763213801333E+00  0.3666010378712714E+00  0.4678968118897520E+00  0.5399214009991837E+00  0.5706599361278368E+00  0.5579277245423345E+00  0.5111524569093167E+00  0.4433464941701582E+00  0.3726153770832628E+00  0.3034632539530162E+00  0.2290504583363318E+00  0.7559744957359407E-01 -0.3007016725676260E+00 -0.6642277242240294E+00 -0.8745590850590688E+00 -0.5184604120318554E+00  0.0000000000000000E+00
  0.0000000000000000E+00  0.4272861940355548E+00  0.5520487927627838E+00  0.6105524371414608E+00  0.6371993624237808E+00  0.6587474166813724E+00  0.6791914394072314E+00  0.6915997907407339E+00  0.6891628293977849E+00  0.6690295425804086E+00  0.6357552006811679E+00  0.5938347076626160E+00  0.5543524403781287E+00  0.5143646443696220E+00  0.4892918781649804E+00  0.4415043897112454E+00  0.2952626842922726E+00  0.1191342245796011E+00 -0.1556353262040708E+00 -0.4686145388337346E-01  0.0000000000000000E+00
  0.3000000000000000E+01  0.1734910647980078E+01  0.1425385880560364E+01  0.1327322404428566E+01  0.1345178234108791E+01  0.1390358787827154E+01  0.1430322493668058E+01  0.1465122028776982E+01  0.1503171447934482E+01  0.1550839096801109E+01  0.1603886854865813E+01  0.1661842371182310E+01  0.1709558055948877E+01  0.1760369320844150E+01  0.1761174823841391E+01  0.1751084280439858E+01  0.1813510274555556E+01  0.1978369602037167E+01  0.2592346893553144E+01  0.2622123949618265E+01  0.3000000000000000E+01
