  0.0000000000000000E+00  0.0000000000000000E+00  0.0000000000000000E+00  0.0000000000000000E+00  0.0000000000000000E+00  0.0000000000000000E+00  0.0000000000000000E+00  0.0000000000000000E+00  0.0000000000000000E+00  0.0000000000000000E+00  0.0000000000000000E+00  0.0000000000000000E+00  0.0000000000000000E+00  0.0000000000000000E+00  0.0000000000000000E+00  0.0000000000000000E+00  0.0000000000000000E+00  0.0000000000000000E+00  0.0000000000000000E+00  0.0000000000000000E+00  0.0000000000000000E+00
  0.3852882043314546E-01 -0.1601120220874966E-01 -0.9504786193103501E-02  0.1015832692191875E-02 -0.1076444204856969E-01 -0.4074882546368219E-01 -0.7057576853386720E-01 -0.8265836631459848E-01 -0.8139560067346291E-01 -0.7411867692860551E-01 -0.6191897090162712E-01 -0.3110966218871888E-01  0.2791303238835868E-01  0.9593566668561457E-01  0.1362492491737460E+00  0.1345146767080341E+00  0.9900880746915396E-01  0.4420099191252254E-01 -0.9299250057012827E-02 -0.2759895261908149E-01  0.7349760780023162E-01
  0.5582579513461750E-03  0.1777715289351296E-01  0.5388971663188504E-01  0.7219217995448235E-01  0.4225328610625234E-01 -0.2727653140341263E-01 -0.1198240860220792E+00 -0.2105879435228961E+00 -0.2845815920547340E+00 -0.3216834822683346E+00 -0.3075661284785841E+00 -0.2293258001986219E+00 -0.1016000463396066E+00  0.3836479323372251E-01  0.1485842965223445E+00  0.2036805279370057E+00  0.1992400926237547E+00  0.1464010293556267E+00  0.7007783765604629E-01  0.8880160811345147E-02  0.4343735522201085E-01
 -0.1580123938631504E+00  0.1113815590641996E+00  0.1761322833294485E+00  0.1841390591655772E+00  0.1183914422384292E+00  0.3068116098562935E-02 -0.1403034724598657E+00 -0.2827869258869183E+00 -0.4094720658193482E+00 -0.4938510611064162E+00 -0.5169113723371909E+00 -0.4547772352455477E+00 -0.3123684664973363E+00 -0.1245798136404567E+00  0.5832341221657709E-01  0.1971839024412151E+00  0.2682487343811097E+00  0.2620798548793279E+00  0.1933648794614337E+00  0.1017831201537456E+00 -0.1119844809998032E+00
 -0.4082894442251233E+00  0.2494562943763926E+00  0.3400794389040544E+00  0.3208153289093417E+00  0.2126736773785495E+00  0.5007402282235168E-01 -0.1454661660402199E+00 -0.3422138477041196E+00 -0.5248486256335668E+00 -0.6601374948523293E+00 -0.7241439311397064E+00 -0.6844084811079879E+00 -0.5389494183782821E+00 -0.3222101933155309E+00 -0.9122962371676883E-01  0.1118258657561958E+00  0.2580361887340258E+00  0.3201306287302723E+00  0.2929044844557687E+00  0.1940991429794808E+00 -0.2893929444826737E+00
 -0.6725297348206073E+00  0.3982172374881000E+00  0.5221219776436926E+00  0.4710365567023579E+00  0.3263594985535896E+00  0.1268741621871996E+00 -0.1065282724534904E+00 -0.3419746886515534E+00 -0.5683316198676726E+00 -0.7544036069358760E+00 -0.8748345729330677E+00 -0.8848862856377502E+00 -0.7593982485383282E+00 -0.5240338889337193E+00 -0.2545648453899075E+00 -0.9008424511192076E-02  0.1896327281595396E+00  0.3132664356481445E+00  0.3360077415881389E+00  0.2348337555564047E+00 -0.3684935250810753E+00
 -0.8727229004255047E+00  0.5229133752449846E+00  0.6960172253094491E+00  0.6181369834790249E+00  0.4421294574514061E+00  0.2110004244045806E+00 -0.5340063682175982E-01 -0.3182552248214333E+00 -0.5743306031781923E+00 -0.7966067928880690E+00 -0.9682657224441972E+00 -0.1045425239330153E+01 -0.9741590083414851E+00 -0.7425287559144280E+00 -0.4315355559346130E+00 -0.1418662227978792E+00  0.9334275865015426E-01  0.2592182988888015E+00  0.3185500715650257E+00  0.2176729104604342E+00 -0.3344686598162769E+00
 -0.9535035740633265E+00  0.5991706187308071E+00  0.8440082821290950E+00  0.7555219897239941E+00  0.5578149852189700E+00  0.3039565399426088E+00  0.1683670345095543E-01 -0.2696856690351885E+00 -0.5435543222546421E+00 -0.7837676563939017E+00 -0.9869334358631607E+00 -0.1130548360378336E+01 -0.1150027103197905E+01 -0.9757391127907552E+00 -0.6451327219363545E+00 -0.2979390519350140E+00 -0.1982053943466073E-01  0.1743998868422765E+00  0.2563078960872680E+00  0.1724639916949483E+00 -0.2610840789975768E+00
 -0.8941482998770043E+00  0.6168884809339816E+00  0.9565171429249406E+00  0.8801120630112929E+00  0.6702828811942010E+00  0.3998786403941774E+00  0.9264604817496540E-01 -0.2162577500068516E+00 -0.5065314524168617E+00 -0.7525908689556283E+00 -0.9578301493264025E+00 -0.1134952009991202E+01 -0.1246967522146100E+01 -0.1184577106269948E+01 -0.8979643977933093E+00 -0.5082672380794713E+00 -0.1682701451435489E+00  0.6677997511250568E-01  0.1760790733637469E+00  0.1271364863938369E+00 -0.2053303858177639E+00
 -0.7252285264069631E+00  0.5831484565378440E+00  0.1024216843206569E+01  0.9873501630730067E+00  0.7780159547413240E+00  0.4995114896848750E+00  0.1783364479699824E+00 -0.1516268443168607E+00 -0.4620822878112736E+00 -0.7167714319163969E+00 -0.9098251351141523E+00 -0.1080172986963274E+01 -0.1248633466604441E+01 -0.1314345347031884E+01 -0.1140892693779196E+01 -0.7674371613004584E+00 -0.3730624946415566E+00 -0.7412606589152394E-01  0.8799132820645889E-01  0.9096076046970353E-01 -0.1848909532026517E+00
 -0.5179225736950341E+00  0.5176128561913528E+00  0.1034915994879024E+01  0.1065342959963555E+01  0.8742107835005620E+00  0.5970178750534491E+00  0.2703822381899817E+00 -0.7426016935291045E-01 -0.4043427687985783E+00 -0.6744122190222311E+00 -0.8587268589975583E+00 -0.9975548266073010E+00 -0.1172466856274906E+01 -0.1341126158054928E+01 -0.1317989304327236E+01 -0.1029524060504158E+01 -0.6218123550653243E+00 -0.2594970253002688E+00 -0.2153727533800493E-01  0.5113858241535819E-01 -0.1749530225840795E+00
 -0.3206272538591964E+00  0.4321332703420586E+00  0.9757725571669794E+00  0.1091613591373059E+01  0.9423243757033405E+00  0.6798253248372830E+00  0.3589803873238027E+00  0.1198560080137716E-01 -0.3276124145821228E+00 -0.6117117387867170E+00 -0.7967850913377638E+00 -0.9018706418459979E+00 -0.1043505483131906E+01 -0.1267197614381365E+01 -0.1395708518111715E+01 -0.1247615900746060E+01 -0.8830932060891166E+00 -0.4842113128687483E+00 -0.1665665934594048E+00 -0.9191637714625332E-02 -0.1389916803155288E+00
 -0.1526130601666790E+00  0.3327028173072836E+00  0.8454953917551719E+00  0.1047450248263011E+01  0.9652916393074392E+00  0.7353834529491347E+00  0.4322813178097509E+00  0.9619725278548417E-01 -0.2378270685098110E+00 -0.5239398059964209E+00 -0.7111657731282274E+00 -0.7926132374243239E+00 -0.8835071019485427E+00 -0.1110283216179807E+01 -0.1360366141111735E+01 -0.1384784296809991E+01 -0.1123230076364386E+01 -0.7326629703948151E+00 -0.3521496950649883E+00 -0.9547649570888654E-01 -0.6572020793832872E-01
 -0.1924566911877323E-01  0.2251635458703685E+00  0.6562449684923324E+00  0.9183951533374149E+00  0.9188881944011684E+00  0.7447701005537403E+00  0.4774463183974761E+00  0.1679371627223012E+00 -0.1442003596962997E+00 -0.4152621285474977E+00 -0.5954570207318596E+00 -0.6623172662214203E+00 -0.7057668540044651E+00 -0.8958708502536437E+00 -0.1215374797778714E+01 -0.1414015940908805E+01 -0.1308662275223316E+01 -0.9799455507632748E+00 -0.5716350075026335E+00 -0.2054316442990068E+00  0.4465992539438690E-01
  0.8080656172650186E-01  0.1204818921302016E+00  0.4422522381171067E+00  0.7191108979587674E+00  0.7967092535636826E+00  0.6957584168910639E+00  0.4838365090030676E+00  0.2180420173836955E+00 -0.5607788577543409E-01 -0.2951625257618078E+00 -0.4545696628608128E+00 -0.5097256848797186E+00 -0.5201473005306491E+00 -0.6531161502152318E+00 -0.9796743381517353E+00 -0.1317353512515698E+01 -0.1403587739457680E+01 -0.1194118760484266E+01 -0.8065708786540724E+00 -0.3344634421065711E+00  0.1968194476656409E+00
  0.1424120997809015E+00  0.3227270936915731E-01  0.2392302278883734E+00  0.4752195161649966E+00  0.5968025573335137E+00  0.5715756088597203E+00  0.4338940108600242E+00  0.2328558443266126E+00  0.1521253592958818E-01 -0.1763018317847372E+00 -0.3030337089093404E+00 -0.3460732115114712E+00 -0.3404761336292175E+00 -0.4145912273056165E+00 -0.6888983755711193E+00 -0.1093291227246799E+01 -0.1370164194421998E+01 -0.1333502674602600E+01 -0.1026702524169485E+01 -0.4765417443142774E+00  0.4029227087733469E+00
  0.1304362857051374E+00 -0.1258980886936477E-01  0.9266685909704313E-01  0.2491539545524736E+00  0.3643636537470173E+00  0.3888109675982707E+00  0.3245387994482178E+00  0.2002496054694630E+00  0.5339748523833582E-01 -0.7908011580112118E-01 -0.1664038620545352E+00 -0.1965808159970450E+00 -0.1879032780794718E+00 -0.2149189002718999E+00 -0.3944240108218077E+00 -0.7666986111738282E+00 -0.1179676438177625E+01 -0.1347799337401486E+01 -0.1189820663817693E+01 -0.6252501700110373E+00  0.6859298462154189E+00
  0.3101227658113393E-01 -0.9053302302747507E-02  0.3852369672891408E-02  0.7004984033749101E-01  0.1462130955592485E+00  0.1865045611915480E+00  0.1748080332418409E+00  0.1199910575113463E+00  0.4421931456311224E-01 -0.2740659438126273E-01 -0.7486471691488976E-01 -0.9091859219570636E-01 -0.8344161927318797E-01 -0.8179010530065307E-01 -0.1570821349398480E+00 -0.4007496578815978E+00 -0.8347923523804074E+00 -0.1185124154191863E+01 -0.1232787704703203E+01 -0.7724822336310500E+00  0.1084658996189947E+01
 -0.1649022855759145E+00  0.4368319620501222E-01 -0.3385269696087780E-01 -0.3898258459906333E-01 -0.3175725241807064E-02  0.3127836912251582E-01  0.4457342180377657E-01  0.3477168889980291E-01  0.1064990401735894E-01 -0.1518053895803155E-01 -0.3227688403703261E-01 -0.3582184444569868E-01 -0.2896013969899472E-01 -0.1757324375833965E-01 -0.2370781327501598E-01 -0.9887205452403829E-01 -0.4144403754922674E+00 -0.8288969490957839E+00 -0.1056185570637016E+01 -0.8507559540385636E+00  0.1496082291478675E+01
  0.4179212077866294E+00 -0.2216919720764971E+00 -0.2471547084428618E+00 -0.1803465321649926E+00 -0.1136539946772929E+00 -0.6490899042781977E-01 -0.3469258262909056E-01 -0.1989037074644028E-01 -0.1542519723310987E-01 -0.1515076663432061E-01 -0.1402419767012594E-01 -0.8994372291502344E-02 -0.1585183146254124E-02  0.7937502791159725E-02  0.1005280041003293E-01  0.6054344234052222E-02 -0.1390955490668862E+00 -0.3959934820334343E+00 -0.5705087659783491E+00 -0.5465535798673410E+00  0.1069151973623674E+01
  0.0000000000000000E+00  0.0000000000000000E+00  0.0000000000000000E+00  0.0000000000000000E+00  0.0000000000000000E+00  0.0000000000000000E+00  0.0000000000000000E+00  0.0000000000000000E+00  0.0000000000000000E+00  0.0000000000000000E+00  0.0000000000000000E+00  0.0000000000000000E+00  0.0000000000000000E+00  0.0000000000000000E+00  0.0000000000000000E+00  0.0000000000000000E+00  0.0000000000000000E+00  0.0000000000000000E+00  0.0000000000000000E+00  0.0000000000000000E+00  0.0000000000000000E+00
