  0.0000000000000000E+00  0.0000000000000000E+00  0.0000000000000000E+00  0.0000000000000000E+00  0.0000000000000000E+00  0.0000000000000000E+00  0.0000000000000000E+00  0.0000000000000000E+00  0.0000000000000000E+00  0.0000000000000000E+00  0.0000000000000000E+00  0.0000000000000000E+00  0.0000000000000000E+00  0.0000000000000000E+00  0.0000000000000000E+00  0.0000000000000000E+00  0.0000000000000000E+00  0.0000000000000000E+00  0.0000000000000000E+00  0.0000000000000000E+00  0.0000000000000000E+00
  0.3854833467673800E-01 -0.1602442526644695E-01 -0.9524941122602841E-02  0.9930671321120546E-03 -0.1079743943163891E-01 -0.4079025182112074E-01 -0.7061106076907905E-01 -0.8267243661594699E-01 -0.8139311724823366E-01 -0.7410999166797472E-01 -0.6191507895465513E-01 -0.3110371419137297E-01  0.2794307060758246E-01  0.9599878078538301E-01  0.1363220343683733E+00  0.1345700802912643E+00  0.9902884221456396E-01  0.4417399025612736E-01 -0.9373122106178114E-02 -0.2765965038114389E-01  0.7360582903725356E-01
  0.5553551571424592E-03  0.1778365940920896E-01  0.5390633338476934E-01  0.7221356004494285E-01  0.4225708552685573E-01 -0.2730196336165480E-01 -0.1198837154243935E+00 -0.2106764873529780E+00 -0.2846971594600531E+00 -0.3218117507056967E+00 -0.3076889526977404E+00 -0.2294065270578326E+00 -0.1016146220096731E+00  0.3841626839812153E-01  0.1486759470104282E+00  0.2037794276871851E+00  0.1993159675582673E+00  0.1464309482635184E+00  0.7005067440888582E-01  0.8831339303738675E-02  0.4355665649766979E-01
 -0.1580737259719144E+00  0.1114255044498643E+00  0.1762027873776787E+00  0.1842175464654179E+00  0.1184439941621945E+00  0.3081058947034549E-02 -0.1403394664366005E+00 -0.2828672865047295E+00 -0.4095982032702140E+00 -0.4940079222171562E+00 -0.5170851380229947E+00 -0.4549282691226822E+00 -0.3124609145785987E+00 -0.1245952326492610E+00  0.5837374802319906E-01  0.1972758570706359E+00  0.2683519808710509E+00  0.2621603316731523E+00  0.1933921018401580E+00  0.1017571519916894E+00 -0.1118793541349101E+00
 -0.4084507554553696E+00  0.2495568597562042E+00  0.3402198238132430E+00  0.3209524741002117E+00  0.2127652147662476E+00  0.5010493294919036E-01 -0.1455106521212222E+00 -0.3423266950428641E+00 -0.5250295150706463E+00 -0.6603630324844475E+00 -0.7243970938436513E+00 -0.6846455689337287E+00 -0.5391286179297555E+00 -0.3223039575070112E+00 -0.9124400442689989E-01  0.1118738934190095E+00  0.2581264599437589E+00  0.3202297759104114E+00  0.2929702035595860E+00  0.1940955616778960E+00 -0.2893164814741019E+00
 -0.6727993891630401E+00  0.3983804667901892E+00  0.5223420112075278E+00  0.4712403966442417E+00  0.3265066326863273E+00  0.1269513073863073E+00 -0.1065400552013106E+00 -0.3420676152567242E+00 -0.5685072430619742E+00 -0.7546393188849565E+00 -0.8751197225567366E+00 -0.8851833277327932E+00 -0.7596535829052087E+00 -0.5241978130467360E+00 -0.2546374837690733E+00 -0.9012722329006365E-02  0.1896854682798476E+00  0.3133525936453839E+00  0.3360809545354750E+00  0.2348324487438977E+00 -0.3684163916962180E+00
 -0.8730775706442850E+00  0.5231300991280715E+00  0.6963127267399294E+00  0.6184022726127951E+00  0.4423256193812968E+00  0.2111121802513910E+00 -0.5339846757063990E-01 -0.3183528958578857E+00 -0.5745226829253535E+00 -0.7968605882168055E+00 -0.9685713769559261E+00 -0.1045766032812643E+01 -0.9744904716707536E+00 -0.7427742024284157E+00 -0.4316658708017822E+00 -0.1419159092266048E+00  0.9335325527605844E-01  0.2592717459359520E+00  0.3186009052233849E+00  0.2176585282233737E+00 -0.3343746794467362E+00
 -0.9538934400641472E+00  0.5994209391815721E+00  0.8443693774805692E+00  0.7558478653172884E+00  0.5580676885503316E+00  0.3041167093438836E+00  0.1686810743701820E-01 -0.2697792548058918E+00 -0.5437611884183997E+00 -0.7840380222969576E+00 -0.9872407216647376E+00 -0.1130894339266969E+01 -0.1150405591306421E+01 -0.9760736089068887E+00 -0.6453424267616322E+00 -0.2980404552169036E+00 -0.1985345542257970E-01  0.1744101918578179E+00  0.2563206373880511E+00  0.1724359069137608E+00 -0.2609870833532313E+00
 -0.8945055032878292E+00  0.6171460040833897E+00  0.9569325089623401E+00  0.8804986235670209E+00  0.6705975357159361E+00  0.4000939724458580E+00  0.9270994323642866E-01 -0.2163544281954632E+00 -0.5067745887742117E+00 -0.7529116472002846E+00 -0.9581632688131578E+00 -0.1135288682348991E+01 -0.1247347823075026E+01 -0.1184972595527999E+01 -0.8982680057023825E+00 -0.5084456223468691E+00 -0.1683597027353552E+00  0.6674613895374112E-01  0.1760604660422557E+00  0.1271035333849756E+00 -0.2052501341126712E+00
 -0.7254800313760665E+00  0.5833834416513487E+00  0.1024670293577979E+01  0.9877945060976533E+00  0.7783940590647738E+00  0.4997898648639645E+00  0.1784500006610005E+00 -0.1517045245157430E+00 -0.4623455883854867E+00 -0.7171492412374965E+00 -0.9102129639533630E+00 -0.1080515485356397E+01 -0.1248987479908163E+01 -0.1314751190405658E+01 -0.1141262770424525E+01 -0.7676964667994000E+00 -0.3732238831115899E+00 -0.7421120044660093E-01  0.8794781384404568E-01  0.9092877104286262E-01 -0.1848384992845422E+00
 -0.5180510628941490E+00  0.5178104296387926E+00  0.1035380226022229E+01  0.1065833457584653E+01  0.8746445783977617E+00  0.5973546213322261E+00  0.2705513898048142E+00 -0.7429898368559378E-01 -0.4045953349321832E+00 -0.6748213705586369E+00 -0.8591723650475527E+00 -0.9979240648105575E+00 -0.1172792411742194E+01 -0.1341506818030952E+01 -0.1318385468518562E+01 -0.1029841223816618E+01 -0.6220393016021765E+00 -0.2596394913788019E+00 -0.2161147047415535E-01  0.5110101333978969E-01 -0.1749145104935244E+00
 -0.3206528153014040E+00  0.4322860824422556E+00  0.9762054320253629E+00  0.1092119811477057E+01  0.9427907103372049E+00  0.6802000382091858E+00  0.3591948592261853E+00  0.1199264500595019E-01 -0.3278262327593637E+00 -0.6121078154483892E+00 -0.7972537342586887E+00 -0.9022630372255209E+00 -0.1043803791467500E+01 -0.1267530600199658E+01 -0.1396095087414884E+01 -0.1247961326902556E+01 -0.8833655066880144E+00 -0.4844077592278890E+00 -0.1666797505554165E+00 -0.9243753305375246E-02 -0.1389484906392908E+00
 -0.1525608832205291E+00  0.3328033126691640E+00  0.8458490547869628E+00  0.1047928587232450E+01  0.9657617885163070E+00  0.7357730282105656E+00  0.4325225359325282E+00  0.9624229146534603E-01 -0.2379933566362141E+00 -0.5242906666657453E+00 -0.7116106325771701E+00 -0.7929990326231071E+00 -0.8837711346642181E+00 -0.1110555085194314E+01 -0.1360716881183246E+01 -0.1385132821987694E+01 -0.1123523627895423E+01 -0.7328991937626489E+00 -0.3523029026014189E+00 -0.9554537939638029E-01 -0.6566676441227809E-01
 -0.1913386458822941E-01  0.2252039171111761E+00  0.6564778867452988E+00  0.9187883375313164E+00  0.9193164976956562E+00  0.7451423897652325E+00  0.4776916229725988E+00  0.1680075390114739E+00 -0.1443201573910382E+00 -0.4155508495844891E+00 -0.5958389195579495E+00 -0.6626544212341631E+00 -0.7059771377100452E+00 -0.8960700010082865E+00 -0.1215670599523399E+01 -0.1414350235180602E+01 -0.1308960283519304E+01 -0.9802030970708506E+00 -0.5718197717985491E+00 -0.2055149689826326E+00  0.4472513514934850E-01
  0.8097369936590160E-01  0.1204588058170436E+00  0.4423501168170323E+00  0.7193751097148996E+00  0.7970530615526871E+00  0.6960836390626030E+00  0.4840655862834477E+00  0.2181250533641518E+00 -0.5615590048122059E-01 -0.2953820939348135E+00 -0.4548640649171585E+00 -0.5099792636049925E+00 -0.5202832937410364E+00 -0.6532340002577567E+00 -0.9799017062595329E+00 -0.1317659517756661E+01 -0.1403879494996504E+01 -0.1194382619994413E+01 -0.8067743273719965E+00 -0.3345576807617529E+00  0.1968987149132619E+00
  0.1426320934708343E+00  0.3219265478256102E-01  0.2392100578185174E+00  0.4753288697167441E+00  0.5970119038818619E+00  0.5718094128666181E+00  0.4340772696194251E+00  0.2329355084914206E+00  0.1517027879686363E-01 -0.1764499590929785E+00 -0.3032295522736251E+00 -0.3462270792987832E+00 -0.3405310928106166E+00 -0.4146292533154924E+00 -0.6890507022217532E+00 -0.1093558197349537E+01 -0.1370443531422730E+01 -0.1333762178392042E+01 -0.1026912602624795E+01 -0.4766438452221959E+00  0.4030189330417921E+00
  0.1306525375110805E+00 -0.1268936549049295E-01  0.9258444103960169E-01  0.2491428094301114E+00  0.3644316297324355E+00  0.3889213822134823E+00  0.3246392743252655E+00  0.2002955193069949E+00  0.5337012971231223E-01 -0.7916947215820999E-01 -0.1665109369375967E+00 -0.1966474916529610E+00 -0.1878964422452076E+00 -0.2148975290717983E+00 -0.3945042893720195E+00 -0.7669157232639402E+00 -0.1179938241813414E+01 -0.1348047292465298E+01 -0.1190026636753539E+01 -0.6253579051276821E+00  0.6860470786295076E+00
  0.3109644093264440E-01 -0.9112036714907146E-02  0.3760330787922955E-02  0.6997661818610784E-01  0.1461838159756070E+00  0.1865106802119893E+00  0.1748232082898630E+00  0.1199886119667880E+00  0.4418772373746160E-01 -0.2745971131281105E-01 -0.7491420052662973E-01 -0.9093746105143470E-01 -0.8341493920742415E-01 -0.8174910039254979E-01 -0.1571074682771143E+00 -0.4009082390704950E+00 -0.8350284801287882E+00 -0.1185352049564891E+01 -0.1232976191202340E+01 -0.7725923031588362E+00  0.1084800718274169E+01
 -0.1648507599515496E+00  0.4363337696105753E-01 -0.3395062906837704E-01 -0.3907594369003808E-01 -0.3242618745914242E-02  0.3123883831729860E-01  0.4455034884420241E-01  0.3475122791911817E-01  0.1062440860314585E-01 -0.1521012728389640E-01 -0.3230125944088377E-01 -0.3583185812773654E-01 -0.2894910842026047E-01 -0.1755145841478284E-01 -0.2370722906514704E-01 -0.9897364557312413E-01 -0.4146410303822851E+00 -0.8290893228225554E+00 -0.1056334816674205E+01 -0.8508520454818730E+00  0.1496221319771414E+01
  0.4180182077979464E+00 -0.2217491664534101E+00 -0.2472292915622841E+00 -0.1804108313973687E+00 -0.1137064140487287E+00 -0.6495259139946094E-01 -0.3473117483812124E-01 -0.1992794195983671E-01 -0.1546360446411099E-01 -0.1518927148710307E-01 -0.1405900627400838E-01 -0.9023137153329806E-02 -0.1605938716288620E-02  0.7917845478570598E-02  0.1002733630549221E-01  0.5975438142175053E-02 -0.1392316240209401E+00 -0.3961145512715397E+00 -0.5705915837280616E+00 -0.5466079623011677E+00  0.1069232303175442E+01
  0.0000000000000000E+00  0.0000000000000000E+00  0.0000000000000000E+00  0.0000000000000000E+00  0.0000000000000000E+00  0.0000000000000000E+00  0.0000000000000000E+00  0.0000000000000000E+00  0.0000000000000000E+00  0.0000000000000000E+00  0.0000000000000000E+00  0.0000000000000000E+00  0.0000000000000000E+00  0.0000000000000000E+00  0.0000000000000000E+00  0.0000000000000000E+00  0.0000000000000000E+00  0.0000000000000000E+00  0.0000000000000000E+00  0.0000000000000000E+00  0.0000000000000000E+00
