  0.0000000000000000E+00  0.0000000000000000E+00  0.0000000000000000E+00  0.0000000000000000E+00  0.0000000000000000E+00  0.0000000000000000E+00  0.0000000000000000E+00  0.0000000000000000E+00  0.0000000000000000E+00  0.0000000000000000E+00  0.0000000000000000E+00  0.0000000000000000E+00  0.0000000000000000E+00  0.0000000000000000E+00  0.0000000000000000E+00  0.0000000000000000E+00  0.0000000000000000E+00  0.0000000000000000E+00  0.0000000000000000E+00  0.0000000000000000E+00  0.0000000000000000E+00
  0.3838222010208996E-01 -0.1666720300799104E-01 -0.1161938892188315E-01 -0.2669697771652818E-02 -0.1544613040521584E-01 -0.4529938264068134E-01 -0.7399241368996584E-01 -0.8504527399523834E-01 -0.8344761530106333E-01 -0.7614440456953003E-01 -0.6356662993796497E-01 -0.3157345272283615E-01  0.2889334300793812E-01  0.9711746606133147E-01  0.1364697853840265E+00  0.1336687204877364E+00  0.9747199255278224E-01  0.4237785084876840E-01 -0.1094725664509156E-01 -0.2844564463297859E-01  0.7438967725384421E-01
  0.1060993010935894E-02  0.1657591351634116E-01  0.5078873355995937E-01  0.6756461099158297E-01  0.3696110371461811E-01 -0.3228167439768946E-01 -0.1237667331380867E+00 -0.2130977748473284E+00 -0.2854924151173888E+00 -0.3206926397997543E+00 -0.3044327966486994E+00 -0.2242981761834887E+00 -0.9585444536232139E-01  0.4323257867540936E-01  0.1514513220297526E+00  0.2043274520144273E+00  0.1981572081746387E+00  0.1444435736061899E+00  0.6814612971892457E-01  0.7718116199646282E-02  0.4499178111998572E-01
 -0.1555463633543865E+00  0.1090576186979760E+00  0.1716264927395416E+00  0.1784877420694193E+00  0.1124194997790148E+00 -0.2602094007075651E-02 -0.1453090365361496E+00 -0.2868954791682828E+00 -0.4124208080242239E+00 -0.4951275956672593E+00 -0.5161230865742045E+00 -0.4518540297212738E+00 -0.3080877538837092E+00 -0.1202168440180992E+00  0.6161681453970903E-01  0.1986972080542960E+00  0.2678468217161267E+00  0.2602735419851244E+00  0.1911092718698689E+00  0.1000311437823529E+00 -0.1089841594771900E+00
 -0.4052008731588241E+00  0.2468658813633192E+00  0.3353967709311336E+00  0.3157671924958710E+00  0.2077715546108766E+00  0.4551040139106018E-01 -0.1496102956573939E+00 -0.3456493631814531E+00 -0.5271427603446820E+00 -0.6605820269935646E+00 -0.7223787013668906E+00 -0.6805848237574547E+00 -0.5341095565806514E+00 -0.3174961912220165E+00 -0.8742787600969661E-01  0.1141361061204277E+00  0.2584606695785688E+00  0.3188342881962400E+00  0.2907151843567539E+00  0.1921899571412043E+00 -0.2858546870668591E+00
 -0.6711322673223461E+00  0.3964682857926130E+00  0.5182725900554928E+00  0.4670606982888643E+00  0.3223120838955068E+00  0.1225919759274337E+00 -0.1111877241301526E+00 -0.3467809276540857E+00 -0.5728687942898891E+00 -0.7576985140524510E+00 -0.8760567813858838E+00 -0.8835864265202426E+00 -0.7563364091601688E+00 -0.5204943869417713E+00 -0.2514386439156670E+00 -0.6817145346444095E-02  0.1903778358262909E+00  0.3123793454039805E+00  0.3340944027405706E+00  0.2332738376450262E+00 -0.3657271101945081E+00
 -0.8748350506121498E+00  0.5229086830181103E+00  0.6938909984421813E+00  0.6158776031723830E+00  0.4397937531645622E+00  0.2083356017237714E+00 -0.5665805742663257E-01 -0.3220125347594324E+00 -0.5784029870441538E+00 -0.8002194621977737E+00 -0.9706179274222934E+00 -0.1045777402967862E+01 -0.9727234531236157E+00 -0.7402995655151058E+00 -0.4294314276651893E+00 -0.1403889830605964E+00  0.9383471229333888E-01  0.2584571549053631E+00  0.3169945330016724E+00  0.2166572850475572E+00 -0.3329773221409990E+00
 -0.9596476507685847E+00  0.6012006078751556E+00  0.8439541728568822E+00  0.7549708451817304E+00  0.5569295716545026E+00  0.3023168307819029E+00  0.1403402976888302E-01 -0.2736091090171975E+00 -0.5484686366926217E+00 -0.7889083985012284E+00 -0.9914085947117386E+00 -0.1133403536652197E+01 -0.1151054014844773E+01 -0.9755208390037561E+00 -0.6444264350816912E+00 -0.2974460617148608E+00 -0.1990173159812012E-01  0.1736083640690484E+00  0.2551281800172442E+00  0.1718506419088989E+00 -0.2604237457094525E+00
 -0.9034384338543200E+00  0.6206861436745759E+00  0.9586199971694076E+00  0.8812360022731861E+00  0.6708977206303729E+00  0.3996053555118411E+00  0.9100402419997751E-01 -0.2193558936856519E+00 -0.5111065779653416E+00 -0.7580397974866712E+00 -0.9632640344244724E+00 -0.1139342238833391E+01 -0.1249961952127546E+01 -0.1186511593620755E+01 -0.8990375657030567E+00 -0.5089054603477523E+00 -0.1690392452946859E+00  0.6581682058773367E-01  0.1751378795676008E+00  0.1267074975727160E+00 -0.2049846131505471E+00
 -0.7348617313324288E+00  0.5877835966117176E+00  0.1028489058502724E+01  0.9901898016614958E+00  0.7800880895379644E+00  0.5005190494631689E+00  0.1775847361592285E+00 -0.1544046357024722E+00 -0.4669530773821051E+00 -0.7231595277996246E+00 -0.9166286538765055E+00 -0.1085992277275983E+01 -0.1252979700274227E+01 -0.1317885766405082E+01 -0.1143761452453742E+01 -0.7693980155197001E+00 -0.3746085234112037E+00 -0.7543043661578025E-01  0.8704339973428327E-01  0.9048421707494375E-01 -0.1844092514905480E+00
 -0.5257752691065736E+00  0.5223393093829456E+00  0.1041242659042263E+01  0.1070076794003507E+01  0.8777630425623953E+00  0.5993294625240229E+00  0.2707445746720071E+00 -0.7624038225653944E-01 -0.4088862780136591E+00 -0.6812169400388077E+00 -0.8667148807988969E+00 -0.1004800660445539E+01 -0.1177824820268695E+01 -0.1345531749152012E+01 -0.1322105036592060E+01 -0.1032760730235588E+01 -0.6242247239483302E+00 -0.2613226408667573E+00 -0.2271297783402491E-01  0.5049810576947050E-01 -0.1742072951424364E+00
 -0.3261945904531687E+00  0.4366232812902772E+00  0.9836752534176627E+00  0.1098286309298342E+01  0.9473740175598531E+00  0.6833695957838219E+00  0.3604406057224574E+00  0.1084780455348068E-01 -0.3316843476407825E+00 -0.6186213252661708E+00 -0.8056586330450158E+00 -0.9105020728586292E+00 -0.1049803498575390E+01 -0.1271972993971471E+01 -0.1400393573987780E+01 -0.1251759563409075E+01 -0.8863141065367138E+00 -0.4866858279414008E+00 -0.1681593047941604E+00 -0.1000756679183573E-01 -0.1381366044186532E+00
 -0.1560616916789583E+00  0.3367110737787448E+00  0.8540715296572761E+00  0.1055771862422721E+01  0.9718000017562221E+00  0.7400086011126411E+00  0.4346492351897073E+00  0.9584122463740755E-01 -0.2412505050906130E+00 -0.5304868861959983E+00 -0.7202696992390529E+00 -0.8021762504541984E+00 -0.8906098372843531E+00 -0.1115112184079934E+01 -0.1365008775850685E+01 -0.1389312589125647E+01 -0.1126973907294309E+01 -0.7356912231604695E+00 -0.3542177905099846E+00 -0.9646279456753340E-01 -0.6482940680738436E-01
 -0.2090069847096432E-01  0.2283809475784448E+00  0.6642421442643700E+00  0.9274975219623176E+00  0.9265696161446352E+00  0.7503668342232490E+00  0.4806000638997480E+00  0.1682672263860993E+00 -0.1469889560483998E+00 -0.4212551387399658E+00 -0.6042172823493210E+00 -0.6720363951692536E+00 -0.7132555164253080E+00 -0.9005275380396313E+00 -0.1219540628317008E+01 -0.1418439568866276E+01 -0.1312573450369638E+01 -0.9832753771099889E+00 -0.5740748640317694E+00 -0.2065635595574679E+00  0.4561581464063413E-01
  0.8074838723265876E-01  0.1225701886547732E+00  0.4484589531969783E+00  0.7277013661879823E+00  0.8048662088559250E+00  0.7020365837069427E+00  0.4876113544816034E+00  0.2189461368739462E+00 -0.5826169690747039E-01 -0.3004499113182503E+00 -0.4624826173523692E+00 -0.5186992996617640E+00 -0.5272774424348700E+00 -0.6572817396087979E+00 -0.9830777148930594E+00 -0.1321304228780062E+01 -0.1407360651677584E+01 -0.1197477375293013E+01 -0.8091802493143778E+00 -0.3356910341419703E+00  0.1978928531115332E+00
  0.1440400286008083E+00  0.3293347538093037E-01  0.2428404547435994E+00  0.4817635485097684E+00  0.6042067649045647E+00  0.5779541307464787E+00  0.4381218109138457E+00  0.2343467491887382E+00  0.1375549619786285E-01 -0.1806151252920041E+00 -0.3095838992285606E+00 -0.3534352738277076E+00 -0.3463839322896588E+00 -0.4178701059260869E+00 -0.6913638848559351E+00 -0.1096560903817277E+01 -0.1373618070142299E+01 -0.1336709607531982E+01 -0.1029304859530793E+01 -0.4778209020559578E+00  0.4041578466370808E+00
  0.1336859813824749E+00 -0.1332547273850215E-01  0.9370956316696849E-01  0.2526651239550546E+00  0.3694133697156687E+00  0.3938930981714559E+00  0.3283826333001487E+00  0.2020224821283684E+00  0.5274061745957667E-01 -0.8208295227919399E-01 -0.1710720103820805E+00 -0.2016836064510791E+00 -0.1919368116688978E+00 -0.2170084276156228E+00 -0.3958852952967222E+00 -0.7692050050056878E+00 -0.1182745297761479E+01 -0.1350759956709816E+01 -0.1192289485463602E+01 -0.6265547435423462E+00  0.6873747451634362E+00
  0.3344704199566949E-01 -0.1003406814424850E-01  0.3344837562923986E-02  0.7099265982688382E-01  0.1484812034033334E+00  0.1892509789753423E+00  0.1770798014141903E+00  0.1210568238351278E+00  0.4374402663624247E-01 -0.2932219862325843E-01 -0.7766544768560679E-01 -0.9379829898861898E-01 -0.8561642919251923E-01 -0.8277539258900193E-01 -0.1576591286462148E+00 -0.4024968444917145E+00 -0.8374812383093109E+00 -0.1187785083508008E+01 -0.1234995704940463E+01 -0.7737799777182819E+00  0.1086344228214383E+01
 -0.1639891905504585E+00  0.4295751638461764E-01 -0.3511664139660554E-01 -0.3957653525053465E-01 -0.2889679847624498E-02  0.3210707276611333E-01  0.4542641310047866E-01  0.3518959773419171E-01  0.1039465155223180E-01 -0.1608516012822648E-01 -0.3356424924439174E-01 -0.3711637854216880E-01 -0.2991697674893380E-01 -0.1797669527736942E-01 -0.2377563206577507E-01 -0.9995624977810774E-01 -0.4167373245602700E+00 -0.8311373241851421E+00 -0.1057920012257844E+01 -0.8518640345393514E+00  0.1497672091360210E+01
  0.4189673165422417E+00 -0.2222016976912568E+00 -0.2476377765315287E+00 -0.1806021305280526E+00 -0.1137405463489416E+00 -0.6491006621344950E-01 -0.3472393706698013E-01 -0.2008439513923140E-01 -0.1586443157169148E-01 -0.1583015765440263E-01 -0.1483871556312179E-01 -0.9802487222796792E-02 -0.2254083295033221E-02  0.7429320421053899E-02  0.9714907116938416E-02  0.5176519654954699E-02 -0.1406680142192523E+00 -0.3974032427123777E+00 -0.5714735917324949E+00 -0.5471748084711815E+00  0.1070050833681049E+01
  0.0000000000000000E+00  0.0000000000000000E+00  0.0000000000000000E+00  0.0000000000000000E+00  0.0000000000000000E+00  0.0000000000000000E+00  0.0000000000000000E+00  0.0000000000000000E+00  0.0000000000000000E+00  0.0000000000000000E+00  0.0000000000000000E+00  0.0000000000000000E+00  0.0000000000000000E+00  0.0000000000000000E+00  0.0000000000000000E+00  0.0000000000000000E+00  0.0000000000000000E+00  0.0000000000000000E+00  0.0000000000000000E+00  0.0000000000000000E+00  0.0000000000000000E+00
