  0.0000000000000000E+00  0.0000000000000000E+00  0.0000000000000000E+00  0.0000000000000000E+00  0.0000000000000000E+00  0.0000000000000000E+00  0.0000000000000000E+00  0.0000000000000000E+00  0.0000000000000000E+00  0.0000000000000000E+00  0.0000000000000000E+00  0.0000000000000000E+00  0.0000000000000000E+00  0.0000000000000000E+00  0.0000000000000000E+00  0.0000000000000000E+00  0.0000000000000000E+00  0.0000000000000000E+00  0.0000000000000000E+00  0.0000000000000000E+00  0.0000000000000000E+00
  0.3866732928046692E-01 -0.1614832536955593E-01 -0.9777646828200854E-02  0.6390669915313435E-03 -0.1126134731339523E-01 -0.4129764340415121E-01 -0.7102637255095336E-01 -0.8291025773080417E-01 -0.8151279855350471E-01 -0.7419315391166108E-01 -0.6201976216547343E-01 -0.3115421908807200E-01  0.2810963777657750E-01  0.9640654630696595E-01  0.1367752546318140E+00  0.1348821240499323E+00  0.9909190108654177E-01  0.4392717611652485E-01 -0.9908220000792951E-02 -0.2807620964249206E-01  0.7432040892668323E-01
  0.5933901561965271E-03  0.1774177711759513E-01  0.5381872150898191E-01  0.7209001632877007E-01  0.4201990861513425E-01 -0.2768034377858737E-01 -0.1204049191991022E+00 -0.2113057668924456E+00 -0.2854277082721390E+00 -0.3225591996065216E+00 -0.3083388217948914E+00 -0.2297354228118903E+00 -0.1015019243925310E+00  0.3892246889244255E-01  0.1493679972877605E+00  0.2044308601956183E+00  0.1997480409489427E+00  0.1465346231792122E+00  0.6980247629604587E-01  0.8487725546220378E-02  0.4433929965738474E-01
 -0.1582470758837049E+00  0.1115348400940615E+00  0.1763574443984796E+00  0.1844001671423086E+00  0.1184957561962789E+00  0.2934092607394041E-02 -0.1407398354232764E+00 -0.2835019869631178E+00 -0.4104778090078090E+00 -0.4950384356422508E+00 -0.5181801751441200E+00 -0.4558377607011227E+00 -0.3129666199956943E+00 -0.1245960537979182E+00  0.5877290516209514E-01  0.1978832104012098E+00  0.2689578111526645E+00  0.2625679715014764E+00  0.1934608231906823E+00  0.1015298948634634E+00 -0.1111288613997078E+00
 -0.4091875404180874E+00  0.2499932796285580E+00  0.3407922984675866E+00  0.3215505493210984E+00  0.2131494397076389E+00  0.5016774329240372E-01 -0.1458750066252680E+00 -0.3430828356686723E+00 -0.5261675457141956E+00 -0.6617291539771014E+00 -0.7258972372921504E+00 -0.6860282454483639E+00 -0.5401550493833907E+00 -0.3227955208335335E+00 -0.9124320692404912E-01  0.1122250205044629E+00  0.2586681056919933E+00  0.3207559761119304E+00  0.2932642024153999E+00  0.1939856929469874E+00 -0.2886928764255625E+00
 -0.6743220301951988E+00  0.3992601830630149E+00  0.5234585189938458E+00  0.4723271134878238E+00  0.3273003726274879E+00  0.1273284506089523E+00 -0.1067273735050107E+00 -0.3427803254570502E+00 -0.5697379555931875E+00 -0.7562124058626211E+00 -0.8769617640552871E+00 -0.8870727185522358E+00 -0.7612802225798305E+00 -0.5252328842194124E+00 -0.2550632083468410E+00 -0.9009238020366262E-02  0.1899940642799366E+00  0.3138000334195772E+00  0.3364145328128535E+00  0.2347335322071629E+00 -0.3677860638086352E+00
 -0.8753879170660797E+00  0.5244667645494211E+00  0.6980123765821837E+00  0.6199907458212957E+00  0.4435487835903924E+00  0.2118186607947669E+00 -0.5341408068289299E-01 -0.3190489256324162E+00 -0.5758480154783994E+00 -0.7985591305528218E+00 -0.9705622896082884E+00 -0.1047966848085991E+01 -0.9766704828791354E+00 -0.7444318708364850E+00 -0.4325534890737151E+00 -0.1422573660841487E+00  0.9337377112422775E-01  0.2595096631243699E+00  0.3187974264267272E+00  0.2174963294225878E+00 -0.3336915618410363E+00
 -0.9567381423919809E+00  0.6011202417058754E+00  0.8466225827256454E+00  0.7579385270231787E+00  0.5597579394542627E+00  0.3052040951730033E+00  0.1704987716655924E-01 -0.2705100491422379E+00 -0.5453079629340070E+00 -0.7859995766271995E+00 -0.9893789629253501E+00 -0.1133220087110211E+01 -0.1152963331989970E+01 -0.9784089104203105E+00 -0.6468599709026266E+00 -0.2988063119526573E+00 -0.2015612643433003E-01  0.1743706400120553E+00  0.2562970262577808E+00  0.1722130680374990E+00 -0.2603421778547163E+00
 -0.8974122212768274E+00  0.6190314335074305E+00  0.9596820792454641E+00  0.8830954459223814E+00  0.6728023658007656E+00  0.4016427087498248E+00  0.9317266297905283E-01 -0.2170902155599666E+00 -0.5086113917050350E+00 -0.7553149334183940E+00 -0.9605942323538793E+00 -0.1137632752729299E+01 -0.1249952161479363E+01 -0.1187759125573172E+01 -0.9004907452551932E+00 -0.5098046133056375E+00 -0.1690914665267956E+00  0.6641086277295526E-01  0.1758595616607229E+00  0.1268683535886061E+00 -0.2047454991050955E+00
 -0.7277698243559130E+00  0.5851965943077665E+00  0.1027819958567387E+01  0.9908806897962320E+00  0.7811175855570680E+00  0.5018469785295594E+00  0.1792952875353857E+00 -0.1523187737246538E+00 -0.4643911558426895E+00 -0.7200791367942360E+00 -0.9131900759975643E+00 -0.1083033325301162E+01 -0.1251458247603528E+01 -0.1317612707619920E+01 -0.1143965212935520E+01 -0.7696464580152143E+00 -0.3744770822842124E+00 -0.7490594379354762E-01  0.8758675304809661E-01  0.9069650364177397E-01 -0.1845027578772253E+00
 -0.5194354839684292E+00  0.5193943626621881E+00  0.1038747604018135E+01  0.1069339485626150E+01  0.8778233151998687E+00  0.5998797466215183E+00  0.2718333227233202E+00 -0.7461223669321163E-01 -0.4065704748707010E+00 -0.6780346974325088E+00 -0.8626870493028720E+00 -0.1000780661647658E+01 -0.1175140820901008E+01 -0.1344188263930066E+01 -0.1321256101200830E+01 -0.1032197255550098E+01 -0.6237518601939873E+00 -0.2607352505389955E+00 -0.2218817849279028E-01  0.5081571770270805E-01 -0.1746353316009144E+00
 -0.3212140042069409E+00  0.4335653480473866E+00  0.9794820399352187E+00  0.1095843440084577E+01  0.9462559151372183E+00  0.6830341121185651E+00  0.3608326200686154E+00  0.1202962548339534E-01 -0.3295191988007499E+00 -0.6152539073637413E+00 -0.8010170012411569E+00 -0.9054207209341695E+00 -0.1046060133132227E+01 -0.1269885810586032E+01 -0.1398868185435385E+01 -0.1250496841188576E+01 -0.8853846806087471E+00 -0.4858773787482653E+00 -0.1675323738672913E+00 -0.9637022528651760E-02 -0.1386213062813361E+00
 -0.1524721913006344E+00  0.3337094651600799E+00  0.8486562041796053E+00  0.1051558086716457E+01  0.9693072917383230E+00  0.7387349280945571E+00  0.4343668511871630E+00  0.9656780842097717E-01 -0.2393287789369058E+00 -0.5271043255019852E+00 -0.7152295305487330E+00 -0.7961966238922472E+00 -0.8858804337563118E+00 -0.1112502550477466E+01 -0.1363204542727822E+01 -0.1387656931570628E+01 -0.1125669675837014E+01 -0.7346340496023774E+00 -0.3534331190229884E+00 -0.9605465636810688E-01 -0.6526914991866772E-01
 -0.1853747863354360E-01  0.2256649798985803E+00  0.6584574610621972E+00  0.9218888941856174E+00  0.9226174439381267E+00  0.7480015988887891E+00  0.4795735904374706E+00  0.1685248242591682E+00 -0.1453067887636061E+00 -0.4179005433825310E+00 -0.5989950295688370E+00 -0.6655304328188899E+00 -0.7077665626840380E+00 -0.8975317884018285E+00 -0.1217744714255482E+01 -0.1416734397456882E+01 -0.1311107981716834E+01 -0.9820669417816826E+00 -0.5731617865728941E+00 -0.2061210371900681E+00  0.4520132499731011E-01
  0.8203300628068894E-01  0.1204323743327947E+00  0.4433301292790731E+00  0.7215768129931569E+00  0.7997846846191693E+00  0.6986227595332962E+00  0.4858357056353309E+00  0.2187385782513361E+00 -0.5682922220469808E-01 -0.2972111168522885E+00 -0.4573556472044557E+00 -0.5122272594197824E+00 -0.5215531047924832E+00 -0.6541356454777547E+00 -0.9814764489208387E+00 -0.1319809335926416E+01 -0.1405951441877646E+01 -0.1196266000457310E+01 -0.8082327246062085E+00 -0.3352343305889652E+00  0.1974702671606871E+00
  0.1441412649017072E+00  0.3170634456559818E-01  0.2392602985985017E+00  0.4763795523546772E+00  0.5987811408992330E+00  0.5737071737147692E+00  0.4355321762389822E+00  0.2335395569080246E+00  0.1477591943716533E-01 -0.1777295676727387E+00 -0.3049544663520359E+00 -0.3476857380397050E+00 -0.3411783692159363E+00 -0.4149562794648272E+00 -0.6900849275008012E+00 -0.1095410649118662E+01 -0.1372404642077465E+01 -0.1335594293198117E+01 -0.1028402657830601E+01 -0.4773695959706752E+00  0.4037061300814251E+00
  0.1322404583137651E+00 -0.1338577468806829E-01  0.9208313424956019E-01  0.2492284641271427E+00  0.3651198581084447E+00  0.3899005311193864E+00  0.3254921815158280E+00  0.2006701359831305E+00  0.5311553581436645E-01 -0.7997117214524706E-01 -0.1675132812425449E+00 -0.1973733147178332E+00 -0.1880192678723294E+00 -0.2147721350998530E+00 -0.3950206183235774E+00 -0.7684080186807637E+00 -0.1181764730614938E+01 -0.1349786267039075E+01 -0.1191476981485970E+01 -0.6261182593400688E+00  0.6868777965342359E+00
  0.3177679458546431E-01 -0.9551269057921915E-02  0.3122987411698570E-02  0.6952889920556309E-01  0.1460892841434436E+00  0.1866747191696952E+00  0.1750226218740054E+00  0.1200045962888749E+00  0.4392459105694965E-01 -0.2794188369082613E-01 -0.7540852477044439E-01 -0.9120885193514081E-01 -0.8330915943998879E-01 -0.8145148643165789E-01 -0.1572304167723726E+00 -0.4019888310498221E+00 -0.8366753511203235E+00 -0.1186948053724703E+01 -0.1234298743992415E+01 -0.7733657197398961E+00  0.1085798415227273E+01
 -0.1644870569611748E+00  0.4327621047380844E-01 -0.3465842553974949E-01 -0.3972838373665654E-01 -0.3681674171995717E-02  0.3100594851128772E-01  0.4442737712614614E-01  0.3462303714200241E-01  0.1042843083812746E-01 -0.1546410033023284E-01 -0.3253341597578993E-01 -0.3595710658209339E-01 -0.2890049734719989E-01 -0.1738329476483455E-01 -0.2365790045433316E-01 -0.9965736460318055E-01 -0.4160431933741049E+00 -0.8304394305231728E+00 -0.1057381940034452E+01 -0.8515253440206295E+00  0.1497194092027436E+01
  0.4186856039259810E+00 -0.2221365080194530E+00 -0.2477239201323780E+00 -0.1808294518646430E+00 -0.1140437058009631E+00 -0.6523234058108378E-01 -0.3498288253798238E-01 -0.2018353435105628E-01 -0.1573844310230913E-01 -0.1547652001322276E-01 -0.1432615554279272E-01 -0.9245433830093328E-02 -0.1762868446825346E-02  0.7783316721867499E-02  0.9865820054357580E-02  0.5436236206299529E-02 -0.1401828477839166E+00 -0.3969649621646218E+00 -0.5711737148971916E+00 -0.5469889063167211E+00  0.1069793004052972E+01
  0.0000000000000000E+00  0.0000000000000000E+00  0.0000000000000000E+00  0.0000000000000000E+00  0.0000000000000000E+00  0.0000000000000000E+00  0.0000000000000000E+00  0.0000000000000000E+00  0.0000000000000000E+00  0.0000000000000000E+00  0.0000000000000000E+00  0.0000000000000000E+00  0.0000000000000000E+00  0.0000000000000000E+00  0.0000000000000000E+00  0.0000000000000000E+00  0.0000000000000000E+00  0.0000000000000000E+00  0.0000000000000000E+00  0.0000000000000000E+00  0.0000000000000000E+00
