  0.0000000000000000E+00  0.0000000000000000E+00  0.0000000000000000E+00  0.0000000000000000E+00  0.0000000000000000E+00  0.0000000000000000E+00  0.0000000000000000E+00  0.0000000000000000E+00  0.0000000000000000E+00  0.0000000000000000E+00  0.0000000000000000E+00  0.0000000000000000E+00  0.0000000000000000E+00  0.0000000000000000E+00  0.0000000000000000E+00  0.0000000000000000E+00  0.0000000000000000E+00  0.0000000000000000E+00  0.0000000000000000E+00  0.0000000000000000E+00  0.0000000000000000E+00
  0.7009215158832251E-01 -0.5129285329327075E-01 -0.8378640829148974E-01 -0.9166220752250687E-01 -0.1029077656153162E+00 -0.1148398415927855E+00 -0.1224089180288031E+00 -0.1206630846608744E+00 -0.1097259520501194E+00 -0.8055957688535316E-01 -0.2916128903767098E-01  0.3611052228118531E-01  0.9070753329622448E-01  0.1171439647190222E+00  0.1134644462254755E+00  0.8642200473414600E-01  0.4499377587034699E-01 -0.1925556301375400E-02 -0.3836833981505130E-01 -0.3865215463340056E-01  0.7758812408515040E-01
  0.9933847614036050E-01 -0.5893819734851335E-01 -0.7747611590517957E-01 -0.8029378306783151E-01 -0.1096653185139219E+00 -0.1551848434085515E+00 -0.2037927453357005E+00 -0.2344470035378462E+00 -0.2363750508811217E+00 -0.1950024824805808E+00 -0.1177243319266861E+00 -0.1975795969506680E-01  0.7346389896857718E-01  0.1422626751379676E+00  0.1764118575762258E+00  0.1737748413179565E+00  0.1391746015022066E+00  0.8262938747179849E-01  0.2092661933380222E-01 -0.1781840160056775E-01  0.7438182413550545E-01
  0.4595492163952077E-01 -0.2028104035300954E-01 -0.1488819941950786E-01 -0.2345621920454127E-01 -0.8587105007193030E-01 -0.1748993335840160E+00 -0.2751660699278162E+00 -0.3567588794929701E+00 -0.4070990644501806E+00 -0.4003097976179684E+00 -0.3378438857492791E+00 -0.2243805639501792E+00 -0.8726608113905455E-01  0.4616395278135342E-01  0.1535705102755973E+00  0.2191119461137649E+00  0.2338650192131985E+00  0.1981723337892870E+00  0.1275457240777085E+00  0.5472709230414558E-01 -0.3663555283472822E-01
 -0.1381519661824759E+00  0.8497055447540097E-01  0.1167596972437270E+00  0.8934294633196931E-01 -0.1093968056852174E-01 -0.1435939489423938E+00 -0.2945730790745104E+00 -0.4254347944362826E+00 -0.5242914274539939E+00 -0.5574241468672372E+00 -0.5242007556327039E+00 -0.4201089705679289E+00 -0.2700051713192572E+00 -0.1018486758816585E+00  0.5749499703666580E-01  0.1863063510773385E+00  0.2646530079627225E+00  0.2776143610624179E+00  0.2298457161205326E+00  0.1437912115930002E+00 -0.2015279186584680E+00
 -0.4069157530674784E+00  0.2338787388369695E+00  0.2947204634434301E+00  0.2353538351931039E+00  0.9294947910553800E-01 -0.8594482101911526E-01 -0.2899233931180645E+00 -0.4749761458065742E+00 -0.6314717306665425E+00 -0.7168688127566378E+00 -0.7228522097696209E+00 -0.6343367907501913E+00 -0.4740956670014723E+00 -0.2771912316096087E+00 -0.7982129550658518E-01  0.9561553901244199E-01  0.2292221647224860E+00  0.2974012999684062E+00  0.2892878376655260E+00  0.1995077590418205E+00 -0.3092354394599356E+00
 -0.6791512160283549E+00  0.3911388401804841E+00  0.4942653045130975E+00  0.4033930454962571E+00  0.2271570818076210E+00  0.1288381436524653E-01 -0.2302229697445475E+00 -0.4588013446799990E+00 -0.6686907743788585E+00 -0.8170046646187916E+00 -0.8856866801176129E+00 -0.8428345730915778E+00 -0.6920801026805392E+00 -0.4703792125747695E+00 -0.2352863236754922E+00 -0.2341720411745086E-01  0.1500125483992549E+00  0.2642647616997857E+00  0.2931921004772997E+00  0.2017214117405868E+00 -0.3119721347444607E+00
 -0.8744257409214909E+00  0.5194463376533256E+00  0.6839132720384858E+00  0.5691972481809066E+00  0.3644909414744666E+00  0.1220214739055718E+00 -0.1485235203829823E+00 -0.4062710334933157E+00 -0.6524820161430327E+00 -0.8535364669237936E+00 -0.9918473394196673E+00 -0.1025764304592528E+01 -0.9248680310955346E+00 -0.6994848936118209E+00 -0.4198889194211663E+00 -0.1613411901966897E+00  0.4728907265615846E-01  0.1937745603344458E+00  0.2489510805575859E+00  0.1676842615601283E+00 -0.2541017041227991E+00
 -0.9385713235641847E+00  0.5938650951979201E+00  0.8430239620295755E+00  0.7221247792974366E+00  0.4975844090924624E+00  0.2361852254969349E+00 -0.5085105415438365E-01 -0.3252411810110754E+00 -0.5882608953557250E+00 -0.8171704542222906E+00 -0.1006122310034178E+01 -0.1126897758414193E+01 -0.1126221045120593E+01 -0.9586729165995533E+00 -0.6607300398207621E+00 -0.3424307169753334E+00 -0.8217865216425284E-01  0.9793753094075053E-01  0.1781273313901492E+00  0.1244246485176489E+00 -0.1951466141627975E+00
 -0.8569100160009179E+00  0.6054362634418733E+00  0.9593987743247020E+00  0.8564961766476002E+00  0.6205131763223856E+00  0.3449489048872019E+00  0.4411128377368347E-01 -0.2457589463314281E+00 -0.5187600547946848E+00 -0.7532396682369108E+00 -0.9523339078940553E+00 -0.1121955631419239E+01 -0.1228496768470071E+01 -0.1183686832161470E+01 -0.9417661224051267E+00 -0.5906328939700266E+00 -0.2636956233613389E+00 -0.2612001167940413E-01  0.9792773447910900E-01  0.8778605590318954E-01 -0.1654304332304596E+00
 -0.6753395568137617E+00  0.5664284403637201E+00  0.1023945764277399E+01  0.9685529182592869E+00  0.7341814782991981E+00  0.4513721649039109E+00  0.1414604071590821E+00 -0.1647223522017159E+00 -0.4531303355627144E+00 -0.6937875384611147E+00 -0.8807694570123651E+00 -0.1045859520724824E+01 -0.1211477764172735E+01 -0.1301588859878874E+01 -0.1190146883517136E+01 -0.8772897114631356E+00 -0.5062533126198018E+00 -0.1967206685384202E+00 -0.8962571347906612E-03  0.5186369183539978E-01 -0.1564873326409900E+00
 -0.4666162729134182E+00  0.4967906984131452E+00  0.1023755822326017E+01  0.1043945445357392E+01  0.8323591758063319E+00  0.5525390234730152E+00  0.2412499879770646E+00 -0.7604611606676559E-01 -0.3808496189513977E+00 -0.6360463587119698E+00 -0.8154173846136018E+00 -0.9473379981131943E+00 -0.1108867293570363E+01 -0.1291812014610403E+01 -0.1340331411007192E+01 -0.1141490228982057E+01 -0.7819934536949754E+00 -0.4176006893504057E+00 -0.1370891372217134E+00 -0.2375988497301923E-02 -0.1299611717298076E+00
 -0.2739539929591636E+00  0.4082108269933261E+00  0.9506784880208147E+00  0.1063334264438894E+01  0.9009693455480595E+00  0.6375602869266983E+00  0.3336929596927733E+00  0.1618619215015553E-01 -0.2950031797799360E+00 -0.5625866736379614E+00 -0.7451335642255438E+00 -0.8459862056747558E+00 -0.9611864034132369E+00 -0.1171692156813202E+01 -0.1361660042523030E+01 -0.1328280926998179E+01 -0.1049344726170722E+01 -0.6741223885243297E+00 -0.3200448416173773E+00 -0.8530351808802003E-01 -0.6413428735331722E-01
 -0.1137812138312111E+00  0.3058450419461214E+00  0.8037539120071533E+00  0.1002800511711998E+01  0.9155226126476554E+00  0.6892085539714550E+00  0.4051312410792251E+00  0.1000990747101610E+00 -0.2026465484377187E+00 -0.4684931827344265E+00 -0.6527355185780626E+00 -0.7364004428746102E+00 -0.7962937188531746E+00 -0.9750094195591553E+00 -0.1251757947093491E+01 -0.1398361954777301E+01 -0.1263384708092194E+01 -0.9358254384890337E+00 -0.5426483594775244E+00 -0.1948626462527074E+00  0.4193957928059777E-01
  0.1081575831501203E-01  0.1978341732784991E+00  0.6043182781505093E+00  0.8585457022561739E+00  0.8582730386573564E+00  0.6923251917354161E+00  0.4456833790583763E+00  0.1670167658056410E+00 -0.1129207165580239E+00 -0.3597758916386051E+00 -0.5326385681915050E+00 -0.6059495844951468E+00 -0.6249554345900639E+00 -0.7399064482481211E+00 -0.1031195609295343E+01 -0.1328875402187964E+01 -0.1382772094753574E+01 -0.1164902496468349E+01 -0.7834659706459145E+00 -0.3249574166417153E+00  0.1914062792792316E+00
  0.9837457940647526E-01  0.9433166066274946E-01  0.3813695613947237E+00  0.6368601897943946E+00  0.7114435417012613E+00  0.6226294093998168E+00  0.4354457873517665E+00  0.2033112877470535E+00 -0.3528315634096257E-01 -0.2454579903886770E+00 -0.3921234698193322E+00 -0.4534279983078828E+00 -0.4514455297427991E+00 -0.5012573492470314E+00 -0.7408373303706572E+00 -0.1116392340975354E+01 -0.1366339299585513E+01 -0.1317083277987724E+01 -0.1010040954748178E+01 -0.4685771260710723E+00  0.3956904234650391E+00
  0.1280948957139755E+00  0.1907045016813481E-01  0.1853062462183799E+00  0.3845704254809091E+00  0.4934815747261134E+00  0.4796484938539814E+00  0.3700938632158771E+00  0.2059250102433788E+00  0.2574023395273251E-01 -0.1357803224227394E+00 -0.2478711587344037E+00 -0.2943456735787397E+00 -0.2868293158790754E+00 -0.2909635056775700E+00 -0.4379080544965232E+00 -0.7897759633604495E+00 -0.1184605566864094E+01 -0.1340551295614462E+01 -0.1178814314767207E+01 -0.6187681685203504E+00  0.6774901907938442E+00
  0.6605632591669754E-01 -0.7732604251476626E-02  0.4285851316226766E-01  0.1485990214567934E+00  0.2384609435352769E+00  0.2656487552676529E+00  0.2261113331102240E+00  0.1391433528440688E+00  0.3226400512862553E-01 -0.6664934053932979E-01 -0.1344670168869377E+00 -0.1606277000876946E+00 -0.1524332779026539E+00 -0.1360661530396753E+00 -0.1876731204223693E+00 -0.4179646985048896E+00 -0.8426317089842035E+00 -0.1183806566258147E+01 -0.1226362821062107E+01 -0.7672710442778969E+00  0.1075450311771584E+01
 -0.1514352695606318E+00  0.4304132852928864E-01 -0.2231128397276591E-01 -0.3197177205106920E-02  0.4696072427432801E-01  0.8028478399814286E-01  0.8057085704797094E-01  0.5182422038885008E-01  0.7883180070789472E-02 -0.3497255869119001E-01 -0.6360531811526925E-01 -0.7180678800168198E-01 -0.6370626662827447E-01 -0.4615551722764656E-01 -0.4099349602881964E-01 -0.1100148733722102E+00 -0.4221229144265682E+00 -0.8307561577687220E+00 -0.1053380943048845E+01 -0.8472190269093184E+00  0.1488276137679110E+01
  0.4173686767293256E+00 -0.2182519167090712E+00 -0.2373870733978880E+00 -0.1669359767239271E+00 -0.9853432916166804E-01 -0.5036570331077955E-01 -0.2379350578300663E-01 -0.1520318548196052E-01 -0.1810480571173918E-01 -0.2473226968460691E-01 -0.2840440441806412E-01 -0.2520213138167924E-01 -0.1683273039254481E-01 -0.4900593661549357E-02  0.1891518464494376E-02 -0.1786022083080932E-04 -0.1441506342660509E+00 -0.3980170340494620E+00 -0.5697420045302086E+00 -0.5450957175231800E+00  0.1065545148039331E+01
  0.0000000000000000E+00  0.0000000000000000E+00  0.0000000000000000E+00  0.0000000000000000E+00  0.0000000000000000E+00  0.0000000000000000E+00  0.0000000000000000E+00  0.0000000000000000E+00  0.0000000000000000E+00  0.0000000000000000E+00  0.0000000000000000E+00  0.0000000000000000E+00  0.0000000000000000E+00  0.0000000000000000E+00  0.0000000000000000E+00  0.0000000000000000E+00  0.0000000000000000E+00  0.0000000000000000E+00  0.0000000000000000E+00  0.0000000000000000E+00  0.0000000000000000E+00
