  0.0000000000000000E+00  0.0000000000000000E+00  0.0000000000000000E+00  0.0000000000000000E+00  0.0000000000000000E+00  0.0000000000000000E+00  0.0000000000000000E+00  0.0000000000000000E+00  0.0000000000000000E+00  0.0000000000000000E+00  0.0000000000000000E+00  0.0000000000000000E+00  0.0000000000000000E+00  0.0000000000000000E+00  0.0000000000000000E+00  0.0000000000000000E+00  0.0000000000000000E+00  0.0000000000000000E+00  0.0000000000000000E+00  0.0000000000000000E+00  0.0000000000000000E+00
  0.3865412026336078E-01 -0.1610683311343568E-01 -0.9666379076946244E-02  0.8173436201399342E-03 -0.1103784124853239E-01 -0.4107378362109967E-01 -0.7085026383895494E-01 -0.8278819406283876E-01 -0.8141607131663975E-01 -0.7410017761939489E-01 -0.6193108738797858E-01 -0.3110300889165139E-01  0.2808739380693980E-01  0.9633439615993533E-01  0.1367133032747931E+00  0.1348642772686265E+00  0.9912670904282599E-01  0.4401323008008960E-01 -0.9787802765772650E-02 -0.2799576214142853E-01  0.7419948365851295E-01
  0.5579491047812551E-03  0.1779613088924273E-01  0.5394634177250944E-01  0.7226680850635309E-01  0.4222040263099779E-01 -0.2748217048049783E-01 -0.1202297245172611E+00 -0.2111628724428144E+00 -0.2853174398124377E+00 -0.3224938909917421E+00 -0.3083366295620394E+00 -0.2298211089735955E+00 -0.1016662957670543E+00  0.3872315744826813E-01  0.1491931890388966E+00  0.2043222170652708E+00  0.1997198960395574E+00  0.1465776668006517E+00  0.6989015962520721E-01  0.8562593169969759E-02  0.4420238011529794E-01
 -0.1583416515608682E+00  0.1116163703163481E+00  0.1765074593881760E+00  0.1845675817802481E+00  0.1186704442384882E+00  0.3111179678260120E-02 -0.1405581572527589E+00 -0.2833166493650316E+00 -0.4102892250138231E+00 -0.4948647419228792E+00 -0.5180368726426563E+00 -0.4557599767931995E+00 -0.3129729178354592E+00 -0.1246810263694599E+00  0.5864965637063282E-01  0.1977725724380413E+00  0.2688984460703379E+00  0.2625741768069443E+00  0.1935199077487866E+00  0.1016072371876461E+00 -0.1113018038141515E+00
 -0.4092391021393037E+00  0.2500445802632809E+00  0.3408946386505390E+00  0.3216328929885568E+00  0.2132280757384327E+00  0.5026132800370434E-01 -0.1457471642337402E+00 -0.3429250725567851E+00 -0.5259890204809584E+00 -0.6615613913486060E+00 -0.7257508990744141E+00 -0.6859253861782693E+00 -0.5401064119095651E+00 -0.3228166661981295E+00 -0.9131979670585695E-01  0.1121332187675688E+00  0.2586017637199103E+00  0.3207403927754593E+00  0.2932993906776189E+00  0.1940588123703355E+00 -0.2888770464333876E+00
 -0.6742024512903556E+00  0.3992199270820480E+00  0.5234573299557882E+00  0.4723001730681158E+00  0.3272875874126623E+00  0.1273659302961706E+00 -0.1066056596395088E+00 -0.3425783445035981E+00 -0.5694682333439267E+00 -0.7559237370112647E+00 -0.8766755880724472E+00 -0.8868171396643257E+00 -0.7610770000254421E+00 -0.5251210735651575E+00 -0.2550465217003915E+00 -0.9043153875841568E-02  0.1899555417176262E+00  0.3137900355266458E+00  0.3364448219888059E+00  0.2348026076833820E+00 -0.3679630010613399E+00
 -0.8750151045775526E+00  0.5242934229850692E+00  0.6978651643776549E+00  0.6198264941142686E+00  0.4434066481058124E+00  0.2117455072758406E+00 -0.5336784497114297E-01 -0.3188821113774255E+00 -0.5755762015126415E+00 -0.7982467293546643E+00 -0.9702368007620568E+00 -0.1047637001586221E+01 -0.9763428055699011E+00 -0.7441723739466116E+00 -0.4324178452687764E+00 -0.1422094340227804E+00  0.9338780136434266E-01  0.2595290792121261E+00  0.3188410337508491E+00  0.2175598162002580E+00 -0.3338384148499249E+00
 -0.9561170448302162E+00  0.6008111893769442E+00  0.8463165233006166E+00  0.7576352983178107E+00  0.5594893227419787E+00  0.3050360253169322E+00  0.1705873891806536E-01 -0.2703114373349845E+00 -0.5449429557478161E+00 -0.7855676280774880E+00 -0.9889524449511915E+00 -0.1132808113173946E+01 -0.1152524411240411E+01 -0.9779850201370062E+00 -0.6465649540361834E+00 -0.2986451390772292E+00 -0.2006919988957387E-01  0.1744312691706408E+00  0.2563581290604514E+00  0.1722694146015806E+00 -0.2604501147442905E+00
 -0.8966379904323130E+00  0.6186189714963471E+00  0.9592189240567286E+00  0.8826522180013964E+00  0.6723950351643401E+00  0.4013490412960337E+00  0.9309767735617416E-01 -0.2169078807647009E+00 -0.5081868859911171E+00 -0.7547685075715848E+00 -0.9600629411888296E+00 -0.1137170170178846E+01 -0.1249473565492202E+01 -0.1187224127976650E+01 -0.9000304771387313E+00 -0.5095011864426036E+00 -0.1689057567762161E+00  0.6652201676914334E-01  0.1759337089740905E+00  0.1269165315731516E+00 -0.2048158857453643E+00
 -0.7270581374278662E+00  0.5847564562660600E+00  0.1027211231370314E+01  0.9902991030640358E+00  0.7805739785232970E+00  0.5014237841532130E+00  0.1791289871255811E+00 -0.1521584291983425E+00 -0.4639024673721009E+00 -0.7193815539587102E+00 -0.9124840847599954E+00 -0.1082472904598619E+01 -0.1250971667605253E+01 -0.1317049949150588E+01 -0.1143395581984191E+01 -0.7692116235894728E+00 -0.3741803198861197E+00 -0.7472529287412545E-01  0.8768469076793139E-01  0.9074634498440465E-01 -0.1845543441852825E+00
 -0.5189229112242246E+00  0.5189825261626244E+00  0.1038024667263649E+01  0.1068625798448038E+01  0.8771578687088196E+00  0.5993368737217651E+00  0.2715591083337836E+00 -0.7452621170827599E-01 -0.4060982777149332E+00 -0.6772599834783103E+00 -0.8618217927655762E+00 -0.1000084861042768E+01 -0.1174635789835903E+01 -0.1343653497721463E+01 -0.1320652032629141E+01 -0.1031675710916300E+01 -0.6233619075961280E+00 -0.2604759040431154E+00 -0.2204795308629878E-01  0.5088267230393865E-01 -0.1746959699981147E+00
 -0.3209125663573549E+00  0.4332078383518009E+00  0.9787109486980479E+00  0.1095029445150743E+01  0.9455006280186877E+00  0.6824063458447267E+00  0.3604685245318659E+00  0.1203285417617308E-01 -0.3291074293577366E+00 -0.6144823074188518E+00 -0.8000654383650506E+00 -0.9046011907405989E+00 -0.1045521672257789E+01 -0.1269404547802959E+01 -0.1398291397585143E+01 -0.1249942472143115E+01 -0.8849349792918417E+00 -0.4855446925859956E+00 -0.1673360967733335E+00 -0.9545923849169972E-02 -0.1386983252258236E+00
 -0.1523498862810784E+00  0.3334270418670977E+00  0.8479312393202145E+00  0.1050705307903968E+01  0.9685009060065789E+00  0.7380628509540079E+00  0.4339484956978255E+00  0.9650277620485763E-01 -0.2389970748449250E+00 -0.5264024172145499E+00 -0.7142931883708394E+00 -0.7953253423498418E+00 -0.8853208374739948E+00 -0.1112085833142314E+01 -0.1362696396708746E+01 -0.1387116544302638E+01 -0.1125200998049621E+01 -0.7342528630210668E+00 -0.3531824625770386E+00 -0.9594108014917260E-01 -0.6535922212952078E-01
 -0.1855942099016084E-01  0.2254803832290977E+00  0.6578817286971322E+00  0.9210975605842989E+00  0.9218229073699754E+00  0.7473289346407334E+00  0.4791356401379739E+00  0.1684127612954101E+00 -0.1450522478916234E+00 -0.4172976233627451E+00 -0.5981530167852163E+00 -0.6647064771975176E+00 -0.7072352160725662E+00 -0.8971930228211803E+00 -0.1217329262110828E+01 -0.1416239563561343E+01 -0.1310650572419549E+01 -0.9816679478615741E+00 -0.5728726357787723E+00 -0.2059900615533739E+00  0.4509754888134943E-01
  0.8188257905013230E-01  0.1203640004791991E+00  0.4429745804877297E+00  0.7209514113320055E+00  0.7990780678133725E+00  0.6979950629523933E+00  0.4854092756643670E+00  0.2186001966044931E+00 -0.5664400904685573E-01 -0.2967211858919842E+00 -0.4566602751408305E+00 -0.5115393954086052E+00 -0.5211163163607672E+00 -0.6538965098156672E+00 -0.9811671814172743E+00 -0.1319379056145330E+01 -0.1405524081081216E+01 -0.1195874045114776E+01 -0.8079269577718777E+00 -0.3350919994558281E+00  0.1973490405956064E+00
  0.1438622557039202E+00  0.3175910644208426E-01  0.2391395750301730E+00  0.4760090449458310E+00  0.5982631724804653E+00  0.5731928501544714E+00  0.4351542403326154E+00  0.2333911646066870E+00  0.1489363296996873E-01 -0.1773654473243931E+00 -0.3044389955035471E+00 -0.3471916195008332E+00 -0.3408871933032483E+00 -0.4148338243257761E+00 -0.6898878175037987E+00 -0.1095052650125748E+01 -0.1372012599161970E+01 -0.1335222806103128E+01 -0.1028097832324041E+01 -0.4772204212226183E+00  0.4035634313438135E+00
  0.1318905635006959E+00 -0.1325222917905076E-01  0.9213387596354360E-01  0.2491115655592988E+00  0.3648572704755855E+00  0.3895862780011310E+00  0.3252349229626554E+00  0.2005576119979743E+00  0.5318713739748530E-01 -0.7973075887169360E-01 -0.1671855416504142E+00 -0.1970830513172275E+00 -0.1878794454579966E+00 -0.2147573480735232E+00 -0.3949311030583059E+00 -0.7681279159379963E+00 -0.1181407844430753E+01 -0.1349440488178692E+01 -0.1191185867892209E+01 -0.6259647505236705E+00  0.6867083836788022E+00
  0.3159272880354989E-01 -0.9450547365941697E-02  0.3241086705724794E-02  0.6957425298245350E-01  0.1460379464178113E+00  0.1865663366799575E+00  0.1749229421128791E+00  0.1199736333225297E+00  0.4398970202728105E-01 -0.2779408910347634E-01 -0.7523198601519913E-01 -0.9107201117380281E-01 -0.8326808509624530E-01 -0.8149421724924173E-01 -0.1572232673570080E+00 -0.4017909032674273E+00 -0.8363559248572160E+00 -0.1186633401298327E+01 -0.1234036218065250E+01 -0.7732114783783740E+00  0.1085598217069872E+01
 -0.1645635713903414E+00  0.4335169009593240E-01 -0.3450850110254424E-01 -0.3960480322831491E-01 -0.3617379300694394E-02  0.3102100910314682E-01  0.4442393989603408E-01  0.3463404939547944E-01  0.1047162425385167E-01 -0.1539146965723670E-01 -0.3245378058604326E-01 -0.3589791865968534E-01 -0.2888556568726333E-01 -0.1741315119126389E-01 -0.2368324691728238E-01 -0.9953579842681168E-01 -0.4157704540350186E+00 -0.8301729568923204E+00 -0.1057174699082688E+01 -0.8513922577053163E+00  0.1497002074033261E+01
  0.4185589446996130E+00 -0.2220664778301272E+00 -0.2476404887907687E+00 -0.1807637621109134E+00 -0.1139938872593867E+00 -0.6519235921564449E-01 -0.3494508646424388E-01 -0.2013913546284693E-01 -0.1568270943081215E-01 -0.1541117360772814E-01 -0.1426029293587306E-01 -0.9188284817236252E-02 -0.1722321356971442E-02  0.7812257743211791E-02  0.9891855305265452E-02  0.5536083689657556E-02 -0.1399973713315844E+00 -0.3967970251817147E+00 -0.5710582254161860E+00 -0.5469138171242651E+00  0.1069683225956609E+01
  0.0000000000000000E+00  0.0000000000000000E+00  0.0000000000000000E+00  0.0000000000000000E+00  0.0000000000000000E+00  0.0000000000000000E+00  0.0000000000000000E+00  0.0000000000000000E+00  0.0000000000000000E+00  0.0000000000000000E+00  0.0000000000000000E+00  0.0000000000000000E+00  0.0000000000000000E+00  0.0000000000000000E+00  0.0000000000000000E+00  0.0000000000000000E+00  0.0000000000000000E+00  0.0000000000000000E+00  0.0000000000000000E+00  0.0000000000000000E+00  0.0000000000000000E+00
