  0.0000000000000000E+00  0.0000000000000000E+00  0.0000000000000000E+00  0.0000000000000000E+00  0.0000000000000000E+00  0.0000000000000000E+00  0.0000000000000000E+00  0.0000000000000000E+00  0.0000000000000000E+00  0.0000000000000000E+00  0.0000000000000000E+00  0.0000000000000000E+00  0.0000000000000000E+00  0.0000000000000000E+00  0.0000000000000000E+00  0.0000000000000000E+00  0.0000000000000000E+00  0.0000000000000000E+00  0.0000000000000000E+00  0.0000000000000000E+00  0.0000000000000000E+00
  0.2218663723944304E-01 -0.1729652431431342E-01 -0.2970293570349723E-01 -0.3518353282263916E-01 -0.3753839104245593E-01 -0.3923748758465220E-01 -0.4095953673028981E-01 -0.4290041798841381E-01 -0.4507501236405260E-01 -0.4742630025210564E-01 -0.4983395838422114E-01 -0.5211564245840705E-01 -0.5403633427672948E-01 -0.5533007116795761E-01 -0.5571677588373226E-01 -0.5485888343890146E-01 -0.5214413583778983E-01 -0.4622384196840845E-01 -0.3436944357882033E-01 -0.1511716618069593E-01  0.1098205496326746E-01
  0.2808073753496233E-01 -0.2016824993947470E-01 -0.3242401228346176E-01 -0.3800211202248469E-01 -0.4094577492350913E-01 -0.4366639934728035E-01 -0.4677833108841656E-01 -0.5045252548829597E-01 -0.5467151439786480E-01 -0.5931638384733756E-01 -0.6415491391361756E-01 -0.6883124060421657E-01 -0.7287635369152753E-01 -0.7575228337363882E-01 -0.7691413061680137E-01 -0.7581156631215538E-01 -0.7165079929370748E-01 -0.6275900795490082E-01 -0.4589524985167319E-01 -0.1977062691642795E-01  0.1341663089761065E-01
  0.3277707561908246E-01 -0.2365041216743726E-01 -0.3817416088322933E-01 -0.4494262487329032E-01 -0.4926207209459618E-01 -0.5378051463907535E-01 -0.5917041645387846E-01 -0.6559521212303970E-01 -0.7299960530892463E-01 -0.8117923376557903E-01 -0.8974575328542576E-01 -0.9809722351450388E-01 -0.1054219750627398E+00 -0.1107625299387585E+00 -0.1131337208430156E+00 -0.1115975677282929E+00 -0.1050260970889364E+00 -0.9124144275196830E-01 -0.6606004610683351E-01 -0.2777729762640576E-01  0.1727184677238376E-01
  0.3482309342053453E-01 -0.2540818549394837E-01 -0.4140146306131059E-01 -0.4902072122137770E-01 -0.5454607601961559E-01 -0.6080436882453212E-01 -0.6849807929610029E-01 -0.7778284157742345E-01 -0.8858435969316068E-01 -0.1006392650438871E+00 -0.1134203369303400E+00 -0.1260629270824371E+00 -0.1373319452951566E+00 -0.1456850489715195E+00 -0.1494703433558559E+00 -0.1471824683064892E+00 -0.1374020243686711E+00 -0.1178065957500658E+00 -0.8375159353804179E-01 -0.3372606651762662E-01  0.1742660601483807E-01
  0.3578676681279969E-01 -0.2640410912360925E-01 -0.4342556055802807E-01 -0.5186499947656817E-01 -0.5861220580286304E-01 -0.6665785878382605E-01 -0.7675736157032806E-01 -0.8911282124826916E-01 -0.1036974487851372E+00 -0.1202601393659301E+00 -0.1381882413290217E+00 -0.1563469018961000E+00 -0.1729438892652081E+00 -0.1855286275940835E+00 -0.1912824578870041E+00 -0.1876573616667292E+00 -0.1728724594471489E+00 -0.1450260782979430E+00 -0.9994356230172997E-01 -0.3763153276059934E-01  0.1295103598006805E-01
  0.3529446206681519E-01 -0.2631465557518746E-01 -0.4364950465874719E-01 -0.5267695180601276E-01 -0.6052352024090957E-01 -0.7026743302115772E-01 -0.8272655892843730E-01 -0.9821978870851084E-01 -0.1168727110895055E+00 -0.1385783969886157E+00 -0.1627707235472600E+00 -0.1881094104468752E+00 -0.2121142594018972E+00 -0.2309362300189388E+00 -0.2397002504426568E+00 -0.2339081498644418E+00 -0.2113112311948061E+00 -0.1715623225593775E+00 -0.1126569006292186E+00 -0.3786552486580927E-01  0.9396739682091954E-03
  0.3299128771788469E-01 -0.2491938436105652E-01 -0.4176686536528486E-01 -0.5107729744434344E-01 -0.5983519741963619E-01 -0.7109615395758173E-01 -0.8574867234013495E-01 -0.1043167945757637E+00 -0.1272295316235677E+00 -0.1547435314359452E+00 -0.1866079553323265E+00 -0.2215015385093216E+00 -0.2561952676165947E+00 -0.2847116130144720E+00 -0.2985272548102903E+00 -0.2894676150493214E+00 -0.2546313460042224E+00 -0.1972799540324880E+00 -0.1204145387407694E+00 -0.3284763674464498E-01 -0.2187162850683448E-01
  0.2846419856928966E-01 -0.2196063880091478E-01 -0.3741771783345468E-01 -0.4662459221979278E-01 -0.5600354207414804E-01 -0.6843905490811356E-01 -0.8488567160324428E-01 -0.1061647329003801E+00 -0.1332002357262313E+00 -0.1669431437010342E+00 -0.2079465483971050E+00 -0.2554495412950909E+00 -0.3056481425513271E+00 -0.3494393237269038E+00 -0.3719865492776863E+00 -0.3584878464683310E+00 -0.3052094167916488E+00 -0.2222974766077473E+00 -0.1218784946100272E+00 -0.2115326999273779E-01 -0.5841868463181381E-01
  0.2136755982228142E-01 -0.1723121944010676E-01 -0.3032609849803885E-01 -0.3899112469301303E-01 -0.4859846527802138E-01 -0.6166491808029679E-01 -0.7917332276833973E-01 -0.1023071527798057E+00 -0.1326846659284534E+00 -0.1723860310423364E+00 -0.2235466965215057E+00 -0.2870150345022575E+00 -0.3590666025480819E+00 -0.4262829720713179E+00 -0.4635938826847175E+00 -0.4453681221666710E+00 -0.3670434430997829E+00 -0.2495667420110340E+00 -0.1187973428632998E+00 -0.3979791300915913E-02 -0.1068579689605520E+00
  0.1143491591326767E-01 -0.1058600735329644E-01 -0.2032310614662165E-01 -0.2800127886467647E-01 -0.3736635354193846E-01 -0.5030517960317767E-01 -0.6772393251012797E-01 -0.9114508420635765E-01 -0.1229993660675800E+00 -0.1669396044633896E+00 -0.2277140874873065E+00 -0.3094432883593819E+00 -0.4098903123695790E+00 -0.5103528056400564E+00 -0.5710837460617826E+00 -0.5512589914372402E+00 -0.4456558462993768E+00 -0.2880745786010020E+00 -0.1206519793215066E+00  0.1056126054099019E-01 -0.1523357609444771E+00
 -0.1529372571856978E-02 -0.1952933576778808E-02 -0.7388173302193401E-02 -0.1371743209363460E-01 -0.2237676564354441E-01 -0.3428078996356618E-01 -0.5005206179783259E-01 -0.7136050452103887E-01 -0.1013356610177558E+00 -0.1454248397609696E+00 -0.2120152933026552E+00 -0.3106496445007848E+00 -0.4430230633203583E+00 -0.5854908713015857E+00 -0.6807509777688154E+00 -0.6701123787885152E+00 -0.5467308610896530E+00 -0.3538151345283605E+00 -0.1473851869959159E+00  0.5196943892431848E-02 -0.1629760186732114E+00
 -0.1772938361371231E-01  0.8684462017165129E-02  0.8324002437783076E-02  0.3467025182118264E-02 -0.4204904646846952E-02 -0.1422123329902494E-01 -0.2661153181872636E-01 -0.4278717551592663E-01 -0.6609169196075353E-01 -0.1034826755803978E+00 -0.1676059352157308E+00 -0.2757928233812332E+00 -0.4375416826435798E+00 -0.6274403123516045E+00 -0.7716765373303334E+00 -0.7932009579109097E+00 -0.6776928378868698E+00 -0.4670989199755832E+00 -0.2245944471854324E+00 -0.3785688909328292E-01 -0.1110237799055837E+00
 -0.3753643280642797E-01  0.2132903482698027E-01  0.2645067167451283E-01  0.2271505835679699E-01  0.1585841330988254E-01  0.8155093712691139E-02  0.4877000830293551E-03 -0.7778133464459559E-02 -0.1941540515117383E-01 -0.4204706769845339E-01 -0.9249339232545810E-01 -0.1978787352941479E+00 -0.3800726080592256E+00 -0.6177003959239861E+00 -0.8267553843541086E+00 -0.9137412424116246E+00 -0.8449199028554033E+00 -0.6449260463054335E+00 -0.3722045905985386E+00 -0.1224624792417718E+00 -0.4817152873223263E-02
 -0.6186073077602666E-01  0.3608700724599533E-01  0.4640029096195933E-01  0.4262222728194334E-01  0.3562230427658224E-01  0.2976379872201066E-01  0.2694155440025695E-01  0.2759158872717658E-01  0.3016710641820912E-01  0.2750299234188286E-01 -0.6116309767822298E-04 -0.8871474208367869E-01 -0.2739437505240107E+00 -0.5444914048038745E+00 -0.8196931556058873E+00 -0.9988839158598835E+00 -0.1019502018774135E+01 -0.8712629672600479E+00 -0.5860152131935866E+00 -0.2415133545123550E+00  0.1385248503434784E+00
 -0.9130369560718458E-01  0.5267478597148082E-01  0.6672066230725789E-01  0.6073135951196296E-01  0.5177546372369519E-01  0.4625174203336178E-01  0.4668369806435108E-01  0.5424735368871337E-01  0.6863812405474669E-01  0.8427986794350460E-01  0.8214584561994714E-01  0.2319131265993350E-01 -0.1366795152985975E+00 -0.4016462961573868E+00 -0.7136172905865514E+00 -0.9846214355070345E+00 -0.1126740202643052E+01 -0.1080970058838375E+01 -0.8277194745011144E+00 -0.3858128193820544E+00  0.3297189836450488E+00
 -0.1319207227103684E+00  0.7256633524598666E-01  0.8577828302759152E-01  0.7327159260312893E-01  0.5968282064311688E-01  0.5253965866200606E-01  0.5371162266504687E-01  0.6394834289975951E-01  0.8336830666731211E-01  0.1086244551533021E+00  0.1257131957764089E+00  0.1022710313542418E+00 -0.4710038591818693E-02 -0.2150971214376429E+00 -0.5066458718667436E+00 -0.8301085487414558E+00 -0.1096879043559352E+01 -0.1196536136059218E+01 -0.1040653559155449E+01 -0.5457924270949781E+00  0.5967237221294857E+00
 -0.1475003115452021E+00  0.7894023790437524E-01  0.8932040216792358E-01  0.6954357315673197E-01  0.5217123691168300E-01  0.4421475522455191E-01  0.4553737394537843E-01  0.5534578088708966E-01  0.7312802222392033E-01  0.9712800410205888E-01  0.1198460039088764E+00  0.1220815065019935E+00  0.7403214069526633E-01 -0.4753705836849545E-01 -0.2501557336234919E+00 -0.5420448239393585E+00 -0.8840246735092963E+00 -0.1137242328199627E+01 -0.1144908997210250E+01 -0.7093268826619931E+00  0.9830716507757289E+00
 -0.3373235437628049E+00  0.1405247858536369E+00  0.8425081379810583E-01  0.3878599478162725E-01  0.1982559786248747E-01  0.1635789704671121E-01  0.2099115541421238E-01  0.3060182968512863E-01  0.4408156862517874E-01  0.6058002581136184E-01  0.7730191002395684E-01  0.8682508787075401E-01  0.7670631794697369E-01  0.3537402197400438E-01 -0.4673500258939121E-01 -0.2154911363933324E+00 -0.5224079774489226E+00 -0.8536673647575135E+00 -0.1022840426757914E+01 -0.8113055742179465E+00  0.1411076295895925E+01
  0.2055181185353266E+00 -0.9974652046236897E-01 -0.9372144285178029E-01 -0.5715600501620138E-01 -0.2720460569218210E-01 -0.7676661908728114E-02  0.5689180080847376E-02  0.1653205737038567E-01  0.2672496615230734E-01  0.3681987848156201E-01  0.4603563673611339E-01  0.5174889854042956E-01  0.4957747405671555E-01  0.3529953331906344E-01  0.8979586444544588E-02 -0.5331815599101537E-01 -0.2181080973067263E+00 -0.4343892415458169E+00 -0.5653791019542629E+00 -0.5331888261757827E+00  0.1034187376573085E+01
  0.0000000000000000E+00  0.0000000000000000E+00  0.0000000000000000E+00  0.0000000000000000E+00  0.0000000000000000E+00  0.0000000000000000E+00  0.0000000000000000E+00  0.0000000000000000E+00  0.0000000000000000E+00  0.0000000000000000E+00  0.0000000000000000E+00  0.0000000000000000E+00  0.0000000000000000E+00  0.0000000000000000E+00  0.0000000000000000E+00  0.0000000000000000E+00  0.0000000000000000E+00  0.0000000000000000E+00  0.0000000000000000E+00  0.0000000000000000E+00  0.0000000000000000E+00
