  0.0000000000000000E+00  0.0000000000000000E+00  0.0000000000000000E+00  0.0000000000000000E+00  0.0000000000000000E+00  0.0000000000000000E+00  0.0000000000000000E+00  0.0000000000000000E+00  0.0000000000000000E+00  0.0000000000000000E+00  0.0000000000000000E+00  0.0000000000000000E+00  0.0000000000000000E+00  0.0000000000000000E+00  0.0000000000000000E+00  0.0000000000000000E+00  0.0000000000000000E+00  0.0000000000000000E+00  0.0000000000000000E+00  0.0000000000000000E+00  0.0000000000000000E+00
  0.3854436085263619E-01 -0.1602173032996803E-01 -0.9520830137267891E-02  0.9977152066356978E-03 -0.1079070257471482E-01 -0.4078179826704106E-01 -0.7060386300862619E-01 -0.8266956875241045E-01 -0.8139362429395215E-01 -0.7411176308532472E-01 -0.6191587579998938E-01 -0.3110493520842497E-01  0.2793693624116657E-01  0.9598590960865265E-01  0.1363072009551494E+00  0.1345587955244011E+00  0.9902476762111896E-01  0.4417950127513419E-01 -0.9358060188621472E-02 -0.2764727758580580E-01  0.7358377256879593E-01
  0.5559526014259839E-03  0.1778233343567557E-01  0.5390295290845270E-01  0.7220921677943044E-01  0.4225633090026254E-01 -0.2729675943106101E-01 -0.1198715453012583E+00 -0.2106584306414504E+00 -0.2846736031985738E+00 -0.3217856166065352E+00 -0.3076639400339544E+00 -0.2293901037655463E+00 -0.1016116818926821E+00  0.3840575549766279E-01  0.1486572595960532E+00  0.2037592746354545E+00  0.1993005137240684E+00  0.1464248620024493E+00  0.7005622003294268E-01  0.8841294888412277E-02  0.4353233536770584E-01
 -0.1580612232252620E+00  0.1114165511374717E+00  0.1761884301871533E+00  0.1842015718392203E+00  0.1184333105631453E+00  0.3078448103943085E-02 -0.1403321072772101E+00 -0.2828508917165756E+00 -0.4095724879054949E+00 -0.4939759582305456E+00 -0.5170497442424565E+00 -0.4548975229032046E+00 -0.3124421144905220E+00 -0.1245921255712686E+00  0.5836346772687406E-01  0.1972571095455007E+00  0.2683309436890068E+00  0.2621439414657151E+00  0.1933865663322915E+00  0.1017624538037131E+00 -0.1119007950788478E+00
 -0.4084178829703689E+00  0.2495363711666427E+00  0.3401912305295592E+00  0.3209245508951036E+00  0.2127465914520591E+00  0.5009866593892599E-01 -0.1455015558481364E+00 -0.3423036726485504E+00 -0.5249926347632662E+00 -0.6603170675692238E+00 -0.7243455177220284E+00 -0.6845972885046792E+00 -0.5390921456622966E+00 -0.3222848933322275E+00 -0.9124110505769459E-01  0.1118640892287850E+00  0.2581080599750534E+00  0.3202095767817070E+00  0.2929568215826007E+00  0.1940963012444734E+00 -0.2893320821508195E+00
 -0.6727444432691131E+00  0.3983472110301837E+00  0.5222971898214380E+00  0.4711988840539646E+00  0.3264766804364267E+00  0.1269356187038526E+00 -0.1065376225062968E+00 -0.3420486502166710E+00 -0.5684714311515081E+00 -0.7545912729096537E+00 -0.8750616194923199E+00 -0.8851228249305326E+00 -0.7596015983662620E+00 -0.5241644587709600E+00 -0.2546227187716812E+00 -0.9011868296281290E-02  0.1896747113256070E+00  0.3133350367667283E+00  0.3360660419702906E+00  0.2348327212665362E+00 -0.3684321218293182E+00
 -0.8730053042809016E+00  0.5230859442019642E+00  0.6962525283249910E+00  0.6183482388110673E+00  0.4422856767227075E+00  0.2110894388018620E+00 -0.5339887795080275E-01 -0.3183329640284641E+00 -0.5744835160112318E+00 -0.7968088517582884E+00 -0.9685090850424325E+00 -0.1045696602963362E+01 -0.9744229694392287E+00 -0.7427242415102630E+00 -0.4316393609011386E+00 -0.1419058103714192E+00  0.9335110357751041E-01  0.2592608512413996E+00  0.3185905492696907E+00  0.2176614613497478E+00 -0.3343938347795526E+00
 -0.9538140051405827E+00  0.5993699395422734E+00  0.8442958134862374E+00  0.7557814855357111E+00  0.5580162237104795E+00  0.3040841011193851E+00  0.1686173727894621E-01 -0.2697601595740546E+00 -0.5437190129662276E+00 -0.7839829103767586E+00 -0.9871780909255069E+00 -0.1130823838249214E+01 -0.1150328492761780E+01 -0.9760055000288456E+00 -0.6452997482281608E+00 -0.2980198254758623E+00 -0.1984676404567740E-01  0.1744080860624283E+00  0.2563180411347490E+00  0.1724416304151106E+00 -0.2610068501105829E+00
 -0.8944327259186842E+00  0.6170935374626934E+00  0.9568478864693959E+00  0.8804198777981854E+00  0.6705334470975405E+00  0.4000501238183863E+00  0.9269695164208952E-01 -0.2163347062398530E+00 -0.5067250294288155E+00 -0.7528462703295029E+00 -0.9580953763535329E+00 -0.1135220068723554E+01 -0.1247270337251212E+01 -0.1184892045123075E+01 -0.8982061948961965E+00 -0.5084093157191832E+00 -0.1683414757320809E+00  0.6675302500110968E-01  0.1760642562942710E+00  0.1271102487155014E+00 -0.2052664898522332E+00
 -0.7254287930946073E+00  0.5833355679491831E+00  0.1024577910752942E+01  0.9877039859534456E+00  0.7783170417753381E+00  0.4997331707946840E+00  0.1784268904364125E+00 -0.1516886761878495E+00 -0.4622919269876549E+00 -0.7170722536303045E+00 -0.9101339332651495E+00 -0.1080445685247271E+01 -0.1248915337025954E+01 -0.1314668510897640E+01 -0.1141187406938071E+01 -0.7676436757814976E+00 -0.3731910263418575E+00 -0.7419386603389917E-01  0.8795667736444632E-01  0.9093529002896836E-01 -0.1848491927224587E+00
 -0.5180248898654831E+00  0.5177701786829548E+00  0.1035285646183381E+01  0.1065733532218794E+01  0.8745562130712309E+00  0.5972860335905612E+00  0.2705169507522696E+00 -0.7429105547772466E-01 -0.4045438646962515E+00 -0.6747380050737065E+00 -0.8590815940496481E+00 -0.9978488251428658E+00 -0.1172726063181858E+01 -0.1341429252156978E+01 -0.1318304773216662E+01 -0.1029776639975000E+01 -0.6219930897510293E+00 -0.2596104789630230E+00 -0.2159635799822581E-01  0.5110866830031146E-01 -0.1749223628991602E+00
 -0.3206476122907537E+00  0.4322549509972477E+00  0.9761172407009894E+00  0.1092016681532764E+01  0.9426957136750728E+00  0.6801237134830205E+00  0.3591511848741946E+00  0.1199122870089438E-01 -0.3277826589534730E+00 -0.6120271181505514E+00 -0.7971582580596271E+00 -0.9021830910462849E+00 -0.1043742999289609E+01 -0.1267462737130743E+01 -0.1396016329185521E+01 -0.1247890974408215E+01 -0.8833100520945455E+00 -0.4843677493092638E+00 -0.1666567012786183E+00 -0.9233135797719611E-02 -0.1389572938854595E+00
 -0.1525715171011762E+00  0.3327828397734414E+00  0.8457770022191479E+00  0.1047831136438791E+01  0.9656660119478733E+00  0.7356936723732472E+00  0.4324734090164222E+00  0.9623313193679024E-01 -0.2379594678222756E+00 -0.5242191829459147E+00 -0.7115200061763837E+00 -0.7929204407149189E+00 -0.8837173356677646E+00 -0.1110499671777828E+01 -0.1360645407948812E+01 -0.1385061824713844E+01 -0.1123463838038157E+01 -0.7328510777626477E+00 -0.3522716935754129E+00 -0.9553134623438439E-01 -0.6567765487225979E-01
 -0.1915664594079114E-01  0.2251956935978504E+00  0.6564304348527600E+00  0.9187082353548566E+00  0.9192292446908285E+00  0.7450665527970384E+00  0.4776416597841740E+00  0.1679932141002479E+00 -0.1442957423024267E+00 -0.4154920266381258E+00 -0.5957611214794949E+00 -0.6625857443814421E+00 -0.7059342994264873E+00 -0.8960294072925602E+00 -0.1215610310246998E+01 -0.1414282123769189E+01 -0.1308899577916546E+01 -0.9801506329890958E+00 -0.5717821323364061E+00 -0.2054979936266524E+00  0.4471184854355104E-01
  0.8093964310366486E-01  0.1204635114569608E+00  0.4423301774745472E+00  0.7193212827808235E+00  0.7969830203451671E+00  0.6960173873686595E+00  0.4840189247196033E+00  0.2181081453845627E+00 -0.5614000050625367E-01 -0.2953373606734081E+00 -0.4548040927322797E+00 -0.5099276157251210E+00 -0.5202555980510426E+00 -0.6532099777394228E+00 -0.9798553566733472E+00 -0.1317597158805983E+01 -0.1403820054909237E+01 -0.1194328865046184E+01 -0.8067328790515208E+00 -0.3345384812852269E+00  0.1968825648041598E+00
  0.1425872625908945E+00  0.3220896886535803E-01  0.2392141691869686E+00  0.4753065931772961E+00  0.5969692564810900E+00  0.5717617840573196E+00  0.4340399394614052E+00  0.2329192838333875E+00  0.1517889104346255E-01 -0.1764197818994608E+00 -0.3031896595578516E+00 -0.3461957452571860E+00 -0.3405199093783545E+00 -0.4146215008479990E+00 -0.6890196437536872E+00 -0.1093503784467129E+01 -0.1370386613725425E+01 -0.1333709306431486E+01 -0.1026869801057530E+01 -0.4766230431263889E+00  0.4029993283216367E+00
  0.1306084647719556E+00 -0.1266907743725162E-01  0.9260123246020074E-01  0.2491450806276652E+00  0.3644177826720682E+00  0.3888988903395055E+00  0.3246188081256645E+00  0.2002861687636630E+00  0.5337570468753432E-01 -0.7915126892811712E-01 -0.1664891287236993E+00 -0.1966339193348583E+00 -0.1878978474074737E+00 -0.2149018825624598E+00 -0.3944879153267616E+00 -0.7668714664694252E+00 -0.1179884890504991E+01 -0.1347996769863110E+01 -0.1189984669535737E+01 -0.6253359543717320E+00  0.6860231935794590E+00
  0.3107928970198001E-01 -0.9100068951270950E-02  0.3779082848167159E-02  0.6999153656379313E-01  0.1461897821714425E+00  0.1865094352387749E+00  0.1748201187035433E+00  0.1199891120543149E+00  0.4419416023339400E-01 -0.2744889186770405E-01 -0.7490412466059979E-01 -0.9093362502195779E-01 -0.8342038329088665E-01 -0.8175745565917306E-01 -0.1571022952274162E+00 -0.4008759097143763E+00 -0.8349803570759399E+00 -0.1185305611672041E+01 -0.1232937785491496E+01 -0.7725698762671782E+00  0.1084771843310039E+01
 -0.1648612562982528E+00  0.4364352664910365E-01 -0.3393067635094183E-01 -0.3905692270631112E-01 -0.3228989761480979E-02  0.3124689260680446E-01  0.4455504998626968E-01  0.3475539653954633E-01  0.1062960205854512E-01 -0.1520410114896380E-01 -0.3229629660536501E-01 -0.3582982182816310E-01 -0.2895135960451552E-01 -0.1755589772633447E-01 -0.2370734233513570E-01 -0.9895293183178386E-01 -0.4146001349977595E+00 -0.8290501217624187E+00 -0.1056304405851088E+01 -0.8508324663661034E+00  0.1496192993247222E+01
  0.4179984464082755E+00 -0.2217375145458775E+00 -0.2472140972293570E+00 -0.1803977320570014E+00 -0.1136957346617885E+00 -0.6494370817078506E-01 -0.3472331173848540E-01 -0.1992028676790725E-01 -0.1545577914755015E-01 -0.1518142666008563E-01 -0.1405191488147527E-01 -0.9017277017812584E-02 -0.1601709942961932E-02  0.7921851987910507E-02  0.1003252836156943E-01  0.5991524193213955E-02 -0.1392038912388451E+00 -0.3960898800798640E+00 -0.5705747083496967E+00 -0.5465968814592096E+00  0.1069215936027932E+01
  0.0000000000000000E+00  0.0000000000000000E+00  0.0000000000000000E+00  0.0000000000000000E+00  0.0000000000000000E+00  0.0000000000000000E+00  0.0000000000000000E+00  0.0000000000000000E+00  0.0000000000000000E+00  0.0000000000000000E+00  0.0000000000000000E+00  0.0000000000000000E+00  0.0000000000000000E+00  0.0000000000000000E+00  0.0000000000000000E+00  0.0000000000000000E+00  0.0000000000000000E+00  0.0000000000000000E+00  0.0000000000000000E+00  0.0000000000000000E+00  0.0000000000000000E+00
