  0.0000000000000000E+00  0.0000000000000000E+00  0.0000000000000000E+00  0.0000000000000000E+00  0.0000000000000000E+00  0.0000000000000000E+00  0.0000000000000000E+00  0.0000000000000000E+00  0.0000000000000000E+00  0.0000000000000000E+00  0.0000000000000000E+00  0.0000000000000000E+00  0.0000000000000000E+00  0.0000000000000000E+00  0.0000000000000000E+00  0.0000000000000000E+00  0.0000000000000000E+00  0.0000000000000000E+00  0.0000000000000000E+00  0.0000000000000000E+00  0.0000000000000000E+00
  0.3852642462674450E-01 -0.1600958082174418E-01 -0.9502317838488025E-02  0.1018616863485763E-02 -0.1076040567454004E-01 -0.4074375399148633E-01 -0.7057144458143577E-01 -0.8265664142989201E-01 -0.8139590535440616E-01 -0.7411974210940508E-01 -0.6191944640404838E-01 -0.3111038571410066E-01  0.2790935725168670E-01  0.9592793156913965E-01  0.1362403209891173E+00  0.1345078755613808E+00  0.9900634302051044E-01  0.4420429719076314E-01 -0.9290194684361678E-02 -0.2759150964340876E-01  0.7348433424586460E-01
  0.5586106817453973E-03  0.1777635377746570E-01  0.5388767201414251E-01  0.7218954467409967E-01  0.4225280313782163E-01 -0.2727342920720936E-01 -0.1198167859791717E+00 -0.2105770914888224E+00 -0.2845674188279020E+00 -0.3216677425788728E+00 -0.3075510471880324E+00 -0.2293158747317939E+00 -0.1015982338178073E+00  0.3835849741190860E-01  0.1485730621314995E+00  0.2036683947572540E+00  0.1992307780482409E+00  0.1463973502104557E+00  0.7008116138724430E-01  0.8886144548720784E-02  0.4342272774108194E-01
 -0.1580048704353174E+00  0.1113761648248803E+00  0.1761236240393236E+00  0.1841294135738884E+00  0.1183849743111144E+00  0.3066506904849563E-02 -0.1402990759982447E+00 -0.2827770821974749E+00 -0.4094566001810221E+00 -0.4938318168038900E+00 -0.5168900427443391E+00 -0.4547586826136290E+00 -0.3123570952791627E+00 -0.1245778951044348E+00  0.5831725481639730E-01  0.1971726285075448E+00  0.2682360660833040E+00  0.2620699742398817E+00  0.1933615299169081E+00  0.1017862975237665E+00 -0.1119973626543915E+00
 -0.4082696518572965E+00  0.2494439518627532E+00  0.3400622037309631E+00  0.3207984843836169E+00  0.2126624240340173E+00  0.5007020624331847E-01 -0.1454607322367891E+00 -0.3422000238040797E+00 -0.5248264483991161E+00 -0.6601098293758230E+00 -0.7241128627393433E+00 -0.6843793697055764E+00 -0.5389274001249000E+00 -0.3221986577043013E+00 -0.9122783575619152E-01  0.1118199867928868E+00  0.2580251174607992E+00  0.3201184608638264E+00  0.2928964133336542E+00  0.1940995739881325E+00 -0.2894023086307432E+00
 -0.6724966482718052E+00  0.3981972060969960E+00  0.5220949700191829E+00  0.4710115298143724E+00  0.3263414249953475E+00  0.1268646738704110E+00 -0.1065268512791571E+00 -0.3419633107411635E+00 -0.5683100932665391E+00 -0.7543747002751553E+00 -0.8747995880565489E+00 -0.8848498238867900E+00 -0.7593668894156121E+00 -0.5240137419140126E+00 -0.2545559065495110E+00 -0.9007881091446996E-02  0.1896262648616139E+00  0.3132558647872439E+00  0.3359987537352442E+00  0.2348339102662231E+00 -0.3685029770634249E+00
 -0.8726793829013482E+00  0.5228867807123831E+00  0.6959809592358013E+00  0.6181044185811174E+00  0.4421053699507061E+00  0.2109866908675007E+00 -0.5340092671522421E-01 -0.3182432645836646E+00 -0.5743070589226795E+00 -0.7965756721519650E+00 -0.9682282300573436E+00 -0.1045383419009736E+01 -0.9741183135131303E+00 -0.7424986043698744E+00 -0.4315195360483847E+00 -0.1418601084189278E+00  0.9334147977535062E-01  0.2592117435992110E+00  0.3185438320684892E+00  0.2176746724320459E+00 -0.3344801852276485E+00
 -0.9534557378410018E+00  0.5991399024588233E+00  0.8439639695354682E+00  0.7554819930519719E+00  0.5577839623917407E+00  0.3039368685622691E+00  0.1683282900035484E-01 -0.2696742072695815E+00 -0.5435289615307005E+00 -0.7837345032536729E+00 -0.9868957493936257E+00 -0.1130505915444445E+01 -0.1149980650056888E+01 -0.9756980387482106E+00 -0.6451069566945629E+00 -0.2979265879547847E+00 -0.1981649038628885E-01  0.1743986259349671E+00  0.2563063318880910E+00  0.1724674363868091E+00 -0.2610959772723364E+00
 -0.8941044707164673E+00  0.6168568812781784E+00  0.9564661731180680E+00  0.8800646223511546E+00  0.6702442587704173E+00  0.3998522021094449E+00  0.9263818870551090E-01 -0.2162459059480279E+00 -0.5065016368698793E+00 -0.7525515261984305E+00 -0.9577892928927236E+00 -0.1134910714320926E+01 -0.1246920859994017E+01 -0.1184528559110295E+01 -0.8979271110213957E+00 -0.5082453234164774E+00 -0.1682591430150414E+00  0.6678413157611598E-01  0.1760813564106617E+00  0.1271405286630645E+00 -0.2053402295785318E+00
 -0.7251976640064712E+00  0.5831196219660537E+00  0.1024161201891690E+01  0.9872956342239201E+00  0.7779695483134047E+00  0.4994773169395599E+00  0.1783224966828734E+00 -0.1516173288495430E+00 -0.4620499932004604E+00 -0.7167250851066095E+00 -0.9097775607419109E+00 -0.1080130977379592E+01 -0.1248590040074361E+01 -0.1314295543678187E+01 -0.1140847258605792E+01 -0.7674053155269214E+00 -0.3730426750459522E+00 -0.7411561267676625E-01  0.8799666847694157E-01  0.9096468448529178E-01 -0.1848973849789338E+00
 -0.5179068038530374E+00  0.5175886118491873E+00  0.1034859031694524E+01  0.1065282769510390E+01  0.8741575451516929E+00  0.5969765410272975E+00  0.2703614658035918E+00 -0.7425542122148872E-01 -0.4043117875297109E+00 -0.6743620200885579E+00 -0.8586721997730873E+00 -0.9975095309317397E+00 -0.1172426925139776E+01 -0.1341079457502971E+01 -0.1317940680215389E+01 -0.1029485118758426E+01 -0.6217844898747165E+00 -0.2594795353057326E+00 -0.2152816903978610E-01  0.5114319152148167E-01 -0.1749577436042311E+00
 -0.3206241136031508E+00  0.4321145184530526E+00  0.9757194417560070E+00  0.1091551472983409E+01  0.9422671460248611E+00  0.6797793333411140E+00  0.3589540553888113E+00  0.1198472308500988E-01 -0.3275861859347858E+00 -0.6116631403181472E+00 -0.7967275864219941E+00 -0.9018224968596873E+00 -0.1043468892405159E+01 -0.1267156771404459E+01 -0.1395661084184170E+01 -0.1247573498367871E+01 -0.8830597772126262E+00 -0.4841871988955385E+00 -0.1665527054796948E+00 -0.9185242915577834E-02 -0.1389969767329613E+00
 -0.1526194596017950E+00  0.3326904850902688E+00  0.8454519956690115E+00  0.1047391552123399E+01  0.9652339437653893E+00  0.7353356403076328E+00  0.4322517065931029E+00  0.9619171476335706E-01 -0.2378066708497618E+00 -0.5238967542752263E+00 -0.7111111829276072E+00 -0.7925658953215727E+00 -0.8834747102264381E+00 -0.1110249874396759E+01 -0.1360323114354470E+01 -0.1384741523706122E+01 -0.1123194043666981E+01 -0.7326339768066421E+00 -0.3521308925938175E+00 -0.9546804286827580E-01 -0.6572676398899013E-01
 -0.1925938569226149E-01  0.2251585911054250E+00  0.6562163876240134E+00  0.9183469063964346E+00  0.9188356351125946E+00  0.7447244113111111E+00  0.4774162086827068E+00  0.1679285181018006E+00 -0.1441856651902597E+00 -0.4152267010526610E+00 -0.5954101550491063E+00 -0.6622758883186911E+00 -0.7057410502752323E+00 -0.8958464284179390E+00 -0.1215338518858631E+01 -0.1413974923719612E+01 -0.1308625701002717E+01 -0.9799139432258541E+00 -0.5716123335112051E+00 -0.2054214194030203E+00  0.4465192469785584E-01
  0.8078605690816792E-01  0.1204847232660732E+00  0.4422402267063877E+00  0.7190784770977394E+00  0.7966670644896615E+00  0.6957185061679932E+00  0.4838083940190852E+00  0.2180318223359304E+00 -0.5606831648518126E-01 -0.2951355831518596E+00 -0.4545335335108325E+00 -0.5096945606164334E+00 -0.5201306072351375E+00 -0.6531016990532571E+00 -0.9796464584824094E+00 -0.1317315974589705E+01 -0.1403551938380567E+01 -0.1194086381385210E+01 -0.8065459133444109E+00 -0.3344518783077148E+00  0.1968097215787336E+00
  0.1423851143749509E+00  0.3228252896054883E-01  0.2392327012565974E+00  0.4752060964611667E+00  0.5967768676313594E+00  0.5715469172710573E+00  0.4338715207797251E+00  0.2328460658695453E+00  0.1521771955271788E-01 -0.1762836546146706E+00 -0.3030096733105080E+00 -0.3460543222287668E+00 -0.3404693809949719E+00 -0.4145865655634943E+00 -0.6888797021290212E+00 -0.1093258484256572E+01 -0.1370129922736685E+01 -0.1333470832999730E+01 -0.1026676747024136E+01 -0.4765292162659190E+00  0.4029109017736212E+00
  0.1304097632489817E+00 -0.1257759707278388E-01  0.9267697203062999E-01  0.2491553218669360E+00  0.3643553118423279E+00  0.3887974175073512E+00  0.3245264686545730E+00  0.2002439697023037E+00  0.5340084118168095E-01 -0.7906914997294014E-01 -0.1663907190278235E+00 -0.1965726266253398E+00 -0.1879041081651975E+00 -0.2149215230589833E+00 -0.3944141738641578E+00 -0.7666719875591610E+00 -0.1179644322278902E+01 -0.1347768915374540E+01 -0.1189795391850170E+01 -0.6252369511027933E+00  0.6859154614582104E+00
  0.3100195283482585E-01 -0.9046096695262389E-02  0.3863662749038680E-02  0.7005882472143331E-01  0.1462166879281920E+00  0.1865038096491246E+00  0.1748061702688961E+00  0.1199913567889151E+00  0.4422319103173681E-01 -0.2740007484148456E-01 -0.7485864095707215E-01 -0.9091627099832170E-01 -0.8344488676939017E-01 -0.8179513563976271E-01 -0.1570790349590346E+00 -0.4007302146238095E+00 -0.8347633893782179E+00 -0.1185096195211939E+01 -0.1232764579177238E+01 -0.7724687286075699E+00  0.1084641606645471E+01
 -0.1649086095860694E+00  0.4368930966503635E-01 -0.3384068059096036E-01 -0.3897112938426447E-01 -0.3167517375398155E-02  0.3128321955557054E-01  0.4457625297183970E-01  0.3477419987966491E-01  0.1065303335142234E-01 -0.1517690660099603E-01 -0.3227389049716741E-01 -0.3582061278676751E-01 -0.2896149034729968E-01 -0.1757591592238476E-01 -0.2370788898573405E-01 -0.9885960092611371E-01 -0.4144157649666534E+00 -0.8288733490638607E+00 -0.1056167260022966E+01 -0.8507441642256001E+00  0.1496065232653835E+01
  0.4179093038480760E+00 -0.2216849530519153E+00 -0.2471455553076699E+00 -0.1803386411386394E+00 -0.1136475618008445E+00 -0.6490364007470432E-01 -0.3468784720261576E-01 -0.1988576073603747E-01 -0.1542048454025991E-01 -0.1514604173399358E-01 -0.1401992609041360E-01 -0.8990842396887425E-02 -0.1582636344586296E-02  0.7939913753740197E-02  0.1005592200798515E-01  0.6064018775618026E-02 -0.1390788588629776E+00 -0.3959786296676294E+00 -0.5704986054165199E+00 -0.5465469075845338E+00  0.1069142117337082E+01
  0.0000000000000000E+00  0.0000000000000000E+00  0.0000000000000000E+00  0.0000000000000000E+00  0.0000000000000000E+00  0.0000000000000000E+00  0.0000000000000000E+00  0.0000000000000000E+00  0.0000000000000000E+00  0.0000000000000000E+00  0.0000000000000000E+00  0.0000000000000000E+00  0.0000000000000000E+00  0.0000000000000000E+00  0.0000000000000000E+00  0.0000000000000000E+00  0.0000000000000000E+00  0.0000000000000000E+00  0.0000000000000000E+00  0.0000000000000000E+00  0.0000000000000000E+00
