  0.0000000000000000E+00  0.0000000000000000E+00  0.0000000000000000E+00  0.0000000000000000E+00  0.0000000000000000E+00  0.0000000000000000E+00  0.0000000000000000E+00  0.0000000000000000E+00  0.0000000000000000E+00  0.0000000000000000E+00  0.0000000000000000E+00  0.0000000000000000E+00  0.0000000000000000E+00  0.0000000000000000E+00  0.0000000000000000E+00  0.0000000000000000E+00  0.0000000000000000E+00  0.0000000000000000E+00  0.0000000000000000E+00  0.0000000000000000E+00  0.0000000000000000E+00
  0.3861312239533614E-01 -0.1606857692603323E-01 -0.9592608382763546E-02  0.9163746992098067E-03 -0.1090805033372263E-01 -0.4092885178190112E-01 -0.7072937612886231E-01 -0.8272036216329946E-01 -0.8138589584626510E-01 -0.7408212603154908E-01 -0.6190345038249047E-01 -0.3108599910988061E-01  0.2804048290851335E-01  0.9620698753541712E-01  0.1365636058803807E+00  0.1347546315784196E+00  0.9909603860896576E-01  0.4408466782134715E-01 -0.9618622432578109E-02 -0.2786142217836340E-01  0.7396564410251209E-01
  0.5462011256225016E-03  0.1780469366007797E-01  0.5396028210585641E-01  0.7228353150149312E-01  0.4226968034599506E-01 -0.2738553838951907E-01 -0.1200802734326489E+00 -0.2109691624128201E+00 -0.2850801718794168E+00 -0.3222383863051461E+00 -0.3080992684551349E+00 -0.2296783044776227E+00 -0.1016666339271454E+00  0.3858496706063645E-01  0.1489796232947060E+00  0.2041081864629900E+00  0.1995686346561697E+00  0.1465309629155092E+00  0.6996104843219468E-01  0.8669779754480574E-02  0.4395170916875296E-01
 -0.1582749554541613E+00  0.1115697725311497E+00  0.1764343621392878E+00  0.1844767684424148E+00  0.1186188936567262E+00  0.3125776462584433E-02 -0.1404563914592239E+00 -0.2831315700900933E+00 -0.4100150924034871E+00 -0.4945285369867010E+00 -0.5176642735836812E+00 -0.4554341269403501E+00 -0.3127729524714359E+00 -0.1246503750683858E+00  0.5853858749348656E-01  0.1975801356302454E+00  0.2686944837148134E+00  0.2624276415671378E+00  0.1934831152864751E+00  0.1016717920666282E+00 -0.1115322609134095E+00
 -0.4089826431275623E+00  0.2498883287929975E+00  0.3406823432514302E+00  0.3214065241740789E+00  0.2130703535955830E+00  0.5021043336244106E-01 -0.1456545381134400E+00 -0.3426976743210568E+00 -0.5256270264920136E+00 -0.6611105108005889E+00 -0.7252390203498172E+00 -0.6854369220183206E+00 -0.5397289879747891E+00 -0.3226195733373020E+00 -0.9129439070535691E-01  0.1120317254042226E+00  0.2584250631094709E+00  0.3205582704240220E+00  0.2931885028788228E+00  0.1940839923269349E+00 -0.2890634741019818E+00
 -0.6736917957352138E+00  0.3989201097877724E+00  0.5230685336281036E+00  0.4719162385267556E+00  0.3269971181865996E+00  0.1272110076352263E+00 -0.1065751190264378E+00 -0.3423726779515076E+00 -0.5690875098748193E+00 -0.7554202504125395E+00 -0.8760672789427518E+00 -0.8861738183551521E+00 -0.7605078368740967E+00 -0.5247475220400717E+00 -0.2548817679989124E+00 -0.9028867765918222E-02  0.1898590534970583E+00  0.3136373633334640E+00  0.3363233485621980E+00  0.2348274489587511E+00 -0.3681589983140554E+00
 -0.8742558898589168E+00  0.5238487640910852E+00  0.6972904024143387E+00  0.6192832232783070E+00  0.4429804343277011E+00  0.2114880675501064E+00 -0.5338704874047458E-01 -0.3186748283055796E+00 -0.5751592780740191E+00 -0.7977023273605439E+00 -0.9695862787147493E+00 -0.1046900675635854E+01 -0.9755978077394832E+00 -0.7435961858425197E+00 -0.4321028558414678E+00 -0.1420832642061875E+00  0.9338636877901607E-01  0.2594475616808037E+00  0.3187682943875009E+00  0.2176096179585590E+00 -0.3340605594881763E+00
 -0.9551941537365194E+00  0.6002535142169892E+00  0.8455663889144482E+00  0.7569317130331633E+00  0.5589125028863252E+00  0.3046550874482860E+00  0.1697646549581266E-01 -0.2700901651728790E+00 -0.5444512438651872E+00 -0.7849388630237166E+00 -0.9882627123823257E+00 -0.1132045446655270E+01 -0.1151668389764453E+01 -0.9771924729866910E+00 -0.6460448700679620E+00 -0.2983808759690052E+00 -0.1996511367433201E-01  0.1744425403123560E+00  0.2563613408320864E+00  0.1723416389394121E+00 -0.2606635759861498E+00
 -0.8957036809694136E+00  0.6180052359612542E+00  0.9583120269143491E+00  0.8817861902209257E+00  0.6716510621290035E+00  0.4008182844448259E+00  0.9292705025214811E-01 -0.2166776506545695E+00 -0.5075900230444754E+00 -0.7539860383045899E+00 -0.9592753513253165E+00 -0.1136409473589755E+01 -0.1248615258932511E+01 -0.1186293722748758E+01 -0.8992833669640290E+00 -0.5090430629333094E+00 -0.1686606019187503E+00  0.6663157972980403E-01  0.1759972802260044E+00  0.1269934671227053E+00 -0.2049831211421114E+00
 -0.7263289141797997E+00  0.5841693367451393E+00  0.1026179096055618E+01  0.9892762732958792E+00  0.7796612317320619E+00  0.5007265899985838E+00  0.1788336146561856E+00 -0.1519656266219453E+00 -0.4632320748149370E+00 -0.7184196916409915E+00 -0.9115132495602329E+00 -0.1081658515034317E+01 -0.1250166895070997E+01 -0.1316105582363861E+01 -0.1142498728940384E+01 -0.7685628856836657E+00 -0.3737640866698463E+00 -0.7449668761209274E-01  0.8780185973527950E-01  0.9082194646746936E-01 -0.1846639796671286E+00
 -0.5184889748866033E+00  0.5184721825668724E+00  0.1036927572814014E+01  0.1067470578828614E+01  0.8760987341124945E+00  0.5984875984211218E+00  0.2711216356843807E+00 -0.7443027942321701E-01 -0.4054475181257006E+00 -0.6762000184291077E+00 -0.8606700261431358E+00 -0.9991598506287371E+00 -0.1173877451505250E+01 -0.1342776355717495E+01 -0.1319707422706777E+01 -0.1030899212401055E+01 -0.6227970537046474E+00 -0.2601156854175440E+00 -0.2185958897149582E-01  0.5097539215230259E-01 -0.1747857654284036E+00
 -0.3207453911541760E+00  0.4327985995564291E+00  0.9776504075151113E+00  0.1093810451549690E+01  0.9443534006611810E+00  0.6814597902909687E+00  0.3599168093902438E+00  0.1201493298058341E-01 -0.3285490071008238E+00 -0.6134438823451291E+00 -0.7988311739583498E+00 -0.9035787526684903E+00 -0.1044798594466849E+01 -0.1268640500252575E+01 -0.1397384371413752E+01 -0.1249112408280216E+01 -0.8842731198515924E+00 -0.4850631771643963E+00 -0.1670575110343396E+00 -0.9417852538755196E-02 -0.1388039534180740E+00
 -0.1523921627851416E+00  0.3331410353270030E+00  0.8470309431958675E+00  0.1049526614346543E+01  0.9673361018697748E+00  0.7370809956241819E+00  0.4333331255964767E+00  0.9639171130113321E-01 -0.2385565366989952E+00 -0.5254748772683810E+00 -0.7131085621690306E+00 -0.7942933238321662E+00 -0.8846514311153288E+00 -0.1111460351675004E+01 -0.1361886310692686E+01 -0.1386293694132436E+01 -0.1124500935068163E+01 -0.7336863295701270E+00 -0.3528137119946053E+00 -0.9577515964514854E-01 -0.6548823305915963E-01
 -0.1876463542092910E-01  0.2253404890955309E+00  0.6572568318656636E+00  0.9201017521170276E+00  0.9207492438392525E+00  0.7463901460181711E+00  0.4785141473013850E+00  0.1682413114036347E+00 -0.1447269936443270E+00 -0.4165256427929837E+00 -0.5971246569257924E+00 -0.6637849397784312E+00 -0.7066767203538764E+00 -0.8967313872599306E+00 -0.1216656494807865E+01 -0.1415463744677580E+01 -0.1309951879778170E+01 -0.9810606457289548E+00 -0.5724353133921311E+00 -0.2057926599105022E+00  0.4494266633937549E-01
  0.8152887224390087E-01  0.1203828696725474E+00  0.4426774812615432E+00  0.7202568978839315E+00  0.7982015488255266E+00  0.6971714396492316E+00  0.4848317458907652E+00  0.2184004480343119E+00 -0.5642217171173299E-01 -0.2961236134116563E+00 -0.4558546985720474E+00 -0.5108281990303579E+00 -0.5207328618277893E+00 -0.6536223948856715E+00 -0.9806589053297526E+00 -0.1318679296121108E+01 -0.1404850350568493E+01 -0.1195260893879157E+01 -0.8074518628431421E+00 -0.3348715955525184E+00  0.1971629238144131E+00
  0.1433651100883237E+00  0.3192578789147740E-01  0.2391424737627559E+00  0.4756924539906400E+00  0.5977093156646983E+00  0.5725892428076924E+00  0.4346882372441248E+00  0.2331989086491262E+00  0.1502439001260018E-01 -0.1769505310933160E+00 -0.3038879929887648E+00 -0.3467405127717710E+00 -0.3407084591564895E+00 -0.4147497232063256E+00 -0.6895569225686482E+00 -0.1094448596060645E+01 -0.1371373797789915E+01 -0.1334626072367563E+01 -0.1027612199161355E+01 -0.4769839011649229E+00  0.4033395043334138E+00
  0.1313745219487211E+00 -0.1302188393327679E-01  0.9230887014889068E-01  0.2491038683886404E+00  0.3646560014587189E+00  0.3892873404448112E+00  0.3249719362866718E+00  0.2004453179706576E+00  0.5327453018258481E-01 -0.7947195626648790E-01 -0.1668705708937530E+00 -0.1968682577130031E+00 -0.1878672669831469E+00 -0.2148192913676831E+00 -0.3947694746532489E+00 -0.7676403488476555E+00 -0.1180811175122978E+01 -0.1348873227647283E+01 -0.1190712722711071E+01 -0.6257167527786398E+00  0.6864375356248482E+00
  0.3137733079379663E-01 -0.9308111198732979E-02  0.3452997197597697E-02  0.6973124381287098E-01  0.1460842722488055E+00  0.1865288090927176E+00  0.1748712842218760E+00  0.1199775636335780E+00  0.4407933656348993E-01 -0.2763927786517743E-01 -0.7507989587436138E-01 -0.9099840671066643E-01 -0.8332100440563292E-01 -0.8160651638167014E-01 -0.1571890889921577E+00 -0.4014376110811818E+00 -0.8358166969539335E+00 -0.1186111822465113E+01 -0.1233604282918031E+01 -0.7729589945338724E+00  0.1085272700683587E+01
 -0.1646799173462140E+00  0.4346753118824460E-01 -0.3427732378148023E-01 -0.3938795148776705E-01 -0.3466872508000252E-02  0.3110553898221964E-01  0.4447182657351699E-01  0.3468139982657169E-01  0.1053796214262439E-01 -0.1530971581893106E-01 -0.3238252564078565E-01 -0.3586405341786979E-01 -0.2890984846987749E-01 -0.1747560272694625E-01 -0.2370308166896677E-01 -0.9931257556233981E-01 -0.4153111470775702E+00 -0.8297311668028280E+00 -0.1056832386569264E+01 -0.8511722495140149E+00  0.1496684361972781E+01
  0.4183409277604679E+00 -0.2219394333275667E+00 -0.2474773722222322E+00 -0.1806247875060536E+00 -0.1138810439253674E+00 -0.6509810371237415E-01 -0.3486019887826602E-01 -0.2005368714118532E-01 -0.1559212830546162E-01 -0.1531793564890044E-01 -0.1417497882828336E-01 -0.9118536273002046E-02 -0.1674262707662674E-02  0.7853366575253535E-02  0.9943191062521700E-02  0.5712169303524130E-02 -0.1396859522683234E+00 -0.3965186105385750E+00 -0.5708678012047145E+00 -0.5467892408905086E+00  0.1069499921466811E+01
  0.0000000000000000E+00  0.0000000000000000E+00  0.0000000000000000E+00  0.0000000000000000E+00  0.0000000000000000E+00  0.0000000000000000E+00  0.0000000000000000E+00  0.0000000000000000E+00  0.0000000000000000E+00  0.0000000000000000E+00  0.0000000000000000E+00  0.0000000000000000E+00  0.0000000000000000E+00  0.0000000000000000E+00  0.0000000000000000E+00  0.0000000000000000E+00  0.0000000000000000E+00  0.0000000000000000E+00  0.0000000000000000E+00  0.0000000000000000E+00  0.0000000000000000E+00
