  0.0000000000000000E+00  0.0000000000000000E+00  0.0000000000000000E+00  0.0000000000000000E+00  0.0000000000000000E+00  0.0000000000000000E+00  0.0000000000000000E+00  0.0000000000000000E+00  0.0000000000000000E+00  0.0000000000000000E+00  0.0000000000000000E+00  0.0000000000000000E+00  0.0000000000000000E+00  0.0000000000000000E+00  0.0000000000000000E+00  0.0000000000000000E+00  0.0000000000000000E+00  0.0000000000000000E+00  0.0000000000000000E+00  0.0000000000000000E+00  0.0000000000000000E+00
  0.3852219955796142E-01 -0.1600672246145149E-01 -0.9497967826393033E-02  0.1023521647387186E-02 -0.1075329422907286E-01 -0.4073481677210054E-01 -0.7056382300824551E-01 -0.8265360063016912E-01 -0.8139644266934995E-01 -0.7412162027071319E-01 -0.6192028416561105E-01 -0.3111165899717106E-01  0.2790288122834814E-01  0.9591429590333356E-01  0.1362245787724569E+00  0.1344958815025738E+00  0.9900199461010306E-01  0.4421012188743915E-01 -0.9274231238880697E-02 -0.2757838743362248E-01  0.7346093106198673E-01
  0.5592316227898686E-03  0.1777494397506653E-01  0.5388406354798947E-01  0.7218489194889208E-01  0.4225194370906067E-01 -0.2726796723038744E-01 -0.1198039207827098E+00 -0.2105579609881130E+00 -0.2845424295846933E+00 -0.3216399876672525E+00 -0.3075244491714121E+00 -0.2292983639853964E+00 -0.1015950271768952E+00  0.3834740472264309E-01  0.1485532571487584E+00  0.2036470007748748E+00  0.1992143512508352E+00  0.1463908589721644E+00  0.7008701797397757E-01  0.8896692798355248E-02  0.4339693957891182E-01
 -0.1579916038463291E+00  0.1113666513924963E+00  0.1761083503311599E+00  0.1841123979875242E+00  0.1183735603316824E+00  0.3063660211617942E-02 -0.1402913320449024E+00 -0.2827597313784121E+00 -0.4094293337818442E+00 -0.4937978835812132E+00 -0.5168524278811837E+00 -0.4547259593116831E+00 -0.3123370322147019E+00 -0.1245745006990455E+00  0.5830640534124552E-01  0.1971527525729198E+00  0.2682137275137099E+00  0.2620525484770198E+00  0.1933556192125800E+00  0.1017918961660271E+00 -0.1120200692855012E+00
 -0.4082347499871137E+00  0.2494221857307182E+00  0.3400318072050408E+00  0.3207687741644323E+00  0.2126425711723161E+00  0.5006346615604283E-01 -0.1454511610453269E+00 -0.3421756570902963E+00 -0.5247873500096193E+00 -0.6600610490737754E+00 -0.7240580763765211E+00 -0.6843280277341145E+00 -0.5388885617261492E+00 -0.3221783035223702E+00 -0.9122467298847854E-01  0.1118096261384606E+00  0.2580055970549027E+00  0.3200970034640941E+00  0.2928821777269567E+00  0.1941003300088845E+00 -0.2894188122996968E+00
 -0.6724383042252173E+00  0.3981618820026184E+00  0.5220473417826379E+00  0.4709673921436369E+00  0.3263095467937577E+00  0.1268479334275574E+00 -0.1065243555923257E+00 -0.3419432579638163E+00 -0.5682721443204013E+00 -0.7543237346832227E+00 -0.8747378994091007E+00 -0.8847855236352132E+00 -0.7593115806562549E+00 -0.5239782020571782E+00 -0.2545401334206542E+00 -0.9006916165208831E-02  0.1896148710481693E+00  0.3132372247920223E+00  0.3359829027630324E+00  0.2348341802349386E+00 -0.3685196379417834E+00
 -0.8726026463121890E+00  0.5228398841941250E+00  0.6959170062701860E+00  0.6180469900792429E+00  0.4420628883360450E+00  0.2109624656450521E+00 -0.5340144778524918E-01 -0.3182221850661280E+00 -0.5742655532094603E+00 -0.7965208047588523E+00 -0.9681621235481881E+00 -0.1045309673983348E+01 -0.9740465452403292E+00 -0.7424454228102453E+00 -0.4314912751473993E+00 -0.1418493194241034E+00  0.9333922824200687E-01  0.2592001851808074E+00  0.3185328283507894E+00  0.2176777778558482E+00 -0.3345005052167553E+00
 -0.9533713865311655E+00  0.5990857385571456E+00  0.8438858291402713E+00  0.7554114612698362E+00  0.5577292529664897E+00  0.3039021743984766E+00  0.1682598831883881E-01 -0.2696540058441404E+00 -0.5434842525376132E+00 -0.7836760532491501E+00 -0.9868293038353602E+00 -0.1130431074148439E+01 -0.1149898732968256E+01 -0.9756255991432905E+00 -0.6450615100392139E+00 -0.2979046010803801E+00 -0.1980934667875588E-01  0.1743964035766061E+00  0.2563035728689443E+00  0.1724735097300340E+00 -0.2611169563211577E+00
 -0.8940271855023549E+00  0.6168011601975834E+00  0.9563762950903951E+00  0.8799809657049420E+00  0.6701761500429539E+00  0.3998055767828914E+00  0.9262432203839589E-01 -0.2162250292868771E+00 -0.5064490711180591E+00 -0.7524821610091105E+00 -0.9577172584439954E+00 -0.1134837903085664E+01 -0.1246838580001525E+01 -0.1184442946484527E+01 -0.8978613484157049E+00 -0.5082066698746406E+00 -0.1682397376001473E+00  0.6679146230420234E-01  0.1760853817744762E+00  0.1271476559429021E+00 -0.2053575860542300E+00
 -0.7251432423662627E+00  0.5830687766069140E+00  0.1024063087454479E+01  0.9871994798661450E+00  0.7778877147740225E+00  0.4994170540039218E+00  0.1782978889151790E+00 -0.1516005570902789E+00 -0.4619930540515820E+00 -0.7166433673442164E+00 -0.9096936791410237E+00 -0.1080056908424558E+01 -0.1248513470015465E+01 -0.1314207721933606E+01 -0.1140767130707561E+01 -0.7673491491788267E+00 -0.3730077199562049E+00 -0.7409717773524464E-01  0.8800608523500088E-01  0.9097160323431584E-01 -0.1849087244679467E+00
 -0.5178789943578963E+00  0.5175458604409628E+00  0.1034758586964992E+01  0.1065176632759423E+01  0.8740636654505440E+00  0.5969036509823987E+00  0.2703248308172821E+00 -0.7424705492611672E-01 -0.4042571622952233E+00 -0.6742735069222104E+00 -0.8585758223185612E+00 -0.9974296659832823E+00 -0.1172356520434301E+01 -0.1340997112464472E+01 -0.1317854934201247E+01 -0.1029416441007436E+01 -0.6217353468975212E+00 -0.2594486912548599E+00 -0.2151211092500016E-01  0.5115131843661224E-01 -0.1749660662348369E+00
 -0.3206185741086784E+00  0.4320814520351386E+00  0.9756257819967376E+00  0.1091441937135274E+01  0.9421662287805416E+00  0.6796982310689550E+00  0.3589076177052634E+00  0.1198316976190814E-01 -0.3275399400399044E+00 -0.6115774472384373E+00 -0.7966261880004628E+00 -0.9017376044727744E+00 -0.1043404376887976E+01 -0.1267084758592436E+01 -0.1395577442331724E+01 -0.1247498721265073E+01 -0.8830008238982866E+00 -0.4841446742477062E+00 -0.1665282152582785E+00 -0.9173966905858203E-02 -0.1390063145407039E+00
 -0.1526307421236371E+00  0.3326687386823816E+00  0.8453754739235075E+00  0.1047288051075205E+01  0.9651322057550843E+00  0.7352513276227794E+00  0.4321994875101091E+00  0.9618194458444686E-01 -0.2377707062279001E+00 -0.5238208409376499E+00 -0.7110149220907832E+00 -0.7924824154222332E+00 -0.8834175959472482E+00 -0.1110191089486172E+01 -0.1360247248501299E+01 -0.1384666096896512E+01 -0.1123130500262744E+01 -0.7325828480523390E+00 -0.3520977363210629E+00 -0.9545313756354078E-01 -0.6573832363044058E-01
 -0.1928357103972100E-01  0.2251498534581004E+00  0.6561659893345803E+00  0.9182618304432209E+00  0.9187429542633103E+00  0.7446438435369925E+00  0.4773631116973848E+00  0.1679132710209700E+00 -0.1441597563576583E+00 -0.4151642311880698E+00 -0.5953275141553848E+00 -0.6622029229506126E+00 -0.7056955492850374E+00 -0.8958033708993802E+00 -0.1215274554636673E+01 -0.1413902597432514E+01 -0.1308561204853091E+01 -0.9798582060669668E+00 -0.5715723505823739E+00 -0.2054033892659629E+00  0.4463781721551474E-01
  0.8074990233326390E-01  0.1204897143231072E+00  0.4422190453025854E+00  0.7190213075348622E+00  0.7965926702859777E+00  0.6956481288652578E+00  0.4837588157854273E+00  0.2180138426209215E+00 -0.5605144423234356E-01 -0.2950880744805069E+00 -0.4544698239020263E+00 -0.5096396745258577E+00 -0.5201011680877805E+00 -0.6530762205129819E+00 -0.9795973058927302E+00 -0.1317249787088420E+01 -0.1403488808072489E+01 -0.1194029284911198E+01 -0.8065018905166562E+00 -0.3344314873027706E+00  0.1967925713916557E+00
  0.1423375350017485E+00  0.3229984201410110E-01  0.2392370610440518E+00  0.4751824315171146E+00  0.5967315668511084E+00  0.5714963232568540E+00  0.4338318620351078E+00  0.2328288219257360E+00  0.1522685936551896E-01 -0.1762516017928572E+00 -0.3029672886352842E+00 -0.3460210098980567E+00 -0.3404574688975735E+00 -0.4145783463131573E+00 -0.6888467823935398E+00 -0.1093200754327824E+01 -0.1370069491828057E+01 -0.1333414685584268E+01 -0.1026631293317124E+01 -0.4765071251360310E+00  0.4028900820909684E+00
  0.1303630021016190E+00 -0.1255606609331831E-01  0.9269480382166406E-01  0.2491577319711744E+00  0.3643406011439332E+00  0.3887735229712947E+00  0.3245047242340173E+00  0.2002340309999755E+00  0.5340675842659656E-01 -0.7904981300754947E-01 -0.1663675413927190E+00 -0.1965581818890172E+00 -0.1879055667732884E+00 -0.2149261469640255E+00 -0.3943968338556029E+00 -0.7666250490376975E+00 -0.1179587694899769E+01 -0.1347715272282822E+01 -0.1189750829540110E+01 -0.6252136419406600E+00  0.6858900962818699E+00
  0.3098375040265985E-01 -0.9033391575636962E-02  0.3883575675748971E-02  0.7007466653135502E-01  0.1462230217448223E+00  0.1865024836475820E+00  0.1748028844956283E+00  0.1199918839532530E+00  0.4423002650258803E-01 -0.2738857783543309E-01 -0.7484792488339390E-01 -0.9091217466601002E-01 -0.8345064459412196E-01 -0.8180400422806935E-01 -0.1570735721303964E+00 -0.4006959368409110E+00 -0.8347123228931435E+00 -0.1185046896121190E+01 -0.1232723802121646E+01 -0.7724449150556002E+00  0.1084610943045154E+01
 -0.1649197621143194E+00  0.4370009006162364E-01 -0.3381949192944853E-01 -0.3895093044402352E-01 -0.3153044647451214E-02  0.3129177207011893E-01  0.4458124502819273E-01  0.3477862759381021E-01  0.1065855182519387E-01 -0.1517050064090064E-01 -0.3226861047135911E-01 -0.3581843923794707E-01 -0.2896387009564124E-01 -0.1758062674169789E-01 -0.2370802396422461E-01 -0.9883764677884191E-01 -0.4143723733712605E+00 -0.8288317364839916E+00 -0.1056134973286697E+01 -0.8507233751835348E+00  0.1496035152263907E+01
  0.4178883120429825E+00 -0.2216725754367199E+00 -0.2471294142671770E+00 -0.1803247257952255E+00 -0.1136362179632775E+00 -0.6489420538233674E-01 -0.3467949702356048E-01 -0.1987763177610688E-01 -0.1541217445148621E-01 -0.1513770997750850E-01 -0.1401239354195699E-01 -0.8984617691652805E-02 -0.1578145277032636E-02  0.7944164804659615E-02  0.1006142519111465E-01  0.6081074627927458E-02 -0.1390494315907961E+00 -0.3959524414293142E+00 -0.5704806895746599E+00 -0.5465351423574417E+00  0.1069124737497665E+01
  0.0000000000000000E+00  0.0000000000000000E+00  0.0000000000000000E+00  0.0000000000000000E+00  0.0000000000000000E+00  0.0000000000000000E+00  0.0000000000000000E+00  0.0000000000000000E+00  0.0000000000000000E+00  0.0000000000000000E+00  0.0000000000000000E+00  0.0000000000000000E+00  0.0000000000000000E+00  0.0000000000000000E+00  0.0000000000000000E+00  0.0000000000000000E+00  0.0000000000000000E+00  0.0000000000000000E+00  0.0000000000000000E+00  0.0000000000000000E+00  0.0000000000000000E+00
