  0.0000000000000000E+00  0.0000000000000000E+00  0.0000000000000000E+00  0.0000000000000000E+00  0.0000000000000000E+00  0.0000000000000000E+00  0.0000000000000000E+00  0.0000000000000000E+00  0.0000000000000000E+00  0.0000000000000000E+00  0.0000000000000000E+00  0.0000000000000000E+00  0.0000000000000000E+00  0.0000000000000000E+00  0.0000000000000000E+00  0.0000000000000000E+00  0.0000000000000000E+00  0.0000000000000000E+00  0.0000000000000000E+00  0.0000000000000000E+00  0.0000000000000000E+00
  0.5745264959120204E-01 -0.4693179409773111E-01 -0.8334273270199129E-01 -0.1080908514641854E+00 -0.1233058141553204E+00 -0.1289677887582154E+00 -0.1246633324080989E+00 -0.1125882585617078E+00 -0.9229589366371853E-01 -0.6092322242110216E-01 -0.1797949886599645E-01  0.2828410414199297E-01  0.6404571728002806E-01  0.7960635697931379E-01  0.7433217041115711E-01  0.5362510690908661E-01  0.2569845288058107E-01 -0.1918871318728672E-02 -0.2012587797796233E-01 -0.2211312056075607E-01  0.4621348370430586E-01
  0.8889719365855298E-01 -0.6578236731367912E-01 -0.1084499082824844E+00 -0.1458933735391597E+00 -0.1808969080000040E+00 -0.2091692683937636E+00 -0.2229858584403131E+00 -0.2171909623622613E+00 -0.1874057737053775E+00 -0.1336299441071734E+00 -0.6211282712836325E-01  0.1353576730109419E-01  0.7793519510555591E-01  0.1194633275164332E+00  0.1337309521608805E+00  0.1228393056279818E+00  0.9468984255474532E-01  0.5921768010641516E-01  0.2766998202768004E-01  0.3185493595169226E-02  0.1811350124217237E-01
  0.1079665608621011E+00 -0.7901827412711028E-01 -0.1290882615192298E+00 -0.1790159942398413E+00 -0.2306680798107535E+00 -0.2786555572023678E+00 -0.3145598415900462E+00 -0.3304480969989662E+00 -0.3174221748431089E+00 -0.2715653936898668E+00 -0.1947627364757880E+00 -0.9810970031916141E-01  0.2339313415435276E-02  0.8963695013055706E-01  0.1508674056035938E+00  0.1788833677604990E+00  0.1745430893872744E+00  0.1461435414111350E+00  0.1079297837620935E+00  0.6368589708409707E-01 -0.8312790749019768E-01
  0.7156696839214116E-01 -0.5746638379768846E-01 -0.1008321830009242E+00 -0.1502569648550502E+00 -0.2110334679633362E+00 -0.2818425433856525E+00 -0.3519566886301002E+00 -0.4044029649146316E+00 -0.4222934723556374E+00 -0.3974507566766743E+00 -0.3289883035704720E+00 -0.2270405717207173E+00 -0.1069541091892379E+00  0.1284894553928060E-01  0.1154665138890189E+00  0.1869937083804741E+00  0.2196929677999271E+00  0.2154103354178655E+00  0.1857572499513642E+00  0.1293461067762301E+00 -0.2022810703773261E+00
 -0.5563482221488816E-01  0.1487521675387154E-01 -0.1100917195327353E-01 -0.5374745032310593E-01 -0.1301939524390273E+00 -0.2414241684220498E+00 -0.3643063348416048E+00 -0.4700289763580392E+00 -0.5348280615174639E+00 -0.5449852854155520E+00 -0.4946372734050788E+00 -0.3927289779385601E+00 -0.2563818068506554E+00 -0.1085531960313672E+00  0.3024197278508969E-01  0.1429318718360098E+00  0.2165432981623820E+00  0.2464047414135841E+00  0.2361477439246926E+00  0.1709221125949470E+00 -0.2766185938601484E+00
 -0.2904616228266755E+00  0.1444934531072384E+00  0.1430187364950397E+00  0.1032625773316598E+00 -0.1058111094326713E-03 -0.1608208929859908E+00 -0.3399372327084885E+00 -0.5041343768090331E+00 -0.6257355467588006E+00 -0.6857160209145058E+00 -0.6704082020456269E+00 -0.5820735707299528E+00 -0.4366243902511890E+00 -0.2638092749808484E+00 -0.9223332598138471E-01  0.5709273822007473E-01  0.1694536082813582E+00  0.2357522936048451E+00  0.2484525899629153E+00  0.1776580775361949E+00 -0.2845216426456694E+00
 -0.5889479589805724E+00  0.3090933346399454E+00  0.3383320449392639E+00  0.2921059518962958E+00  0.1554804925812943E+00 -0.5396465255854186E-01 -0.2853441805507727E+00 -0.5052694794104142E+00 -0.6853490492708076E+00 -0.8060982753773460E+00 -0.8461399630401188E+00 -0.7938571535994335E+00 -0.6538359511310993E+00 -0.4578332206711841E+00 -0.2487762980793081E+00 -0.6045626739698176E-01  0.8901456013629816E-01  0.1891456531141541E+00  0.2241593143088375E+00  0.1572674225819841E+00 -0.2476429534371148E+00
 -0.8651475447381778E+00  0.4687738073814517E+00  0.5411738774061774E+00  0.4846237429338380E+00  0.3185803148285152E+00  0.7059374924851745E-01 -0.1990496867061227E+00 -0.4579011642781168E+00 -0.6820248155209527E+00 -0.8603914851483958E+00 -0.9729727512184074E+00 -0.9928519136116120E+00 -0.8978994061426441E+00 -0.7012699831063562E+00 -0.4539851262403383E+00 -0.2150774373320130E+00 -0.2082247977423770E-01  0.1140097955040061E+00  0.1731789692259833E+00  0.1244720623073212E+00 -0.2002372176959804E+00
 -0.1028321412592237E+01  0.5817633188277294E+00  0.7169685438909513E+00  0.6550527056105103E+00  0.4678577433188251E+00  0.1921300956943200E+00 -0.1024445511854702E+00 -0.3798811216313120E+00 -0.6196123666338450E+00 -0.8250731646124938E+00 -0.9956407643961375E+00 -0.1107191083352051E+01 -0.1110268260211988E+01 -0.9723365605184906E+00 -0.7201460826244315E+00 -0.4303828245014743E+00 -0.1749338052666885E+00  0.1032775110391978E-01  0.1067443034141677E+00  0.9146085498297761E-01 -0.1676382615347651E+00
 -0.1024964511635669E+01  0.6230099939478333E+00  0.8440654702078310E+00  0.7894908148095885E+00  0.5906002588800185E+00  0.2963107565697360E+00 -0.1704544238178166E-01 -0.3045684348205686E+00 -0.5409841516373521E+00 -0.7360284091340680E+00 -0.9158475449734611E+00 -0.1087844334575049E+01 -0.1205643026697053E+01 -0.1191001882247283E+01 -0.1007301163872962E+01 -0.7079754849533952E+00 -0.3939440384133984E+00 -0.1383389136874971E+00  0.2106393047383643E-01  0.5821150966572514E-01 -0.1535705985233390E+00
 -0.8596672971595533E+00  0.5892639450159886E+00  0.9081245378884125E+00  0.8807410946361646E+00  0.6840335683066804E+00  0.3844947020842221E+00  0.5902547536758762E-01 -0.2387464263382472E+00 -0.4742360369520515E+00 -0.6481891647093039E+00 -0.7971031593590634E+00 -0.9677553510832654E+00 -0.1156506841599816E+01 -0.1279816928673170E+01 -0.1233592743261824E+01 -0.9991309423808568E+00 -0.6673329563626763E+00 -0.3458806471997983E+00 -0.1031762338097146E+00  0.8869957581109382E-02 -0.1297861065530428E+00
 -0.6281245647081455E+00  0.5107485101284074E+00  0.9041209656770766E+00  0.9262255401121625E+00  0.7486413355234546E+00  0.4594616470856890E+00  0.1361375186032531E+00 -0.1643892084936137E+00 -0.4030247646160516E+00 -0.5674371564784650E+00 -0.6827564342522040E+00 -0.8114044196551895E+00 -0.1003662352413070E+01 -0.1221983775557662E+01 -0.1336026517502652E+01 -0.1237762818781877E+01 -0.9551789829969903E+00 -0.6051154231756259E+00 -0.2811925817107530E+00 -0.7111394708306137E-01 -0.6785074046156883E-01
 -0.4107954574635156E+00  0.4110511575198706E+00  0.8223580150960964E+00  0.9017314016397640E+00  0.7641366985959485E+00  0.5063278136473111E+00  0.2055511242788315E+00 -0.8157229761402796E-01 -0.3148278099031860E+00 -0.4748100777046022E+00 -0.5719923514966612E+00 -0.6562454509328264E+00 -0.8033750681881264E+00 -0.1045747249078061E+01 -0.1289949815619948E+01 -0.1366921829584013E+01 -0.1203883618638684E+01 -0.8847066065049303E+00 -0.5090844058397329E+00 -0.1818158621529065E+00  0.3636318061898669E-01
 -0.2358117545031444E+00  0.3066256061214054E+00  0.6840650638610719E+00  0.8129039770478336E+00  0.7306515718484351E+00  0.5199029809596531E+00  0.2560325656846562E+00 -0.3566542878729870E-02 -0.2179994345496144E+00 -0.3666357572568674E+00 -0.4541571042275116E+00 -0.5116659577874093E+00 -0.6018658649589220E+00 -0.8024025693525387E+00 -0.1105353565797974E+01 -0.1350395347807512E+01 -0.1361033663179777E+01 -0.1137385756889275E+01 -0.7615383313976146E+00 -0.3156631635465679E+00  0.1854511592420890E+00
 -0.1082107424705148E+00  0.2020844563859568E+00  0.4980426266873557E+00  0.6404027357917538E+00  0.6122416673097076E+00  0.4650255975140726E+00  0.2603726006544946E+00  0.5007025105293837E-01 -0.1280225164306852E+00 -0.2544585080706925E+00 -0.3311750727880512E+00 -0.3763152533738447E+00 -0.4246731149321456E+00 -0.5501847964601390E+00 -0.8233684462975605E+00 -0.1173747777215828E+01 -0.1379835590713677E+01 -0.1313547603648801E+01 -0.1002107553607954E+01 -0.4642568386574319E+00  0.3906629623643414E+00
 -0.3690512305292259E-01  0.1219681270414141E+00  0.3289992580713197E+00  0.4563120541003797E+00  0.4651207232265307E+00  0.3770640094213658E+00  0.2347036591728489E+00  0.7977138389396395E-01 -0.5575860220924114E-01 -0.1552104429200297E+00 -0.2181733887826031E+00 -0.2547949202739703E+00 -0.2799431768621685E+00 -0.3352158403762148E+00 -0.5126956556784229E+00 -0.8597094834016338E+00 -0.1221976172272573E+01 -0.1356066189557722E+01 -0.1183366098707564E+01 -0.6194183637004292E+00  0.6748889923937238E+00
 -0.2528384959785107E-02  0.4927056650514927E-01  0.1452833145556627E+00  0.2258949829102794E+00  0.2527972257421783E+00  0.2205904479087601E+00  0.1469558184048046E+00  0.5699688293291968E-01 -0.2703517907573361E-01 -0.9187444457952454E-01 -0.1341663800705661E+00 -0.1575104494282007E+00 -0.1681357317885788E+00 -0.1795591689596908E+00 -0.2483821618663116E+00 -0.4830408767969774E+00 -0.8901873827517597E+00 -0.1210148014804624E+01 -0.1238886616829599E+01 -0.7720019926843305E+00  0.1077119361223392E+01
 -0.1765728434154718E+00  0.8286965725420095E-01  0.7203612834713102E-01  0.8984908489869774E-01  0.1049209971613947E+00  0.9563943623305457E-01  0.6311206811480151E-01  0.1880674080924544E-01 -0.2442768554302933E-01 -0.5777522451436885E-01 -0.7786617960482083E-01 -0.8573286823262442E-01 -0.8495754435222275E-01 -0.7947909126663474E-01 -0.8251573787795594E-01 -0.1615284984322065E+00 -0.4687800273214849E+00 -0.8588384273475967E+00 -0.1067372454196372E+01 -0.8542124175063994E+00  0.1495264798322826E+01
  0.3904534067014900E+00 -0.2059167568954164E+00 -0.2272968639847592E+00 -0.1661523990525365E+00 -0.1069747628304625E+00 -0.6816764345066156E-01 -0.4917212729785889E-01 -0.4390845377739143E-01 -0.4519931422852017E-01 -0.4718963590668519E-01 -0.4642360147041205E-01 -0.4193462453978999E-01 -0.3474396893448520E-01 -0.2641671418450270E-01 -0.2202257250331147E-01 -0.3307768248937173E-01 -0.1767999773830129E+00 -0.4177085772540138E+00 -0.5782049808554099E+00 -0.5499728943334798E+00  0.1071713702145030E+01
  0.0000000000000000E+00  0.0000000000000000E+00  0.0000000000000000E+00  0.0000000000000000E+00  0.0000000000000000E+00  0.0000000000000000E+00  0.0000000000000000E+00  0.0000000000000000E+00  0.0000000000000000E+00  0.0000000000000000E+00  0.0000000000000000E+00  0.0000000000000000E+00  0.0000000000000000E+00  0.0000000000000000E+00  0.0000000000000000E+00  0.0000000000000000E+00  0.0000000000000000E+00  0.0000000000000000E+00  0.0000000000000000E+00  0.0000000000000000E+00  0.0000000000000000E+00
