  0.0000000000000000E+00  0.0000000000000000E+00  0.0000000000000000E+00  0.0000000000000000E+00  0.0000000000000000E+00  0.0000000000000000E+00  0.0000000000000000E+00  0.0000000000000000E+00  0.0000000000000000E+00  0.0000000000000000E+00  0.0000000000000000E+00  0.0000000000000000E+00  0.0000000000000000E+00  0.0000000000000000E+00  0.0000000000000000E+00  0.0000000000000000E+00  0.0000000000000000E+00  0.0000000000000000E+00  0.0000000000000000E+00  0.0000000000000000E+00  0.0000000000000000E+00
  0.1157292902630722E-01 -0.7981290584084933E-02 -0.1237094272594758E-01 -0.1413271560714768E-01 -0.1519954805510248E-01 -0.1613132280642493E-01 -0.1707452269980203E-01 -0.1807972790400765E-01 -0.1916370773868365E-01 -0.2032661614252748E-01 -0.2155669751124691E-01 -0.2283103664734047E-01 -0.2411492535477889E-01 -0.2536069271851325E-01 -0.2650499662192679E-01 -0.2745755167210417E-01 -0.2805028433083490E-01 -0.2781800655815068E-01 -0.2521778021702048E-01 -0.1526820980131753E-01  0.2058684918693211E-01
  0.1594441983449011E-01 -0.1019104623771870E-01 -0.1462871887866600E-01 -0.1645606313637006E-01 -0.1789391271709834E-01 -0.1940295764885934E-01 -0.2107185664406547E-01 -0.2293264209779349E-01 -0.2499398275151329E-01 -0.2724698848955365E-01 -0.2966524992855673E-01 -0.3220295692805794E-01 -0.3479237504785433E-01 -0.3734175755590090E-01 -0.3973374517674727E-01 -0.4181859689171943E-01 -0.4336552715969260E-01 -0.4377982737432630E-01 -0.4081888786772477E-01 -0.2628119580210907E-01  0.3802469953860244E-01
  0.1984032124377859E-01 -0.1242267630208164E-01 -0.1742770766246632E-01 -0.1947263585157805E-01 -0.2139739894892599E-01 -0.2363696399746500E-01 -0.2623509972443204E-01 -0.2919977242048676E-01 -0.3252468109216286E-01 -0.3618583017045562E-01 -0.4013644933060026E-01 -0.4430150344140193E-01 -0.4857240932822905E-01 -0.5280333718901389E-01 -0.5680980395494199E-01 -0.6036288144241866E-01 -0.6312713536002924E-01 -0.6425862379705506E-01 -0.6048770198052174E-01 -0.3951898584489531E-01  0.5806925555416419E-01
  0.2291674699520592E-01 -0.1418952086636999E-01 -0.1965181560390406E-01 -0.2189144847213359E-01 -0.2426718129480035E-01 -0.2720625385369830E-01 -0.3071642409406052E-01 -0.3478475825795050E-01 -0.3939205067914740E-01 -0.4450221507767802E-01 -0.5005210801185889E-01 -0.5594151974558255E-01 -0.6202370069508174E-01 -0.6809832520215749E-01 -0.7390848191883749E-01 -0.7913386751109416E-01 -0.8331093703296054E-01 -0.8529627597194722E-01 -0.8068214109305179E-01 -0.5288651113634027E-01  0.7797739231596902E-01
  0.2525761654385626E-01 -0.1552451640489147E-01 -0.2131593267081816E-01 -0.2377265401450829E-01 -0.2661732264070275E-01 -0.3026555908393835E-01 -0.3469947759970814E-01 -0.3989480910703409E-01 -0.4582778676335390E-01 -0.5245880961336707E-01 -0.5971727855814151E-01 -0.6748594712198934E-01 -0.7558502111564377E-01 -0.8375849149821044E-01 -0.9166529462725864E-01 -0.9886629060106719E-01 -0.1047187937101859E+00 -0.1076882676544022E+00 -0.1020670783660656E+00 -0.6676781063929424E-01  0.9823635355181708E-01
  0.2671567661257127E-01 -0.1630696928557556E-01 -0.2220523124415542E-01 -0.2487124366013374E-01 -0.2820293213795035E-01 -0.3257393447261107E-01 -0.3794354646648718E-01 -0.4428565977016855E-01 -0.5158334347387267E-01 -0.5980669691462255E-01 -0.6889229980044960E-01 -0.7872039035961848E-01 -0.8908944732573001E-01 -0.9969089563617829E-01 -0.1100874509010926E+00 -0.1196851340436555E+00 -0.1275909433667076E+00 -0.1317539739915087E+00 -0.1249574975789904E+00 -0.8132789320076481E-01  0.1190261820233040E+00
  0.2712673358436827E-01 -0.1641996968866101E-01 -0.2213317548161476E-01 -0.2498046300751798E-01 -0.2881670126465005E-01 -0.3392578628981140E-01 -0.4024131209694849E-01 -0.4774427567190760E-01 -0.5643851200048686E-01 -0.6632194546917633E-01 -0.7736012407835970E-01 -0.8945458571172307E-01 -0.1024041309826482E+00 -0.1158607915838203E+00 -0.1292838781917723E+00 -0.1418805636587821E+00 -0.1524043193804823E+00 -0.1580942663083690E+00 -0.1499089008952671E+00 -0.9680394783838178E-01  0.1405029426198783E+00
  0.2629916114551418E-01 -0.1573641918425951E-01 -0.2091009640726434E-01 -0.2389759498312279E-01 -0.2825462810412339E-01 -0.3411277513328563E-01 -0.4137239184502595E-01 -0.5003015855410275E-01 -0.6012720326724816E-01 -0.7171294581200677E-01 -0.8481277231390205E-01 -0.9938672937301096E-01 -0.1152738777333152E+00 -0.1321205194335770E+00 -0.1492920679287241E+00 -0.1657514628959101E+00 -0.1797509206561785E+00 -0.1875075646347940E+00 -0.1776483033494752E+00 -0.1134403238738534E+00  0.1626726682720848E+00
  0.2401316676352375E-01 -0.1411864442572754E-01 -0.1834276651365888E-01 -0.2142821179723052E-01 -0.2632627868872470E-01 -0.3293787654453083E-01 -0.4111828893142381E-01 -0.5088835520175177E-01 -0.6234561025398191E-01 -0.7562039847568421E-01 -0.9083936350876047E-01 -0.1080760811557495E+00 -0.1272773320444626E+00 -0.1481547342391075E+00 -0.1700294159556070E+00 -0.1915938690802835E+00 -0.2103973914407029E+00 -0.2211210569959773E+00 -0.2091978165350125E+00 -0.1315001101588910E+00  0.1853025139416604E+00
  0.2000774853482958E-01 -0.1141305212890053E-01 -0.1423140785187200E-01 -0.1739023484371546E-01 -0.2286498375032763E-01 -0.3022866134802247E-01 -0.3927566553283247E-01 -0.5005973756402990E-01 -0.6275593134414423E-01 -0.7760944405960402E-01 -0.9489954834339369E-01 -0.1148889973160550E+00 -0.1377381527942814E+00 -0.1633576050567127E+00 -0.1911579333790032E+00 -0.2196075315631462E+00 -0.2453108101252622E+00 -0.2605652669269790E+00 -0.2460630794342556E+00 -0.1512758517061099E+00  0.2077644756840741E+00
  0.1394687780068410E-01 -0.7437753518601153E-02 -0.8366382755119363E-02 -0.1162501589129170E-01 -0.1774806723015911E-01 -0.2586127927983506E-01 -0.3568059844253409E-01 -0.4730303561455632E-01 -0.6100288032310031E-01 -0.7717449760234621E-01 -0.9630567130814845E-01 -0.1189414817734573E+00 -0.1456071797181975E+00 -0.1766400487138073E+00 -0.2118323933835764E+00 -0.2496672327218124E+00 -0.2856095627595556E+00 -0.3082128672723478E+00 -0.2905577716917514E+00 -0.1731793006599640E+00  0.2289801302881404E+00
  0.5341046380617288E-02 -0.1954927138881223E-02 -0.5237350360263808E-03 -0.4019445020524659E-02 -0.1093151803018866E-01 -0.1979829622269952E-01 -0.3024615297639041E-01 -0.4243163081625263E-01 -0.5674851534409473E-01 -0.7376649944078492E-01 -0.9422792680562615E-01 -0.1190537576213778E+00 -0.1493210946218174E+00 -0.1861387796236439E+00 -0.2302357868192148E+00 -0.2807729460294514E+00 -0.3322017587550928E+00 -0.3673142072005793E+00 -0.3462992999836849E+00 -0.1981751193415382E+00  0.2482260580409298E+00
 -0.6619515674293967E-02  0.5383942264865165E-02  0.9532311120301527E-02  0.5446509979145003E-02 -0.2510002919770811E-02 -0.1214643662901548E-01 -0.2301685430192590E-01 -0.3536974026253994E-01 -0.4973512915111832E-01 -0.6686210867299569E-01 -0.8775648285653286E-01 -0.1137665882464518E+00 -0.1466919923250274E+00 -0.1888462251751635E+00 -0.2427995487731778E+00 -0.3098349448655920E+00 -0.3844679428986843E+00 -0.4412981809703893E+00 -0.4186954897206813E+00 -0.2291843873929496E+00  0.2688576724581676E+00
 -0.2344646653324110E-01  0.1515887955792336E-01  0.2203017214052899E-01  0.1660192987952984E-01  0.7179335712638400E-02 -0.3243630945048442E-02 -0.1424496214487967E-01 -0.2623447187868665E-01 -0.3989132481199504E-01 -0.5610857500027634E-01 -0.7608799213903579E-01 -0.1015396724273695E+00 -0.1350126239085800E+00 -0.1803779855732013E+00 -0.2432094269111651E+00 -0.3294462536636247E+00 -0.4367715728172827E+00 -0.5302448546325771E+00 -0.5140676796311368E+00 -0.2735989718691084E+00  0.3067292359761884E+00
 -0.4770474589276472E-01  0.2820740234277109E-01  0.3691746113554855E-01  0.2877254140991735E-01  0.1732114320326829E-01  0.6179334793767102E-02 -0.4516975532006666E-02 -0.1547097367949736E-01 -0.2751939110044597E-01 -0.4161065829144657E-01 -0.5896484530650799E-01 -0.8138522124509795E-01 -0.1118513691261284E+00 -0.1556656297149658E+00 -0.2222498006234218E+00 -0.3255233595045177E+00 -0.4725700020022264E+00 -0.6222993706550922E+00 -0.6334288047579233E+00 -0.3430989439197339E+00  0.3958680270012787E+00
 -0.8598397094983205E-01  0.4657247242710809E-01  0.5373344633149220E-01  0.4027639597766914E-01  0.2617847459031543E-01  0.1469456804384044E-01  0.5020481171796454E-02 -0.4080543005184499E-02 -0.1360371223996419E-01 -0.2441395602942800E-01 -0.3747870719879432E-01 -0.5421960634424382E-01 -0.7724769020965898E-01 -0.1121759556592215E+00 -0.1715717450616738E+00 -0.2797360085331206E+00 -0.4622640843055316E+00 -0.6845635961534723E+00 -0.7589423062898073E+00 -0.4452730281700619E+00  0.5768767782203785E+00
 -0.1278394781119710E+00  0.6442670079144003E-01  0.6544062426234912E-01  0.4527103689386824E-01  0.2965746035695325E-01  0.1947291283027094E-01  0.1219370088362477E-01  0.5936710790643212E-02 -0.3318188148528087E-03 -0.7207764348710967E-02 -0.1515735633432951E-01 -0.2477232978356353E-01 -0.3730802977973070E-01 -0.5657024046703549E-01 -0.9468291422419571E-01 -0.1839996428459572E+00 -0.3758636950870512E+00 -0.6646033387981891E+00 -0.8387700077407079E+00 -0.5748280826272073E+00  0.8857142401409139E+00
 -0.2903115117529303E+00  0.1187160427510410E+00  0.6583661650019280E-01  0.3252148720833946E-01  0.1996508009348677E-01  0.1591788734468558E-01  0.1399772275238445E-01  0.1203162389641544E-01  0.9542341804438916E-02  0.6561402692030387E-02  0.3256139173785107E-02 -0.9662621262552505E-04 -0.3117302112878376E-02 -0.6258871120299404E-02 -0.1576534493284328E-01 -0.6099917605632260E-01 -0.2116463784509892E+00 -0.5091876149140467E+00 -0.7685822989521069E+00 -0.6715440097780289E+00  0.1246049730381980E+01
  0.1153417815795064E+00 -0.5020884500015591E-01 -0.3528475342096128E-01 -0.1256944583829986E-01  0.2182180255138048E-02  0.9278436664619054E-02  0.1203940374751025E-01  0.1262355668465616E-01  0.1212802819352330E-01  0.1111062030965441E-01  0.9914390184171789E-02  0.8855045369421940E-02  0.8322855698436230E-02  0.8421679311442215E-02  0.7032589345492789E-02 -0.9482925513515483E-02 -0.8305530069683238E-01 -0.2572694218387181E+00 -0.4274227092777376E+00 -0.4424033407112347E+00  0.8997873128559666E+00
  0.0000000000000000E+00  0.0000000000000000E+00  0.0000000000000000E+00  0.0000000000000000E+00  0.0000000000000000E+00  0.0000000000000000E+00  0.0000000000000000E+00  0.0000000000000000E+00  0.0000000000000000E+00  0.0000000000000000E+00  0.0000000000000000E+00  0.0000000000000000E+00  0.0000000000000000E+00  0.0000000000000000E+00  0.0000000000000000E+00  0.0000000000000000E+00  0.0000000000000000E+00  0.0000000000000000E+00  0.0000000000000000E+00  0.0000000000000000E+00  0.0000000000000000E+00
