  0.0000000000000000E+00  0.0000000000000000E+00  0.0000000000000000E+00  0.0000000000000000E+00  0.0000000000000000E+00  0.0000000000000000E+00  0.0000000000000000E+00  0.0000000000000000E+00  0.0000000000000000E+00  0.0000000000000000E+00  0.0000000000000000E+00  0.0000000000000000E+00  0.0000000000000000E+00  0.0000000000000000E+00  0.0000000000000000E+00  0.0000000000000000E+00  0.0000000000000000E+00  0.0000000000000000E+00  0.0000000000000000E+00  0.0000000000000000E+00  0.0000000000000000E+00
  0.4002695372447266E-01 -0.2309074843945799E-01 -0.2924529159390129E-01 -0.3041892818171406E-01 -0.4789868318847086E-01 -0.7453445491647458E-01 -0.9522753462465057E-01 -0.1009155785062631E+00 -0.9822413115808966E-01 -0.8972483329173235E-01 -0.7072801643185203E-01 -0.2652323552498517E-01  0.4195213227081061E-01  0.1044718589220228E+00  0.1323482515536361E+00  0.1215135127598228E+00  0.8282740387959928E-01  0.2973873154671338E-01 -0.1825498303371872E-01 -0.3056663715412562E-01  0.7344492842865813E-01
  0.1340793677230462E-01  0.2954324261164633E-02  0.2227090955579852E-01  0.2839839901467458E-01 -0.5842308080788994E-02 -0.7083662147735852E-01 -0.1517272387939897E+00 -0.2271012685948520E+00 -0.2830869569487506E+00 -0.2990853881194181E+00 -0.2632401454346834E+00 -0.1706078731177679E+00 -0.4410620227756389E-01  0.7882362351674245E-01  0.1652112554575180E+00  0.1992870812018494E+00  0.1820886650996683E+00  0.1261696638522896E+00  0.5465478365915873E-01  0.1445038761469530E-02  0.5031966737475015E-01
 -0.1211674690718061E+00  0.8312818352012784E-01  0.1282170814885774E+00  0.1259532433244051E+00  0.5784823080976108E-01 -0.5267156658018379E-01 -0.1864399742504079E+00 -0.3159679077022310E+00 -0.4258423223444622E+00 -0.4883421432389274E+00 -0.4866124228795619E+00 -0.4035159414215450E+00 -0.2536829134648385E+00 -0.7502599926008338E-01  0.8847992861508364E-01  0.2051771694043256E+00  0.2573808219302007E+00  0.2406745784119187E+00  0.1716765897978057E+00  0.8745582660603010E-01 -0.9069089002028460E-01
 -0.3570600365006356E+00  0.2138470679966564E+00  0.2844811674893334E+00  0.2603080863805468E+00  0.1536205872501178E+00 -0.2609236119530831E-02 -0.1884076061853131E+00 -0.3714520595226263E+00 -0.5353934497469882E+00 -0.6459444928321962E+00 -0.6824809175363120E+00 -0.6202930740549024E+00 -0.4675959176359769E+00 -0.2604537633035048E+00 -0.4824204071584814E-01  0.1331500417677445E+00  0.2578743443236549E+00  0.3037820169585249E+00  0.2704779179886513E+00  0.1776947571845125E+00 -0.2626063535648862E+00
 -0.6258006354067955E+00  0.3640107812660322E+00  0.4662317083913010E+00  0.4117070516746339E+00  0.2670773396015031E+00  0.7042747259931552E-01 -0.1582042277811485E+00 -0.3854911542013433E+00 -0.5990128431946574E+00 -0.7640421885592444E+00 -0.8555178994949758E+00 -0.8347698093645647E+00 -0.6917761961439163E+00 -0.4604525718425657E+00 -0.2080845368345413E+00  0.1835636959243798E-01  0.1974337255018553E+00  0.3035023217587074E+00  0.3172111592466008E+00  0.2223877348069757E+00 -0.3499520451743264E+00
 -0.8475763819900098E+00  0.4983999266901290E+00  0.6476233980803771E+00  0.5662654089027070E+00  0.3907599787171646E+00  0.1628730566396156E+00 -0.9669523112890427E-01 -0.3547420864847484E+00 -0.6025836474380107E+00 -0.8119941489595655E+00 -0.9629165244944941E+00 -0.1010636519248986E+01 -0.9138413887810078E+00 -0.6777702336962376E+00 -0.3828420581329207E+00 -0.1131563879813296E+00  0.1044732975191405E+00  0.2546970543116385E+00  0.3057290276666131E+00  0.2112277918095598E+00 -0.3279543477620663E+00
 -0.9590789707481721E+00  0.5886259661513008E+00  0.8067989277057305E+00  0.7114446239475444E+00  0.5121236873536711E+00  0.2592934674095287E+00 -0.2466557921209542E-01 -0.3056717131449638E+00 -0.5741118627788401E+00 -0.8079731813184136E+00 -0.1000384650139772E+01 -0.1121636946300247E+01 -0.1110893452010372E+01 -0.9180837720328026E+00 -0.5943466862721236E+00 -0.2673403768506402E+00 -0.7171701775333731E-02  0.1738963300126647E+00  0.2494752648596749E+00  0.1700039382780319E+00 -0.2605365499744209E+00
 -0.9303782947179480E+00  0.6208081570211615E+00  0.9320461763455365E+00  0.8437542316227228E+00  0.6302508452468332E+00  0.3602444769084276E+00  0.5695536595604754E-01 -0.2448620933865634E+00 -0.5287955764743404E+00 -0.7712503871792148E+00 -0.9750999677910576E+00 -0.1143779667335428E+01 -0.1233043778652906E+01 -0.1145019943084346E+01 -0.8509464976729787E+00 -0.4743880848601941E+00 -0.1524234545420510E+00  0.6958885993225923E-01  0.1730613784938055E+00  0.1259702449098729E+00 -0.2048493562358132E+00
 -0.7777659608018512E+00  0.5972845612894421E+00  0.1014087723066475E+01  0.9595929446081712E+00  0.7434950056216240E+00  0.4635101672009017E+00  0.1445471648963070E+00 -0.1793038432992867E+00 -0.4828442986734392E+00 -0.7328374493112803E+00 -0.9266088337590124E+00 -0.1097670822569995E+01 -0.1254560561966111E+01 -0.1297262538058504E+01 -0.1107168704181643E+01 -0.7352030955160666E+00 -0.3538783400925321E+00 -0.6766201226891760E-01  0.8746027343331336E-01  0.8965273872134261E-01 -0.1814979427307145E+00
 -0.5701499613598042E+00  0.5371240095544182E+00  0.1041222067303450E+01  0.1049365646447001E+01  0.8470095285008775E+00  0.5660634459346571E+00  0.2398444616261670E+00 -0.1004465523846561E+00 -0.4247626571592497E+00 -0.6901348486191985E+00 -0.8748600747108344E+00 -0.1018214310959795E+01 -0.1190198159392040E+01 -0.1342488132273686E+01 -0.1300935862791163E+01 -0.1005390950940690E+01 -0.6032038692915570E+00 -0.2506440396815024E+00 -0.1997094807348915E-01  0.5011237649124248E-01 -0.1703080775472166E+00
 -0.3650995135865535E+00  0.4548288534541751E+00  0.9993870467759719E+00  0.1091642342298579E+01  0.9259521088168274E+00  0.6565149171447346E+00  0.3336530379163636E+00 -0.1211762460573608E-01 -0.3492078203819378E+00 -0.6307898403395414E+00 -0.8162723295256864E+00 -0.9259375982196687E+00 -0.1068276241682099E+01 -0.1281329152909114E+01 -0.1393623458003293E+01 -0.1234422479820581E+01 -0.8690100912295344E+00 -0.4756358659687984E+00 -0.1638703496349611E+00 -0.9452088114894562E-02 -0.1355140852902774E+00
 -0.1874466357201581E+00  0.3572526730857852E+00  0.8843113835371974E+00  0.1066345853773049E+01  0.9632274702841629E+00  0.7217420701871333E+00  0.4134551156664130E+00  0.7551126925775377E-01 -0.2593691186172742E+00 -0.5463977864780313E+00 -0.7361429574709525E+00 -0.8221685420512701E+00 -0.9136005319374959E+00 -0.1131921206402132E+01 -0.1368947698976391E+01 -0.1381839709207350E+01 -0.1115480545305497E+01 -0.7265901537238143E+00 -0.3496671346369574E+00 -0.9535318134302974E-01 -0.6360759060786814E-01
 -0.4490418146714870E-01  0.2496629907064227E+00  0.7040847906521194E+00  0.9552779492253404E+00  0.9339965565174602E+00  0.7436680221951836E+00  0.4668327522641741E+00  0.1517355914273298E+00 -0.1647853411797120E+00 -0.4403311182081437E+00 -0.6258731792552832E+00 -0.6982172420310802E+00 -0.7410535155333090E+00 -0.9216765838518984E+00 -0.1229847088723133E+01 -0.1418519455432018E+01 -0.1306667999429883E+01 -0.9771008688655044E+00 -0.5702529628655402E+00 -0.2053961564421515E+00  0.4593550646091438E-01
  0.6330056246556554E-01  0.1421993483441029E+00  0.4898986074978743E+00  0.7676970168522650E+00  0.8279753259845702E+00  0.7084076150622370E+00  0.4827013281547843E+00  0.2072698514668604E+00 -0.7474695409926184E-01 -0.3214090326778699E+00 -0.4884612543760208E+00 -0.5499274583803637E+00 -0.5590273245415727E+00 -0.6806580219715921E+00 -0.9959399494478347E+00 -0.1325886932145238E+01 -0.1405811996126973E+01 -0.1194048769407592E+01 -0.8064518285225158E+00 -0.3347055517175561E+00  0.1976648266301525E+00
  0.1338992434043716E+00  0.4769255854422404E-01  0.2769769190370437E+00  0.5242385666791746E+00  0.6387266790494930E+00  0.5977107837634799E+00  0.4439632491265916E+00  0.2294162220263670E+00  0.4160547233321628E-03 -0.2011717301731682E+00 -0.3367616549353388E+00 -0.3858712517327936E+00 -0.3787608795192975E+00 -0.4411238579540961E+00 -0.7039076119002936E+00 -0.1102595404509899E+01 -0.1374672303670556E+01 -0.1335382790444883E+01 -0.1027615993444803E+01 -0.4770712286520671E+00  0.4035976925113980E+00
  0.1356595464542633E+00 -0.7221127766369786E-02  0.1139961631551539E+00  0.2851374649150930E+00  0.4033181140772087E+00  0.4203088560625065E+00  0.3436092584237371E+00  0.2058461073973376E+00  0.4615121623670113E-01 -0.9784992689240593E-01 -0.1942595468101390E+00 -0.2293942727117841E+00 -0.2194770203183977E+00 -0.2369742649136237E+00 -0.4062325302171267E+00 -0.7746524336434100E+00 -0.1184864582262493E+01 -0.1350744514096005E+01 -0.1191407760568596E+01 -0.6260116537703901E+00  0.6866272007425744E+00
  0.4371221614482183E-01 -0.1094691417349148E-01  0.1087147362434739E-01  0.8875233140316174E-01  0.1712497443989323E+00  0.2102600568625243E+00  0.1916831347218581E+00  0.1271730441826766E+00  0.4111355464935564E-01 -0.3968198890594750E-01 -0.9360010697251515E-01 -0.1123746080184695E+00 -0.1038997554279288E+00 -0.9656979732119642E-01 -0.1648133193028778E+00 -0.4064957815055962E+00 -0.8397874694672541E+00 -0.1188512907194560E+01 -0.1234687486255904E+01 -0.7733932031202215E+00  0.1085492123104760E+01
 -0.1603556398595556E+00  0.4210573648806804E-01 -0.3403843039535147E-01 -0.3267584464879987E-01  0.8260171143457652E-02  0.4394978246728271E-01  0.5473439779183843E-01  0.4001997216769450E-01  0.1019028486710739E-01 -0.2072679619334747E-01 -0.4123302913624881E-01 -0.4603091207229545E-01 -0.3861114808073066E-01 -0.2494145008960885E-01 -0.2763928679851498E-01 -0.1026080050670695E+00 -0.4189313205831536E+00 -0.8321939272010420E+00 -0.1057991754912933E+01 -0.8516390919682583E+00  0.1496925520991842E+01
  0.4189861491065969E+00 -0.2213929861525216E+00 -0.2451928093509679E+00 -0.1771986202844670E+00 -0.1098979607942947E+00 -0.6111828339841727E-01 -0.3170129655081228E-01 -0.1853370991075880E-01 -0.1616177051109333E-01 -0.1789174153928693E-01 -0.1814305499245783E-01 -0.1359491797090182E-01 -0.5860665510149854E-02  0.4421371696440673E-02  0.7945989569568941E-02  0.3667457816786693E-02 -0.1421668266965609E+00 -0.3982073263842892E+00 -0.5716157796599503E+00 -0.5471060794027535E+00  0.1069702458548310E+01
  0.0000000000000000E+00  0.0000000000000000E+00  0.0000000000000000E+00  0.0000000000000000E+00  0.0000000000000000E+00  0.0000000000000000E+00  0.0000000000000000E+00  0.0000000000000000E+00  0.0000000000000000E+00  0.0000000000000000E+00  0.0000000000000000E+00  0.0000000000000000E+00  0.0000000000000000E+00  0.0000000000000000E+00  0.0000000000000000E+00  0.0000000000000000E+00  0.0000000000000000E+00  0.0000000000000000E+00  0.0000000000000000E+00  0.0000000000000000E+00  0.0000000000000000E+00
