  0.0000000000000000E+00  0.0000000000000000E+00  0.0000000000000000E+00  0.0000000000000000E+00  0.0000000000000000E+00  0.0000000000000000E+00  0.0000000000000000E+00  0.0000000000000000E+00  0.0000000000000000E+00  0.0000000000000000E+00  0.0000000000000000E+00  0.0000000000000000E+00  0.0000000000000000E+00  0.0000000000000000E+00  0.0000000000000000E+00  0.0000000000000000E+00  0.0000000000000000E+00  0.0000000000000000E+00  0.0000000000000000E+00  0.0000000000000000E+00  0.0000000000000000E+00
  0.3857408134265744E-01 -0.1604188122411148E-01 -0.9551562329677004E-02  0.9629632756661697E-03 -0.1084110405181438E-01 -0.4084506500269369E-01 -0.7065771824907524E-01 -0.8269097811865857E-01 -0.8138973854626678E-01 -0.7409839269912692E-01 -0.6190979681056606E-01 -0.3109568808849967E-01  0.2798295719901046E-01  0.9608235658668093E-01  0.1364183136935314E+00  0.1346433128741162E+00  0.9905527978670021E-01  0.4413821459753962E-01 -0.9470901036907385E-02 -0.2773996423886301E-01  0.7374899167968164E-01
  0.5513451743445544E-03  0.1779233492255824E-01  0.5392834994201927E-01  0.7224179580286148E-01  0.4226199929168788E-01 -0.2733574905230804E-01 -0.1199627279208048E+00 -0.2107937130618496E+00 -0.2848500791673908E+00 -0.3219813998643709E+00 -0.3078513145733620E+00 -0.2295131250912294E+00 -0.1016336999551796E+00  0.3848449995712805E-01  0.1487972157290572E+00  0.2039101967620572E+00  0.1994162408618811E+00  0.1464704335072021E+00  0.7001466842943282E-01  0.8766715536127224E-02  0.4371452182105115E-01
 -0.1581550657635296E+00  0.1114836933627091E+00  0.1762960143245978E+00  0.1843212142897888E+00  0.1185132928149882E+00  0.3097958330141256E-02 -0.1403872568987567E+00 -0.2829736956242950E+00 -0.4097650705090061E+00 -0.4942153086118222E+00 -0.5173147389545402E+00 -0.4551276555057822E+00 -0.3125827395620147E+00 -0.1246152286811880E+00  0.5844057099280940E-01  0.1973975666674876E+00  0.2684885114254996E+00  0.2622666912471419E+00  0.1934280178114101E+00  0.1017227343117600E+00 -0.1117401851238698E+00
 -0.4086642533864039E+00  0.2496898668694510E+00  0.3404053472219490E+00  0.3211335713586789E+00  0.2128859249198398E+00  0.5014545075818416E-01 -0.1455698242643281E+00 -0.3424762298462970E+00 -0.5252689586233523E+00 -0.6606613950993692E+00 -0.7247318033870497E+00 -0.6849587793106072E+00 -0.5393650863496436E+00 -0.3224274180692155E+00 -0.9126262697698793E-01  0.1119376231486211E+00  0.2582459103871976E+00  0.3203608706611564E+00  0.2930570526291730E+00  0.1940907538700848E+00 -0.2892152089810813E+00
 -0.6731560149054009E+00  0.3985962512648343E+00  0.5226327388891020E+00  0.4715095983979991E+00  0.3267008224420885E+00  0.1270529684161786E+00 -0.1065559559863915E+00 -0.3421907759153002E+00 -0.5687396971834930E+00 -0.7549511248044899E+00 -0.8754967319970979E+00 -0.8855757927284227E+00 -0.7599906152737836E+00 -0.5244138658781569E+00 -0.2547329884755434E+00 -0.9018089599898492E-02  0.1897553634206294E+00  0.3134665706689193E+00  0.3361777513728685E+00  0.2348306717470977E+00 -0.3683142638684246E+00
 -0.8735464765136821E+00  0.5234165357393344E+00  0.6967031307043213E+00  0.6187526474662003E+00  0.4425845837433739E+00  0.2112595552794339E+00 -0.5339599190333187E-01 -0.3184824235414543E+00 -0.5747770081351427E+00 -0.7971964293038492E+00 -0.9689756463062500E+00 -0.1046216492088266E+01 -0.9749282040370827E+00 -0.7430979110621503E+00 -0.4318374413379336E+00 -0.1419811759439778E+00  0.9336736002669349E-01  0.2593425231480707E+00  0.3186681435822537E+00  0.2176394874538493E+00 -0.3342503187792943E+00
 -0.9544087879762906E+00  0.5997517390512397E+00  0.8448464291774285E+00  0.7562783103531423E+00  0.5584014207377426E+00  0.3043281321776234E+00  0.1690926873725991E-01 -0.2699033600828312E+00 -0.5440350505163182E+00 -0.7843957728644427E+00 -0.9876472028226783E+00 -0.1131351809330588E+01 -0.1150905671142853E+01 -0.9765150520222917E+00 -0.6456187580611001E+00 -0.2981739214031322E+00 -0.1989666921756620E-01  0.1744239628461877E+00  0.2563375233100206E+00  0.1723987591171918E+00 -0.2608587540415548E+00
 -0.8949776603488846E+00  0.6174863098034505E+00  0.9574812690614671E+00  0.8810092912670090E+00  0.6710131995940055E+00  0.4003783498261155E+00  0.9279404362606208E-01 -0.2164826733600361E+00 -0.5070964549256305E+00 -0.7533360704667421E+00 -0.9586039197022626E+00 -0.1135733962692597E+01 -0.1247850555691413E+01 -0.1185494874111409E+01 -0.8986684011844523E+00 -0.5086806511746902E+00 -0.1684776697365141E+00  0.6670160080274767E-01  0.1760359145376046E+00  0.1270599478280774E+00 -0.2051439289466278E+00
 -0.7258124578884222E+00  0.5836939493325172E+00  0.1025269390109129E+01  0.9883815664138331E+00  0.7788936365829476E+00  0.5001576250474663E+00  0.1785997658052964E+00 -0.1518076629012443E+00 -0.4626941216249538E+00 -0.7176490373184113E+00 -0.9107258654103862E+00 -0.1080968438658866E+01 -0.1249455649027473E+01 -0.1315287484066435E+01 -0.1141751166883992E+01 -0.7680383428505703E+00 -0.3734366609826350E+00 -0.7432346863867001E-01  0.8789036729620783E-01  0.9088646490681185E-01 -0.1847690274242277E+00
 -0.5182208718138890E+00  0.5180714838877196E+00  0.1035993579849270E+01  0.1066481533995513E+01  0.8752177961326119E+00  0.5977995773488597E+00  0.2707746747844914E+00 -0.7435075110853001E-01 -0.4049296949993378E+00 -0.6753625862408279E+00 -0.8597614099978281E+00 -0.9984122072640640E+00 -0.1173222978814416E+01 -0.1342010127419892E+01 -0.1318908648385201E+01 -0.1030259612701820E+01 -0.6223386509807546E+00 -0.2598274604405637E+00 -0.2170942103710520E-01  0.5105135609044378E-01 -0.1748634893084365E+00
 -0.3206865825661072E+00  0.4324879756660982E+00  0.9767773444321874E+00  0.1092788656794490E+01  0.9434069240221417E+00  0.6806951820086217E+00  0.3594780736313570E+00  0.1200151660067371E-01 -0.3281093592052984E+00 -0.6126317229399876E+00 -0.7978732607803417E+00 -0.9027815620741346E+00 -0.1044198174814250E+01 -0.1267971058843558E+01 -0.1396605935453353E+01 -0.1248417248793950E+01 -0.8837248027396604E+00 -0.4846670367566386E+00 -0.1668291547500662E+00 -0.9312605573152744E-02 -0.1388913380306080E+00
 -0.1524919197815979E+00  0.3329360616806225E+00  0.8463162652602696E+00  0.1048560550436449E+01  0.9663830037578303E+00  0.7362877942672724E+00  0.4328411215292426E+00  0.9630142440946374E-01 -0.2382136142461058E+00 -0.5247547682045448E+00 -0.7121986404832600E+00 -0.7935086121299527E+00 -0.8841199274629317E+00 -0.1110914748108065E+01 -0.1361180677630487E+01 -0.1385593114115672E+01 -0.1123911098933103E+01 -0.7332110596457698E+00 -0.3525052210426836E+00 -0.9563637264288105E-01 -0.6559610311404040E-01
 -0.1898610333960304E-01  0.2252572008539621E+00  0.6567854992222831E+00  0.9193076996968549E+00  0.9198823200534282E+00  0.7456342331787539E+00  0.4780155914552622E+00  0.1681002002706448E+00 -0.1444788932966309E+00 -0.4159327397838984E+00 -0.5963436288577479E+00 -0.6630995427216796E+00 -0.7062545867019385E+00 -0.8963333854848887E+00 -0.1216061970310926E+01 -0.1414792025895473E+01 -0.1309353805413280E+01 -0.9805432142795069E+00 -0.5720638107101471E+00 -0.2056250438930465E+00  0.4481132096899254E-01
  0.8119462106285036E-01  0.1204282131499026E+00  0.4424792605125580E+00  0.7197239855290181E+00  0.7975071448767501E+00  0.6965132064946431E+00  0.4843680824800845E+00  0.2182344822220779E+00 -0.5625932751127002E-01 -0.2956724809697647E+00 -0.4552530409672974E+00 -0.5103138229063305E+00 -0.5204623330083457E+00 -0.6533897023379240E+00 -0.9802026771862616E+00 -0.1318064194171303E+01 -0.1404264956805868E+01 -0.1194731186573539E+01 -0.8070431072193390E+00 -0.3346821907795915E+00  0.1970034651194353E+00
  0.1429229727264446E+00  0.3208674990099098E-01  0.2391832224294176E+00  0.4754730718428707E+00  0.5972882088284220E+00  0.5721180698669618E+00  0.4343191618557660E+00  0.2330405023052294E+00  0.1511419058325632E-01 -0.1766458219880892E+00 -0.3034881876040130E+00 -0.3464298345467146E+00 -0.3406029594982556E+00 -0.4146792647504858E+00 -0.6892524250253322E+00 -0.1093911466641006E+01 -0.1370812790674100E+01 -0.1334105105823081E+01 -0.1027190209771075E+01 -0.4767787658959300E+00  0.4031460879167148E+00
  0.1309385206421224E+00 -0.1282102466623475E-01  0.9247544664341815E-01  0.2491278723656803E+00  0.3645211500886051E+00  0.3890669539126439E+00  0.3247717266937067E+00  0.2003559034312268E+00  0.5333376815040387E-01 -0.7928761038576278E-01 -0.1666522319803122E+00 -0.1967350934904689E+00 -0.1878867395764293E+00 -0.2148689647852006E+00 -0.3946106597623920E+00 -0.7672031567370643E+00 -0.1180284499031604E+01 -0.1348375064775218E+01 -0.1190298880181761E+01 -0.6255002936295048E+00  0.6862020007067531E+00
  0.3120766657748286E-01 -0.9189664837406637E-02  0.3638672065262952E-02  0.6987974558412252E-01  0.1461449311882298E+00  0.1865185269566492E+00  0.1748430182859999E+00  0.1199851680041986E+00  0.4414584478096872E-01 -0.2752990109885295E-01 -0.7497940922145456E-01 -0.9096204504325817E-01 -0.8337923875919223E-01 -0.8169464500919078E-01 -0.1571410902152491E+00 -0.4011182576498699E+00 -0.8353408918895878E+00 -0.1185653388069320E+01 -0.1233225366822215E+01 -0.7727377946706318E+00  0.1084988017189680E+01
 -0.1647827109453996E+00  0.4356755378897734E-01 -0.3408004957846757E-01 -0.3919935855384895E-01 -0.3331103066225061E-02  0.3118648500088509E-01  0.4451974133042141E-01  0.3472409292351700E-01  0.1059066798769767E-01 -0.1524920765551658E-01 -0.3233337056097285E-01 -0.3584492866825010E-01 -0.2893433374680827E-01 -0.1752253135510726E-01 -0.2370650983570224E-01 -0.9910823115472972E-01 -0.4149065490159865E+00 -0.8293437381646450E+00 -0.1056532142730662E+01 -0.8509790730404341E+00  0.1496405076390640E+01
  0.4181463881706756E+00 -0.2218247493838299E+00 -0.2473278599808142E+00 -0.1804958202914813E+00 -0.1137757170467110E+00 -0.6501025485321531E-01 -0.3478222716758114E-01 -0.1997764295559168E-01 -0.1551439483525032E-01 -0.1524016508525978E-01 -0.1410498516728614E-01 -0.9061111467742838E-02 -0.1633325920056728E-02  0.7891877869517443E-02  0.9993624617092290E-02  0.5870954778287743E-02 -0.1394116709070619E+00 -0.3962746759388978E+00 -0.5707010893746034E+00 -0.5466798589818646E+00  0.1069338487570990E+01
  0.0000000000000000E+00  0.0000000000000000E+00  0.0000000000000000E+00  0.0000000000000000E+00  0.0000000000000000E+00  0.0000000000000000E+00  0.0000000000000000E+00  0.0000000000000000E+00  0.0000000000000000E+00  0.0000000000000000E+00  0.0000000000000000E+00  0.0000000000000000E+00  0.0000000000000000E+00  0.0000000000000000E+00  0.0000000000000000E+00  0.0000000000000000E+00  0.0000000000000000E+00  0.0000000000000000E+00  0.0000000000000000E+00  0.0000000000000000E+00  0.0000000000000000E+00
