  0.0000000000000000E+00  0.0000000000000000E+00  0.0000000000000000E+00  0.0000000000000000E+00  0.0000000000000000E+00  0.0000000000000000E+00  0.0000000000000000E+00  0.0000000000000000E+00  0.0000000000000000E+00  0.0000000000000000E+00  0.0000000000000000E+00  0.0000000000000000E+00  0.0000000000000000E+00  0.0000000000000000E+00  0.0000000000000000E+00  0.0000000000000000E+00  0.0000000000000000E+00  0.0000000000000000E+00  0.0000000000000000E+00  0.0000000000000000E+00  0.0000000000000000E+00
  0.3856247226907771E-01 -0.1603401531240079E-01 -0.9539573668124671E-02  0.9765139129273596E-03 -0.1082144031757662E-01 -0.4082036721949098E-01 -0.7063669206164061E-01 -0.8268263370195492E-01 -0.8139128798432881E-01 -0.7410365499593922E-01 -0.6191220638235627E-01 -0.3109932141107938E-01  0.2796496498769762E-01  0.9604465266633296E-01  0.1363748691678587E+00  0.1346102590449225E+00  0.9904333620459400E-01  0.4415434408956816E-01 -0.9426785836116581E-02 -0.2770372597668452E-01  0.7368439209393698E-01
  0.5531842873757742E-03  0.1778839988079888E-01  0.5391838392977242E-01  0.7222901780468578E-01  0.4225974109877926E-01 -0.2732054174657994E-01 -0.1199271048871886E+00 -0.2107408338779177E+00 -0.2847810783107874E+00 -0.3219048277863519E+00 -0.3077780069958453E+00 -0.2294649627877211E+00 -0.1016250284502873E+00  0.3845375949637588E-01  0.1487425219946144E+00  0.2038511962479046E+00  0.1993709859715103E+00  0.1464526006447600E+00  0.7003090027691811E-01  0.8795866001045765E-02  0.4364330227378081E-01
 -0.1581183160146220E+00  0.1114574122096067E+00  0.1762539206141980E+00  0.1842744068782057E+00  0.1184819876118481E+00  0.3090293303850310E-02 -0.1403657352941216E+00 -0.2829257212513942E+00 -0.4096898104698737E+00 -0.4941217497013040E+00 -0.5172111368222910E+00 -0.4550376698826332E+00 -0.3125277456316957E+00 -0.1246061863695093E+00  0.5841043322027018E-01  0.1973426554823650E+00  0.2684269025010550E+00  0.2622186863457106E+00  0.1934117919244959E+00  0.1017382473964904E+00 -0.1118029502649752E+00
 -0.4085678807349953E+00  0.2496298378432973E+00  0.3403216327948966E+00  0.3210518545661376E+00  0.2128314487915733E+00  0.5012715201058512E-01 -0.1455431467396104E+00 -0.3424087757121287E+00 -0.5251609291345251E+00 -0.6605267634496217E+00 -0.7245807531889467E+00 -0.6848174218423124E+00 -0.5392583663334319E+00 -0.3223717054784432E+00 -0.9125422267258257E-01  0.1119088702698830E+00  0.2581920118106466E+00  0.3203017096315660E+00  0.2930178456701819E+00  0.1940929078507874E+00 -0.2892608778821805E+00
 -0.6729950909481185E+00  0.3984988926668204E+00  0.5225015870523425E+00  0.4713881515977387E+00  0.3266132017539914E+00  0.1270070790929068E+00 -0.1065488137378160E+00 -0.3421352394402900E+00 -0.5686348476064946E+00 -0.7548104625864370E+00 -0.8753266319258818E+00 -0.8853987047346878E+00 -0.7598385468065612E+00 -0.5243164060629922E+00 -0.2546899212470887E+00 -0.9015679117390672E-02  0.1897238203536586E+00  0.3134151338500314E+00  0.3361340595043886E+00  0.2348314671412662E+00 -0.3683603419194100E+00
 -0.8733349150326719E+00  0.5232873171243931E+00  0.6965270363405074E+00  0.6185945976043146E+00  0.4424677506246240E+00  0.2111930540207403E+00 -0.5339711745979309E-01 -0.3184239807561434E+00 -0.5746622561094991E+00 -0.7970449021050362E+00 -0.9687932425403739E+00 -0.1046013240857587E+01 -0.9747307073939929E+00 -0.7429518984666719E+00 -0.4317600842087379E+00 -0.1419517600225581E+00  0.9336097860186209E-01  0.2593105745378908E+00  0.3186377935512977E+00  0.2176480797288279E+00 -0.3343064456351859E+00
 -0.9541762776518855E+00  0.5996025131025773E+00  0.8446312616558463E+00  0.7560841434137261E+00  0.5582508484431647E+00  0.3042327242270308E+00  0.1689068961267859E-01 -0.2698473476837004E+00 -0.5439114592821616E+00 -0.7842343451906657E+00 -0.9874638038056269E+00 -0.1131145404158655E+01 -0.1150680047154009E+01 -0.9763159293228810E+00 -0.6454941644723494E+00 -0.2981137613545248E+00 -0.1987720250962172E-01  0.1744177313306146E+00  0.2563298965340234E+00  0.1724155239005487E+00 -0.2609166751676227E+00
 -0.8947646167018768E+00  0.6173327913938710E+00  0.9572337574797360E+00  0.8807789298821935E+00  0.6708256476633737E+00  0.4002500132967450E+00  0.9275609885835147E-01 -0.2164247581215929E+00 -0.5069511505796412E+00 -0.7531445102062154E+00 -0.9584050787819210E+00 -0.1135533053268943E+01 -0.1247623726349067E+01 -0.1185259271377529E+01 -0.8984878520662289E+00 -0.5085746996323520E+00 -0.1684244935700600E+00  0.6672167116662060E-01  0.1760469843115489E+00  0.1270796170598122E+00 -0.2051918668678877E+00
 -0.7256624422562732E+00  0.5835538697355265E+00  0.1024999166950306E+01  0.9881167355154244E+00  0.7786682092065201E+00  0.4999916486366929E+00  0.1785321878577418E+00 -0.1517610598811828E+00 -0.4625367478375516E+00 -0.7174234242352667E+00 -0.9104943988975190E+00 -0.1080764066241015E+01 -0.1249244406538603E+01 -0.1315045532093666E+01 -0.1141530910492009E+01 -0.7678842128854673E+00 -0.3733407316333104E+00 -0.7427285159055395E-01  0.8791627455750338E-01  0.9090555502179688E-01 -0.1848003905078873E+00
 -0.5181442266714726E+00  0.5179537149180731E+00  0.1035716918082747E+01  0.1066189173848470E+01  0.8749591374272215E+00  0.5975987585212708E+00  0.2706739173091748E+00 -0.7432732026683869E-01 -0.4047786923596283E+00 -0.6751182495827759E+00 -0.8594955641698629E+00 -0.9981919656347196E+00 -0.1173028710356606E+01 -0.1341783029596567E+01 -0.1318672669546376E+01 -0.1030070972555558E+01 -0.6222036848106519E+00 -0.2597427044047047E+00 -0.2166524759503807E-01  0.5107375898794306E-01 -0.1748865245588672E+00
 -0.3206713218199597E+00  0.4323968988937517E+00  0.9765193748612955E+00  0.1092486933562794E+01  0.9431288782131455E+00  0.6804717244295345E+00  0.3593502742560961E+00  0.1199758364202989E-01 -0.3279814717920124E+00 -0.6123951860891588E+00 -0.7975936554243243E+00 -0.9025476340357809E+00 -0.1044020265120637E+01 -0.1267772307431351E+01 -0.1396375478928834E+01 -0.1248211661840487E+01 -0.8835628032716243E+00 -0.4845501214232681E+00 -0.1667617765282093E+00 -0.9281548103665762E-02 -0.1389171322172120E+00
 -0.1525230124141375E+00  0.3328761822960616E+00  0.8461055344740475E+00  0.1048275483298927E+01  0.9661027287611305E+00  0.7360555067390639E+00  0.4326973716942505E+00  0.9627480880494778E-01 -0.2381141049189062E+00 -0.5245452266030137E+00 -0.7119332681785203E+00 -0.7932787540368992E+00 -0.8839626423233281E+00 -0.1110752465678660E+01 -0.1360971409913167E+01 -0.1385385520947134E+01 -0.1123736385193083E+01 -0.7330704237570922E+00 -0.3524139773517875E+00 -0.9559533089243225E-01 -0.6562798467449071E-01
 -0.1905275022535302E-01  0.2252331761550620E+00  0.6566467782398331E+00  0.9190734577004889E+00  0.9196270786595260E+00  0.7454123308968679E+00  0.4778694378664987E+00  0.1680584576062990E+00 -0.1444071611795467E+00 -0.4157603195594581E+00 -0.5961158688018401E+00 -0.6628988062794959E+00 -0.7061295536821753E+00 -0.8962145822700671E+00 -0.1215885354789025E+01 -0.1414592733181170E+01 -0.1309176342019152E+01 -0.9803898270432935E+00 -0.5719537461079178E+00 -0.2055753954888253E+00  0.4477244035855799E-01
  0.8109496022349960E-01  0.1204420331450693E+00  0.4424210596587075E+00  0.7195666802153737E+00  0.7973023564507031E+00  0.6963194472451235E+00  0.4842316478907785E+00  0.2181851794682950E+00 -0.5621257034619064E-01 -0.2955413822349114E+00 -0.4550775360448173E+00 -0.5101630043456875E+00 -0.5203817510729600E+00 -0.6533195331130471E+00 -0.9800668437560313E+00 -0.1317881598796111E+01 -0.1404091096635255E+01 -0.1194573972488066E+01 -0.8069218748643838E+00 -0.3346260290447049E+00  0.1969562122697308E+00
  0.1427917358320640E+00  0.3213454940536303E-01  0.2391953840481531E+00  0.4754081143468859E+00  0.5971636608934424E+00  0.5719789073256297E+00  0.4342101052603354E+00  0.2329932098771590E+00  0.1513957187297233E-01 -0.1765574057438008E+00 -0.3033715248656346E+00 -0.3463384998301755E+00 -0.3405707492696606E+00 -0.4146568188129485E+00 -0.6891613834068163E+00 -0.1093752028875924E+01 -0.1370646200355305E+01 -0.1333950415031240E+01 -0.1027064983994860E+01 -0.4767179043399057E+00  0.4030887290248566E+00
  0.1308094898749821E+00 -0.1276161421629530E-01  0.9252464722609616E-01  0.2491346840715737E+00  0.3644808658503513E+00  0.3890013865996958E+00  0.3247120695385338E+00  0.2003287499591041E+00  0.5335024341672404E-01 -0.7923428082674613E-01 -0.1665885254123001E+00 -0.1966956992772760E+00 -0.1878913039742676E+00 -0.2148819771663941E+00 -0.3945626598593495E+00 -0.7670734077872005E+00 -0.1180128250405303E+01 -0.1348227188843526E+01 -0.1190176061980883E+01 -0.6254360590166000E+00  0.6861321150689166E+00
  0.3115750355436112E-01 -0.9154645995019401E-02  0.3693565569302913E-02  0.6992348630655180E-01  0.1461625386335566E+00  0.1865150653481246E+00  0.1748341593317863E+00  0.1199867904778882E+00  0.4416478584393417E-01 -0.2749822392796951E-01 -0.7495002922531356E-01 -0.9095104341222683E-01 -0.8339546991884882E-01 -0.8171931031365019E-01 -0.1571259289399979E+00 -0.4010234438446993E+00 -0.8351998926006482E+00 -0.1185517419378551E+01 -0.1233112945595636E+01 -0.7726721563483843E+00  0.1084903523449517E+01
 -0.1648133972219809E+00  0.4359724420068000E-01 -0.3402166461994093E-01 -0.3914366845188838E-01 -0.3291155316711029E-02  0.3121014274280792E-01  0.4453359020279976E-01  0.3473636944831112E-01  0.1060591152520561E-01 -0.1523157462247079E-01 -0.3231890538861030E-01 -0.3583907415510736E-01 -0.2894105590379088E-01 -0.1753563174917476E-01 -0.2370684547454921E-01 -0.9904746893659326E-01 -0.4147867066011943E+00 -0.8292289310618882E+00 -0.1056443108440807E+01 -0.8509217616481336E+00  0.1496322176503594E+01
  0.4180885634276497E+00 -0.2217906510345797E+00 -0.2472833896760893E+00 -0.1804574727866469E+00 -0.1137444421341816E+00 -0.6498422723883150E-01 -0.3475918015385748E-01 -0.1995520640498150E-01 -0.1549147120487145E-01 -0.1521720236590109E-01 -0.1408424889705067E-01 -0.9043993362353031E-02 -0.1620987364280115E-02  0.7903580149866134E-02  0.1000883465597115E-01  0.5918119663139706E-02 -0.1393304094805748E+00 -0.3962024157605273E+00 -0.5706516778661578E+00 -0.5466474195994849E+00  0.1069290580932297E+01
  0.0000000000000000E+00  0.0000000000000000E+00  0.0000000000000000E+00  0.0000000000000000E+00  0.0000000000000000E+00  0.0000000000000000E+00  0.0000000000000000E+00  0.0000000000000000E+00  0.0000000000000000E+00  0.0000000000000000E+00  0.0000000000000000E+00  0.0000000000000000E+00  0.0000000000000000E+00  0.0000000000000000E+00  0.0000000000000000E+00  0.0000000000000000E+00  0.0000000000000000E+00  0.0000000000000000E+00  0.0000000000000000E+00  0.0000000000000000E+00  0.0000000000000000E+00
