  0.0000000000000000E+00  0.0000000000000000E+00  0.0000000000000000E+00  0.0000000000000000E+00  0.0000000000000000E+00  0.0000000000000000E+00  0.0000000000000000E+00  0.0000000000000000E+00  0.0000000000000000E+00  0.0000000000000000E+00  0.0000000000000000E+00  0.0000000000000000E+00  0.0000000000000000E+00  0.0000000000000000E+00  0.0000000000000000E+00  0.0000000000000000E+00  0.0000000000000000E+00  0.0000000000000000E+00  0.0000000000000000E+00  0.0000000000000000E+00  0.0000000000000000E+00
  0.3858780850283431E-01 -0.1605116793626874E-01 -0.9565695305971907E-02  0.9470253419205575E-03 -0.1086422191425751E-01 -0.4087414588700279E-01 -0.7068252219080430E-01 -0.8270084306713990E-01 -0.8138790299743834E-01 -0.7409216112205709E-01 -0.6190697819156451E-01 -0.3109153602907941E-01  0.2800399511908066E-01  0.9612676920089173E-01  0.1364696613919057E+00  0.1346824821243412E+00  0.9906952842271366E-01  0.4411925764732542E-01 -0.9522997707990912E-02 -0.2778278871472880E-01  0.7382536843619548E-01
  0.5491758931425519E-03  0.1779700113663847E-01  0.5394017930305797E-01  0.7225703370800701E-01  0.4226490947683757E-01 -0.2735343155571842E-01 -0.1200045526323790E+00 -0.2108560164071921E+00 -0.2849315661878155E+00 -0.3220720457370109E+00 -0.3079383419622443E+00 -0.2295706114737956E+00 -0.1016445169196773E+00  0.3852043763016245E-01  0.1488616973287875E+00  0.2039799566723732E+00  0.1994698587622908E+00  0.1464916660760388E+00  0.6999561734818706E-01  0.8732352190702095E-02  0.4379856077608077E-01
 -0.1581984481964964E+00  0.1115147422924695E+00  0.1763457786809122E+00  0.1843766913025617E+00  0.1185506004129798E+00  0.3107410472352613E-02 -0.1404122722886562E+00 -0.2830300305583267E+00 -0.4098537659812262E+00 -0.4943258557430033E+00 -0.5174374467833210E+00 -0.4552345385189665E+00 -0.3126483655439966E+00 -0.1246264337006884E+00  0.5847587273772769E-01  0.1974623402225517E+00  0.2685613501029024E+00  0.2623235441302519E+00  0.1934473640592902E+00  0.1017045511856930E+00 -0.1116662894977889E+00
 -0.4087780506818767E+00  0.2497607593124685E+00  0.3405042272555288E+00  0.3212302880441827E+00  0.2129506360275502E+00  0.5016751318384285E-01 -0.1456008737409168E+00 -0.3425555302812130E+00 -0.5253963314747798E+00 -0.6608204476293683E+00 -0.7249105894660024E+00 -0.6851264236180726E+00 -0.5394919137442810E+00 -0.3224938374071804E+00 -0.9127293767021406E-01  0.1119713893677559E+00  0.2583095308371368E+00  0.3204308252182745E+00  0.2931035236058758E+00  0.1940883285238008E+00 -0.2891614619655265E+00
 -0.6733461197141647E+00  0.3987112452086917E+00  0.5227876159119106E+00  0.4716532566245558E+00  0.3268047363388328E+00  0.1271076912822963E+00 -0.1065638667910465E+00 -0.3422559418551253E+00 -0.5688632252726188E+00 -0.7551171460750024E+00 -0.8756978536514399E+00 -0.8857855685259088E+00 -0.7601710602681793E+00 -0.5245296721864053E+00 -0.2547842787388594E+00 -0.9021175920688580E-02  0.1897925085791196E+00  0.3135273268005409E+00  0.3362294476731715E+00  0.2348297528656439E+00 -0.3682598109237603E+00
 -0.8737965997158411E+00  0.5235692340472370E+00  0.6969111024258700E+00  0.6189395849463244E+00  0.4427230815965666E+00  0.2113386770731966E+00 -0.5339418064520000E-01 -0.3185511699300400E+00 -0.5749124088726015E+00 -0.7973753483238147E+00 -0.9691912074711617E+00 -0.1046457040736589E+01 -0.9751623139413599E+00 -0.7432711862927339E+00 -0.4319293139752348E+00 -0.1420161924690678E+00  0.9337475506934612E-01  0.2593802065048366E+00  0.3187039912963127E+00  0.2176292806219697E+00 -0.3341838505695963E+00
 -0.9546839741381736E+00  0.5999281999654724E+00  0.8451006257582436E+00  0.7565080114139711E+00  0.5585799311573235E+00  0.3044415304528492E+00  0.1693168431189842E-01 -0.2699694393857896E+00 -0.5441812283823827E+00 -0.7845866640443652E+00 -0.9878639803841038E+00 -0.1131595916589767E+01 -0.1151172880434371E+01 -0.9767511301652844E+00 -0.6457665579927990E+00 -0.2982453429752532E+00 -0.1991985435530831E-01  0.1744312258172934E+00  0.2563464693639775E+00  0.1723788802940931E+00 -0.2607901715183017E+00
 -0.8952302066429167E+00  0.6176680025295689E+00  0.9577738009457899E+00  0.8812818941683690E+00  0.6712356178270060E+00  0.4005308528354417E+00  0.9283937334036087E-01 -0.2165512204215863E+00 -0.5072687464812100E+00 -0.7535630937625903E+00 -0.9588392671211340E+00 -0.1135971552305697E+01 -0.1248119002442903E+01 -0.1185773981622415E+01 -0.8988823705918406E+00 -0.5088062687304206E+00 -0.1685407676144839E+00  0.6667774861379860E-01  0.1760227591862216E+00  0.1270366554224922E+00 -0.2050872070812552E+00
 -0.7259906280753212E+00  0.5838598492217667E+00  0.1025588919589979E+01  0.9886950448210720E+00  0.7791610243808172E+00  0.5003548376322730E+00  0.1786802280268306E+00 -0.1518629403015244E+00 -0.4628810328647000E+00 -0.7179168551805964E+00 -0.9110002708294072E+00 -0.1081210290390878E+01 -0.1249705551191541E+01 -0.1315573955417236E+01 -0.1142012007809657E+01 -0.7682208864487386E+00 -0.3735503322409107E+00 -0.7438346675011137E-01  0.8785966488637142E-01  0.9086386390713581E-01 -0.1847319268350360E+00
 -0.5183121661777113E+00  0.5182110131672022E+00  0.1036320873323895E+01  0.1066827659591017E+01  0.8755245882741181E+00  0.5980381392536204E+00  0.2708944895502172E+00 -0.7437861043446879E-01 -0.4051092219246729E+00 -0.6756528958192077E+00 -0.8600769134251774E+00 -0.9986730810062144E+00 -0.1173452771520338E+01 -0.1342278909838810E+01 -0.1319187990770629E+01 -0.1030482865094046E+01 -0.6224984270025427E+00 -0.2599278240468698E+00 -0.2176173108672822E-01  0.5102482634035736E-01 -0.1748362101078003E+00
 -0.3207050939654151E+00  0.4325959086635859E+00  0.9770826320253426E+00  0.1093145888302371E+01  0.9437366193446741E+00  0.6809605219232959E+00  0.3596299201567643E+00  0.1200608462901607E-01 -0.3282615235751432E+00 -0.6129128966897652E+00 -0.7982052597070384E+00 -0.9030588084760965E+00 -0.1044408593232796E+01 -0.1268206203636825E+01 -0.1396878674978844E+01 -0.1248660449631388E+01 -0.8839164495898738E+00 -0.4848053931219760E+00 -0.1669089017834169E+00 -0.9349372458092453E-02 -0.1388607844091396E+00
 -0.1524554418565943E+00  0.3330070421407343E+00  0.8465656845656088E+00  0.1048898027238800E+01  0.9667151867599800E+00  0.7365634317694424E+00  0.4330117735561053E+00  0.9633286145986468E-01 -0.2383321053502253E+00 -0.5250039043619255E+00 -0.7125137703117643E+00 -0.7937810501964907E+00 -0.8843058561111856E+00 -0.1111106626531171E+01 -0.1361428306196785E+01 -0.1385838644837489E+01 -0.1124117692853764E+01 -0.7333774116494957E+00 -0.3526131693350151E+00 -0.9568493658081552E-01 -0.6555835959256850E-01
 -0.1890744536484712E-01  0.2252856988188812E+00  0.6569496510917964E+00  0.9195849095129818E+00  0.9201846383565325E+00  0.7458973102667644E+00  0.4781889101604331E+00  0.1681495120720676E+00 -0.1445643994968211E+00 -0.4161377483367577E+00 -0.5966140448679166E+00 -0.6633373575190351E+00 -0.7064021709930609E+00 -0.8964736537537202E+00 -0.1216270926862342E+01 -0.1415027753073119E+01 -0.1309563612210398E+01 -0.9807246043194296E+00 -0.5721939941768414E+00 -0.2056837750007131E+00  0.4485733082529808E-01
  0.8131243356216183E-01  0.1204118655737110E+00  0.4425480302832947E+00  0.7199099823780202E+00  0.7977494845638000E+00  0.6967426670330406E+00  0.4845296682474572E+00  0.2182926716850595E+00 -0.5631517193340153E-01 -0.2958283488475321E+00 -0.4554613237548801E+00 -0.5104923138415682E+00 -0.5205570967185185E+00 -0.6534722285505458E+00 -0.9803633256697776E+00 -0.1318280227728154E+01 -0.1404470523453267E+01 -0.1194917088755921E+01 -0.8071864883430131E+00 -0.3347486190756983E+00  0.1970593688840816E+00
  0.1430782384971969E+00  0.3203014195147991E-01  0.2391686643516367E+00  0.4755496457421343E+00  0.5974353327799053E+00  0.5722826049896023E+00  0.4344480989606167E+00  0.2330962222624326E+00  0.1508373303220477E-01 -0.1767509436001415E+00 -0.3036265388899570E+00 -0.3465377013212757E+00 -0.3406403290041764E+00 -0.4147051611050540E+00 -0.6893599996380962E+00 -0.1094100173484764E+01 -0.1371009839656836E+01 -0.1334288046552036E+01 -0.1027338322008357E+01 -0.4768507536036246E+00  0.4032139388025167E+00
  0.1310912269590953E+00 -0.1289137890223112E-01  0.9241709025240194E-01  0.2491195199554023E+00  0.3645684509929746E+00  0.3891441892731623E+00  0.3248419925289286E+00  0.2003876785953101E+00  0.5331388421239615E-01 -0.7935104645195931E-01 -0.1667277083999230E+00 -0.1967813910938432E+00 -0.1878806091669084E+00 -0.2148528684846994E+00 -0.3946672329711098E+00 -0.7673567739206529E+00 -0.1180469416801849E+01 -0.1348549997969589E+01 -0.1190444166539940E+01 -0.6255762772546262E+00  0.6862846652239387E+00
  0.3126698279998480E-01 -0.9231108219349972E-02  0.3573658141934884E-02  0.6982781215627630E-01  0.1461238254075718E+00  0.1865223130970543E+00  0.1748531876872974E+00  0.1199829394532281E+00  0.4412315704545061E-01 -0.2756755696315378E-01 -0.7501415140998718E-01 -0.9097478588221365E-01 -0.8335950142912592E-01 -0.8166489709817362E-01 -0.1571587805071155E+00 -0.4012305212595172E+00 -0.8355078413663548E+00 -0.1185814297132336E+01 -0.1233358380903343E+01 -0.7728154477442490E+00  0.1085087962329404E+01
 -0.1647464783456730E+00  0.4353244315589663E-01 -0.3414914887798308E-01 -0.3926533879248556E-01 -0.3378520369379773E-02  0.3115830821052359E-01  0.4450316638156348E-01  0.3470939314409770E-01  0.1057249514982124E-01 -0.1527013954771943E-01 -0.3235045230195379E-01 -0.3585170942777231E-01 -0.2892612477616928E-01 -0.1750673113346209E-01 -0.2370592551006849E-01 -0.9918015664561255E-01 -0.4150484717026612E+00 -0.8294796477248502E+00 -0.1056637508527228E+01 -0.8510468842189418E+00  0.1496503144129597E+01
  0.4182147765654011E+00 -0.2218650799318534E+00 -0.2473804632301592E+00 -0.1805411946924264E+00 -0.1138127449501996E+00 -0.6504109507892215E-01 -0.3480955394840905E-01 -0.2000425073176154E-01 -0.1554156840725727E-01 -0.1526735857070641E-01 -0.1412950378350519E-01 -0.9081308189919647E-02 -0.1647835938051804E-02  0.7878130131752278E-02  0.9975690174399346E-02  0.5815124588148366E-02 -0.1395078942164370E+00 -0.3963602288230885E+00 -0.5707595742463106E+00 -0.5467182473255533E+00  0.1069395167730349E+01
  0.0000000000000000E+00  0.0000000000000000E+00  0.0000000000000000E+00  0.0000000000000000E+00  0.0000000000000000E+00  0.0000000000000000E+00  0.0000000000000000E+00  0.0000000000000000E+00  0.0000000000000000E+00  0.0000000000000000E+00  0.0000000000000000E+00  0.0000000000000000E+00  0.0000000000000000E+00  0.0000000000000000E+00  0.0000000000000000E+00  0.0000000000000000E+00  0.0000000000000000E+00  0.0000000000000000E+00  0.0000000000000000E+00  0.0000000000000000E+00  0.0000000000000000E+00
