  0.0000000000000000E+00  0.0000000000000000E+00  0.0000000000000000E+00  0.0000000000000000E+00  0.0000000000000000E+00  0.0000000000000000E+00  0.0000000000000000E+00  0.0000000000000000E+00  0.0000000000000000E+00  0.0000000000000000E+00  0.0000000000000000E+00  0.0000000000000000E+00  0.0000000000000000E+00  0.0000000000000000E+00  0.0000000000000000E+00  0.0000000000000000E+00  0.0000000000000000E+00  0.0000000000000000E+00  0.0000000000000000E+00  0.0000000000000000E+00  0.0000000000000000E+00
  0.4527383354572764E-01 -0.2890377505099770E-01 -0.4143749160726547E-01 -0.4560431892622470E-01 -0.6291146700612239E-01 -0.8691486517104036E-01 -0.1048046553512886E+00 -0.1093588768550982E+00 -0.1065885215556695E+00 -0.9643267247006702E-01 -0.7244911645125510E-01 -0.2129029331736221E-01  0.4934135787594530E-01  0.1074097404097737E+00  0.1296726495494422E+00  0.1155854354775506E+00  0.7627270892717306E-01  0.2445460470766683E-01 -0.2106181171564893E-01 -0.3126517058975083E-01  0.7273370005360356E-01
  0.2918100016822955E-01 -0.8625697069435494E-02  0.3303908959923072E-02  0.7158248451242038E-02 -0.2626326490776719E-01 -0.8768152779516183E-01 -0.1629934498930665E+00 -0.2313324749663156E+00 -0.2788971334329636E+00 -0.2848841247715401E+00 -0.2398519375372920E+00 -0.1429066626216588E+00 -0.1987129220610659E-01  0.9366328670089501E-01  0.1695391641223497E+00  0.1956362729692719E+00  0.1744522315426009E+00  0.1183656880373681E+00  0.4926814166283524E-01 -0.9326354478268111E-03  0.5206604800631567E-01
 -0.8925955539435629E-01  0.6365232613512760E-01  0.1016974230110265E+00  0.9876905865522204E-01  0.3201230273456696E-01 -0.7516673790153082E-01 -0.2042660674535674E+00 -0.3275122414776310E+00 -0.4293382641451972E+00 -0.4812916451790750E+00 -0.4686326610979663E+00 -0.3774524975197109E+00 -0.2266966065711198E+00 -0.5415423566449647E-01  0.9988417297421516E-01  0.2071857628182821E+00  0.2523634012259408E+00  0.2324248704254169E+00  0.1639924583414274E+00  0.8259804422333558E-01 -0.8380167432857932E-01
 -0.3160220047066086E+00  0.1902070653012790E+00  0.2545991911972284E+00  0.2317513261881509E+00  0.1273555058680599E+00 -0.2490041312288756E-01 -0.2056194334826503E+00 -0.3814958459948245E+00 -0.5363038529558126E+00 -0.6350760684413783E+00 -0.6598835814264745E+00 -0.5891114414020786E+00 -0.4351106441256695E+00 -0.2336732231899795E+00 -0.3047162281722837E-01  0.1414590405076827E+00  0.2577154368786945E+00  0.2979293508232254E+00  0.2628617443747920E+00  0.1721830808386107E+00 -0.2536874981410402E+00
 -0.5861246337622597E+00  0.3408713878944340E+00  0.4364895299210423E+00  0.3832373788590267E+00  0.2397563265012626E+00  0.4548356767310480E-01 -0.1802769292859073E+00 -0.4025743686341142E+00 -0.6090832303701855E+00 -0.7630452226394193E+00 -0.8410433649131321E+00 -0.8073754728283422E+00 -0.6586795388073143E+00 -0.4310533054926263E+00 -0.1873170526558203E+00  0.3037800991347566E-01  0.2013927319149555E+00  0.3009242222648459E+00  0.3114346059305848E+00  0.2184030034805201E+00 -0.3437744045109755E+00
 -0.8185334424890737E+00  0.4801116201542723E+00  0.6218014179737431E+00  0.5409028382807379E+00  0.3662068511313381E+00  0.1405524182467049E+00 -0.1165662757561153E+00 -0.3706417327470142E+00 -0.6139736472555546E+00 -0.8160206606642797E+00 -0.9562143588389560E+00 -0.9899498436969176E+00 -0.8824306532911911E+00 -0.6459612757839399E+00 -0.3594859427843459E+00 -0.9923699103856291E-01  0.1107729588935747E+00  0.2548446508955243E+00  0.3025398736693566E+00  0.2094535775313207E+00 -0.3258208589246056E+00
 -0.9461699455060958E+00  0.5775885397653132E+00  0.7865956737898437E+00  0.6894595974318796E+00  0.4896810753161839E+00  0.2381257915481900E+00 -0.4400821897126825E-01 -0.3214714395597835E+00 -0.5867417228829657E+00 -0.8165789177253882E+00 -0.1002870289751832E+01 -0.1112649775018407E+01 -0.1087613693146466E+01 -0.8870953271726175E+00 -0.5679243958747282E+00 -0.2510661457061273E+00  0.6861811627526326E-03  0.1760074809436639E+00  0.2485625105953181E+00  0.1695804898758384E+00 -0.2601789590321970E+00
 -0.9348629396572311E+00  0.6175709334041543E+00  0.9178498605552318E+00  0.8249124736245953E+00  0.6097061752446422E+00  0.3404898692447935E+00  0.3931768909100528E-01 -0.2581183218375464E+00 -0.5382751553581104E+00 -0.7781631305128371E+00 -0.9805809660333289E+00 -0.1144282652712697E+01 -0.1221677162843007E+01 -0.1120908782555538E+01 -0.8239611767965441E+00 -0.4547918396650477E+00 -0.1420753973298390E+00  0.7335994568509688E-01  0.1734340185559270E+00  0.1258342623936207E+00 -0.2040687686249350E+00
 -0.7943198334464447E+00  0.6001826139310672E+00  0.1006228008346757E+01  0.9438925902383841E+00  0.7244631365062485E+00  0.4442872581123544E+00  0.1269399739544472E+00 -0.1924000692878443E+00 -0.4910828151809684E+00 -0.7375282698679754E+00 -0.9310548091756976E+00 -0.1102384096844045E+01 -0.1253335928079902E+01 -0.1283795568323837E+01 -0.1085077303277224E+01 -0.7146699660197116E+00 -0.3407742783917134E+00 -0.6174105386065645E-01  0.8887238892815852E-01  0.8944329768348767E-01 -0.1794575041223045E+00
 -0.5899268636114783E+00  0.5434899447286101E+00  0.1040542970574352E+01  0.1038002075904396E+01  0.8301387625882253E+00  0.5478462401958418E+00  0.2224612899568200E+00 -0.1140459868238284E+00 -0.4334454313882788E+00 -0.6943360135241144E+00 -0.8778360814114315E+00 -0.1023449130356814E+01 -0.1194766402154450E+01 -0.1338523352944777E+01 -0.1286679369822665E+01 -0.9877158325231279E+00 -0.5893479524295773E+00 -0.2429056787994573E+00 -0.1728292541978429E-01  0.5027807551630267E-01 -0.1681171519686923E+00
 -0.3832464763113745E+00  0.4632791080829403E+00  0.1006590847937446E+01  0.1086748837668380E+01  0.9129860882744743E+00  0.6406463893203833E+00  0.3175255217347431E+00 -0.2590085034173410E-01 -0.3592267273976232E+00 -0.6366223599880049E+00 -0.8198158472283733E+00 -0.9312357034243922E+00 -0.1075619648358482E+01 -0.1284161760088839E+01 -0.1387174646733583E+01 -0.1221783250888138E+01 -0.8566777479697308E+00 -0.4673303385681252E+00 -0.1601140559867035E+00 -0.8605165742708962E-02 -0.1342985587585767E+00
 -0.2023795628521423E+00  0.3671053210803324E+00  0.8989364003888549E+00  0.1069741651450305E+01  0.9561040153994512E+00  0.7095131469507528E+00  0.3995769533544004E+00  0.6243055766086974E-01 -0.2703002457363576E+00 -0.5544637115761422E+00 -0.7420168702527971E+00 -0.8287171909624110E+00 -0.9223706881260034E+00 -0.1138734490272597E+01 -0.1368693416989457E+01 -0.1374626565818440E+01 -0.1106077640215537E+01 -0.7190498102619768E+00 -0.3454884438285337E+00 -0.9404920953583835E-01 -0.6334081522101864E-01
 -0.5647163611635475E-01  0.2600912398253937E+00  0.7238020833598264E+00  0.9673084043313915E+00  0.9345541255090165E+00  0.7366983015508676E+00  0.4562136620900016E+00  0.1401192506682091E+00 -0.1759733935942241E+00 -0.4502672209312123E+00 -0.6345719991719221E+00 -0.7071778052732276E+00 -0.7512870848695584E+00 -0.9304963138581224E+00 -0.1233543131894314E+01 -0.1415903913374136E+01 -0.1300433916176624E+01 -0.9710868813936556E+00 -0.5662887495337594E+00 -0.2039517704964758E+00  0.4556656195566799E-01
  0.5470899380742628E-01  0.1520167947549696E+00  0.5107593780723351E+00  0.7861787528496604E+00  0.8364406974777960E+00  0.7078110081372010E+00  0.4763505835854558E+00  0.1979520064092651E+00 -0.8539659690618744E-01 -0.3323830946894343E+00 -0.4993443824075676E+00 -0.5611874424848197E+00 -0.5706526667189884E+00 -0.6902936812178497E+00 -0.1001460205624797E+01 -0.1326472177052898E+01 -0.1402414056602196E+01 -0.1189725031789187E+01 -0.8030801927299682E+00 -0.3333145995323540E+00  0.1968636058670938E+00
  0.1284022667171489E+00  0.5538136082978559E-01  0.2945463492065056E+00  0.5445552254425640E+00  0.6532674754084357E+00  0.6038192152219398E+00  0.4428812823640118E+00  0.2234220119309391E+00 -0.8631651001265473E-02 -0.2119277659633732E+00 -0.3483938919745778E+00 -0.3980696439204280E+00 -0.3907828391489125E+00 -0.4505671491418685E+00 -0.7095780980656389E+00 -0.1104754294662817E+01 -0.1373385777808413E+01 -0.1332609972155522E+01 -0.1024980215028878E+01 -0.4758225063895382E+00  0.4024873041397370E+00
  0.1352368056096511E+00 -0.3395202177798348E-02  0.1250511990762561E+00  0.3013137512988562E+00  0.4186191718253812E+00  0.4305907168857169E+00  0.3477436263097792E+00  0.2045248785625393E+00  0.4061944278149762E-01 -0.1062840385746436E+00 -0.2043959102851430E+00 -0.2402240319913496E+00 -0.2299626448631170E+00 -0.2450428581134879E+00 -0.4109527948855277E+00 -0.7770840626001720E+00 -0.1184876318657682E+01 -0.1349208163274991E+01 -0.1189498375114148E+01 -0.6249288611031050E+00  0.6852882081951672E+00
  0.4774661348494847E-01 -0.1071837980619222E-01  0.1559147406637180E-01  0.9808287540304153E-01  0.1820050289312787E+00  0.2190896246513339E+00  0.1967143456757110E+00  0.1279987214165867E+00  0.3822237404657360E-01 -0.4530472930753322E-01 -0.1007651002310638E+00 -0.1199600467257646E+00 -0.1110969048011029E+00 -0.1021832092457347E+00 -0.1680378474938922E+00 -0.4084292238652901E+00 -0.8404342510771980E+00 -0.1187899901570069E+01 -0.1233445418528960E+01 -0.7724762837643550E+00  0.1083983432764105E+01
 -0.1589889380171419E+00  0.4216650980854857E-01 -0.3248940859149621E-01 -0.2837183870695543E-01  0.1410471367100002E-01  0.4945827158885788E-01  0.5846855279579759E-01  0.4135091558016814E-01  0.9205300055598921E-02 -0.2345131237871445E-01 -0.4490878699808100E-01 -0.4991230396015323E-01 -0.4220933735521764E-01 -0.2785161663592339E-01 -0.2937412535891510E-01 -0.1038838671236824E+00 -0.4197616598330353E+00 -0.8321708515061819E+00 -0.1057347928291547E+01 -0.8509850300915638E+00  0.1495607161983145E+01
  0.4186721547676137E+00 -0.2208445285213499E+00 -0.2438614307964360E+00 -0.1754701007462005E+00 -0.1080236436198255E+00 -0.5938264020671414E-01 -0.3048203865755831E-01 -0.1811976561242405E-01 -0.1662727993339528E-01 -0.1908706773838608E-01 -0.1976468613313824E-01 -0.1531782322093759E-01 -0.7429004604563480E-02  0.3116645354521317E-02  0.7151274733060056E-02  0.2993252139387367E-02 -0.1427350852409735E+00 -0.3983462372506746E+00 -0.5713792957059408E+00 -0.5468165816525871E+00  0.1069070449251820E+01
  0.0000000000000000E+00  0.0000000000000000E+00  0.0000000000000000E+00  0.0000000000000000E+00  0.0000000000000000E+00  0.0000000000000000E+00  0.0000000000000000E+00  0.0000000000000000E+00  0.0000000000000000E+00  0.0000000000000000E+00  0.0000000000000000E+00  0.0000000000000000E+00  0.0000000000000000E+00  0.0000000000000000E+00  0.0000000000000000E+00  0.0000000000000000E+00  0.0000000000000000E+00  0.0000000000000000E+00  0.0000000000000000E+00  0.0000000000000000E+00  0.0000000000000000E+00
