  0.0000000000000000E+00  0.0000000000000000E+00  0.0000000000000000E+00  0.0000000000000000E+00  0.0000000000000000E+00  0.0000000000000000E+00  0.0000000000000000E+00  0.0000000000000000E+00  0.0000000000000000E+00  0.0000000000000000E+00  0.0000000000000000E+00  0.0000000000000000E+00  0.0000000000000000E+00  0.0000000000000000E+00  0.0000000000000000E+00  0.0000000000000000E+00  0.0000000000000000E+00  0.0000000000000000E+00  0.0000000000000000E+00  0.0000000000000000E+00  0.0000000000000000E+00
  0.3816219344881168E-01 -0.2003503407308373E-01 -0.2194290877043950E-01 -0.2000389991959255E-01 -0.3645036733389147E-01 -0.6456482921703842E-01 -0.8789227450666405E-01 -0.9513834422168102E-01 -0.9272413410801958E-01 -0.8493330004757246E-01 -0.6875321987970899E-01 -0.2932141331233662E-01  0.3671548886659310E-01  0.1018993860703891E+00  0.1340515181022261E+00  0.1259970307055986E+00  0.8806444260514096E-01  0.3415600270708388E-01 -0.1574368146532688E-01 -0.2983084526363340E-01  0.7374885432557333E-01
  0.6191807056871699E-02  0.9183434275978248E-02  0.3374210988480644E-01  0.4289251451794608E-01  0.9370016948383108E-02 -0.5744726808215155E-01 -0.1421979812193808E+00 -0.2226279569589727E+00 -0.2846529976552594E+00 -0.3078027388992283E+00 -0.2790193976080331E+00 -0.1905121897264816E+00 -0.6264357083518549E-01  0.6660699056782000E-01  0.1609321980337530E+00  0.2015380095337553E+00  0.1879759309308136E+00  0.1326093504355494E+00  0.5935155589081976E-01  0.3672988741065210E-02  0.4833258966762413E-01
 -0.1376853536923783E+00  0.9424180198998261E-01  0.1450400522775695E+00  0.1450960500996417E+00  0.7733374106300160E-01 -0.3493924015107677E-01 -0.1719478610769383E+00 -0.3059528040700851E+00 -0.4216802645742512E+00 -0.4917641202724081E+00 -0.4983042060129905E+00 -0.4218089856749430E+00 -0.2736547686398073E+00 -0.9118690656662073E-01  0.7917270155427801E-01  0.2031747640725064E+00  0.2612409031726546E+00  0.2475610808638311E+00  0.1784225594522466E+00  0.9189847357803052E-01 -0.9727286128184495E-01
 -0.3790728374819866E+00  0.2276598375500099E+00  0.3039066751680430E+00  0.2805514923323295E+00  0.1732798037573559E+00  0.1481689543993205E-01 -0.1744222197366588E+00 -0.3624365230840504E+00 -0.5330302095609707E+00 -0.6521902051701826E+00 -0.6978508987730729E+00 -0.6427663903026493E+00 -0.4918961656225496E+00 -0.2810102440210516E+00 -0.6216727618205881E-01  0.1265173768558126E+00  0.2581224143542420E+00  0.3089749385606822E+00  0.2774120970131588E+00  0.1827898907493130E+00 -0.2709575752347801E+00
 -0.6467531012739285E+00  0.3775686189731166E+00  0.4859527556454213E+00  0.4320859319937076E+00  0.2875314600791828E+00  0.8977161024906075E-01 -0.1407766520023496E+00 -0.3714229176131766E+00 -0.5899578197254861E+00 -0.7627859984132583E+00 -0.8643268226744709E+00 -0.8537458068123565E+00 -0.7160046844014436E+00 -0.4826074391368564E+00 -0.2238962501680434E+00  0.9264858875202175E-02  0.1948025486995921E+00  0.3063845180979287E+00  0.3228700741843075E+00  0.2262403480519548E+00 -0.3558509699715571E+00
 -0.8616259050177443E+00  0.5088942900677306E+00  0.6650569651854475E+00  0.5846208546255524E+00  0.4091897836417882E+00  0.1801123158388306E+00 -0.8133156768983733E-01 -0.3422483242627012E+00 -0.5935362371795575E+00 -0.8080935974177784E+00 -0.9666784049880753E+00 -0.1024723011671624E+01 -0.9364968348356352E+00 -0.7014426687094441E+00 -0.4003439078543880E+00 -0.1233469622277339E+00  0.1003476694194910E+00  0.2556451428880105E+00  0.3093917580640380E+00  0.2132297664251239E+00 -0.3302975412113338E+00
 -0.9628654655511313E+00  0.5945352358104374E+00  0.8207402418801810E+00  0.7276236269021154E+00  0.5291802030747870E+00  0.2758623553936662E+00 -0.9530643262520226E-02 -0.2931374614972525E+00 -0.5642165781276145E+00 -0.8010682254216014E+00 -0.9977940082681678E+00 -0.1127155962327353E+01 -0.1127085209590226E+01 -0.9406166886282092E+00 -0.6138514403399062E+00 -0.2790818203312637E+00 -0.1230777271170051E-01  0.1733601747056829E+00  0.2512560820456226E+00  0.1708184796208519E+00 -0.2611993568169331E+00
 -0.9233842373941773E+00  0.6218079452778218E+00  0.9420395984392881E+00  0.8577583940656790E+00  0.6458818371422987E+00  0.3756346388603985E+00  0.7064259206153016E-01 -0.2343868633946866E+00 -0.5214344926871420E+00 -0.7660724535337576E+00 -0.9710350507794617E+00 -0.1142939575505370E+01 -0.1240496061414027E+01 -0.1161997484105896E+01 -0.8704227719720140E+00 -0.4883618866460898E+00 -0.1593153429751439E+00  0.6773888506580827E-01  0.1736739971573892E+00  0.1264289918285771E+00 -0.2056129783283420E+00
 -0.7639450994965147E+00  0.5945368839250209E+00  0.1019665552278548E+01  0.9711821815823980E+00  0.7577579476112047E+00  0.4782170727222120E+00  0.1580723929276183E+00 -0.1688533809590522E+00 -0.4760434333679768E+00 -0.7289704781311310E+00 -0.9233198164288413E+00 -0.1094120952290821E+01 -0.1254864997724988E+01 -0.1306292660357863E+01 -0.1122685973254028E+01 -0.7495974729655865E+00 -0.3626693167855418E+00 -0.7114103985851032E-01  0.8713924574251733E-01  0.9006869974528034E-01 -0.1830668534933237E+00
 -0.5551018563583419E+00  0.5322492768706328E+00  0.1041645974253557E+01  0.1057518907359841E+01  0.8592785425581191E+00  0.5795748510710365E+00  0.2528040434161136E+00 -0.8995313565758330E-01 -0.4176860660157969E+00 -0.6864133359564745E+00 -0.8724079043651970E+00 -0.1014328799620532E+01 -0.1186471346275307E+01 -0.1344587707169432E+01 -0.1310540981630120E+01 -0.1017512261120009E+01 -0.6124196752854151E+00 -0.2554237448646245E+00 -0.2129383023099017E-01  0.5021388020183690E-01 -0.1719354708365009E+00
 -0.3516753089300960E+00  0.4486087985886661E+00  0.9941510868359024E+00  0.1094845309178674E+01  0.9349577533314731E+00  0.6678260099205411E+00  0.3452573987245748E+00 -0.1876518698898219E-02 -0.3413191995174287E+00 -0.6257354392232242E+00 -0.8130436977368434E+00 -0.9217842028960347E+00 -0.1062597130232841E+01 -0.1278532020192335E+01 -0.1397424294451012E+01 -0.1242747726626875E+01 -0.8770309386424328E+00 -0.4807703856546397E+00 -0.1659575999377581E+00 -0.9827698778915577E-02 -0.1364745036010113E+00
 -0.1765315392614730E+00  0.3501062114471215E+00  0.8737870950798914E+00  0.1063400244106155E+01  0.9676692587184068E+00  0.7300064488605020E+00  0.4230551842405358E+00  0.8484900962559815E-01 -0.2511507179262044E+00 -0.5398213136634815E+00 -0.7309718565461544E+00 -0.8167380769759780E+00 -0.9067804905473151E+00 -0.1126308634375630E+01 -0.1368227790258015E+01 -0.1386134928492388E+01 -0.1121311893250993E+01 -0.7311052311648530E+00 -0.3520050363862592E+00 -0.9601383094579885E-01 -0.6396354354886269E-01
 -0.3650954744151758E-01  0.2421599611193023E+00  0.6899703359163892E+00  0.9460736635969382E+00  0.9326757440937880E+00  0.7477845504358892E+00  0.4737300968581276E+00  0.1596558980499546E+00 -0.1567119084958160E+00 -0.4325770233672518E+00 -0.6185377862340020E+00 -0.6906850099669616E+00 -0.7329436172723078E+00 -0.9146393850376310E+00 -0.1226325194453316E+01 -0.1419468006456061E+01 -0.1310182673042293E+01 -0.9804737322694358E+00 -0.5723783649695231E+00 -0.2061136919260118E+00  0.4596271080851211E-01
  0.6945867920894783E-01  0.1351859015324617E+00  0.4750163838063330E+00  0.7538916472526267E+00  0.8208803359187503E+00  0.7077352480769933E+00  0.4862956548708415E+00  0.2132942445315942E+00 -0.6729224204769864E-01 -0.3130617375518491E+00 -0.4795178297258900E+00 -0.5404790848826350E+00 -0.5496652232402192E+00 -0.6730264417331299E+00 -0.9912149343679115E+00 -0.1324593478113788E+01 -0.1407312854438989E+01 -0.1196209733854202E+01 -0.8081167453221109E+00 -0.3353508519361731E+00  0.1979358104864083E+00
  0.1376040754084915E+00  0.4230586792095455E-01  0.2645216791713552E+00  0.5091991301874111E+00  0.6272232220682666E+00  0.5920355395457174E+00  0.4435498875720220E+00  0.2328584579120338E+00  0.6564676771729581E-02 -0.1930974375766632E+00 -0.3273309931302681E+00 -0.3756796740806582E+00 -0.3689728089406565E+00 -0.4336257099789712E+00 -0.6992167412721614E+00 -0.1100316833037211E+01 -0.1374761337021185E+01 -0.1336498226044420E+01 -0.1028763288028917E+01 -0.4775959515870566E+00  0.4040245667322522E+00
  0.1352315718574118E+00 -0.9615443375659770E-02  0.1063852417304325E+00  0.2733300251434647E+00  0.3914950498852687E+00  0.4116967172212703E+00  0.3393590378296079E+00  0.2057655032483781E+00  0.4958626979418407E-01 -0.9164584149886663E-01 -0.1861457461941007E+00 -0.2204174703042002E+00 -0.2108963985050981E+00 -0.2305228261570859E+00 -0.4023619612966428E+00 -0.7723586652912933E+00 -0.1184182576224329E+01 -0.1351103245819683E+01 -0.1192097983316004E+01 -0.6264142987884205E+00  0.6871449130492573E+00
  0.4011364452993509E-01 -0.1073893743368607E-01  0.7896832228876868E-02  0.8211962332633856E-01  0.1630794423947418E+00  0.2030740497612916E+00  0.1870798034581992E+00  0.1257229422949352E+00  0.4269357246205295E-01 -0.3563548800894922E-01 -0.8797355489935593E-01 -0.1061878975117043E+00 -0.9801874726448419E-01 -0.9203855855915394E-01 -0.1621360441991812E+00 -0.4047164631573485E+00 -0.8388228276501023E+00 -0.1188380485902742E+01 -0.1235019273456337E+01 -0.7736901233652858E+00  0.1086051096639521E+01
 -0.1617317779120424E+00  0.4235748780649780E-01 -0.3465931449254898E-01 -0.3545205041207382E-01  0.4048418201939627E-02  0.3967200152476561E-01  0.5155245201359367E-01  0.3855767272188337E-01  0.1053569759936658E-01 -0.1889360462842408E-01 -0.3848102284562392E-01 -0.4298285204744762E-01 -0.3572463010890323E-01 -0.2258914134433898E-01 -0.2616613106867034E-01 -0.1014076408076825E+00 -0.4179657733542345E+00 -0.8318172528238272E+00 -0.1058070035789253E+01 -0.8518143486884268E+00  0.1497373010276028E+01
  0.4189968135550991E+00 -0.2216902671668134E+00 -0.2460739879453411E+00 -0.1784144539573002E+00 -0.1112622138857952E+00 -0.6244179405808067E-01 -0.3271310437279649E-01 -0.1899094284148242E-01 -0.1596067811932441E-01 -0.1709758090025193E-01 -0.1696588434914464E-01 -0.1229410484973186E-01 -0.4646778280895058E-02  0.5455624883189754E-02  0.8628662556708465E-02  0.4340496271278284E-02 -0.1415158358243972E+00 -0.3978886275791063E+00 -0.5716021106122375E+00 -0.5471660076625626E+00  0.1069895912375450E+01
  0.0000000000000000E+00  0.0000000000000000E+00  0.0000000000000000E+00  0.0000000000000000E+00  0.0000000000000000E+00  0.0000000000000000E+00  0.0000000000000000E+00  0.0000000000000000E+00  0.0000000000000000E+00  0.0000000000000000E+00  0.0000000000000000E+00  0.0000000000000000E+00  0.0000000000000000E+00  0.0000000000000000E+00  0.0000000000000000E+00  0.0000000000000000E+00  0.0000000000000000E+00  0.0000000000000000E+00  0.0000000000000000E+00  0.0000000000000000E+00  0.0000000000000000E+00
