  0.0000000000000000E+00  0.0000000000000000E+00  0.0000000000000000E+00  0.0000000000000000E+00  0.0000000000000000E+00  0.0000000000000000E+00  0.0000000000000000E+00  0.0000000000000000E+00  0.0000000000000000E+00  0.0000000000000000E+00  0.0000000000000000E+00  0.0000000000000000E+00  0.0000000000000000E+00  0.0000000000000000E+00  0.0000000000000000E+00  0.0000000000000000E+00  0.0000000000000000E+00  0.0000000000000000E+00  0.0000000000000000E+00  0.0000000000000000E+00  0.0000000000000000E+00
  0.3858065801423669E-01 -0.1604633100107440E-01 -0.9558334988986533E-02  0.9553213781587811E-03 -0.1085219490934809E-01 -0.4085901260377259E-01 -0.7066960565436373E-01 -0.8269569607852420E-01 -0.8138884918900377E-01 -0.7409539692827251E-01 -0.6190842863648113E-01 -0.3109366025559657E-01  0.2799309184304595E-01  0.9610367680529602E-01  0.1364429271404754E+00  0.1346620689055891E+00  0.9906208570047757E-01  0.4412910976045712E-01 -0.9495879007469094E-02 -0.2776049148327111E-01  0.7378559544234423E-01
  0.5502953213118444E-03  0.1779457597363068E-01  0.5393402324220387E-01  0.7224908756492940E-01  0.4226335899687732E-01 -0.2734427389735539E-01 -0.1199828267578292E+00 -0.2108236150731870E+00 -0.2848891536431643E+00 -0.3220248248368545E+00 -0.3078929590432434E+00 -0.2295405753351532E+00 -0.1016387795195936E+00  0.3850179747017370E-01  0.1488281507292091E+00  0.2039436274836628E+00  0.1994419167834442E+00  0.1464805831720221E+00  0.7000551294470408E-01  0.8750227247959586E-02  0.4375483120082532E-01
 -0.1581758915383688E+00  0.1114985912608408E+00  0.1763198822441536E+00  0.1843477900835674E+00  0.1185311250545290E+00  0.3102418187652677E-02 -0.1403993262855943E+00 -0.2830007676086033E+00 -0.4098076319998218E+00 -0.4942682995010668E+00 -0.5173734999331766E+00 -0.4551787764410540E+00 -0.3126140646183677E+00 -0.1246204920109264E+00  0.5845755749798468E-01  0.1974286410301602E+00  0.2685234233938800E+00  0.2622939240116266E+00  0.1934372619333923E+00  0.1017139908647833E+00 -0.1117047106609577E+00
 -0.4087188446085484E+00  0.2497238716778946E+00  0.3404527704251354E+00  0.3211799114780392E+00  0.2129168798347442E+00  0.5015593744341993E-01 -0.1455848066814848E+00 -0.3425143301949468E+00 -0.5253300791221869E+00 -0.6607376534385369E+00 -0.7248174530473482E+00 -0.6850390207583934E+00 -0.5394257331770103E+00 -0.3224591325419676E+00 -0.9126748872345705E-01  0.1119538546207654E+00  0.2582764257386655E+00  0.3203944011518534E+00  0.2930793073509293E+00  0.1940895714071165E+00 -0.2891894068704201E+00
 -0.6732471702473976E+00  0.3986513935501528E+00  0.5227070104030610E+00  0.4715784350398755E+00  0.3267505578233080E+00  0.1270790987410825E+00 -0.1065598548428498E+00 -0.3422221052025602E+00 -0.5687989836855459E+00 -0.7550307460288270E+00 -0.8755931149652563E+00 -0.8856762401886803E+00 -0.7600769483745109E+00 -0.5244692327501780E+00 -0.2547574827358943E+00 -0.9019514691910108E-02  0.1897732008602136E+00  0.3134957071930067E+00  0.3362025270875117E+00  0.2348302316731882E+00 -0.3682881679320528E+00
 -0.8736663491681868E+00  0.5234897319215258E+00  0.6968028465963908E+00  0.6188422162987569E+00  0.4426508762650812E+00  0.2112973655013546E+00 -0.5339522756141528E-01 -0.3185154454520505E+00 -0.5748419555494977E+00 -0.7972822240964831E+00 -0.9690789734537912E+00 -0.1046331721215476E+01 -0.9750402622473625E+00 -0.7431807974167983E+00 -0.4318813656039944E+00 -0.1419978967382022E+00  0.9337094304488541E-01  0.2593606099010278E+00  0.3186853391303365E+00  0.2176346092118082E+00 -0.3342184885050883E+00
 -0.9545405946888985E+00  0.5998362923775704E+00  0.8449682824438127E+00  0.7563883534956375E+00  0.5584868592427820E+00  0.3043823465102944E+00  0.1691991396090239E-01 -0.2699350592916272E+00 -0.5441050910039317E+00 -0.7844872435083962E+00 -0.9877510984966377E+00 -0.1131468776546502E+01 -0.1151033623562324E+01 -0.9766280282311678E+00 -0.6456894568204231E+00 -0.2982080675938748E+00 -0.1990773263539491E-01  0.1744274749545907E+00  0.2563418324716787E+00  0.1723892461412506E+00 -0.2608259059520732E+00
 -0.8950985286481797E+00  0.6175733315314721E+00  0.9576214659462364E+00  0.8811398663889355E+00  0.6711196380191720E+00  0.4004512653947674E+00  0.9281566205348731E-01 -0.2165155149941574E+00 -0.5071789219052439E+00 -0.7534447515165045E+00 -0.9587166460359119E+00 -0.1135847808745297E+01 -0.1247979143570741E+01 -0.1185628494338540E+01 -0.8987708005909242E+00 -0.5087407475845700E+00 -0.1685078419392397E+00  0.6669020713573839E-01  0.1760296299987823E+00  0.1270487937707632E+00 -0.2051167513135073E+00
 -0.7258976517203175E+00  0.5837733798698923E+00  0.1025422487889359E+01  0.9885317002470702E+00  0.7790215838359000E+00  0.5002519218193151E+00  0.1786381988065308E+00 -0.1518341254645599E+00 -0.4627835231330401E+00 -0.7177771550012030E+00 -0.9108572014352585E+00 -0.1081084285199878E+01 -0.1249575375635238E+01 -0.1315424670541824E+01 -0.1141876044698081E+01 -0.7681257199887569E+00 -0.3734910571466918E+00 -0.7435217455771123E-01  0.8787567543561263E-01  0.9087564127296353E-01 -0.1847512483832779E+00
 -0.5182644635582714E+00  0.5181382749116329E+00  0.1036150361176627E+01  0.1066647287629326E+01  0.8753646003080537E+00  0.5979136558587054E+00  0.2708319388142693E+00 -0.7436408165104143E-01 -0.4050155303329735E+00 -0.6755014096702732E+00 -0.8599123416456901E+00 -0.9985371047564174E+00 -0.1173333073058458E+01 -0.1342138871371022E+01 -0.1319042418581633E+01 -0.1030366516457028E+01 -0.6224151472523497E+00 -0.2598755060921586E+00 -0.2173446318613021E-01  0.5103865373927233E-01 -0.1748504244039472E+00
 -0.3206953439847032E+00  0.4325396334673436E+00  0.9769235564173276E+00  0.1092959719554972E+01  0.9435647034596487E+00  0.6808220878984826E+00  0.3595506738475675E+00  0.1200370906583805E-01 -0.3281820901284808E+00 -0.6127661509914958E+00 -0.7980320458094632E+00 -0.9029142538373538E+00 -0.1044298981305721E+01 -0.1268083712571994E+01 -0.1396736567921243E+01 -0.1248533735145258E+01 -0.8838165897453837E+00 -0.4847332928512451E+00 -0.1668673424407583E+00 -0.9330211263629767E-02 -0.1388767086498690E+00
 -0.1524743732751205E+00  0.3329700263911720E+00  0.8464357058983956E+00  0.1048722153758168E+01  0.9665420005858938E+00  0.7364196607273178E+00  0.4329227429083206E+00  0.9631648201527847E-01 -0.2382702336002003E+00 -0.5248738684538864E+00 -0.7123493477394319E+00 -0.7936389888786221E+00 -0.8842090064638974E+00 -0.1111006696939535E+01 -0.1361299299538001E+01 -0.1385710735002735E+01 -0.1124010069113690E+01 -0.7332907418513230E+00 -0.3525569249102777E+00 -0.9565963231320279E-01 -0.6557802797066931E-01
 -0.1894837785188452E-01  0.2252708281434432E+00  0.6568641065784452E+00  0.9194404547157641E+00  0.9200270542431247E+00  0.7457601332261320E+00  0.4780985239230960E+00  0.1681238253640765E+00 -0.1445197342427242E+00 -0.4160307411943079E+00 -0.5964729575052922E+00 -0.6632133613918674E+00 -0.7063253223248213E+00 -0.8964006379063681E+00 -0.1216162081250288E+01 -0.1414904958113261E+01 -0.1309454329115920E+01 -0.9806301132867671E+00 -0.5721261736528783E+00 -0.2056531773768081E+00  0.4483335847754599E-01
  0.8125108154204913E-01  0.1204203736114264E+00  0.4425122023763284E+00  0.7198130821724997E+00  0.7976232002968040E+00  0.6966230629652287E+00  0.4844454391577081E+00  0.2182623735926615E+00 -0.5628598006947473E-01 -0.2957469901826578E+00 -0.4553526660748226E+00 -0.5103992748757848E+00 -0.5205078045783219E+00 -0.6534293266585467E+00 -0.9802796600682425E+00 -0.1318167689892445E+01 -0.1404363452574371E+01 -0.1194820254807186E+01 -0.8071117977608135E+00 -0.3347140140304798E+00  0.1970302443306260E+00
  0.1429973542303153E+00  0.3205963831200200E-01  0.2391762691663213E+00  0.4755097865068422E+00  0.5973587069593727E+00  0.5721968870749451E+00  0.4343809271318601E+00  0.2330672282277015E+00  0.1509968123391819E-01 -0.1766960696607523E+00 -0.3035543760146518E+00 -0.3464815079193330E+00 -0.3406209705899904E+00 -0.4146917895718351E+00 -0.6893039976247871E+00 -0.1094001863869119E+01 -0.1370907197050535E+01 -0.1334192755443977E+01 -0.1027261168338337E+01 -0.4768132535326154E+00  0.4031785922595097E+00
  0.1310116616210297E+00 -0.1285471517751277E-01  0.9244751608849135E-01  0.2491239160693832E+00  0.3645438607513179E+00  0.3891039986177335E+00  0.3248054309846735E+00  0.2003711817741871E+00  0.5332431619005183E-01 -0.7931792480305432E-01 -0.1666883489513473E+00 -0.1967573049576362E+00 -0.1878839188847664E+00 -0.2148613816589462E+00 -0.3946378128518989E+00 -0.7672767394062845E+00 -0.1180373078912675E+01 -0.1348458871503756E+01 -0.1190368483144077E+01 -0.6255366954285991E+00  0.6862416031417207E+00
  0.3123608187029840E-01 -0.9209513511048234E-02  0.3607541337153696E-02  0.6985489820681022E-01  0.1461348641816927E+00  0.1865203885266259E+00  0.1748479389741107E+00  0.1199841527807127E+00  0.4413502889283685E-01 -0.2754789948083122E-01 -0.7499604314279931E-01 -0.9096818576652962E-01 -0.8336987263582578E-01 -0.8168049934127068E-01 -0.1571496197545641E+00 -0.4011720325126616E+00 -0.8354208519998068E+00 -0.1185730466566097E+01 -0.1233289086864214E+01 -0.7727749952694360E+00  0.1085035898944094E+01
 -0.1647653407379712E+00  0.4355073206345062E-01 -0.3411314454761936E-01 -0.3923094782172422E-01 -0.3353790614910515E-02  0.3117301885110763E-01  0.4451183333098237E-01  0.3471708178768474E-01  0.1058198866750204E-01 -0.1525921858628490E-01 -0.3234155411542409E-01 -0.3584819849341168E-01 -0.2893044499498384E-01 -0.1751501893585646E-01 -0.2370627050944000E-01 -0.9914268892760156E-01 -0.4149745186833830E+00 -0.8294088340201786E+00 -0.1056582614319114E+01 -0.8510115574866404E+00  0.1496452058140807E+01
  0.4181791549280550E+00 -0.2218440727134089E+00 -0.2473530632121718E+00 -0.1805175580650290E+00 -0.1137934524900124E+00 -0.6502502220663360E-01 -0.3479530873537066E-01 -0.1999037884641551E-01 -0.1552740272033104E-01 -0.1525318634840077E-01 -0.1411673187827593E-01 -0.9070795476260121E-02 -0.1640292393489720E-02  0.7885273101730639E-02  0.9985018945446351E-02  0.5844209631049157E-02 -0.1394577557851029E+00 -0.3963156509091016E+00 -0.5707291026494161E+00 -0.5466982476883936E+00  0.1069365640415765E+01
  0.0000000000000000E+00  0.0000000000000000E+00  0.0000000000000000E+00  0.0000000000000000E+00  0.0000000000000000E+00  0.0000000000000000E+00  0.0000000000000000E+00  0.0000000000000000E+00  0.0000000000000000E+00  0.0000000000000000E+00  0.0000000000000000E+00  0.0000000000000000E+00  0.0000000000000000E+00  0.0000000000000000E+00  0.0000000000000000E+00  0.0000000000000000E+00  0.0000000000000000E+00  0.0000000000000000E+00  0.0000000000000000E+00  0.0000000000000000E+00  0.0000000000000000E+00
