  0.0000000000000000E+00  0.0000000000000000E+00  0.0000000000000000E+00  0.0000000000000000E+00  0.0000000000000000E+00  0.0000000000000000E+00  0.0000000000000000E+00  0.0000000000000000E+00  0.0000000000000000E+00  0.0000000000000000E+00  0.0000000000000000E+00  0.0000000000000000E+00  0.0000000000000000E+00  0.0000000000000000E+00  0.0000000000000000E+00  0.0000000000000000E+00  0.0000000000000000E+00  0.0000000000000000E+00  0.0000000000000000E+00  0.0000000000000000E+00  0.0000000000000000E+00
  0.3853735012736540E-01 -0.1601697842213473E-01 -0.9513585139038806E-02  0.1005901193616932E-02 -0.1077883817654469E-01 -0.4076690591984269E-01 -0.7059117799946373E-01 -0.8266451193673102E-01 -0.8139451623321808E-01 -0.7411488360674663E-01 -0.6191727503824700E-01 -0.3110707596499653E-01  0.2792613696617764E-01  0.9596322698138376E-01  0.1362810475131466E+00  0.1345388909427940E+00  0.9901757310166691E-01  0.4418920807744928E-01 -0.9331512237454450E-02 -0.2762546580371297E-01  0.7354488517368445E-01
  0.5569973271612877E-03  0.1777999642520971E-01  0.5389698660279041E-01  0.7220154294681250E-01  0.4225497681926608E-01 -0.2728760979846494E-01 -0.1198501097699784E+00 -0.2106266088926009E+00 -0.2846320753534690E+00 -0.3217395304470768E+00 -0.3076198161457108E+00 -0.2293611116081241E+00 -0.1016064603884578E+00  0.3838724732968238E-01  0.1486243221686022E+00  0.2037237385324665E+00  0.1992732547366917E+00  0.1464141173128362E+00  0.7006598576060249E-01  0.8858840805069141E-02  0.4348946334539507E-01
 -0.1580391860531401E+00  0.1114007633024952E+00  0.1761631038543454E+00  0.1841733812717684E+00  0.1184144414094764E+00  0.3073811285497708E-02 -0.1403191617531687E+00 -0.2828220073727061E+00 -0.4095271590963436E+00 -0.4939195959580450E+00 -0.5169873151040322E+00 -0.4548432690293929E+00 -0.3124089150413106E+00 -0.1245866021023931E+00  0.5834537019996932E-01  0.1972240645016062E+00  0.2682938470817629E+00  0.2621150300214103E+00  0.1933767913574373E+00  0.1017717899597460E+00 -0.1119385785218008E+00
 -0.4083599240906766E+00  0.2495002402369372E+00  0.3401407966201351E+00  0.3208752851057516E+00  0.2127137155487456E+00  0.5008757482701265E-01 -0.1454855565214786E+00 -0.3422631123872680E+00 -0.5249276297427131E+00 -0.6602360266409943E+00 -0.7242545593901227E+00 -0.6845121154174669E+00 -0.5390277778308640E+00 -0.3222512226729732E+00 -0.9123595255735591E-01  0.1118468240947842E+00  0.2580756223284921E+00  0.3201739547684594E+00  0.2929332134612573E+00  0.1940975934775688E+00 -0.2893595669714489E+00
 -0.6726475563831328E+00  0.3982885645855897E+00  0.5222181373736362E+00  0.4711256537014302E+00  0.3264238273597084E+00  0.1269079143656636E+00 -0.1065333734978592E+00 -0.3420152462110842E+00 -0.5684083151589494E+00 -0.7545065714102506E+00 -0.8749591625887234E+00 -0.8850161059921628E+00 -0.7595098741678085E+00 -0.5241055807829813E+00 -0.2545966354856000E+00 -0.9010333879143075E-02  0.1896557569338018E+00  0.3133040798090597E+00  0.3360397395881539E+00  0.2348331945077031E+00 -0.3684598439349553E+00
 -0.8728778700950560E+00  0.5230080762836833E+00  0.6961463587559938E+00  0.6182529281192182E+00  0.4422152064223492E+00  0.2110492975447806E+00 -0.5339964274308266E-01 -0.3182978557308171E+00 -0.5744144863831387E+00 -0.7967176500188420E+00 -0.9683992554875019E+00 -0.1045574157997690E+01 -0.9743038884721075E+00 -0.7426360730240282E+00 -0.4315925564544479E+00 -0.1418879685478077E+00  0.9334732679360670E-01  0.2592416462545015E+00  0.3185722863007002E+00  0.2176666307446653E+00 -0.3344276059332957E+00
 -0.9536739245594101E+00  0.5992799996175060E+00  0.8441660742931079E+00  0.7556644043226373E+00  0.5579254363331748E+00  0.3040265631173973E+00  0.1685046677451847E-01 -0.2697265208218697E+00 -0.5436446717710455E+00 -0.7838857540530220E+00 -0.9870676712138398E+00 -0.1130699522793695E+01 -0.1150192508397029E+01 -0.9758853331277072E+00 -0.6452244208950521E+00 -0.2979834037028853E+00 -0.1983494310790538E-01  0.1744043816349134E+00  0.2563134639439086E+00  0.1724517222236216E+00 -0.2610417027269563E+00
 -0.8943043811730008E+00  0.6170010091295494E+00  0.9566986462156474E+00  0.8802809908076691E+00  0.6704203992278325E+00  0.3999727646436197E+00  0.9267400580922937E-01 -0.2162999583873645E+00 -0.5066376592424918E+00 -0.7527310032536588E+00 -0.9579756745021498E+00 -0.1135099092478965E+01 -0.1247133693325831E+01 -0.1184749956610984E+01 -0.8980971273800988E+00 -0.5083452372033264E+00 -0.1683093049882019E+00  0.6676517992708490E-01  0.1760709422267841E+00  0.1271220895000600E+00 -0.2052953262733959E+00
 -0.7253384276358359E+00  0.5832511377248719E+00  0.1024414985538780E+01  0.9875443363023682E+00  0.7781811953196341E+00  0.4996331594119637E+00  0.1783861016729223E+00 -0.1516607560115058E+00 -0.4621973149121416E+00 -0.7169364990466088E+00 -0.9099945771026392E+00 -0.1080322614817501E+01 -0.1248788132086348E+01 -0.1314522693572083E+01 -0.1141054452495193E+01 -0.7675505230184599E+00 -0.3731330486389075E+00 -0.7416328080492091E-01  0.8797231180247640E-01  0.9094678462895321E-01 -0.1848680420843832E+00
 -0.5179787254404589E+00  0.5176991906955881E+00  0.1035118846646305E+01  0.1065557297928124E+01  0.8744003559104858E+00  0.5971650487180685E+00  0.2704561845101291E+00 -0.7427710099563714E-01 -0.4044531120810780E+00 -0.6745909932614932E+00 -0.8589215190134779E+00 -0.9977161497784967E+00 -0.1172609080812701E+01 -0.1341292475674394E+01 -0.1318162438303563E+01 -0.1029662696692101E+01 -0.6219115576512531E+00 -0.2595592955470372E+00 -0.2156970069693507E-01  0.5112216746150957E-01 -0.1749362030814638E+00
 -0.3206384301116904E+00  0.4322000457868924E+00  0.9759617072489869E+00  0.1091834797156885E+01  0.9425281639178926E+00  0.6799890861377560E+00  0.3590741340773908E+00  0.1198870540036080E-01 -0.3277058297690880E+00 -0.6118848066396883E+00 -0.7969898739962697E+00 -0.9020420997081757E+00 -0.1043635808238597E+01 -0.1267343085331657E+01 -0.1395877434189661E+01 -0.1247766871902249E+01 -0.8832122233017582E+00 -0.4842971708681596E+00 -0.1666160453657348E+00 -0.9214410478506564E-02 -0.1389728139302151E+00
 -0.1525902660124540E+00  0.3327467319353613E+00  0.8456499297936299E+00  0.1047659268891113E+01  0.9654970900205293E+00  0.7355537034412374E+00  0.4323867465971371E+00  0.9621695608620416E-01 -0.2378997169224177E+00 -0.5240931184833959E+00 -0.7113601697213897E+00 -0.7927818247977023E+00 -0.8836224635279640E+00 -0.1110401978015440E+01 -0.1360519380155119E+01 -0.1384936603180569E+01 -0.1123358371544937E+01 -0.7327662066691814E+00 -0.3522166475306969E+00 -0.9550659641256995E-01 -0.6569685829298710E-01
 -0.1919681886304925E-01  0.2251811884944944E+00  0.6563467466204340E+00  0.9185669636357993E+00  0.9190753567805418E+00  0.7449327930482263E+00  0.4775535271262670E+00  0.1679679328958456E+00 -0.1442526962549711E+00 -0.4153882892497817E+00 -0.5956239073751014E+00 -0.6624646072706012E+00 -0.7058587433469823E+00 -0.8959578427725171E+00 -0.1215504017973747E+01 -0.1414162009833732E+01 -0.1308792507030790E+01 -0.9800580991179489E+00 -0.5717157475404401E+00 -0.2054680551873362E+00  0.4468841802156853E-01
  0.8087958800575140E-01  0.1204718071837172E+00  0.4422950095569029E+00  0.7192263505987039E+00  0.7968594900635898E+00  0.6959005366126585E+00  0.4839366201464509E+00  0.2180783136623847E+00 -0.5611196810186183E-01 -0.2952584701025892E+00 -0.4546983161251105E+00 -0.5098365085249001E+00 -0.5202067376339352E+00 -0.6531676275846876E+00 -0.9797736514244544E+00 -0.1317487204559262E+01 -0.1403715227310161E+01 -0.1194234061093826E+01 -0.8066597801730306E+00 -0.3345046212871013E+00  0.1968540836882733E+00
  0.1425082130402931E+00  0.3223773458136074E-01  0.2392214167843753E+00  0.4752673022578247E+00  0.5968940380334167E+00  0.5716777786540883E+00  0.4339740956157050E+00  0.2328906617737529E+00  0.1519407458748223E-01 -0.1763665603738887E+00 -0.3031192950191124E+00 -0.3461404644040654E+00 -0.3405001661939988E+00 -0.4146078346528578E+00 -0.6889649019604269E+00 -0.1093407852678866E+01 -0.1370286244994696E+01 -0.1333616065820853E+01 -0.1026794319194004E+01 -0.4765863579495769E+00  0.4029647546547270E+00
  0.1305307571853760E+00 -0.1263330397439184E-01  0.9263084526220051E-01  0.2491490846087830E+00  0.3643933584562290E+00  0.3888592182729159E+00  0.3245827077404448E+00  0.2002696723392717E+00  0.5338553357894790E-01 -0.7911916390900309E-01 -0.1664506587067602E+00 -0.1966099663998066E+00 -0.1879003074896018E+00 -0.2149095602157524E+00 -0.3944590629320002E+00 -0.7667934478417847E+00 -0.1179790819089492E+01 -0.1347907677364057E+01 -0.1189910662030256E+01 -0.6252972445588283E+00  0.6859810716462293E+00
  0.3104904683343445E-01 -0.9078964660527660E-02  0.3812152851851470E-02  0.7001784529848283E-01  0.1462003020570080E+00  0.1865072364342886E+00  0.1748146662038760E+00  0.1199899907162965E+00  0.4420551050227109E-01 -0.2742980796391515E-01 -0.7488634721818808E-01 -0.9092684831488221E-01 -0.8342997248390262E-01 -0.8177218895327606E-01 -0.1570931877333784E+00 -0.4008189222532612E+00 -0.8348955097023699E+00 -0.1185223725763709E+01 -0.1232870060486906E+01 -0.7725303275306572E+00  0.1084720922105066E+01
 -0.1648797685809072E+00  0.4366142654871300E-01 -0.3389548893476816E-01 -0.3902337847279728E-01 -0.3204954856691934E-02  0.3126109589706758E-01  0.4456333981304871E-01  0.3476274774104135E-01  0.1063876188631836E-01 -0.1519347106501192E-01 -0.3228753987272949E-01 -0.3582622538893931E-01 -0.2895532460966725E-01 -0.1756372560280707E-01 -0.2370754978929734E-01 -0.9891642288457431E-01 -0.4145280331661811E+00 -0.8289809986938463E+00 -0.1056250780071087E+01 -0.8507979399772322E+00  0.1496143039860610E+01
  0.4179635952197912E+00 -0.2217169652099397E+00 -0.2471873004100279E+00 -0.1803746301310274E+00 -0.1136769009273568E+00 -0.6492804262128948E-01 -0.3470944563955612E-01 -0.1990678740841335E-01 -0.1544197941973761E-01 -0.1516759193289197E-01 -0.1403940829266140E-01 -0.9006941855968691E-02 -0.1594252328335446E-02  0.7928915612484114E-02  0.1004167943361709E-01  0.6019879759270888E-02 -0.1391549953538068E+00 -0.3960463778069496E+00 -0.5705449509293808E+00 -0.5465773413863974E+00  0.1069187073229811E+01
  0.0000000000000000E+00  0.0000000000000000E+00  0.0000000000000000E+00  0.0000000000000000E+00  0.0000000000000000E+00  0.0000000000000000E+00  0.0000000000000000E+00  0.0000000000000000E+00  0.0000000000000000E+00  0.0000000000000000E+00  0.0000000000000000E+00  0.0000000000000000E+00  0.0000000000000000E+00  0.0000000000000000E+00  0.0000000000000000E+00  0.0000000000000000E+00  0.0000000000000000E+00  0.0000000000000000E+00  0.0000000000000000E+00  0.0000000000000000E+00  0.0000000000000000E+00
