  0.0000000000000000E+00  0.0000000000000000E+00  0.0000000000000000E+00  0.0000000000000000E+00  0.0000000000000000E+00  0.0000000000000000E+00  0.0000000000000000E+00  0.0000000000000000E+00  0.0000000000000000E+00  0.0000000000000000E+00  0.0000000000000000E+00  0.0000000000000000E+00  0.0000000000000000E+00  0.0000000000000000E+00  0.0000000000000000E+00  0.0000000000000000E+00  0.0000000000000000E+00  0.0000000000000000E+00  0.0000000000000000E+00  0.0000000000000000E+00  0.0000000000000000E+00
  0.5456581529729539E-01 -0.3781781766138155E-01 -0.5888763768684926E-01 -0.6564265415431844E-01 -0.8071672037902627E-01 -0.9988845698516195E-01 -0.1144552060460759E+00 -0.1185583198241210E+00 -0.1158969090914257E+00 -0.1023370289958982E+00 -0.7027108412692459E-01 -0.1125110384183296E-01  0.5850304317815681E-01  0.1088836349683166E+00  0.1240315644268895E+00  0.1065002105132349E+00  0.6700558862843904E-01  0.1718286070540077E-01 -0.2501487838701063E-01 -0.3230408596764941E-01  0.7189737951593758E-01
  0.5463841307128430E-01 -0.2678053411502544E-01 -0.2570318927379201E-01 -0.2395423473666232E-01 -0.5431272623467742E-01 -0.1089220565165160E+00 -0.1754691330111120E+00 -0.2334280371238921E+00 -0.2691201247958735E+00 -0.2619869675862305E+00 -0.2069581290727509E+00 -0.1083213621672826E+00  0.6587206649075346E-02  0.1066934708501069E+00  0.1699731816715787E+00  0.1877948485012969E+00  0.1633840161703884E+00  0.1082145904709932E+00  0.4244007303690330E-01 -0.3960562732789933E-02  0.5432176123527310E-01
 -0.4040404515160185E-01  0.3398682955998759E-01  0.6155644352836093E-01  0.5889991694295344E-01 -0.3282380522745305E-02 -0.1032850627965380E+00 -0.2241708544182721E+00 -0.3372962938827686E+00 -0.4272035484290286E+00 -0.4646357182673650E+00 -0.4387063530193551E+00 -0.3400924320269901E+00 -0.1919334552408816E+00 -0.2982763926089258E-01  0.1113538700464753E+00  0.2074114405224727E+00  0.2450632513493286E+00  0.2221540492032245E+00  0.1545478913028581E+00  0.7642250078355099E-01 -0.7471961104779484E-01
 -0.2533168659638245E+00  0.1542701249818374E+00  0.2094935089816876E+00  0.1891316602769256E+00  0.8999581486958486E-01 -0.5484350170593252E-01 -0.2270678611577467E+00 -0.3916762094846624E+00 -0.5333435196715512E+00 -0.6162960940434936E+00 -0.6270035756946620E+00 -0.5474938417141214E+00 -0.3943881343205914E+00 -0.2018809388765773E+00 -0.1055760689756748E-01  0.1499578120340228E+00  0.2567167098250606E+00  0.2908237119290956E+00  0.2535765758059108E+00  0.1651928618673113E+00 -0.2420020097960231E+00
 -0.5244792781551406E+00  0.3055048128819107E+00  0.3920351604905914E+00  0.3412258493265296E+00  0.2014490962817948E+00  0.1251114438812415E-01 -0.2074745548129260E+00 -0.4209408327043606E+00 -0.6164249173493995E+00 -0.7545589378494295E+00 -0.8154660171010568E+00 -0.7675006776640690E+00 -0.6148741509368677E+00 -0.3944889200812919E+00 -0.1626573012252267E+00  0.4409682936126394E-01  0.2057204347099394E+00  0.2978438527197057E+00  0.3043815100518722E+00  0.2135002861322714E+00 -0.3361193483449421E+00
 -0.7717485961733659E+00  0.4516978899215612E+00  0.5833450735913179E+00  0.5033148694803895E+00  0.3309104422117498E+00  0.1093403247523940E+00 -0.1436621787524923E+00 -0.3912081750267135E+00 -0.6273665387082339E+00 -0.8180593203879278E+00 -0.9430986094279026E+00 -0.9589707551075773E+00 -0.8397918784246022E+00 -0.6053771991675307E+00 -0.3309252044057593E+00 -0.8271644034420479E-01  0.1181155653028898E+00  0.2549768172855395E+00  0.2986516650331980E+00  0.2075714587382758E+00 -0.3240627111816295E+00
 -0.9225428255810666E+00  0.5597717202962195E+00  0.7567723353075917E+00  0.6572845067455968E+00  0.4578673865854411E+00  0.2091507423366147E+00 -0.6971079007762894E-01 -0.3414890185743100E+00 -0.6019410421549829E+00 -0.8255943964211592E+00 -0.1002874913663097E+01 -0.1097091385514164E+01 -0.1054426682818650E+01 -0.8462837030423361E+00 -0.5348173964180226E+00 -0.2313341533114061E+00  0.1001774412358340E-01  0.1784704916048757E+00  0.2475238425243582E+00  0.1695215012680547E+00 -0.2610406612798060E+00
 -0.9361538202019212E+00  0.6110890905325252E+00  0.8971134513956546E+00  0.7978041945547278E+00  0.5808522061969031E+00  0.3133499328676468E+00  0.1535481522422149E-01 -0.2756502737474626E+00 -0.5505038517748825E+00 -0.7867369583802122E+00 -0.9868004158388411E+00 -0.1143061141202180E+01 -0.1204498010368924E+01 -0.1088217380650300E+01 -0.7893551367135548E+00 -0.4305994121622425E+00 -0.1296215541914366E+00  0.7784759411870101E-01  0.1740311610306707E+00  0.1261726215227243E+00 -0.2044867035375022E+00
 -0.8132646351526327E+00  0.6026239483617390E+00  0.9946072099325844E+00  0.9215724712234606E+00  0.6978292404417060E+00  0.4178207020017106E+00  0.1031490656103381E+00 -0.2091857909375520E+00 -0.5007495966680303E+00 -0.7424733104733315E+00 -0.9361624047030020E+00 -0.1107914533370953E+01 -0.1250579101248332E+01 -0.1265153494229841E+01 -0.1056321679502354E+01 -0.6889488426960643E+00 -0.3247932955048756E+00 -0.5461626286505366E-01  0.9073636067701485E-01  0.8965372529920194E-01 -0.1782248152205910E+00
 -0.6140520334599509E+00  0.5508840070984323E+00  0.1038599987835346E+01  0.1021666726577652E+01  0.8063469097880063E+00  0.5224375894040399E+00  0.1986688815771320E+00 -0.1316311074335478E+00 -0.4433186959045269E+00 -0.6977959485170977E+00 -0.8803524947243463E+00 -0.1029909715963160E+01 -0.1200456849649684E+01 -0.1332917738024980E+01 -0.1268213310917699E+01 -0.9655741346656760E+00 -0.5723703036066479E+00 -0.2335339350795990E+00 -0.1390588224101567E-01  0.5082292868989313E-01 -0.1663746683106950E+00
 -0.4055733689762988E+00  0.4734381665122419E+00  0.1014741130560427E+01  0.1078861210389858E+01  0.8942503986745233E+00  0.6180695461565119E+00  0.2951135321349423E+00 -0.4380791910526546E-01 -0.3704184067011464E+00 -0.6412197198910391E+00 -0.8219053593429021E+00 -0.9372561221683227E+00 -0.1085261600884791E+01 -0.1287929808691601E+01 -0.1379134994221561E+01 -0.1206308784113537E+01 -0.8417651232933022E+00 -0.4573389484876773E+00 -0.1555183556592282E+00 -0.7383378027722142E-02 -0.1333682215760618E+00
 -0.2207049306896541E+00  0.3789771304373398E+00  0.9162264606223652E+00  0.1072314324839051E+01  0.9449074345783636E+00  0.6916835316596688E+00  0.3801203270400202E+00  0.4546730143416209E-01 -0.2824537994733104E+00 -0.5613779158798879E+00 -0.7462469777077875E+00 -0.8357049231734112E+00 -0.9338950007954236E+00 -0.1148042891456174E+01 -0.1368924652751247E+01 -0.1366347954620903E+01 -0.1095154549009469E+01 -0.7102260903250389E+00 -0.3405388505511034E+00 -0.9241086259519150E-01 -0.6330626276552886E-01
 -0.7061157928221751E-01  0.2725991517311320E+00  0.7471858759111786E+00  0.9806004727487931E+00  0.9332154718905902E+00  0.7258394523429748E+00  0.4412381054564077E+00  0.1253018185832442E+00 -0.1881771065943814E+00 -0.4592187553938119E+00 -0.6419961479810543E+00 -0.7169635072767633E+00 -0.7647918172451912E+00 -0.9426964668151268E+00 -0.1239018038014470E+01 -0.1413596329173244E+01 -0.1293742207539726E+01 -0.9644058848099530E+00 -0.5618062943687638E+00 -0.2022678765787215E+00  0.4499733536740069E-01
  0.4416563820627961E-01  0.1637617245509011E+00  0.5354508118589828E+00  0.8073452748086117E+00  0.8451184321471747E+00  0.7054708140113565E+00  0.4674943934153343E+00  0.1866983183897680E+00 -0.9654111238278527E-01 -0.3425492480136220E+00 -0.5095989935163682E+00 -0.5740623272407319E+00 -0.5863011250170684E+00 -0.7039533468761285E+00 -0.1009386481269709E+01 -0.1328147461946375E+01 -0.1399333311499550E+01 -0.1185293723280983E+01 -0.7994910578243973E+00 -0.3317958149856902E+00  0.1958963871326733E+00
  0.1214519050512240E+00  0.6467678041021288E-01  0.3154822462818627E+00  0.5682882525692395E+00  0.6696700010803194E+00  0.6100429340915604E+00  0.4409170048175943E+00  0.2165840877530809E+00 -0.1778319978440556E-01 -0.2221761630068754E+00 -0.3601583077909800E+00 -0.4126534598100947E+00 -0.4074010934560755E+00 -0.4644341961956696E+00 -0.7178308663677091E+00 -0.1108188352396676E+01 -0.1372754216171352E+01 -0.1330069223373379E+01 -0.1022346470228976E+01 -0.4745321657141586E+00  0.4012500269135002E+00
  0.1343417408136032E+00  0.1328457323258746E-02  0.1383271127833794E+00  0.3206480938246959E+00  0.4368366027582241E+00  0.4428526516038445E+00  0.3529831495035903E+00  0.2039137421020272E+00  0.3577939907750451E-01 -0.1142214458539056E+00 -0.2151290535455999E+00 -0.2536676083146319E+00 -0.2448503350163281E+00 -0.2573626023902359E+00 -0.4181103806149848E+00 -0.7806172741252623E+00 -0.1185509943032120E+01 -0.1348004182357833E+01 -0.1187692314164284E+01 -0.6238510504037611E+00  0.6838608370469996E+00
  0.5265690148991414E-01 -0.1051828020446998E-01  0.2110206087650422E-01  0.1091931475092799E+00  0.1949837647031095E+00  0.2300111596457875E+00  0.2034578817390121E+00  0.1301712009526018E+00  0.3631918855751878E-01 -0.5054121129146944E-01 -0.1086295108786346E+00 -0.1296214232222553E+00 -0.1214847430688123E+00 -0.1110131588023006E+00 -0.1732206411206471E+00 -0.4111771695334080E+00 -0.8415013515936294E+00 -0.1187550080425013E+01 -0.1232309639784812E+01 -0.7715743237233811E+00  0.1082413331385331E+01
 -0.1569708655989860E+00  0.4199934398659159E-01 -0.3097283363921126E-01 -0.2342367775110802E-01  0.2107506483875434E-01  0.5621145380694727E-01  0.6330378940344049E-01  0.4351727178743264E-01  0.8721405494816791E-02 -0.2611201390982673E-01 -0.4909387714887019E-01 -0.5489538986951658E-01 -0.4734442869909201E-01 -0.3239034067018697E-01 -0.3226603410181603E-01 -0.1057334943455448E+00 -0.4208715291001395E+00 -0.8323016295103952E+00 -0.1056762159823348E+01 -0.8503272248642434E+00  0.1494219514769382E+01
  0.4183702629997914E+00 -0.2202128236501584E+00 -0.2422682079506839E+00 -0.1733957841276896E+00 -0.1057860668173262E+00 -0.5730699763459653E-01 -0.2898686528360857E-01 -0.1752140019157070E-01 -0.1702633602761080E-01 -0.2037823589474577E-01 -0.2168978192068624E-01 -0.1753480410596367E-01 -0.9590613144943314E-02  0.1223480849408315E-02  0.5936197042793215E-02  0.2040591517648695E-02 -0.1434792806243009E+00 -0.3985575745924003E+00 -0.5711545798772499E+00 -0.5465077669747206E+00  0.1068368721046912E+01
  0.0000000000000000E+00  0.0000000000000000E+00  0.0000000000000000E+00  0.0000000000000000E+00  0.0000000000000000E+00  0.0000000000000000E+00  0.0000000000000000E+00  0.0000000000000000E+00  0.0000000000000000E+00  0.0000000000000000E+00  0.0000000000000000E+00  0.0000000000000000E+00  0.0000000000000000E+00  0.0000000000000000E+00  0.0000000000000000E+00  0.0000000000000000E+00  0.0000000000000000E+00  0.0000000000000000E+00  0.0000000000000000E+00  0.0000000000000000E+00  0.0000000000000000E+00
