  0.0000000000000000E+00  0.0000000000000000E+00  0.0000000000000000E+00  0.0000000000000000E+00  0.0000000000000000E+00  0.0000000000000000E+00  0.0000000000000000E+00  0.0000000000000000E+00  0.0000000000000000E+00  0.0000000000000000E+00  0.0000000000000000E+00  0.0000000000000000E+00  0.0000000000000000E+00  0.0000000000000000E+00  0.0000000000000000E+00  0.0000000000000000E+00  0.0000000000000000E+00  0.0000000000000000E+00  0.0000000000000000E+00  0.0000000000000000E+00  0.0000000000000000E+00
  0.3852422289412012E-01 -0.1600809114334879E-01 -0.9500050535926239E-02  0.1021173597407575E-02 -0.1075669877682778E-01 -0.4073909571952818E-01 -0.7056747231358265E-01 -0.8265505667856429E-01 -0.8139618536463325E-01 -0.7412072089823220E-01 -0.6191988310157517E-01 -0.3111104965071179E-01  0.2790598172713847E-01  0.9592082503704802E-01  0.1362321170996237E+00  0.1345016253287663E+00  0.9900407736450249E-01  0.4420733315906537E-01 -0.9281875033342515E-02 -0.2758467094354941E-01  0.7347213779730571E-01
  0.5589344296807741E-03  0.1777561919724657E-01  0.5388579202142047E-01  0.7218712090506604E-01  0.4225235645828808E-01 -0.2727058155998717E-01 -0.1198100804630105E+00 -0.2105671212460628E+00 -0.2845543957903506E+00 -0.3216532788020608E+00 -0.3075371869220777E+00 -0.2293067507349466E+00 -0.1015965643573531E+00  0.3835271533408634E-01  0.1485627404355908E+00  0.2036572456211056E+00  0.1992222179033439E+00  0.1463939680078714E+00  0.7008421407527786E-01  0.8891642012443274E-02  0.4340928803794804E-01
 -0.1579979568928185E+00  0.1113712073551248E+00  0.1761156651725559E+00  0.1841205473751987E+00  0.1183790275189724E+00  0.3065024805153841E-02 -0.1402950391206224E+00 -0.2827680391565682E+00 -0.4094423901903092E+00 -0.4938141331207928E+00 -0.5168704411505509E+00 -0.4547416309348575E+00 -0.3123466416619279E+00 -0.1245761279287711E+00  0.5831159961369134E-01  0.1971622700235524E+00  0.2682244248494174E+00  0.2620608936310552E+00  0.1933584503498972E+00  0.1017892157682162E+00 -0.1120091969547515E+00
 -0.4082514637313072E+00  0.2494326092595298E+00  0.3400463640472823E+00  0.3207830027373940E+00  0.2126520795994249E+00  0.5006669535180593E-01 -0.1454557428282008E+00 -0.3421873241839195E+00 -0.5248060719879588E+00 -0.6600844081081479E+00 -0.7240843123944182E+00 -0.6843526153169176E+00 -0.5389071623151782E+00 -0.3221880525697649E+00 -0.9122618908199936E-01  0.1118145866592798E+00  0.2580149445338807E+00  0.3201072790257697E+00  0.2928889953010883E+00  0.1940999685876021E+00 -0.2894109104617180E+00
 -0.6724662437940129E+00  0.3981787980487959E+00  0.5220701503523749E+00  0.4709885294985456E+00  0.3263248136668755E+00  0.1268559513838025E+00 -0.1065255491344914E+00 -0.3419528591096304E+00 -0.5682903155355076E+00 -0.7543481396865588E+00 -0.8747674401661223E+00 -0.8848163161446673E+00 -0.7593380683336372E+00 -0.5239952232391649E+00 -0.2545476884165204E+00 -0.9007379268092603E-02  0.1896203267465155E+00  0.3132461509706437E+00  0.3359904937165905E+00  0.2348340513945448E+00 -0.3685116604670440E+00
 -0.8726393934444957E+00  0.5228623418624105E+00  0.6959476321427359E+00  0.6180744918570547E+00  0.4420832327052261E+00  0.2109740677059310E+00 -0.5340119674590569E-01 -0.3182322778622226E+00 -0.5742854274879016E+00 -0.7965470778535573E+00 -0.9681937793215105E+00 -0.1045344988691139E+01 -0.9740809145416758E+00 -0.7424708921705614E+00 -0.4315048104271490E+00 -0.1418544870951633E+00  0.9334030589382061E-01  0.2592057200700771E+00  0.3185380979403821E+00  0.2176762909934215E+00 -0.3344907750398824E+00
 -0.9534117800528363E+00  0.5991116762777248E+00  0.8439232487803381E+00  0.7554452376206756E+00  0.5577554526573101E+00  0.3039187895117824E+00  0.1682926546409371E-01 -0.2696636782757218E+00 -0.5435056608015106E+00 -0.7837040417591729E+00 -0.9868611214745046E+00 -0.1130466913042065E+01 -0.1149937961486169E+01 -0.9756602903413090E+00 -0.6450832753210894E+00 -0.2979151313235719E+00 -0.1981276819713577E-01  0.1743974676429824E+00  0.2563048942142757E+00  0.1724706015022091E+00 -0.2611069102923517E+00
 -0.8940641952192254E+00  0.6168278435263019E+00  0.9564193353596804E+00  0.8800210269704666E+00  0.6702087660732184E+00  0.3998279052126192E+00  0.9263096358807156E-01 -0.2162350252345945E+00 -0.5064742419657116E+00 -0.7525153766008604E+00 -0.9577517523040118E+00 -0.1134872769292301E+01 -0.1246877981436485E+01 -0.1184483945171451E+01 -0.8978928423884190E+00 -0.5082251816258496E+00 -0.1682490310786724E+00  0.6678795159488760E-01  0.1760834542060232E+00  0.1271442429809319E+00 -0.2053492747367726E+00
 -0.7251693035372688E+00  0.5830931250966028E+00  0.1024110071752540E+01  0.9872455257592738E+00  0.7779269030751356E+00  0.4994459129691033E+00  0.1783096739489690E+00 -0.1516085874976160E+00 -0.4620203194970834E+00 -0.7166824985469981E+00 -0.9097338464369427E+00 -0.1080092376731718E+01 -0.1248550136435586E+01 -0.1314249777586005E+01 -0.1140805503350459E+01 -0.7673760474784420E+00 -0.3730244599808900E+00 -0.7410600608776804E-01  0.8800157580256365E-01  0.9096829013304715E-01 -0.1849032945965778E+00
 -0.5178923118854650E+00  0.5175663329898820E+00  0.1034806687084181E+01  0.1065227458803731E+01  0.8741086221983720E+00  0.5969385566191462E+00  0.2703423752455689E+00 -0.7425106033952672E-01 -0.4042833199749040E+00 -0.6743158926889563E+00 -0.8586219739695539E+00 -0.9974679100581569E+00 -0.1172390234159915E+01 -0.1341036544635023E+01 -0.1317895996423383E+01 -0.1029449330496974E+01 -0.6217588812393595E+00 -0.2594634621280311E+00 -0.2151980081004068E-01  0.5114742675967708E-01 -0.1749620810890719E+00
 -0.3206212271816860E+00  0.4320972867209168E+00  0.9756706329810645E+00  0.1091494390843389E+01  0.9422145555408233E+00  0.6797370692477502E+00  0.3589298562729694E+00  0.1198391447741940E-01 -0.3275620852666221E+00 -0.6116184828719095E+00 -0.7966747445315865E+00 -0.9017782565389952E+00 -0.1043435270616797E+01 -0.1267119242428363E+01 -0.1395617496080163E+01 -0.1247534531119695E+01 -0.8830290560988648E+00 -0.4841650386851592E+00 -0.1665399431080323E+00 -0.9179366646620255E-02 -0.1390018431681715E+00
 -0.1526253395442055E+00  0.3326791525363937E+00  0.8454121180649755E+00  0.1047337614864514E+01  0.9651809254609147E+00  0.7352917030528574E+00  0.4322244944669791E+00  0.9618662399517959E-01 -0.2377879281545742E+00 -0.5238571934943392E+00 -0.7110610187031433E+00 -0.7925223916064665E+00 -0.8834449459099785E+00 -0.1110219238732415E+01 -0.1360283577809851E+01 -0.1384702217255173E+01 -0.1123160930331381E+01 -0.7326073327172608E+00 -0.3521136141287738E+00 -0.9546027531734005E-01 -0.6573278817675365E-01
 -0.1927198961207510E-01  0.2251540378059529E+00  0.6561901238057835E+00  0.9183025710390025E+00  0.9187873367318291E+00  0.7446824255497764E+00  0.4773885388928242E+00  0.1679205730025700E+00 -0.1441721629732880E+00 -0.4151941461423402E+00 -0.5953670887214575E+00 -0.6622378644011332E+00 -0.7057173385371212E+00 -0.8958239889740214E+00 -0.1215305184126860E+01 -0.1413937232370185E+01 -0.1308592090833743E+01 -0.9798848974378394E+00 -0.5715914974682231E+00 -0.2054120234327878E+00  0.4464457283014023E-01
  0.8076721537921283E-01  0.1204873244479964E+00  0.4422291887232020E+00  0.7190486845981836E+00  0.7966282957336802E+00  0.6956818308064374E+00  0.4837825577460231E+00  0.2180224529874039E+00 -0.5605952362473638E-01 -0.2951108250242410E+00 -0.4545003328901278E+00 -0.5096659585364234E+00 -0.5201152662402605E+00 -0.6530884209319453E+00 -0.9796208423582493E+00 -0.1317281481751653E+01 -0.1403519039592921E+01 -0.1194056627033381E+01 -0.8065229719271224E+00 -0.3344412520140795E+00  0.1968007841151161E+00
  0.1423603186489931E+00  0.3229155163275642E-01  0.2392349735472624E+00  0.4751937642822978E+00  0.5967532603642596E+00  0.5715205515217031E+00  0.4338508537027715E+00  0.2328370797730626E+00  0.1522248267112061E-01 -0.1762669510559992E+00 -0.3029875857810521E+00 -0.3460369629418778E+00 -0.3404631741035478E+00 -0.4145822821760388E+00 -0.6888625455254408E+00 -0.1093228398497756E+01 -0.1370098430273953E+01 -0.1333441573028866E+01 -0.1026653059832958E+01 -0.4765177039636767E+00  0.4029000520580721E+00
  0.1303853936316955E+00 -0.1256637627589331E-01  0.9268626480401554E-01  0.2491565780211976E+00  0.3643476459047651E+00  0.3887849656198468E+00  0.3245151372292703E+00  0.2002387905349459E+00  0.5340392489590646E-01 -0.7905907302728421E-01 -0.1663786408597780E+00 -0.1965650997573409E+00 -0.1879048691437127E+00 -0.2149239328976373E+00 -0.3944051365984372E+00 -0.7666475253572764E+00 -0.1179614811596641E+01 -0.1347740960295863E+01 -0.1189772169096058E+01 -0.6252248040210961E+00  0.6859022429672308E+00
  0.3099246676645626E-01 -0.9039475581040481E-02  0.3874040023334812E-02  0.7006708045408588E-01  0.1462199887983642E+00  0.1865031187825515E+00  0.1748044580978831E+00  0.1199916316131916E+00  0.4422675320003277E-01 -0.2739408357176899E-01 -0.7485305686218938E-01 -0.9091413682983426E-01 -0.8344788797835417E-01 -0.8179975759189587E-01 -0.1570761875940919E+00 -0.4007123503832468E+00 -0.8347367764260986E+00 -0.1185070503780379E+01 -0.1232743328966879E+01 -0.7724563186542008E+00  0.1084625626995724E+01
 -0.1649144212838649E+00  0.4369492757637107E-01 -0.3382963855475161E-01 -0.3896060307783201E-01 -0.3159975143913616E-02  0.3128767659062664E-01  0.4457885452260407E-01  0.3477650729156267E-01  0.1065590912105178E-01 -0.1517356842063182E-01 -0.3227113915986837E-01 -0.3581948037517090E-01 -0.2896273081749249E-01 -0.1757837105343465E-01 -0.2370795910473051E-01 -0.9884815910752223E-01 -0.4143931516090352E+00 -0.8288516632490712E+00 -0.1056150434350035E+01 -0.8507333304249259E+00  0.1496049556924742E+01
  0.4178983646253184E+00 -0.2216785028491407E+00 -0.2471371439221038E+00 -0.1803313895961249E+00 -0.1136416502925647E+00 -0.6489872342740748E-01 -0.3468349569482058E-01 -0.1988152450160255E-01 -0.1541615392652196E-01 -0.1514169985324930E-01 -0.1401600072497110E-01 -0.8987598586129523E-02 -0.1580295963407566E-02  0.7942129132533424E-02  0.1005879006122691E-01  0.6072907623378687E-02 -0.1390635229963689E+00 -0.3959649820193406E+00 -0.5704892688744477E+00 -0.5465407763602617E+00  0.1069133060206337E+01
  0.0000000000000000E+00  0.0000000000000000E+00  0.0000000000000000E+00  0.0000000000000000E+00  0.0000000000000000E+00  0.0000000000000000E+00  0.0000000000000000E+00  0.0000000000000000E+00  0.0000000000000000E+00  0.0000000000000000E+00  0.0000000000000000E+00  0.0000000000000000E+00  0.0000000000000000E+00  0.0000000000000000E+00  0.0000000000000000E+00  0.0000000000000000E+00  0.0000000000000000E+00  0.0000000000000000E+00  0.0000000000000000E+00  0.0000000000000000E+00  0.0000000000000000E+00
