  0.0000000000000000E+00  0.0000000000000000E+00  0.0000000000000000E+00  0.0000000000000000E+00  0.0000000000000000E+00  0.0000000000000000E+00  0.0000000000000000E+00  0.0000000000000000E+00  0.0000000000000000E+00  0.0000000000000000E+00  0.0000000000000000E+00  0.0000000000000000E+00  0.0000000000000000E+00  0.0000000000000000E+00  0.0000000000000000E+00  0.0000000000000000E+00  0.0000000000000000E+00  0.0000000000000000E+00  0.0000000000000000E+00  0.0000000000000000E+00  0.0000000000000000E+00
  0.3851863154409359E-01 -0.1600430953298723E-01 -0.9494297054868097E-02  0.1027658928569298E-02 -0.1074729491172945E-01 -0.4072727524582565E-01 -0.7055739007771680E-01 -0.8265103356380109E-01 -0.8139689628841752E-01 -0.7412320592774549E-01 -0.6192099078819711E-01 -0.3111273173157476E-01  0.2789741709597418E-01  0.9590278573935533E-01  0.1362112873000328E+00  0.1344857526108220E+00  0.9899832033246994E-01  0.4421503685995781E-01 -0.9260755831790731E-02 -0.2756730929585592E-01  0.7344117205577705E-01
  0.5597549751073586E-03  0.1777375292031693E-01  0.5388101373605815E-01  0.7218095788556157E-01  0.4225121089416083E-01 -0.2726336270626357E-01 -0.1197930641244999E+00 -0.2105418121918471E+00 -0.2845213315903705E+00 -0.3216165512282707E+00 -0.3075019859099210E+00 -0.2292835700973379E+00 -0.1015923099199381E+00  0.3833804633437399E-01  0.1485365385933420E+00  0.2036289367057697E+00  0.1992004787206565E+00  0.1463853744596231E+00  0.7009195925812699E-01  0.8905596758079084E-02  0.4337516898388974E-01
 -0.1579804013921063E+00  0.1113586168802899E+00  0.1760954492487633E+00  0.1840980236399117E+00  0.1183639144263566E+00  0.3061248210461621E-02 -0.1402848007722177E+00 -0.2827450867024290E+00 -0.4094063144782569E+00 -0.4937692314346088E+00 -0.5168206628516945E+00 -0.4546983199656784E+00 -0.3123200803064987E+00 -0.1245716240155657E+00  0.5829725158773206E-01  0.1971359730038399E+00  0.2681948649333082E+00  0.2620378316792497E+00  0.1933506242711598E+00  0.1017966197730535E+00 -0.1120392350480006E+00
 -0.4082052778761331E+00  0.2494038045911033E+00  0.3400061358971769E+00  0.3207436800730384E+00  0.2126257989372731E+00  0.5005776556261064E-01 -0.1454430887816506E+00 -0.3421550907471240E+00 -0.5247543426148932E+00 -0.6600198624167067E+00 -0.7240118131806785E+00 -0.6842846670080136E+00 -0.5388557551620434E+00 -0.3221611046232835E+00 -0.9122199315635111E-01  0.1118008831525926E+00  0.2579891160037854E+00  0.3200788837743394E+00  0.2928701540858099E+00  0.1941009646703035E+00 -0.2894327399251007E+00
 -0.6723890375668653E+00  0.3981320526878301E+00  0.5220071204966250E+00  0.4709301163647553E+00  0.3262826214043859E+00  0.1268337894406092E+00 -0.1065222576572890E+00 -0.3419263349736382E+00 -0.5682401094243216E+00 -0.7542807057685960E+00 -0.8746858113696877E+00 -0.8847312236086956E+00 -0.7592648672791696E+00 -0.5239481796312830E+00 -0.2545268045575209E+00 -0.9006095203598191E-02  0.1896052531154241E+00  0.3132214853362795E+00  0.3359695161687841E+00  0.2348344055292174E+00 -0.3685337004188680E+00
 -0.8725378497613658E+00  0.5228002837300175E+00  0.6958630014286868E+00  0.6179984927392124E+00  0.4420270106066689E+00  0.2109420024424865E+00 -0.5340189687170378E-01 -0.3182043953509648E+00 -0.5742305161478238E+00 -0.7964744835089035E+00 -0.9681063085900886E+00 -0.1045247402732649E+01 -0.9739859358659108E+00 -0.7424005035038898E+00 -0.4314674002324539E+00 -0.1418402024967858E+00  0.9333733036429173E-01  0.2591904260676747E+00  0.3185235356209222E+00  0.2176803985933830E+00 -0.3345176601592267E+00
 -0.9533001606417675E+00  0.5990400021211355E+00  0.8438198457216390E+00  0.7553519009769156E+00  0.5576830516271600E+00  0.3038728727412252E+00  0.1682020409889040E-01 -0.2696369568291020E+00 -0.5434465105639853E+00 -0.7836267081174469E+00 -0.9867732055888015E+00 -0.1130367881944347E+01 -0.1149829558636425E+01 -0.9755644203228254E+00 -0.6450231222254132E+00 -0.2978860273919836E+00 -0.1980331097309821E-01  0.1743945280124565E+00  0.2563012424057435E+00  0.1724786372253280E+00 -0.2611346692702404E+00
 -0.8939619264254853E+00  0.6167541093689817E+00  0.9563004016814597E+00  0.8799103242085859E+00  0.6701186357661391E+00  0.3997662016988105E+00  0.9261260599625692E-01 -0.2162074091723608E+00 -0.5064046938475499E+00 -0.7524235986763564E+00 -0.9576564419315506E+00 -0.1134776428374302E+01 -0.1246769104466961E+01 -0.1184370648716121E+01 -0.8978058062545888E+00 -0.5081740210944512E+00 -0.1682233471643162E+00  0.6679765370250158E-01  0.1760887803565167E+00  0.1271536735783868E+00 -0.2053722403786438E+00
 -0.7250972879660142E+00  0.5830258427312983E+00  0.1023980240227881E+01  0.9871182864849901E+00  0.7778186123670000E+00  0.4993661642875231E+00  0.1782771039804695E+00 -0.1515864020160046E+00 -0.4619449821309960E+00 -0.7165743727982820E+00 -0.9096228580630660E+00 -0.1079994372863171E+01 -0.1248448820060750E+01 -0.1314133564379672E+01 -0.1140699461419746E+01 -0.7673017117344896E+00 -0.3729781980129518E+00 -0.7408160914417708E-01  0.8801403672602673E-01  0.9097744478521846E-01 -0.1849182976296287E+00
 -0.5178555099856248E+00  0.5175097608530006E+00  0.1034673772573377E+01  0.1065087011142666E+01  0.8739843921125244E+00  0.5968420996476107E+00  0.2702938908477782E+00 -0.7423999644829671E-01 -0.4042110423767697E+00 -0.6741987717635727E+00 -0.8584944472036231E+00 -0.9973622349530885E+00 -0.1172297078129542E+01 -0.1340927584509738E+01 -0.1317782525765093E+01 -0.1029358440032189E+01 -0.6216938439596899E+00 -0.2594226436176519E+00 -0.2149855096097784E-01  0.5115818026817629E-01 -0.1749730917655067E+00
 -0.3206138941914006E+00  0.4320535303069467E+00  0.9755466967294396E+00  0.1091349445703137E+01  0.9420810133745885E+00  0.6796297457536881E+00  0.3588684010092365E+00  0.1198185280881842E-01 -0.3275008944496120E+00 -0.6115050913048240E+00 -0.7965405702698874E+00 -0.9016659252798760E+00 -0.1043349906266305E+01 -0.1267023958238711E+01 -0.1395506815828248E+01 -0.1247435572731387E+01 -0.8829510373763743E+00 -0.4841087632661376E+00 -0.1665075348917599E+00 -0.9164445693166098E-02 -0.1390141978122616E+00
 -0.1526402669671303E+00  0.3326503754320571E+00  0.8453108593290410E+00  0.1047200655410782E+01  0.9650462977987577E+00  0.7351801321629363E+00  0.4321553900048726E+00  0.9617369016555939E-01 -0.2377403413321110E+00 -0.5237567418559270E+00 -0.7109336404289700E+00 -0.7924119256697342E+00 -0.8833693718406576E+00 -0.1110141459334440E+01 -0.1360183192476945E+01 -0.1384602403567424E+01 -0.1123076839082785E+01 -0.7325396720448222E+00 -0.3520697382262377E+00 -0.9544055152137484E-01 -0.6574808366211315E-01
 -0.1930399123172843E-01  0.2251424745264211E+00  0.6561234323475350E+00  0.9181899922290234E+00  0.9186646940644922E+00  0.7445758106545102E+00  0.4773182738432198E+00  0.1679003929457343E+00 -0.1441378816891370E+00 -0.4151114829812803E+00 -0.5952577319724264E+00 -0.6621413091429819E+00 -0.7056571277408290E+00 -0.8957670193000116E+00 -0.1215220551077694E+01 -0.1413841526279612E+01 -0.1308506741205263E+01 -0.9798111395425629E+00 -0.5715385882046559E+00 -0.2053881645236673E+00  0.4462590536634614E-01
  0.8071937608621332E-01  0.1204939273611750E+00  0.4422011581697382E+00  0.7189730327903775E+00  0.7965298513999421E+00  0.6955887014697507E+00  0.4837169503055809E+00  0.2179986583192453E+00 -0.5603719907839633E-01 -0.2950479587847460E+00 -0.4544160265290426E+00 -0.5095933252623958E+00 -0.5200763060548005E+00 -0.6530547097603168E+00 -0.9795558100565770E+00 -0.1317193903089075E+01 -0.1403435500184096E+01 -0.1193981071736549E+01 -0.8064647173069366E+00 -0.3344142691162484E+00  0.1967780900418086E+00
  0.1422973643038002E+00  0.3231445870919480E-01  0.2392407404313846E+00  0.4751624469681526E+00  0.5966933135265685E+00  0.5714536006519545E+00  0.4337983731731058E+00  0.2328142599626699E+00  0.1523457625477880E-01 -0.1762245362603973E+00 -0.3029314973458201E+00 -0.3459928766450341E+00 -0.3404474048652557E+00 -0.4145714064252586E+00 -0.6888189926508478E+00 -0.1093152014324954E+01 -0.1370018465834357E+01 -0.1333367275027032E+01 -0.1026592912519899E+01 -0.4764884715377036E+00  0.4028725020932116E+00
  0.1303235240577083E+00 -0.1253788805056742E-01  0.9270985990600603E-01  0.2491597656814602E+00  0.3643281779292306E+00  0.3887533450075110E+00  0.3244863620141717E+00  0.2002256376844830E+00  0.5341175439145362E-01 -0.7903348447651808E-01 -0.1663479681279108E+00 -0.1965459803631101E+00 -0.1879067927586437E+00 -0.2149300498875008E+00 -0.3943821975999335E+00 -0.7665854221422371E+00 -0.1179539882742857E+01 -0.1347669977489243E+01 -0.1189713202022884E+01 -0.6251939600249869E+00  0.6858686780520771E+00
  0.3096838204306054E-01 -0.9022664224029026E-02  0.3900389370973462E-02  0.7008804233616389E-01  0.1462283689123234E+00  0.1865013628704214E+00  0.1748001090115217E+00  0.1199923283332887E+00  0.4423579818548710E-01 -0.2737886896027872E-01 -0.7483887404438244E-01 -0.9090871220248976E-01 -0.8345550221862905E-01 -0.8181149083248825E-01 -0.1570689625794904E+00 -0.4006669999769555E+00 -0.8346692076169809E+00 -0.1185005270207879E+01 -0.1232689371209574E+01 -0.7724248073630698E+00  0.1084585050879636E+01
 -0.1649291804787717E+00  0.4370919329268533E-01 -0.3380160060071569E-01 -0.3893387513230312E-01 -0.3140824629662190E-02  0.3129899314250985E-01  0.4458545987523271E-01  0.3478236621624694E-01  0.1066321193128473E-01 -0.1516509059183280E-01 -0.3226415056991342E-01 -0.3581660205408194E-01 -0.2896587746073579E-01 -0.1758460322485463E-01 -0.2370813925935021E-01 -0.9881911445542237E-01 -0.4143357387451227E+00 -0.8287966012494398E+00 -0.1056107711570136E+01 -0.8507058213898093E+00  0.1496009752599292E+01
  0.4178705855157364E+00 -0.2216621231395135E+00 -0.2471157839028040E+00 -0.1803129749865841E+00 -0.1136266388278733E+00 -0.6488623861664344E-01 -0.3467244620242827E-01 -0.1987076780685074E-01 -0.1540515745194539E-01 -0.1513067451328455E-01 -0.1400603274711389E-01 -0.8979361210828556E-02 -0.1574352768532704E-02  0.7947754164772494E-02  0.1006607087223709E-01  0.6095472933763679E-02 -0.1390245865061703E+00 -0.3959303296955545E+00 -0.5704655621797650E+00 -0.5465252081147267E+00  0.1069110062164415E+01
  0.0000000000000000E+00  0.0000000000000000E+00  0.0000000000000000E+00  0.0000000000000000E+00  0.0000000000000000E+00  0.0000000000000000E+00  0.0000000000000000E+00  0.0000000000000000E+00  0.0000000000000000E+00  0.0000000000000000E+00  0.0000000000000000E+00  0.0000000000000000E+00  0.0000000000000000E+00  0.0000000000000000E+00  0.0000000000000000E+00  0.0000000000000000E+00  0.0000000000000000E+00  0.0000000000000000E+00  0.0000000000000000E+00  0.0000000000000000E+00  0.0000000000000000E+00
