  0.0000000000000000E+00  0.0000000000000000E+00  0.0000000000000000E+00  0.0000000000000000E+00  0.0000000000000000E+00  0.0000000000000000E+00  0.0000000000000000E+00  0.0000000000000000E+00  0.0000000000000000E+00  0.0000000000000000E+00  0.0000000000000000E+00  0.0000000000000000E+00  0.0000000000000000E+00  0.0000000000000000E+00  0.0000000000000000E+00  0.0000000000000000E+00  0.0000000000000000E+00  0.0000000000000000E+00  0.0000000000000000E+00  0.0000000000000000E+00  0.0000000000000000E+00
  0.6304942849067811E-01 -0.4565222923663589E-01 -0.7390725921922957E-01 -0.8280067188256014E-01 -0.9570517408733603E-01 -0.1093731811169746E+00 -0.1190313909466237E+00 -0.1203760867713526E+00 -0.1148573225282896E+00 -0.9460314621931468E-01 -0.5283865495210356E-01  0.1020450293385018E-01  0.7243303464236173E-01  0.1102728085398925E+00  0.1158131538313436E+00  0.9390697535252461E-01  0.5415038817236942E-01  0.6517336450095411E-02 -0.3215513610292588E-01 -0.3536301045676966E-01  0.7393389526738309E-01
  0.7789015532103516E-01 -0.4419519462259158E-01 -0.5469542854673960E-01 -0.5735484481947827E-01 -0.8678022678588464E-01 -0.1343881837250257E+00 -0.1896718277395865E+00 -0.2328230673257604E+00 -0.2516152122690925E+00 -0.2278043291594116E+00 -0.1625291462140824E+00 -0.6559393934182767E-01  0.3677902679378086E-01  0.1200370654623895E+00  0.1686157627368745E+00  0.1770062149839694E+00  0.1487490705162959E+00  0.9407081476661909E-01  0.3109127711940253E-01 -0.1088812823946334E-01  0.6375566183779255E-01
  0.4160524368560764E-02  0.4916361446782294E-02  0.1890960870890765E-01  0.1164065122157335E-01 -0.4845180553837308E-01 -0.1395487514277525E+00 -0.2478224860815338E+00 -0.3443252252390727E+00 -0.4149774877230894E+00 -0.4314170355238686E+00 -0.3887381220700604E+00 -0.2841995661502267E+00 -0.1432024495301615E+00  0.3349427655513078E-02  0.1274043362176820E+00  0.2089668099505839E+00  0.2364909248126488E+00  0.2084124020302281E+00  0.1398185024410052E+00  0.6473558659717313E-01 -0.5438825735051417E-01
 -0.1938209458110009E+00  0.1175809506039304E+00  0.1589219060007903E+00  0.1349087817846149E+00  0.3869894676083283E-01 -0.9701326972276049E-01 -0.2570566789283986E+00 -0.4045372582838971E+00 -0.5260068369510621E+00 -0.5860433326828562E+00 -0.5773881637171008E+00 -0.4878109726945880E+00 -0.3378743001314076E+00 -0.1583806133289100E+00  0.1705860969646464E-01  0.1627237424517362E+00  0.2567923269881180E+00  0.2817009148352708E+00  0.2397210918478693E+00  0.1530496355177415E+00 -0.2194278147053552E+00
 -0.4646840103064572E+00  0.2684494795758219E+00  0.3406644284210084E+00  0.2866094688717511E+00  0.1491178865082536E+00 -0.3277593159713509E-01 -0.2439206621759817E+00 -0.4432907362367515E+00 -0.6207919572755443E+00 -0.7350697473513549E+00 -0.7718792371680927E+00 -0.7065752209497675E+00 -0.5519035079992427E+00 -0.3437003507327591E+00 -0.1286954200913118E+00  0.6342095625972469E-01  0.2125414936439264E+00  0.2941617528939474E+00  0.2941928021424269E+00  0.2050471372181206E+00 -0.3209486095119349E+00
 -0.7269051851673706E+00  0.4216859867223908E+00  0.5381527749998020E+00  0.4540971500941690E+00  0.2826668788023201E+00  0.6567074564973331E-01 -0.1821049488449180E+00 -0.4202555111356246E+00 -0.6444959961513893E+00 -0.8165710626326105E+00 -0.9175738091076781E+00 -0.9083850417725685E+00 -0.7758620970482926E+00 -0.5476399842884065E+00 -0.2913849667549995E+00 -0.5995432936108229E-01  0.1285294439923500E+00  0.2554817169960719E+00  0.2929930361677685E+00  0.2035664230927010E+00 -0.3177062331103345E+00
 -0.9024287931297194E+00  0.5413257409320473E+00  0.7215484296664226E+00  0.6156163813486584E+00  0.4154641532435147E+00  0.1698143163051424E+00 -0.1051269066732238E+00 -0.3696874792003020E+00 -0.6230795412829394E+00 -0.8365582070065904E+00 -0.9978777720452834E+00 -0.1067699903914275E+01 -0.1001066728575665E+01 -0.7855633399427423E+00 -0.4875689325062602E+00 -0.2037429878069885E+00  0.2304498213755805E-01  0.1818990330070448E+00  0.2454983024817170E+00  0.1679899764790831E+00 -0.2584716269555323E+00
 -0.9423819665585498E+00  0.6050198141552060E+00  0.8726774759070683E+00  0.7633926533640257E+00  0.5435959115432081E+00  0.2780270266255714E+00 -0.1587369479693164E-01 -0.2990192642913308E+00 -0.5674912211819675E+00 -0.7990561026447389E+00 -0.9938730305215585E+00 -0.1136319621726246E+01 -0.1173664579224897E+01 -0.1037031790229729E+01 -0.7381269719522278E+00 -0.3957682439492534E+00 -0.1119513759115340E+00  0.8394594076601963E-01  0.1739707902445271E+00  0.1252301364017102E+00 -0.2017196189606036E+00
 -0.8380797792833878E+00  0.6062472372335231E+00  0.9806619324171815E+00  0.8934575902482743E+00  0.6639112755767268E+00  0.3842715982482591E+00  0.7393626489793086E-01 -0.2290207623174614E+00 -0.5119092856409784E+00 -0.7488225307682133E+00 -0.9427892232672307E+00 -0.1112766415594047E+01 -0.1241492748866197E+01 -0.1233689552588628E+01 -0.1012183779511096E+01 -0.6509068309291979E+00 -0.3016338258347971E+00 -0.4462315769835754E-01  0.9261810701668431E-01  0.8898834245441303E-01 -0.1743469203465548E+00
 -0.6443064505587528E+00  0.5598896938107262E+00  0.1035362630873426E+01  0.1000497688030638E+01  0.7757395403712442E+00  0.4903422578678157E+00  0.1704328474058092E+00 -0.1505472940020735E+00 -0.4524311334082969E+00 -0.7003517802901806E+00 -0.8831464181179350E+00 -0.1037079838412299E+01 -0.1204375544984351E+01 -0.1320406069672773E+01 -0.1238390036815763E+01 -0.9319046326843299E+00 -0.5473138709374686E+00 -0.2200747397532551E+00 -0.9478959579260982E-02  0.5125370587462855E-01 -0.1632400772031466E+00
 -0.4335563493707166E+00  0.4854048423086795E+00  0.1022658177555322E+01  0.1067089762410945E+01  0.8692471466401218E+00  0.5892684426697982E+00  0.2690983190680687E+00 -0.6171467797884520E-01 -0.3792404271235443E+00 -0.6433366464445609E+00 -0.8231556184663581E+00 -0.9441709315467925E+00 -0.1095560211420023E+01 -0.1289226868417564E+01 -0.1364161039105902E+01 -0.1181668932138170E+01 -0.8190677106496131E+00 -0.4425622862330522E+00 -0.1489525788901635E+00 -0.5655421142052005E-02 -0.1319863154640075E+00
 -0.2439013750720886E+00  0.3929282296398920E+00  0.9348833138475876E+00  0.1072512316137075E+01  0.9285023402915578E+00  0.6684448487664734E+00  0.3578464794630393E+00  0.2937746359402969E-01 -0.2913296914863229E+00 -0.5651048059815195E+00 -0.7492852916585707E+00 -0.8437155286702149E+00 -0.9472529751943924E+00 -0.1157801539986835E+01 -0.1366112776350888E+01 -0.1351895274950865E+01 -0.1077746057029211E+01 -0.6966770635238576E+00 -0.3331281275797666E+00 -0.8997480031230884E-01 -0.6320372664284007E-01
 -0.8868536019602458E-01  0.2876172566506344E+00  0.7741664097558787E+00  0.9940046375949458E+00  0.9285700729393916E+00  0.7107612308877789E+00  0.4240193548610697E+00  0.1115484782254810E+00 -0.1971143236643310E+00 -0.4652631331537299E+00 -0.6489171215615065E+00 -0.7287106403966633E+00 -0.7810866387309567E+00 -0.9569192145452617E+00 -0.1244191469683518E+01 -0.1407941553039513E+01 -0.1282268658833258E+01 -0.9536175408778624E+00 -0.5547813200388949E+00 -0.1996797407737274E+00  0.4425790228228721E-01
  0.3069653818885765E-01  0.1784924552890405E+00  0.5661739040559791E+00  0.8321140905716060E+00  0.8535492596929973E+00  0.7009964519154015E+00  0.4573237661034701E+00  0.1763429691251955E+00 -0.1053153953917712E+00 -0.3510295526887510E+00 -0.5207620231080897E+00 -0.5904330566590740E+00 -0.6060483248389530E+00 -0.7206568745890961E+00 -0.1018567812251670E+01 -0.1328706173329570E+01 -0.1393290102792553E+01 -0.1177721064288901E+01 -0.7936339822081345E+00 -0.3293920598290938E+00  0.1945421972791467E+00
  0.1127163740560206E+00  0.7702064192598058E-01  0.3437782998339624E+00  0.5992273237497843E+00  0.6898173842976330E+00  0.6169253130188421E+00  0.4386814714663705E+00  0.2100993360244086E+00 -0.2609006864544939E-01 -0.2325753439189025E+00 -0.3745761684480882E+00 -0.4322339814871500E+00 -0.4293040448738709E+00 -0.4820535249086364E+00 -0.7280044112472438E+00 -0.1111773979191330E+01 -0.1370637454916113E+01 -0.1325428855064948E+01 -0.1017942767045160E+01 -0.4724644517928318E+00  0.3994505883333357E+00
  0.1334564384848460E+00  0.8157632538609216E-02  0.1579293361006736E+00  0.3485919989508172E+00  0.4625950712337452E+00  0.4601247468817107E+00  0.3611944816290359E+00  0.2050956890800263E+00  0.3165251924601001E-01 -0.1232773990692928E+00 -0.2295055210976615E+00 -0.2726781078526302E+00 -0.2653443327695464E+00 -0.2736300366674827E+00 -0.4273054507597754E+00 -0.7848193563536228E+00 -0.1185606588692784E+01 -0.1345563268684198E+01 -0.1184644263902743E+01 -0.6221347096230138E+00  0.6817598649662979E+00
  0.6003530472895205E-01 -0.1006518595506314E-01  0.2983974686376262E-01  0.1262124109202652E+00  0.2145322954612514E+00  0.2465211101756058E+00  0.2142584398765517E+00  0.1348400735244678E+00  0.3521580813324779E-01 -0.5702157799961601E-01 -0.1198266881301956E+00 -0.1438983643238361E+00 -0.1364088205776480E+00 -0.1231651389799633E+00 -0.1802042537431190E+00 -0.4146518707862099E+00 -0.8425090535008595E+00 -0.1186586548675197E+01 -0.1230407858423852E+01 -0.7701783572691573E+00  0.1080127213383619E+01
 -0.1544142367772583E+00  0.4221510419252437E-01 -0.2776892419968515E-01 -0.1493008988559097E-01  0.3249732443670064E-01  0.6720135991522713E-01  0.7146543678556540E-01  0.4778254865830839E-01  0.8960403400966316E-02 -0.2947200020781259E-01 -0.5519537529425202E-01 -0.6244629519917610E-01 -0.5501708893499582E-01 -0.3895007636649300E-01 -0.3651861287612694E-01 -0.1083170471729033E+00 -0.4220972676206189E+00 -0.8321774479290016E+00 -0.1055797225791868E+01 -0.8493800657119636E+00  0.1492342971344023E+01
  0.4178935447886227E+00 -0.2192864957350578E+00 -0.2399659424165506E+00 -0.1704158216558103E+00 -0.1024827935201117E+00 -0.5410757114409601E-01 -0.2650280351647613E-01 -0.1625562481507502E-01 -0.1722772225451140E-01 -0.2202713955021312E-01 -0.2446682778804717E-01 -0.2086572641701037E-01 -0.1287260409770016E-01 -0.1619765649574670E-02  0.3937101968905323E-02  0.5335473126064213E-03 -0.1443735017077824E+00 -0.3986948503629285E+00 -0.5707922730576931E+00 -0.5461105113549404E+00  0.1067539261007128E+01
  0.0000000000000000E+00  0.0000000000000000E+00  0.0000000000000000E+00  0.0000000000000000E+00  0.0000000000000000E+00  0.0000000000000000E+00  0.0000000000000000E+00  0.0000000000000000E+00  0.0000000000000000E+00  0.0000000000000000E+00  0.0000000000000000E+00  0.0000000000000000E+00  0.0000000000000000E+00  0.0000000000000000E+00  0.0000000000000000E+00  0.0000000000000000E+00  0.0000000000000000E+00  0.0000000000000000E+00  0.0000000000000000E+00  0.0000000000000000E+00  0.0000000000000000E+00
