  0.0000000000000000E+00  0.0000000000000000E+00  0.0000000000000000E+00  0.0000000000000000E+00  0.0000000000000000E+00  0.0000000000000000E+00  0.0000000000000000E+00  0.0000000000000000E+00  0.0000000000000000E+00  0.0000000000000000E+00  0.0000000000000000E+00  0.0000000000000000E+00  0.0000000000000000E+00  0.0000000000000000E+00  0.0000000000000000E+00  0.0000000000000000E+00  0.0000000000000000E+00  0.0000000000000000E+00  0.0000000000000000E+00  0.0000000000000000E+00  0.0000000000000000E+00
  0.3863325067083202E-01 -0.1608405772414923E-01 -0.9618922501615661E-02  0.8841102361177794E-03 -0.1095195483741275E-01 -0.4098090200286436E-01 -0.7077369577279044E-01 -0.8274204753018136E-01 -0.8139021774301608E-01 -0.7408030050610513E-01 -0.6190687186296980E-01 -0.3108725277977594E-01  0.2806547461569422E-01  0.9626857766554782E-01  0.1366370054802186E+00  0.1348107616271561E+00  0.9911561667455171E-01  0.4405552307387636E-01 -0.9695905395003913E-02 -0.2792435489958666E-01  0.7407715930375608E-01
  0.5472535630822450E-03  0.1780697579165610E-01  0.5396818093805054E-01  0.7229486910967678E-01  0.4226516305769699E-01 -0.2741651931007235E-01 -0.1201425207732613E+00 -0.2110585218470219E+00 -0.2851958386304526E+00 -0.3223674958882603E+00 -0.3082240348848613E+00 -0.2297609584875416E+00 -0.1016813351258621E+00  0.3863900310258216E-01  0.1490752104404411E+00  0.2042102977161737E+00  0.1996456599896642E+00  0.1465599570410562E+00  0.6993217321388184E-01  0.8620158990403087E-02  0.4407169624267258E-01
 -0.1583242201500884E+00  0.1116053872180720E+00  0.1764919415041276E+00  0.1845443377567639E+00  0.1186646183447361E+00  0.3135312999451305E-02 -0.1404934693989016E+00 -0.2832125508223984E+00 -0.4101425521594218E+00 -0.4946891555721812E+00 -0.5178453637644214E+00 -0.4555951936371924E+00 -0.3128750593030069E+00 -0.1246715747189654E+00  0.5858717259939086E-01  0.1976720837419454E+00  0.2687972739822609E+00  0.2625064474592198E+00  0.1935086555283915E+00  0.1016449990757229E+00 -0.1114263416987771E+00
 -0.4091293685042267E+00  0.2499795317189955E+00  0.3408092266527597E+00  0.3215363576161965E+00  0.2131609175114573E+00  0.5024426876729141E-01 -0.1456942377052859E+00 -0.3428058889065891E+00 -0.5258041708587413E+00 -0.6613346642343292E+00 -0.7254953963921539E+00 -0.6856824711288595E+00 -0.5399193117065170E+00 -0.3227217572901921E+00 -0.9131269514924704E-01  0.1120780791169286E+00  0.2585134543404400E+00  0.3206544841429227E+00  0.2932515280998411E+00  0.1940782142506824E+00 -0.2889831146522059E+00
 -0.6739542870872202E+00  0.3990774142575521E+00  0.5232779556854361E+00  0.4721174252902388E+00  0.3271477267308503E+00  0.1272937225959885E+00 -0.1065823680254634E+00 -0.3424640548260964E+00 -0.5692642252108383E+00 -0.7556592535000644E+00 -0.8763600885190045E+00 -0.8864850320843299E+00 -0.7607821887688163E+00 -0.5249275697234737E+00 -0.2549631200495076E+00 -0.9037342716791795E-02  0.1899082883111201E+00  0.3137191497556721E+00  0.3363922250183942E+00  0.2348221761776461E+00 -0.3680743035145442E+00
 -0.8746200691950524E+00  0.5240673559501947E+00  0.6975819986555317E+00  0.6195531356603746E+00  0.4431878770421643E+00  0.2116121654030170E+00 -0.5337651471897187E-01 -0.3187706022084268E+00 -0.5753544018204340E+00 -0.7979605587882030E+00 -0.9698984856405833E+00 -0.1047254854982283E+01 -0.9759523212390594E+00 -0.7438663473196172E+00 -0.4322494869723981E+00 -0.1421415178714229E+00  0.9339111002156135E-01  0.2594950762178778E+00  0.3188132365797824E+00  0.2175907993675281E+00 -0.3339591615228017E+00
 -0.9556141481585212E+00  0.6005155717616407E+00  0.8459325671264009E+00  0.7572704390202288E+00  0.5591848301594498E+00  0.3048335848985388E+00  0.1701678261111309E-01 -0.2701880306985753E+00 -0.5446728644724780E+00 -0.7852259750326460E+00 -0.9885836721864368E+00 -0.1132405859266085E+01 -0.1152071261105873E+01 -0.9775591622465315E+00 -0.6462810838725939E+00 -0.2984985064476336E+00 -0.2000780725568056E-01  0.1744453800964769E+00  0.2563678245933076E+00  0.1723099561775091E+00 -0.2605620439392198E+00
 -0.8961089000958444E+00  0.6182838709517663E+00  0.9587427127594546E+00  0.8821945512709375E+00  0.6719953245805027E+00  0.4010610761479022E+00  0.9300456421862979E-01 -0.2167810014564141E+00 -0.5078581050270397E+00 -0.7543383676484607E+00 -0.9596339234916443E+00 -0.1136763296189383E+01 -0.1249017222979828E+01 -0.1186722972873647E+01 -0.8996213757602746E+00 -0.5092464451196308E+00 -0.1687662037648641E+00  0.6658800408623071E-01  0.1759728396438248E+00  0.1269580733620500E+00 -0.2049013804423250E+00
 -0.7266306385110379E+00  0.5844297404930318E+00  0.1026658582968057E+01  0.9897514527361636E+00  0.7800786522381327E+00  0.5010419943558265E+00  0.1789665630758184E+00 -0.1520509287210807E+00 -0.4635297392303744E+00 -0.7188464749240947E+00 -0.9119453780265564E+00 -0.1082027889960871E+01 -0.1250540789157963E+01 -0.1316541667799095E+01 -0.1142905389352811E+01 -0.7688527313062609E+00 -0.3739474640756429E+00 -0.7459528457661317E-01  0.8775162900255692E-01  0.9078745074146273E-01 -0.1846107232218313E+00
 -0.5186568957375308E+00  0.5186947587223467E+00  0.1037427380429509E+01  0.1068000454142823E+01  0.8765795506610451E+00  0.5988694850777915E+00  0.2713172239052453E+00 -0.7447274238366555E-01 -0.4057359394824772E+00 -0.6766680349052264E+00 -0.8611767280599915E+00 -0.9995697253048959E+00 -0.1174224449448855E+01 -0.1343182018503366E+01 -0.1320137726239709E+01 -0.1031248280665414E+01 -0.6230491598601426E+00 -0.2602751758928848E+00 -0.2194267289689787E-01  0.5093398360597275E-01 -0.1747446237148161E+00
 -0.3207967456254204E+00  0.4329737319687799E+00  0.9781244502809194E+00  0.1094362459914022E+01  0.9448709774720476E+00  0.6818838050503285E+00  0.3601627379132420E+00  0.1202325616310286E-01 -0.3287954248073232E+00 -0.6139003377132783E+00 -0.7993701069816117E+00 -0.9040238268001869E+00 -0.1045122082327789E+01 -0.1268993454436993E+01 -0.1397799940967465E+01 -0.1249487887593439E+01 -0.8845709567068646E+00 -0.4852791008364891E+00 -0.1671821103909878E+00 -0.9475160197069579E-02 -0.1387566297997790E+00
 -0.1523537194049202E+00  0.3332595437791976E+00  0.8474249119326728E+00  0.1050052949221797E+01  0.9678580361821515E+00  0.7375196589037624E+00  0.4336072304015485E+00  0.9644171653458548E-01 -0.2387499610826672E+00 -0.5258810213234528E+00 -0.7136229200431417E+00 -0.7947365703911543E+00 -0.8849431089320150E+00 -0.1111747620259105E+01 -0.1362259841644715E+01 -0.1386668592994647E+01 -0.1124818162906755E+01 -0.7339426103326077E+00 -0.3529802580794867E+00 -0.9585006958385361E-01 -0.6543004932792584E-01
 -0.1865688492231099E-01  0.2253929620148269E+00  0.6575220011221696E+00  0.9205386527432510E+00  0.9212254382476195E+00  0.7468074016539846E+00  0.4787903773665770E+00  0.1683183559014648E+00 -0.1448684574877069E+00 -0.4168615383190283E+00 -0.5975679968086526E+00 -0.6641754337413583E+00 -0.7069125860733054E+00 -0.8969407881948022E+00 -0.1216968677167526E+01 -0.1415820158229582E+01 -0.1310270808036488E+01 -0.9813373610878092E+00 -0.5726343027281324E+00 -0.2058824553225273E+00  0.4501306323944942E-01
  0.8170027575602623E-01  0.1203647555884043E+00  0.4427945425212392E+00  0.7205538881162188E+00  0.7985847192855189E+00  0.6975344873132852E+00  0.4850873610452094E+00  0.2184901059352463E+00 -0.5651697962204114E-01 -0.2963809767121503E+00 -0.4561982027190571E+00 -0.5111240354712455E+00 -0.5208872249892634E+00 -0.6537438695124288E+00 -0.9808963142454731E+00 -0.1319003430549945E+01 -0.1405160287286662E+01 -0.1195542226687150E+01 -0.8076694501293278E+00 -0.3349724788555264E+00  0.1972479864372514E+00
  0.1435975749041763E+00  0.3184338403778547E-01  0.2391277270175327E+00  0.4758189677142290E+00  0.5979443204957774E+00  0.5728502470604262E+00  0.4348916499506564E+00  0.2332841238502908E+00  0.1496996898351914E-01 -0.1771264165933732E+00 -0.3041186446102601E+00 -0.3469221193994225E+00 -0.3407716954799419E+00 -0.4147839290302329E+00 -0.6897130456548828E+00 -0.1094730336863590E+01 -0.1371669566833134E+01 -0.1334901454827933E+01 -0.1027835817102041E+01 -0.4770927041865679E+00  0.4034422954576622E+00
  0.1316085386789572E+00 -0.1312867469012689E-01  0.9222251460857658E-01  0.2490958206737294E+00  0.3647340381081965E+00  0.3894109424017222E+00  0.3250827751592478E+00  0.2004930144745813E+00  0.5323785641785104E-01 -0.7957994205055764E-01 -0.1669987694852153E+00 -0.1969489964313683E+00 -0.1878599102882648E+00 -0.2147882719407692E+00 -0.3948478760182770E+00 -0.7678689510455484E+00 -0.1181088525757253E+01 -0.1349136002739254E+01 -0.1190931432694875E+01 -0.6258312529158711E+00  0.6865623260527383E+00
  0.3147075540553235E-01 -0.9372139774071950E-02  0.3354336083316503E-02  0.6965388164236956E-01  0.1460548536366957E+00  0.1865373700988243E+00  0.1748882813663416E+00  0.1199729835447308E+00  0.4404036183168366E-01 -0.2770348217989095E-01 -0.7513989806790213E-01 -0.9102230957719824E-01 -0.8329012829929287E-01 -0.8155472338725427E-01 -0.1572088438576477E+00 -0.4016040041271882E+00 -0.8360675510303210E+00 -0.1186353744802088E+01 -0.1233804352453425E+01 -0.7730758378900348E+00  0.1085423161216680E+01
 -0.1646262199931721E+00  0.4341444540587514E-01 -0.3438288377554666E-01 -0.3948853833371088E-01 -0.3538750138253262E-02  0.3106314493172731E-01  0.4444674170466381E-01  0.3465819982868414E-01  0.1050828157640659E-01 -0.1534439120951531E-01 -0.3241116819068537E-01 -0.3587568401577652E-01 -0.2889629830597101E-01 -0.1744751653504999E-01 -0.2369707124393202E-01 -0.9941835149887887E-01 -0.4155246793649829E+00 -0.8299359630465333E+00 -0.1056991000805833E+01 -0.8512742231588775E+00  0.1496831668670800E+01
  0.4184428197852867E+00 -0.2219992490670592E+00 -0.2475549274158908E+00 -0.1806914438838467E+00 -0.1139354758190460E+00 -0.6514364799565316E-01 -0.3490092742882052E-01 -0.2009390988349282E-01 -0.1563377789008233E-01 -0.1535995862350304E-01 -0.1421287092404980E-01 -0.9149349060574725E-02 -0.1695652955717865E-02  0.7834135207673384E-02  0.9918172137754221E-02  0.5629392384607378E-02 -0.1398306851657142E+00 -0.3966476417777514E+00 -0.5709559776766289E+00 -0.5468470018394441E+00  0.1069585027841703E+01
  0.0000000000000000E+00  0.0000000000000000E+00  0.0000000000000000E+00  0.0000000000000000E+00  0.0000000000000000E+00  0.0000000000000000E+00  0.0000000000000000E+00  0.0000000000000000E+00  0.0000000000000000E+00  0.0000000000000000E+00  0.0000000000000000E+00  0.0000000000000000E+00  0.0000000000000000E+00  0.0000000000000000E+00  0.0000000000000000E+00  0.0000000000000000E+00  0.0000000000000000E+00  0.0000000000000000E+00  0.0000000000000000E+00  0.0000000000000000E+00  0.0000000000000000E+00
