  0.0000000000000000E+00  0.0000000000000000E+00  0.0000000000000000E+00  0.0000000000000000E+00  0.0000000000000000E+00  0.0000000000000000E+00  0.0000000000000000E+00  0.0000000000000000E+00  0.0000000000000000E+00  0.0000000000000000E+00  0.0000000000000000E+00  0.0000000000000000E+00  0.0000000000000000E+00  0.0000000000000000E+00  0.0000000000000000E+00  0.0000000000000000E+00  0.0000000000000000E+00  0.0000000000000000E+00  0.0000000000000000E+00  0.0000000000000000E+00  0.0000000000000000E+00
  0.7763468934657235E-01 -0.5754904889964507E-01 -0.9501245735236287E-01 -0.9862724264309157E-01 -0.1033714856165107E+00 -0.1127958990447621E+00 -0.1217662511241697E+00 -0.1217599662929895E+00 -0.1087853482816850E+00 -0.7424701223762770E-01 -0.1823440548398264E-01  0.4583789520057628E-01  0.9507117579580435E-01  0.1160029448452748E+00  0.1088253101328737E+00  0.8055371381603639E-01  0.3995515992062140E-01 -0.4287516941450457E-02 -0.3725648294177088E-01 -0.3681629604377894E-01  0.7319240518956593E-01
  0.1286307103060703E+00 -0.8032272425621956E-01 -0.1123374624625884E+00 -0.1093084932574564E+00 -0.1265946778314743E+00 -0.1625659758818002E+00 -0.2036225814685509E+00 -0.2266175679318790E+00 -0.2196322775971474E+00 -0.1712296386180488E+00 -0.9126230696819465E-01  0.3219381178442256E-02  0.8904658111851969E-01  0.1492952370862265E+00  0.1760624248440971E+00  0.1686286048270079E+00  0.1325862443252765E+00  0.7799771637359393E-01  0.2081574303324006E-01 -0.1507922154594418E-01  0.6605340767107258E-01
  0.1158287774117266E+00 -0.6124600541292317E-01 -0.6790923882704290E-01 -0.6329952795703554E-01 -0.1099225583377838E+00 -0.1883704034567956E+00 -0.2801125134779464E+00 -0.3526672707811179E+00 -0.3915667231007721E+00 -0.3730089234396515E+00 -0.3010807295714621E+00 -0.1850188988372026E+00 -0.5203114462018119E-01  0.7228852344319264E-01  0.1685462448621356E+00  0.2236004270101558E+00  0.2310912721491998E+00  0.1932245291910712E+00  0.1260070086910060E+00  0.5767202772597886E-01 -0.4700907448693059E-01
 -0.3385168103629190E-01  0.2913908928122857E-01  0.5356558680739381E-01  0.4305159311779724E-01 -0.4451736155442018E-01 -0.1689643460979260E+00 -0.3116735283612618E+00 -0.4322227157313996E+00 -0.5175269324313524E+00 -0.5351315948251851E+00 -0.4869788018326102E+00 -0.3736836975626759E+00 -0.2222271684660391E+00 -0.6032662561213514E-01  0.8812739418428568E-01  0.2040582016496807E+00  0.2706314362715596E+00  0.2764673307133992E+00  0.2288248096225140E+00  0.1467849678918142E+00 -0.2115300940529287E+00
 -0.2929873979701307E+00  0.1739554465301223E+00  0.2288789416202363E+00  0.1862437762487861E+00  0.5200875222074933E-01 -0.1207908277756704E+00 -0.3173788504866774E+00 -0.4918559748160792E+00 -0.6337695927125981E+00 -0.7001629053894179E+00 -0.6854315525109629E+00 -0.5806463519152336E+00 -0.4142608787000617E+00 -0.2223160622300033E+00 -0.3596504472154153E-01  0.1259837211630290E+00  0.2456000976744877E+00  0.3029417261176015E+00  0.2913362874964880E+00  0.2037731322753377E+00 -0.3199831093295252E+00
 -0.5792980091668352E+00  0.3371994899426533E+00  0.4323004606611247E+00  0.3532152486302088E+00  0.1795334824395567E+00 -0.3141569859216840E-01 -0.2692317278229070E+00 -0.4889644778105149E+00 -0.6865336652582605E+00 -0.8160593688139195E+00 -0.8595951996142721E+00 -0.7905159908358216E+00 -0.6238849532287658E+00 -0.4037912462105686E+00 -0.1813469074836469E+00  0.1598297720688860E-01  0.1750184367952697E+00  0.2769775299308142E+00  0.3000406943177436E+00  0.2081917813696309E+00 -0.3245346497911491E+00
 -0.8051356278494005E+00  0.4787526429296655E+00  0.6311223009395958E+00  0.5211098367888491E+00  0.3148352257388672E+00  0.7452259980186690E-01 -0.1908303701671830E+00 -0.4405074452239257E+00 -0.6783472146017527E+00 -0.8673161359816857E+00 -0.9848297315119219E+00 -0.9873085160851930E+00 -0.8563413604380130E+00 -0.6214414749776418E+00 -0.3547376482093728E+00 -0.1148287390999857E+00  0.7808363115811713E-01  0.2123577609906498E+00  0.2605295381653387E+00  0.1755102848896671E+00 -0.2660013165036627E+00
 -0.9081859029196943E+00  0.5698578619055307E+00  0.8013876827968976E+00  0.6766167353411461E+00  0.4465518265677534E+00  0.1861995458437571E+00 -0.9399210139891474E-01 -0.3575035183086738E+00 -0.6120344865117201E+00 -0.8359906416511006E+00 -0.1017610205762203E+01 -0.1115600613980930E+01 -0.1076023038318523E+01 -0.8784001498128495E+00 -0.5821752768162016E+00 -0.2851233550408409E+00 -0.4531568383260424E-01  0.1204725764004706E+00  0.1918886162385727E+00  0.1314931993257572E+00 -0.2025909817386989E+00
 -0.8649169289737043E+00  0.5979930985385021E+00  0.9290623666418022E+00  0.8133315005645090E+00  0.5679068941657429E+00  0.2917463996051302E+00 -0.4626107405947729E-03 -0.2741964837605921E+00 -0.5318912889189800E+00 -0.7599023476197468E+00 -0.9638220771749355E+00 -0.1133313609524996E+01 -0.1212696426933703E+01 -0.1123753891399949E+01 -0.8604510710536774E+00 -0.5216928200002837E+00 -0.2176423724373200E+00  0.7986660165438328E-03  0.1118402893594431E+00  0.9247196699482900E-01 -0.1655756116250439E+00
 -0.7066058179911319E+00  0.5711592742259615E+00  0.1006872004686753E+01  0.9300342551789773E+00  0.6815642086100929E+00  0.3948071927991672E+00  0.9179912294032094E-01 -0.1966424808151012E+00 -0.4621616733245643E+00 -0.6850001422371682E+00 -0.8737225991927032E+00 -0.1056986949975958E+01 -0.1223701630963526E+01 -0.1277851333330467E+01 -0.1126971036415254E+01 -0.8077109437718171E+00 -0.4534917109746061E+00 -0.1641482086014267E+00  0.1457359987386000E-01  0.5548753719297168E-01 -0.1518890117050550E+00
 -0.5032833635085892E+00  0.5087460861604166E+00  0.1022954894972661E+01  0.1015512107207674E+01  0.7846888749866340E+00  0.4969584317627845E+00  0.1878686778364010E+00 -0.1162875528572947E+00 -0.3979138875808707E+00 -0.6256542558102562E+00 -0.7915784910235778E+00 -0.9409037468720779E+00 -0.1128044672900109E+01 -0.1299847985251509E+01 -0.1308138815984700E+01 -0.1085784855996226E+01 -0.7314190122520968E+00 -0.3824897249631909E+00 -0.1190465923494800E+00  0.2662054203890014E-02 -0.1270327549611500E+00
 -0.3072640387721209E+00  0.4252468022244048E+00  0.9684763679010936E+00  0.1052546012597997E+01  0.8664063379827814E+00  0.5907561114039819E+00  0.2834587782890059E+00 -0.2837650675254038E-01 -0.3231521921332757E+00 -0.5637418948613182E+00 -0.7208230657275033E+00 -0.8240197097956949E+00 -0.9716940889624167E+00 -0.1196448629618028E+01 -0.1359820705845338E+01 -0.1295291803279871E+01 -0.1009562883989878E+01 -0.6423587782515338E+00 -0.3012105623890362E+00 -0.7884523408960840E-01 -0.6467486012021095E-01
 -0.1405412973899975E+00  0.3259877654889587E+00  0.8374219990768788E+00  0.1013101024621720E+01  0.8991569798533211E+00  0.6560767850731346E+00  0.3640405890101503E+00  0.5863583093310110E-01 -0.2356374437592086E+00 -0.4816332388146516E+00 -0.6395415834833041E+00 -0.7120427197787894E+00 -0.7957115583966782E+00 -0.1002274389004284E+01 -0.1271109191807054E+01 -0.1388833388974600E+01 -0.1238809152955741E+01 -0.9125204762570915E+00 -0.5265064524733694E+00 -0.1886104802835374E+00  0.3932498837724274E-01
 -0.8844451397023168E-02  0.2184838947322464E+00  0.6466072327997161E+00  0.8890649020673820E+00  0.8646067419464418E+00  0.6788693156314328E+00  0.4195574971540573E+00  0.1345937139105854E+00 -0.1439926274985982E+00 -0.3787386683125735E+00 -0.5308985211601392E+00 -0.5891942148715834E+00 -0.6199533408976553E+00 -0.7624009702637495E+00 -0.1060034256480241E+01 -0.1338043270332142E+01 -0.1373120085837271E+01 -0.1151362661602679E+01 -0.7721894346017190E+00 -0.3200511817855670E+00  0.1879641107549821E+00
  0.8585639341364432E-01  0.1116688697871357E+00  0.4208630027750513E+00  0.6770617654202893E+00  0.7347452585269593E+00  0.6262042421736433E+00  0.4234387644662014E+00  0.1814944613849221E+00 -0.5996530656526495E-01 -0.2639897805214234E+00 -0.3967889727609658E+00 -0.4459476610928721E+00 -0.4485274668618356E+00 -0.5183557157823857E+00 -0.7693198848740049E+00 -0.1136091552770056E+01 -0.1369028637218037E+01 -0.1312316018451380E+01 -0.1003928324077155E+01 -0.4653618104542328E+00  0.3921571072855430E+00
  0.1259020966432958E+00  0.2926975381264819E-01  0.2137113580812404E+00  0.4232433910171093E+00  0.5273714936249827E+00  0.5000809852839389E+00  0.3755748475292431E+00  0.1992729298687249E+00  0.1234179884599664E-01 -0.1485184725950895E+00 -0.2532978184692863E+00 -0.2926782053536810E+00 -0.2875284161655239E+00 -0.3041158959125491E+00 -0.4606061988849990E+00 -0.8111418223025053E+00 -0.1194705459481359E+01 -0.1342323672456996E+01 -0.1177011355843099E+01 -0.6171178928522746E+00  0.6743423227137246E+00
  0.7707034626436493E-01 -0.7189830176303834E-02  0.5550085573545342E-01  0.1721905551738476E+00  0.2646246762158926E+00  0.2866085321922629E+00  0.2379559908014895E+00  0.1418192240230112E+00  0.2864029800447300E-01 -0.7182823105064225E-01 -0.1368898888200762E+00 -0.1602899156016742E+00 -0.1541567247883421E+00 -0.1452030193119550E+00 -0.2026597119319923E+00 -0.4349039469768627E+00 -0.8548736903517429E+00 -0.1189163811528286E+01 -0.1227367163781221E+01 -0.7668407468857460E+00  0.1073155076876017E+01
 -0.1503363555996689E+00  0.4451509304513986E-01 -0.1679107646424930E-01  0.9994835855875081E-02  0.6420475671587331E-01  0.9671144977320557E-01  0.9274091361456677E-01  0.5856944704200457E-01  0.1015503067920236E-01 -0.3490872285859891E-01 -0.6346585594186505E-01 -0.7124615948445966E-01 -0.6418763741755518E-01 -0.5013989138526816E-01 -0.4792331154138214E-01 -0.1202929535985414E+00 -0.4328193368452598E+00 -0.8369169906040269E+00 -0.1055465177723747E+01 -0.8476626882020351E+00  0.1487522886882358E+01
  0.4159213963341221E+00 -0.2161464417925348E+00 -0.2325179290434824E+00 -0.1610825466610001E+00 -0.9254423059034582E-01 -0.4493483072361126E-01 -0.1973375181137737E-01 -0.1293686822874743E-01 -0.1739227745203923E-01 -0.2486347312454485E-01 -0.2855010647843218E-01 -0.2522186246284961E-01 -0.1696009279882603E-01 -0.6034971135589134E-02  0.1330843765496701E-05 -0.4742710004589699E-02 -0.1507722565698043E+00 -0.4023441107135140E+00 -0.5711896793806903E+00 -0.5456157549423875E+00  0.1065657585446472E+01
  0.0000000000000000E+00  0.0000000000000000E+00  0.0000000000000000E+00  0.0000000000000000E+00  0.0000000000000000E+00  0.0000000000000000E+00  0.0000000000000000E+00  0.0000000000000000E+00  0.0000000000000000E+00  0.0000000000000000E+00  0.0000000000000000E+00  0.0000000000000000E+00  0.0000000000000000E+00  0.0000000000000000E+00  0.0000000000000000E+00  0.0000000000000000E+00  0.0000000000000000E+00  0.0000000000000000E+00  0.0000000000000000E+00  0.0000000000000000E+00  0.0000000000000000E+00
