  0.0000000000000000E+00  0.0000000000000000E+00  0.0000000000000000E+00  0.0000000000000000E+00  0.0000000000000000E+00  0.0000000000000000E+00  0.0000000000000000E+00  0.0000000000000000E+00  0.0000000000000000E+00  0.0000000000000000E+00  0.0000000000000000E+00  0.0000000000000000E+00  0.0000000000000000E+00  0.0000000000000000E+00  0.0000000000000000E+00  0.0000000000000000E+00  0.0000000000000000E+00  0.0000000000000000E+00  0.0000000000000000E+00  0.0000000000000000E+00  0.0000000000000000E+00
  0.3864386852918852E-01 -0.1609408617392888E-01 -0.9638389992598128E-02  0.8579154249644485E-03 -0.1098612083743955E-01 -0.4101892679425752E-01 -0.7080546000233526E-01 -0.8276011994192149E-01 -0.8139856879165744E-01 -0.7408554783252834E-01 -0.6191464571124541E-01 -0.3109234348572729E-01  0.2807694373498199E-01  0.9630106239676824E-01  0.1366754843921223E+00  0.1348390304388262E+00  0.9912353030336732E-01  0.4403707289396055E-01 -0.9739575061471852E-02 -0.2795901112440366E-01  0.7413745831173914E-01
  0.5507012169123013E-03  0.1780438895974020E-01  0.5396386809613291E-01  0.7228981324393831E-01  0.4225197774449521E-01 -0.2744159289031553E-01 -0.1201809255763200E+00 -0.2111081922649647E+00 -0.2852567080945139E+00 -0.3224332145141123E+00 -0.3082853132809824E+00 -0.2297980580820195E+00 -0.1016815480775740E+00  0.3867448867993895E-01  0.1491302868570335E+00  0.2042655370698087E+00  0.1996846687069901E+00  0.1465719615261460E+00  0.6991391122799172E-01  0.8592627767981760E-02  0.4413602792404644E-01
 -0.1583401797324260E+00  0.1116166101415914E+00  0.1765096506923482E+00  0.1845668887797660E+00  0.1186775246600167E+00  0.3131549281856969E-02 -0.1405194402126017E+00 -0.2832599290872028E+00 -0.4102129389604511E+00 -0.4947758116155422E+00 -0.5179418324920535E+00 -0.4556800484634256E+00 -0.3129276371581516E+00 -0.1246803016067519E+00  0.5861530219832855E-01  0.1977213882619286E+00  0.2688496058654857E+00  0.2625439953533390E+00  0.1935180514350174E+00  0.1016284361595457E+00 -0.1113672570436197E+00
 -0.4091938430213025E+00  0.2500188365837712E+00  0.3408626667300109E+00  0.3215940802547290E+00  0.2132016389567934E+00  0.5025791476590460E-01 -0.1457172952123958E+00 -0.3428636075860593E+00 -0.5258966021478871E+00 -0.6614502482783344E+00 -0.7256272238270748E+00 -0.6858089408147379E+00 -0.5400176278002831E+00 -0.3227735236489611E+00 -0.9131987704557487E-01  0.1121038046560810E+00  0.2585585883473831E+00  0.3207010089348123E+00  0.2932798351358467E+00  0.1940716289910479E+00 -0.2889350518372970E+00
 -0.6740847050299431E+00  0.3991538996295175E+00  0.5233769938586094E+00  0.4722160303517949E+00  0.3272229245865452E+00  0.1273343083630080E+00 -0.1065895043077243E+00 -0.3425164487656450E+00 -0.5693618503019366E+00 -0.7557886835571800E+00 -0.8765169794190956E+00 -0.8866517113077185E+00 -0.7609304481639476E+00 -0.5250253871536941E+00 -0.2550065612790591E+00 -0.9041613048031718E-02  0.1899326315243019E+00  0.3137579359857269E+00  0.3364230635238439E+00  0.2348154831660937E+00 -0.3680233859744373E+00
 -0.8748157824536960E+00  0.5241817239351626E+00  0.6977293893517920E+00  0.6196932963059514E+00  0.4432986129327302E+00  0.2116796653922388E+00 -0.5337054849178766E-01 -0.3188233879074405E+00 -0.5754614867825699E+00 -0.7981005467605869E+00 -0.9700660107932630E+00 -0.1047445218582176E+01 -0.9761460264442691E+00 -0.7440170003893972E+00 -0.4323322516492350E+00 -0.1421749494888423E+00  0.9339081302837383E-01  0.2595154140723699E+00  0.3188313816149918E+00  0.2175776211749828E+00 -0.3339014819099567E+00
 -0.9558536910352701E+00  0.6006598241552988E+00  0.8461257814306263E+00  0.7574524839164739E+00  0.5593349641093022E+00  0.3049333102619317E+00  0.1703896702583495E-01 -0.2702449920503333E+00 -0.5448002320818499E+00 -0.7853887330402252E+00 -0.9887618395742308E+00 -0.1132602932043252E+01 -0.1152293437873232E+01 -0.9777659961872740E+00 -0.6464174916521573E+00 -0.2985681505139096E+00 -0.2003559475421070E-01  0.1744417262933143E+00  0.2563664069643118E+00  0.1722910808914519E+00 -0.2605068357100438E+00
 -0.8963529203208001E+00  0.6184433309498114E+00  0.9589770725286342E+00  0.8824190870918929E+00  0.6721892528131995E+00  0.4012000718267721E+00  0.9304984120184967E-01 -0.2168404985479878E+00 -0.5080134227081856E+00 -0.7545419689293671E+00 -0.9598382911411771E+00 -0.1136960022499803E+01 -0.1249239560719303E+01 -0.1186965196748568E+01 -0.8998167823382740E+00 -0.5093667293642035E+00 -0.1688308340437717E+00  0.6655887769102722E-01  0.1759559478783685E+00  0.1269380927524387E+00 -0.2048583303789475E+00
 -0.7268221730758131E+00  0.5845827317493637E+00  0.1026926022172278E+01  0.9900170295872528E+00  0.7803167609980366E+00  0.5012245647029255E+00  0.1790443793212459E+00 -0.1521009028530866E+00 -0.4637047911700971E+00 -0.7190977390424833E+00 -0.9121985455228173E+00 -0.1082239277792890E+01 -0.1250749093695621E+01 -0.1316786966095451E+01 -0.1143139336590349E+01 -0.7690224788011473E+00 -0.3740566114150843E+00 -0.7465535159102425E-01  0.8772088027353377E-01  0.9076780941728148E-01 -0.1845825479783107E+00
 -0.5187716558626077E+00  0.5188279852640849E+00  0.1037712299929647E+01  0.1068300742949518E+01  0.8768559007462746E+00  0.5990918027008399E+00  0.2714321408943640E+00 -0.7449748844349388E-01 -0.4059060767403064E+00 -0.6769453852279151E+00 -0.8614779217652565E+00 -0.9998108119533280E+00 -0.1174420929891102E+01 -0.1343409416967585E+01 -0.1320383551874126E+01 -0.1031450902756744E+01 -0.6231967699684111E+00 -0.2603693883215992E+00 -0.2199191691880430E-01  0.5090982250778428E-01 -0.1747213844421571E+00
 -0.3208418142410843E+00  0.4330807453332139E+00  0.9784004217585576E+00  0.1094679636021706E+01  0.9451702779834023E+00  0.6821314360276388E+00  0.3603074105223117E+00  0.1202817474133318E-01 -0.3289415522807908E+00 -0.6141722795915892E+00 -0.7996933204864088E+00 -0.9042910817487214E+00 -0.1045309876904989E+01 -0.1269191259122204E+01 -0.1398035481055061E+01 -0.1249703988265954E+01 -0.8847434796497960E+00 -0.4854046845239418E+00 -0.1672547638694027E+00 -0.9508529158923616E-02 -0.1387291763926319E+00
 -0.1523439580185303E+00  0.3333345185961954E+00  0.8476595977700560E+00  0.1050359900768438E+01  0.9681618402107141E+00  0.7377762912087230E+00  0.4337683422349245E+00  0.9647086064022298E-01 -0.2388653337101121E+00 -0.5261240208342487E+00 -0.7139333116445288E+00 -0.7950067613240587E+00 -0.8851174130929935E+00 -0.1111909408322296E+01 -0.1362469792171667E+01 -0.1386882375329605E+01 -0.1125000261780387E+01 -0.7340900514406455E+00 -0.3530762337823735E+00 -0.9589323855877363E-01 -0.6539651810605257E-01
 -0.1860445312999925E-01  0.2254298861238647E+00  0.6576852052415949E+00  0.9207981893466368E+00  0.9215054295402585E+00  0.7470525623153134E+00  0.4789528520386049E+00  0.1683631315606314E+00 -0.1449537535104905E+00 -0.4170638657135762E+00 -0.5978375281890739E+00 -0.6644169040877015E+00 -0.7070582936336027E+00 -0.8970600731306280E+00 -0.1217142708961867E+01 -0.1416021350747167E+01 -0.1310452221879270E+01 -0.9814951448172509E+00 -0.5727479508642159E+00 -0.2059337478929772E+00  0.4505329281471560E-01
  0.8179153996414440E-01  0.1203602822868154E+00  0.4428723868245905E+00  0.7207350199523895E+00  0.7988132593061334E+00  0.6977493868672668E+00  0.4852381184251400E+00  0.2185421165399146E+00 -0.5657530469776587E-01 -0.2965376888820411E+00 -0.4564094150915877E+00 -0.5113104973613607E+00 -0.5209873823646887E+00 -0.6538144665472109E+00 -0.9810275171247589E+00 -0.1319184631822264E+01 -0.1405334955265533E+01 -0.1195701304415684E+01 -0.8077927629441136E+00 -0.3350296875356933E+00  0.1972962996629662E+00
  0.1437263466667857E+00  0.3180032545255645E-01  0.2391273230244551E+00  0.4759016373714236E+00  0.5980887324473380E+00  0.5730076498683644E+00  0.4350131562492011E+00  0.2333340800248881E+00  0.1493541733428668E-01 -0.1772353465754085E+00 -0.3042632087695625E+00 -0.3470404809347883E+00 -0.3408183932416967E+00 -0.4148051233165423E+00 -0.6897981670329887E+00 -0.1094886604935903E+01 -0.1371835030820021E+01 -0.1335056120537839E+01 -0.1027961751373260E+01 -0.4771540471571544E+00  0.4035003900982030E+00
  0.1317425761403020E+00 -0.1318848533271083E-01  0.9217712014216949E-01  0.2490979302945938E+00  0.3647864995196675E+00  0.3894888207071199E+00  0.3251512317508026E+00  0.2005220591128232E+00  0.5321465820170260E-01 -0.7964799463216950E-01 -0.1670815090751098E+00 -0.1970054368485627E+00 -0.1878630405736642E+00 -0.2147714800628360E+00 -0.3948890768854414E+00 -0.7679950058092672E+00 -0.1181243037540312E+01 -0.1349282962198681E+01 -0.1191054061321752E+01 -0.6258955393129116E+00  0.6866325566169831E+00
  0.3152683544464126E-01 -0.9409185807680692E-02  0.3299278021599191E-02  0.6961310718352294E-01  0.1460428508575032E+00  0.1865471598713419E+00  0.1749016869233567E+00  0.1199718007610742E+00  0.4401672489620843E-01 -0.2774418752728372E-01 -0.7517987649889465E-01 -0.9104167259567099E-01 -0.8327619089041262E-01 -0.8152491395394007E-01 -0.1572170416800463E+00 -0.4016952813024997E+00 -0.8362072174458693E+00 -0.1186488875079055E+01 -0.1233916277376796E+01 -0.7731412691130362E+00  0.1085507529962313E+01
 -0.1645961530816912E+00  0.4338440002346009E-01 -0.3444295301131091E-01 -0.3954491979493929E-01 -0.3577904959300295E-02  0.3104113049121282E-01  0.4443423350368240E-01  0.3464578748209522E-01  0.1049088070817724E-01 -0.1536582596322504E-01 -0.3242983915804904E-01 -0.3588452550939145E-01 -0.2888984425147551E-01 -0.1743091075108060E-01 -0.2369145558690964E-01 -0.9947594916622672E-01 -0.4156436665341943E+00 -0.8300504545157403E+00 -0.1057079708195475E+01 -0.8513312304706538E+00  0.1496913983216486E+01
  0.4184992308593516E+00 -0.2220321045298789E+00 -0.2475970827302851E+00 -0.1807273492698570E+00 -0.1139646426210202E+00 -0.6516803474450672E-01 -0.3492292135792946E-01 -0.2011608692512066E-01 -0.1565731970370255E-01 -0.1538420430356166E-01 -0.1423504371240731E-01 -0.9167433455413545E-02 -0.1708042029726953E-02  0.7823631885142381E-02  0.9905054431444358E-02  0.5583888058931803E-02 -0.1399113584579663E+00 -0.3967198019233417E+00 -0.5710053343173997E+00 -0.5468792827601747E+00  0.1069632513963124E+01
  0.0000000000000000E+00  0.0000000000000000E+00  0.0000000000000000E+00  0.0000000000000000E+00  0.0000000000000000E+00  0.0000000000000000E+00  0.0000000000000000E+00  0.0000000000000000E+00  0.0000000000000000E+00  0.0000000000000000E+00  0.0000000000000000E+00  0.0000000000000000E+00  0.0000000000000000E+00  0.0000000000000000E+00  0.0000000000000000E+00  0.0000000000000000E+00  0.0000000000000000E+00  0.0000000000000000E+00  0.0000000000000000E+00  0.0000000000000000E+00  0.0000000000000000E+00
