  0.0000000000000000E+00  0.0000000000000000E+00  0.0000000000000000E+00  0.0000000000000000E+00  0.0000000000000000E+00  0.0000000000000000E+00  0.0000000000000000E+00  0.0000000000000000E+00  0.0000000000000000E+00  0.0000000000000000E+00  0.0000000000000000E+00  0.0000000000000000E+00  0.0000000000000000E+00  0.0000000000000000E+00  0.0000000000000000E+00  0.0000000000000000E+00  0.0000000000000000E+00  0.0000000000000000E+00  0.0000000000000000E+00  0.0000000000000000E+00  0.0000000000000000E+00
  0.2610287744180952E-01 -0.2124598204087694E-01 -0.3763506868082132E-01 -0.4650611233389899E-01 -0.5145261532724394E-01 -0.5606274099171998E-01 -0.6129314846281021E-01 -0.6718241625400273E-01 -0.7313850829723592E-01 -0.7816905658853027E-01 -0.8102912752621320E-01 -0.8054285240424712E-01 -0.7606338535112805E-01 -0.6787298557702917E-01 -0.5718872787376676E-01 -0.4565530192660141E-01 -0.3438469087601596E-01 -0.2356845965897313E-01 -0.1147083115781537E-01 -0.1914730223315593E-02 -0.5726640487868593E-02
  0.3170429445916861E-01 -0.2380942009707403E-01 -0.3972396583205349E-01 -0.4963310873205156E-01 -0.5689925200883046E-01 -0.6505029305030992E-01 -0.7496814148016549E-01 -0.8653610301906897E-01 -0.9869922060150770E-01 -0.1095817596611310E+00 -0.1166242657822653E+00 -0.1171942323016163E+00 -0.1096728678923704E+00 -0.9449122186504978E-01 -0.7419471304419138E-01 -0.5229238836512232E-01 -0.3142365039319189E-01 -0.1248445626450518E-01  0.5672830150901636E-02  0.1426679247015637E-01 -0.3712754725956747E-01
  0.3455354348531427E-01 -0.2676105813991615E-01 -0.4572963093443418E-01 -0.5885070665000171E-01 -0.7040969586184415E-01 -0.8431335783115888E-01 -0.1015854829181641E+00 -0.1219807592506001E+00 -0.1438793010633881E+00 -0.1642143471190180E+00 -0.1785024733786040E+00 -0.1818072099853701E+00 -0.1708301477912633E+00 -0.1460560312892080E+00 -0.1119331487690665E+00 -0.7472306561392750E-01 -0.3932345163327976E-01 -0.7605706991011680E-02  0.2143915894020570E-01  0.3425233163782095E-01 -0.8131783597325713E-01
  0.3087705282268495E-01 -0.2558526363127947E-01 -0.4587873807115347E-01 -0.6143210341303282E-01 -0.7697997088930822E-01 -0.9675180177804053E-01 -0.1220304847700773E+00 -0.1526840879029310E+00 -0.1867278190838829E+00 -0.2197447251112091E+00 -0.2444620461007852E+00 -0.2521864587377754E+00 -0.2368360585329851E+00 -0.1991728221790713E+00 -0.1469151162641112E+00 -0.9067226543799776E-01 -0.3873268061516350E-01  0.5707866188683880E-02  0.4418635426763824E-01  0.5904667880260388E-01 -0.1329536821401734E+00
  0.2269703608631241E-01 -0.2154984597262573E-01 -0.4195250183156479E-01 -0.5956088521107200E-01 -0.7894246262026429E-01 -0.1048171742178724E+00 -0.1391187735533359E+00 -0.1824080214389728E+00 -0.2328069522504908E+00 -0.2843256025575431E+00 -0.3253290750836924E+00 -0.3407945828714065E+00 -0.3201153848230845E+00 -0.2647832839282730E+00 -0.1876607487768802E+00 -0.1058094663977835E+00 -0.3265337744191023E-01  0.2638219390760338E-01  0.7362344850241763E-01  0.8779908018615948E-01 -0.1897737920560608E+00
  0.8692205363207722E-02 -0.1368683746311096E-01 -0.3236830702612516E-01 -0.5091283831012289E-01 -0.7310063814688018E-01 -0.1042836449913266E+00 -0.1475921786905422E+00 -0.2051933842838992E+00 -0.2761882135072793E+00 -0.3528843871827430E+00 -0.4172249946464541E+00 -0.4447973170903990E+00 -0.4190926301381979E+00 -0.3432149611577620E+00 -0.2363547048098442E+00 -0.1231140791972417E+00 -0.2359716920256647E-01  0.5298274914859189E-01  0.1087157675464145E+00  0.1186010595259489E+00 -0.2470874110314323E+00
 -0.1207765053229742E-01 -0.1430290726159946E-02 -0.1636852271077726E-01 -0.3419829670312031E-01 -0.5727719060069515E-01 -0.9165917155883103E-01 -0.1423069496754582E+00 -0.2141794698654831E+00 -0.3086212340944161E+00 -0.4163246733287339E+00 -0.5108441037240168E+00 -0.5561163461827902E+00 -0.5297351791564214E+00 -0.4369041174453109E+00 -0.3018031890592587E+00 -0.1553178361379679E+00 -0.2469488589905169E-01  0.7485924798197209E-01  0.1415185278067334E+00  0.1444867251182125E+00 -0.2919416475479042E+00
 -0.3993655894846957E-01  0.1548020701702622E-01  0.6504062102609088E-02 -0.8300528211636729E-02 -0.2910484079297420E-01 -0.6245524301817881E-01 -0.1156037449017827E+00 -0.1975388035665307E+00 -0.3136366924160696E+00 -0.4541216497706795E+00 -0.5839106159610310E+00 -0.6553231383116294E+00 -0.6407736447381679E+00 -0.5449836765999551E+00 -0.3923872953172600E+00 -0.2176432206426257E+00 -0.5454480857309277E-01  0.7415957275584610E-01  0.1571375138051518E+00  0.1538464808397847E+00 -0.3044019287142025E+00
 -0.7373031711580011E-01  0.3648282814451358E-01  0.3571816731774063E-01  0.2672695160177027E-01  0.1250304106969911E-01 -0.1334460521152491E-01 -0.6048043997982729E-01 -0.1433392290542012E+00 -0.2743942314554845E+00 -0.4466776424492875E+00 -0.6183001137915062E+00 -0.7311193204346786E+00 -0.7506125087604193E+00 -0.6736004152169286E+00 -0.5187529223635756E+00 -0.3236188005468973E+00 -0.1291942063172455E+00  0.3301796508324581E-01  0.1384573089352553E+00  0.1362473003208168E+00 -0.2702845920271951E+00
 -0.1104372439573867E+00  0.5993231230538346E-01  0.6935969295876368E-01  0.6885910894936213E-01  0.6571444334931491E-01  0.5465063804623438E-01  0.2358998389222815E-01 -0.4920869850883067E-01 -0.1872559993305501E+00 -0.3897116214495672E+00 -0.6094585228650276E+00 -0.7799047735920444E+00 -0.8575131598614515E+00 -0.8239657775611227E+00 -0.6861746186011816E+00 -0.4813200405281141E+00 -0.2581555691477289E+00 -0.5992855745896163E-01  0.7484840487675146E-01  0.9171799154579476E-01 -0.2003055697606328E+00
 -0.1453404576150067E+00  0.8307929991437418E-01  0.1038974421281158E+00  0.1133699058405249E+00  0.1240134791254389E+00  0.1325318106969491E+00  0.1245525433041779E+00  0.7017624867040738E-01 -0.6616649534100211E-01 -0.2896654277434000E+00 -0.5507542871798222E+00 -0.7817774263413433E+00 -0.9339134380571483E+00 -0.9719897574560020E+00 -0.8832410844399189E+00 -0.6924233700175818E+00 -0.4502590660722448E+00 -0.2131193752038170E+00 -0.3473378164920486E-01  0.2956883627302209E-01 -0.1234402904682711E+00
 -0.1731127405651634E+00  0.1025677828940827E+00  0.1345906081170848E+00  0.1532141558749183E+00  0.1765559159816681E+00  0.2038907879749403E+00  0.2196548219512685E+00  0.1883536534868440E+00  0.6608924065755345E-01 -0.1574312413146197E+00 -0.4368440819301772E+00 -0.7131429877222947E+00 -0.9401828586724080E+00 -0.1072181614691766E+01 -0.1072580320134416E+01 -0.9377213093477121E+00 -0.7046903379170444E+00 -0.4339427714485569E+00 -0.1925399765226080E+00 -0.4742967023850220E-01 -0.5025096580710139E-01
 -0.1894646147692721E+00  0.1153623913565988E+00  0.1566225593005244E+00  0.1809886397182106E+00  0.2117729767905367E+00  0.2512280670180151E+00  0.2849236723147351E+00  0.2771803902984394E+00  0.1815892193613536E+00 -0.1752115625457042E-01 -0.2843936338504052E+00 -0.5725093030980718E+00 -0.8469679668742842E+00 -0.1067796889502698E+01 -0.1184510151518142E+01 -0.1155683867549530E+01 -0.9829289262249257E+00 -0.7114630189742182E+00 -0.4059323883955278E+00 -0.1487614367219593E+00  0.4035192177035002E-01
 -0.1933471876223951E+00  0.1200738382192937E+00  0.1668743270354861E+00  0.1917284493302662E+00  0.2221308870892146E+00  0.2634458205833662E+00  0.3046942180148605E+00  0.3155631352948126E+00  0.2531215621744153E+00  0.9647798990005554E-01 -0.1303572982263214E+00 -0.3908344354915175E+00 -0.6634736503669458E+00 -0.9308929781736595E+00 -0.1154755160121719E+01 -0.1266435677548929E+01 -0.1212879012147704E+01 -0.1000343085459771E+01 -0.6652606958073906E+00 -0.2796817046557890E+00  0.1737844181599764E+00
 -0.1844570286153844E+00  0.1158619064510745E+00  0.1631286907378392E+00  0.1833399598408714E+00  0.2062518645954480E+00  0.2398286770830718E+00  0.2774806620435421E+00  0.2974688995177890E+00  0.2655395379374191E+00  0.1581945521810455E+00 -0.1349665538687028E-01 -0.2202113562688131E+00 -0.4450638664963197E+00 -0.6923306014293481E+00 -0.9645151102450286E+00 -0.1207384405253484E+01 -0.1314736569985561E+01 -0.1227232947553218E+01 -0.9292896041455299E+00 -0.4324630583370609E+00  0.3680995708656529E+00
 -0.1769479514808119E+00  0.1088733779285406E+00  0.1496721823048098E+00  0.1590967692394428E+00  0.1689121888052526E+00  0.1884419711883885E+00  0.2142776152414635E+00  0.2328424429708137E+00  0.2211624046384727E+00  0.1588668576400095E+00  0.4580963122824102E-01 -0.9912478463908495E-01 -0.2566750375518556E+00 -0.4300729318159009E+00 -0.6600972490886891E+00 -0.9632326086255358E+00 -0.1230174618488146E+01 -0.1317489133990664E+01 -0.1137352602974577E+01 -0.5943204141978747E+00  0.6456086396190472E+00
 -0.1273389736002696E+00  0.7778205069329470E-01  0.1060071784796146E+00  0.1080682572886838E+00  0.1101000461151356E+00  0.1197729428794583E+00  0.1351519355055341E+00  0.1483210463446574E+00  0.1459782304369641E+00  0.1147522990142297E+00  0.5079955296894350E-01 -0.3680094675694041E-01 -0.1320264180804147E+00 -0.2245403427608377E+00 -0.3465161205513330E+00 -0.5902280243583345E+00 -0.9430987427320563E+00 -0.1209666901434868E+01 -0.1216645211951774E+01 -0.7536935503284007E+00  0.1044435439033428E+01
 -0.2716498503660260E+00  0.1170445420535129E+00  0.7948377579451255E-01  0.4633051426718423E-01  0.3656522961607814E-01  0.4107873920901501E-01  0.5194163416785275E-01  0.6245006700951073E-01  0.6539666747347417E-01  0.5413850563482789E-01  0.2631000417382444E-01 -0.1413338138095699E-01 -0.5796215286268045E-01 -0.9674345060061078E-01 -0.1284876590343393E+00 -0.2302158128406953E+00 -0.5273134775250864E+00 -0.8792066829359620E+00 -0.1062009487002455E+01 -0.8438658305114993E+00  0.1469588004532043E+01
  0.3275025753155565E+00 -0.1703793246356182E+00 -0.1836353985912979E+00 -0.1312685046268883E+00 -0.7928998442940449E-01 -0.3976904250032453E-01 -0.1129453631756532E-01  0.8382590016940420E-02  0.1969174249247850E-01  0.2189680962262737E-01  0.1518697875666580E-01  0.1550232913264132E-02 -0.1380053121706059E-01 -0.2813994990941585E-01 -0.3652041206094602E-01 -0.6341417286582159E-01 -0.2119673407238084E+00 -0.4363443557567391E+00 -0.5791738382125109E+00 -0.5468019917279868E+00  0.1061232136971450E+01
  0.0000000000000000E+00  0.0000000000000000E+00  0.0000000000000000E+00  0.0000000000000000E+00  0.0000000000000000E+00  0.0000000000000000E+00  0.0000000000000000E+00  0.0000000000000000E+00  0.0000000000000000E+00  0.0000000000000000E+00  0.0000000000000000E+00  0.0000000000000000E+00  0.0000000000000000E+00  0.0000000000000000E+00  0.0000000000000000E+00  0.0000000000000000E+00  0.0000000000000000E+00  0.0000000000000000E+00  0.0000000000000000E+00  0.0000000000000000E+00  0.0000000000000000E+00
