  0.0000000000000000E+00  0.0000000000000000E+00  0.0000000000000000E+00  0.0000000000000000E+00  0.0000000000000000E+00  0.0000000000000000E+00  0.0000000000000000E+00  0.0000000000000000E+00  0.0000000000000000E+00  0.0000000000000000E+00  0.0000000000000000E+00  0.0000000000000000E+00  0.0000000000000000E+00  0.0000000000000000E+00  0.0000000000000000E+00  0.0000000000000000E+00  0.0000000000000000E+00  0.0000000000000000E+00  0.0000000000000000E+00  0.0000000000000000E+00  0.0000000000000000E+00
  0.3856803343868070E-01 -0.1603778514117081E-01 -0.9545321984831736E-02  0.9700135903840794E-03 -0.1083087153479301E-01 -0.4083220835240029E-01 -0.7064677044356303E-01 -0.8268663499531419E-01 -0.8139055105967151E-01 -0.7410114063231645E-01 -0.6191105642631389E-01 -0.3109757871568631E-01  0.2797359124865653E-01  0.9606271776297326E-01  0.1363956768549673E+00  0.1346260847232661E+00  0.9904904897175064E-01  0.4414661205047078E-01 -0.9447918206639386E-02 -0.2772108326973835E-01  0.7371533160257568E-01
  0.5523083109850724E-03  0.1779028002684586E-01  0.5392314839152267E-01  0.7223512438606143E-01  0.4226080481508649E-01 -0.2732784396720687E-01 -0.1199441826932431E+00 -0.2107661706512759E+00 -0.2848141287892617E+00 -0.3219414928815307E+00 -0.3078130957090195E+00 -0.2294879985573042E+00 -0.1016291494668191E+00  0.3846850610573944E-01  0.1487687286742536E+00  0.2038794548965222E+00  0.1993926542877527E+00  0.1464611326909563E+00  0.7002311798392968E-01  0.8781899211041836E-02  0.4367742035080417E-01
 -0.1581359097487315E+00  0.1114699944109558E+00  0.1762740734841359E+00  0.1842968116920536E+00  0.1184969616294747E+00  0.3093941848797158E-02 -0.1403760664817305E+00 -0.2829487190775256E+00 -0.4097258714362670E+00 -0.4941665640482425E+00 -0.5172607476162213E+00 -0.4550807463777686E+00 -0.3125540579585180E+00 -0.1246104944221382E+00  0.5842488237566750E-01  0.1973689612450837E+00  0.2684564083970467E+00  0.2622416710929933E+00  0.1934195530673490E+00  0.1017308085758987E+00 -0.1117728726603471E+00
 -0.4086140335637812E+00  0.2496585865939667E+00  0.3403617262181188E+00  0.3210909847591045E+00  0.2128575249297118E+00  0.5013589663302673E-01 -0.1455559455635212E+00 -0.3424411016208972E+00 -0.5252126829879533E+00 -0.6605912467699478E+00 -0.7246530852850895E+00 -0.6848850988766110E+00 -0.5393094508708000E+00 -0.3223983666352648E+00 -0.9125823299541028E-01  0.1119226504166251E+00  0.2582178292950095E+00  0.3203300413761010E+00  0.2930366149483107E+00  0.1940918684922962E+00 -0.2892389905285778E+00
 -0.6730721660787297E+00  0.3985455249045312E+00  0.5225644086348639E+00  0.4714463156402420E+00  0.3266551539459762E+00  0.1270290366502750E+00 -0.1065522596416315E+00 -0.3421618625384861E+00 -0.5686850868513533E+00 -0.7548778468460506E+00 -0.8754081015206721E+00 -0.8854835046314605E+00 -0.7599113559995787E+00 -0.5243630665162282E+00 -0.2547105378919127E+00 -0.9016826412580026E-02  0.1897389318207655E+00  0.3134397686322905E+00  0.3361549800190574E+00  0.2348310833420208E+00 -0.3683382700070051E+00
 -0.8734362438331081E+00  0.5233492113992717E+00  0.6966113903647070E+00  0.6186702971087209E+00  0.4425236958923822E+00  0.2112248859933735E+00 -0.5339659719020436E-01 -0.3184519852690914E+00 -0.5747172271956431E+00 -0.7971174855263689E+00 -0.9688806084979402E+00 -0.1046110578278841E+01 -0.9748252778718117E+00 -0.7430218152299831E+00 -0.4317971280800584E+00 -0.1419658452066289E+00  0.9336403719225843E-01  0.2593258761173800E+00  0.3186523275178388E+00  0.2176439655152261E+00 -0.3342795690278395E+00
 -0.9542876337612466E+00  0.5996739891145415E+00  0.8447343335823779E+00  0.7561771418935134E+00  0.5583229494174121E+00  0.3042783971400704E+00  0.1689957069861007E-01 -0.2698741791730972E+00 -0.5439706502928692E+00 -0.7843116607397095E+00 -0.9875516471984469E+00 -0.1131244260789720E+01 -0.1150788096251021E+01 -0.9764112857187143E+00 -0.6455538353821235E+00 -0.2981425744896110E+00 -0.1988652570481114E-01  0.1744207156956706E+00  0.2563335494647780E+00  0.1724074965887159E+00 -0.2608889403013696E+00
 -0.8948666358987624E+00  0.6174063188100135E+00  0.9573523205312783E+00  0.8808892615000433E+00  0.6709154530223215E+00  0.4003114507740043E+00  0.9277425656875461E-01 -0.2164524878878281E+00 -0.5070207181015020E+00 -0.7532362338488577E+00 -0.9585003049687104E+00 -0.1135629278872451E+01 -0.1247732358678462E+01 -0.1185372103121297E+01 -0.8985743267638036E+00 -0.5086254485551284E+00 -0.1684499633596153E+00  0.6671205778030587E-01  0.1760416827808079E+00  0.1270701981763404E+00 -0.2051689117482131E+00
 -0.7257342670826057E+00  0.5836209571444184E+00  0.1025128604350650E+01  0.9882435731631581E+00  0.7787761475619944E+00  0.5000711049436493E+00  0.1785645348845455E+00 -0.1517833655367970E+00 -0.4626120788840637E+00 -0.7175314337051901E+00 -0.9106052323504281E+00 -0.1080861946090044E+01 -0.1249345577036812E+01 -0.1315161406275327E+01 -0.1141636405982232E+01 -0.7679580433296447E+00 -0.3733866814380028E+00 -0.7429709640901454E-01  0.8790386615348771E-01  0.9089641297376200E-01 -0.1847853727677983E+00
 -0.5181809136400184E+00  0.5180101161066625E+00  0.1035849434679969E+01  0.1066329194653233E+01  0.8750829882079300E+00  0.5976948963958609E+00  0.2707221510486336E+00 -0.7433852679983674E-01 -0.4048509629775473E+00 -0.6752352096398454E+00 -0.8596228458964796E+00 -0.9982974399727297E+00 -0.1173121754616027E+01 -0.1341891789652069E+01 -0.1318785694282899E+01 -0.1030161337011676E+01 -0.6222683368585283E+00 -0.2597833027888323E+00 -0.2168640569355865E-01  0.5106302990139128E-01 -0.1748754953977325E+00
 -0.3206786147501743E+00  0.4324405168390143E+00  0.9766429357668684E+00  0.1092631439931550E+01  0.9432620177537334E+00  0.6805787062415103E+00  0.3594114580093632E+00  0.1199948044293632E-01 -0.3280426718847899E+00 -0.6125084059264061E+00 -0.7977275191583671E+00 -0.9026596615666674E+00 -0.1044105481330103E+01 -0.1267867493543986E+01 -0.1396485854926403E+01 -0.1248310144244114E+01 -0.8836404083077912E+00 -0.4846061259529607E+00 -0.1667940503636172E+00 -0.9296423217629574E-02 -0.1389047807107285E+00
 -0.1525081096276454E+00  0.3329048601945707E+00  0.8462064709560667E+00  0.1048412017477775E+01  0.9662369458211445E+00  0.7361667264950073E+00  0.4327661985009435E+00  0.9628756743059753E-01 -0.2381617187603577E+00 -0.5246455223671073E+00 -0.7120603180809545E+00 -0.7933888378412641E+00 -0.8840379928523979E+00 -0.1110830192241910E+01 -0.1361071633175880E+01 -0.1385484960358846E+01 -0.1123820082289617E+01 -0.7331377920715946E+00 -0.3524576836395508E+00 -0.9561498916314830E-01 -0.6561271615010594E-01
 -0.1902082268329541E-01  0.2252446840585860E+00  0.6567132294924625E+00  0.9191856583946193E+00  0.9197493214612155E+00  0.7455185929366396E+00  0.4779394259754000E+00  0.1680784621543821E+00 -0.1444414784121276E+00 -0.4158428478281363E+00 -0.5962249163422296E+00 -0.6629949544314793E+00 -0.7061894738255936E+00 -0.8962714971717544E+00 -0.1215969937294766E+01 -0.1414688189352103E+01 -0.1309261354230783E+01 -0.9804633031675489E+00 -0.5720064678020992E+00 -0.2055991766781876E+00  0.4479106223246354E-01
  0.8114269603235597E-01  0.1204354180245893E+00  0.4424489501061238E+00  0.7196420420850432E+00  0.7974004514246972E+00  0.6964122486134997E+00  0.4842969941261591E+00  0.2182088080580510E+00 -0.5623493296718531E-01 -0.2956041340849271E+00 -0.4551615726353163E+00 -0.5102352587697823E+00 -0.5204203973202444E+00 -0.6533531698818181E+00 -0.9801318954505867E+00 -0.1317969048529562E+01 -0.1404174377115293E+01 -0.1194649279541160E+01 -0.8069799448062396E+00 -0.3346529298721848E+00  0.1969788448103149E+00
  0.1428545903825860E+00  0.3211166161845108E-01  0.2391895752379393E+00  0.4754392528609097E+00  0.5972233397863054E+00  0.5720455784255800E+00  0.4342623534019643E+00  0.2330158804071102E+00  0.1512744126277396E-01 -0.1765997287678634E+00 -0.3034273951469280E+00 -0.3463822752933275E+00 -0.3405862361499510E+00 -0.4146676103024205E+00 -0.6892049872321052E+00 -0.1093828379602722E+01 -0.1370725989979424E+01 -0.1334024509449423E+01 -0.1027124964569479E+01 -0.4767470556472584E+00  0.4031162023722963E+00
  0.1308712868215867E+00 -0.1279006467430800E-01  0.9250109279866274E-01  0.2491314443343909E+00  0.3645001898272348E+00  0.3890328196928759E+00  0.3247406693786795E+00  0.2003417811055568E+00  0.5334237637565469E-01 -0.7925980781396225E-01 -0.1666190419010441E+00 -0.1967145991427502E+00 -0.1878891726254146E+00 -0.2148757882488663E+00 -0.3945856549965323E+00 -0.7671355359672165E+00 -0.1180203077978771E+01 -0.1348298013974040E+01 -0.1190234886748819E+01 -0.6254668250190279E+00  0.6861655883082651E+00
  0.3118153344016978E-01 -0.9171418448850516E-02  0.3667278093618232E-02  0.6990254933727666E-01  0.1461541258719371E+00  0.1865167469378795E+00  0.1748384257717710E+00  0.1199860347865453E+00  0.4415573053054707E-01 -0.2751338868021865E-01 -0.7496410834397700E-01 -0.9095633665807221E-01 -0.8338773379791674E-01 -0.8170753096045164E-01 -0.1571331996827664E+00 -0.4010688421037423E+00 -0.8352674111350561E+00 -0.1185582536661168E+01 -0.1233166788241974E+01 -0.7727035937513640E+00  0.1084943993012118E+01
 -0.1647986957981931E+00  0.4358302270871876E-01 -0.3404962767203683E-01 -0.3917033605740586E-01 -0.3310278307535166E-02  0.3119882462405407E-01  0.4452697034494244E-01  0.3473050108993887E-01  0.1059861859641293E-01 -0.1524001752064094E-01 -0.3232583825629660E-01 -0.3584188991334761E-01 -0.2893785379550950E-01 -0.1752937497705257E-01 -0.2370669247156943E-01 -0.9907656303866855E-01 -0.4148440922171791E+00 -0.8292839106944846E+00 -0.1056485748531574E+01 -0.8509492100777742E+00  0.1496361881701749E+01
  0.4181162594127837E+00 -0.2218069825569567E+00 -0.2473046882580864E+00 -0.1804758378072885E+00 -0.1137594184808005E+00 -0.6499668920659378E-01 -0.3477021392489676E-01 -0.1996594792963715E-01 -0.1550244716779205E-01 -0.1522819919281728E-01 -0.1409418221325863E-01 -0.9052196212870919E-02 -0.1626902566319042E-02  0.7897970104804425E-02  0.1000154802371211E-01  0.5895535170401450E-02 -0.1393693216919302E+00 -0.3962370194839382E+00 -0.5706753412654968E+00 -0.5466629555201712E+00  0.1069313525295017E+01
  0.0000000000000000E+00  0.0000000000000000E+00  0.0000000000000000E+00  0.0000000000000000E+00  0.0000000000000000E+00  0.0000000000000000E+00  0.0000000000000000E+00  0.0000000000000000E+00  0.0000000000000000E+00  0.0000000000000000E+00  0.0000000000000000E+00  0.0000000000000000E+00  0.0000000000000000E+00  0.0000000000000000E+00  0.0000000000000000E+00  0.0000000000000000E+00  0.0000000000000000E+00  0.0000000000000000E+00  0.0000000000000000E+00  0.0000000000000000E+00  0.0000000000000000E+00
