  0.0000000000000000E+00  0.0000000000000000E+00  0.0000000000000000E+00  0.0000000000000000E+00  0.0000000000000000E+00  0.0000000000000000E+00  0.0000000000000000E+00  0.0000000000000000E+00  0.0000000000000000E+00  0.0000000000000000E+00  0.0000000000000000E+00  0.0000000000000000E+00  0.0000000000000000E+00  0.0000000000000000E+00  0.0000000000000000E+00  0.0000000000000000E+00  0.0000000000000000E+00  0.0000000000000000E+00  0.0000000000000000E+00  0.0000000000000000E+00  0.0000000000000000E+00
  0.3795948773544418E-01 -0.1754045250033695E-01 -0.1466186976556666E-01 -0.8109498871696520E-02 -0.2228135246592777E-01 -0.5172443160002084E-01 -0.7864436898693528E-01 -0.8834592633008952E-01 -0.8644528689743537E-01 -0.7908493513380341E-01 -0.6555262990596636E-01 -0.3134552803309382E-01  0.3105480139944787E-01  0.9859184588917259E-01  0.1357545037359061E+00  0.1312581722711051E+00  0.9445470946663199E-01  0.3969109759694490E-01 -0.1255149046931272E-01 -0.2892224514299004E-01  0.7421524495965739E-01
  0.1949455419370479E-02  0.1456667103778090E-01  0.4564946853271317E-01  0.5978609163057935E-01  0.2810783178093804E-01 -0.4043865564566992E-01 -0.1297855268492113E+00 -0.2162810303009759E+00 -0.2854216510363863E+00 -0.3168814310847533E+00 -0.2966866156981740E+00 -0.2137988537883578E+00 -0.8531897746644934E-01  0.5084475152375315E-01  0.1547056290694546E+00  0.2036042106333850E+00  0.1949505930287841E+00  0.1406042414884934E+00  0.6525439968218369E-01  0.6391459925053657E-02  0.4608001990702272E-01
 -0.1509262706665569E+00  0.1047972121584067E+00  0.1634653658086633E+00  0.1679660108614228E+00  0.1013073646913488E+00 -0.1287267412287955E-01 -0.1538028192596799E+00 -0.2930601170761695E+00 -0.4156014281445177E+00 -0.4944618036675812E+00 -0.5109973873637890E+00 -0.4428775950062438E+00 -0.2975897459804272E+00 -0.1112159739406284E+00  0.6715675200567225E-01  0.2001442788438111E+00  0.2657182340541275E+00  0.2561116678970878E+00  0.1869268810880405E+00  0.9736712202676197E-01 -0.1051744849922454E+00
 -0.3981343701946251E+00  0.2412940515352576E+00  0.3257477844111478E+00  0.3048504365644415E+00  0.1971403606143949E+00  0.3606254753614863E-01 -0.1572702586775688E+00 -0.3509041111248046E+00 -0.5291057066276482E+00 -0.6581916280416159E+00 -0.7150073948592118E+00 -0.6690828256155651E+00 -0.5212188691156859E+00 -0.3063179507260383E+00 -0.7963827845556858E-01  0.1179512956752552E+00  0.2582304401840360E+00  0.3155049114519438E+00  0.2862610104636352E+00  0.1890762774725526E+00 -0.2809678219540225E+00
 -0.6647494504020246E+00  0.3910771158573024E+00  0.5084818971698826E+00  0.4564521725591042E+00  0.3118561612312126E+00  0.1126872528908831E+00 -0.1202091031320667E+00 -0.3544468885417980E+00 -0.5783810761473689E+00 -0.7596687619253558E+00 -0.8729357285194504E+00 -0.8749182250284896E+00 -0.7444306860005494E+00 -0.5092728666677883E+00 -0.2432393739378818E+00 -0.2032201746868478E-02  0.1915282402971767E+00  0.3101804032543168E+00  0.3302234478207641E+00  0.2308906289088221E+00 -0.3624484389057022E+00
 -0.8720607483923957E+00  0.5191257112167453E+00  0.6853163852578403E+00  0.6066348928111190E+00  0.4308692174938246E+00  0.2000859301174857E+00 -0.6392201395276595E-01 -0.3280730601907693E+00 -0.5830586434928455E+00 -0.8028036999873620E+00 -0.9697109465451330E+00 -0.1039779309309947E+01 -0.9622752225252179E+00 -0.7291539072462412E+00 -0.4211287976865539E+00 -0.1355600498695765E+00  0.9549028007947435E-01  0.2571725915735573E+00  0.3142304328892869E+00  0.2154348643702521E+00 -0.3320741602214692E+00
 -0.9620077321207526E+00  0.5997525030531633E+00  0.8372497770387374E+00  0.7471154043080525E+00  0.5490684328409863E+00  0.2947528295920225E+00  0.7187858405680565E-02 -0.2794507635432810E+00 -0.5533833404196252E+00 -0.7929052982011989E+00 -0.9937215295568267E+00 -0.1131937452755063E+01 -0.1144441550410102E+01 -0.9659158405237618E+00 -0.6361270491345805E+00 -0.2925605908645645E+00 -0.1809446454067025E-01  0.1730746808347242E+00  0.2535696738188750E+00  0.1714302176787162E+00 -0.2607209792172736E+00
 -0.9108093307451550E+00  0.6216301131828947E+00  0.9540810088035292E+00  0.8747129707120271E+00  0.6640210514832289E+00  0.3929530090739097E+00  0.8529980488235990E-01 -0.2236720833949346E+00 -0.5142831891427444E+00 -0.7607896462827350E+00 -0.9660342692971678E+00 -0.1140781158453290E+01 -0.1247568073943002E+01 -0.1180079898318646E+01 -0.8916846626448597E+00 -0.5037472264095004E+00 -0.1668180064663564E+00  0.6589536121584964E-01  0.1743853846419691E+00  0.1265664031540026E+00 -0.2053138248200388E+00
 -0.7446413639734824E+00  0.5903568883066429E+00  0.1026429300946446E+01  0.9851536091938319E+00  0.7741502284969604E+00  0.4945175495629112E+00  0.1722877565520943E+00 -0.1584209050291213E+00 -0.4697238339017165E+00 -0.7253773154324136E+00 -0.9193680229078880E+00 -0.1089003069476905E+01 -0.1253872375938426E+01 -0.1315086478848698E+01 -0.1138720456348447E+01 -0.7647439248625422E+00 -0.3719549534332324E+00 -0.7474111269489821E-01  0.8676604638926066E-01  0.9029159327039320E-01 -0.1841087334219189E+00
 -0.5352642098273075E+00  0.5257727101537399E+00  0.1042053920633912E+01  0.1067100430327744E+01  0.8730800362360733E+00  0.5942116458081916E+00  0.2660747087754648E+00 -0.7982392746250976E-01 -0.4113484313342867E+00 -0.6831598832353796E+00 -0.8693500014153966E+00 -0.1008596570503020E+01 -0.1180836030903261E+01 -0.1345633158011416E+01 -0.1319671818098961E+01 -0.1029528012712782E+01 -0.6217634515486414E+00 -0.2602726443961877E+00 -0.2265498369252278E-01  0.5029204059859602E-01 -0.1735311054883109E+00
 -0.3342630055641919E+00  0.4405979705154215E+00  0.9875309059820726E+00  0.1098124474039686E+01  0.9445771476602127E+00  0.6795913936832895E+00  0.3567002390001806E+00  0.7708007863332883E-02 -0.3342110254819493E+00 -0.6209822545930471E+00 -0.8088573529800618E+00 -0.9151878659351227E+00 -0.1054342859462494E+01 -0.1274157016856281E+01 -0.1400172301676371E+01 -0.1250237956147167E+01 -0.8846364772440943E+00 -0.4857165802362734E+00 -0.1679518267773023E+00 -0.1012720440547648E-01 -0.1375702135608728E+00
 -0.1624397006997439E+00  0.3410245992436586E+00  0.8606340970312319E+00  0.1058947276230734E+01  0.9715227517443854E+00  0.7379294794709842E+00  0.4320265387686213E+00  0.9328925910648136E-01 -0.2437334274175656E+00 -0.5333429735005318E+00 -0.7243776249309904E+00 -0.8080625023345325E+00 -0.8965167392547989E+00 -0.1118687147759660E+01 -0.1366284343663610E+01 -0.1389235777431762E+01 -0.1126272508276326E+01 -0.7351162664893938E+00 -0.3540607252202844E+00 -0.9653345733202381E-01 -0.6446035322421290E-01
 -0.2568729904732669E-01  0.2327178996543805E+00  0.6724663999158148E+00  0.9338874171384134E+00  0.9293565630288866E+00  0.7505380406549965E+00  0.4794211137147967E+00  0.1664541797728812E+00 -0.1493777059983871E+00 -0.4246237029262479E+00 -0.6093016444947561E+00 -0.6791853708245918E+00 -0.7204853923451363E+00 -0.9051000392851379E+00 -0.1221629485655172E+01 -0.1419262993931969E+01 -0.1312644318857349E+01 -0.9831417578545484E+00 -0.5740672168590415E+00 -0.2066408802776487E+00  0.4585542397390441E-01
  0.7737263392553179E-01  0.1264575207780290E+00  0.4567451962596187E+00  0.7362225266909045E+00  0.8105490917339780E+00  0.7046641492955300E+00  0.4880790449659821E+00  0.2179910417290702E+00 -0.6047451208863233E-01 -0.3042028649073225E+00 -0.4682947443809681E+00 -0.5266765445459223E+00 -0.5353913678860207E+00 -0.6624724092013978E+00 -0.9854426279580010E+00 -0.1322474813956899E+01 -0.1407871864550594E+01 -0.1197651522121093E+01 -0.8092993284075178E+00 -0.3357868668316685E+00  0.1980612720874877E+00
  0.1422745138749649E+00  0.3572864497099556E-01  0.2494604487879516E+00  0.4904312057920564E+00  0.6118399260062801E+00  0.5830333721539270E+00  0.4405854409396092E+00  0.2346038577806655E+00  0.1204260364222192E-01 -0.1843547753936434E+00 -0.3155206703429647E+00 -0.3613123829812838E+00 -0.3544017014967087E+00 -0.4230992594262706E+00 -0.6936119892810372E+00 -0.1097642955636532E+01 -0.1374233826251782E+01 -0.1337032830037763E+01 -0.1029488025895131E+01 -0.4779254810195886E+00  0.4042884171636347E+00
  0.1345216904898971E+00 -0.1236206026563139E-01  0.9743550969300298E-01  0.2590165003083150E+00  0.3764665351451888E+00  0.3998524986395556E+00  0.3323485237819674E+00  0.2037358228966124E+00  0.5216209653476059E-01 -0.8495439294682715E-01 -0.1760580733262144E+00 -0.2081503492373689E+00 -0.1985130047514503E+00 -0.2214650348691035E+00 -0.3977326410035865E+00 -0.7700065266282364E+00 -0.1183260656001323E+01 -0.1351099545847709E+01 -0.1192482930857588E+01 -0.6266566591295673E+00  0.6874870465311140E+00
  0.3570814544782531E-01 -0.1038285781291436E-01  0.4559572009082238E-02  0.7429351359999309E-01  0.1530092646633990E+00  0.1937055096090658E+00  0.1804601705378212E+00  0.1228014199442561E+00  0.4362926982128647E-01 -0.3124804653736437E-01 -0.8104606155522147E-01 -0.9798307980735271E-01 -0.8981944836216867E-01 -0.8577761827141214E-01 -0.1589208359690826E+00 -0.4030251883969125E+00 -0.8378775350543312E+00 -0.1188091535072370E+01 -0.1235171757369649E+01 -0.7738708168301839E+00  0.1086440693120902E+01
 -0.1632652806689579E+00  0.4270217555358917E-01 -0.3515875400819041E-01 -0.3848953611265237E-01 -0.8626249899790766E-03  0.3442514412667889E-01  0.4738107269697198E-01  0.3632879408143044E-01  0.1051808355104146E-01 -0.1693862155845557E-01 -0.3515443098948776E-01 -0.3905859828795595E-01 -0.3184573179526116E-01 -0.1944285355690124E-01 -0.2442901924460974E-01 -0.1003034646462785E+00 -0.4170913303412478E+00 -0.8314075338459578E+00 -0.1058066868203407E+01 -0.8519304735558266E+00  0.1497724552464073E+01
  0.4190224599244577E+00 -0.2220642255298084E+00 -0.2471702166649675E+00 -0.1799326722265461E+00 -0.1129770487906320E+00 -0.6414177457885689E-01 -0.3408524101127319E-01 -0.1972312348131750E-01 -0.1587946007157297E-01 -0.1623066588406702E-01 -0.1553537125428914E-01 -0.1063062546047799E-01 -0.3051433889756336E-02  0.6791532327753614E-02  0.9400031498389808E-02  0.4950006761219703E-02 -0.1409245683585623E+00 -0.3975794631299305E+00 -0.5715603057614308E+00 -0.5472099804916782E+00  0.1070069635713604E+01
  0.0000000000000000E+00  0.0000000000000000E+00  0.0000000000000000E+00  0.0000000000000000E+00  0.0000000000000000E+00  0.0000000000000000E+00  0.0000000000000000E+00  0.0000000000000000E+00  0.0000000000000000E+00  0.0000000000000000E+00  0.0000000000000000E+00  0.0000000000000000E+00  0.0000000000000000E+00  0.0000000000000000E+00  0.0000000000000000E+00  0.0000000000000000E+00  0.0000000000000000E+00  0.0000000000000000E+00  0.0000000000000000E+00  0.0000000000000000E+00  0.0000000000000000E+00
