  0.0000000000000000E+00  0.0000000000000000E+00  0.0000000000000000E+00  0.0000000000000000E+00  0.0000000000000000E+00  0.0000000000000000E+00  0.0000000000000000E+00  0.0000000000000000E+00  0.0000000000000000E+00  0.0000000000000000E+00  0.0000000000000000E+00  0.0000000000000000E+00  0.0000000000000000E+00  0.0000000000000000E+00  0.0000000000000000E+00  0.0000000000000000E+00  0.0000000000000000E+00  0.0000000000000000E+00  0.0000000000000000E+00  0.0000000000000000E+00  0.0000000000000000E+00
  0.3854070789450585E-01 -0.1601925387429919E-01 -0.9517053728391706E-02  0.1001983046242631E-02 -0.1078451702412877E-01 -0.4077403495062271E-01 -0.7059725119223814E-01 -0.8266693331654644E-01 -0.8139408926797312E-01 -0.7411338955574771E-01 -0.6191660570674391E-01 -0.3110605261818502E-01  0.2793130570943642E-01  0.9597408695895344E-01  0.1362935712934459E+00  0.1345484237022914E+00  0.9902101998370880E-01  0.4418456157435007E-01 -0.9344223501137609E-02 -0.2763590998116389E-01  0.7356350644235407E-01
  0.5564982111724223E-03  0.1778111555297890E-01  0.5389984487010912E-01  0.7220522050647094E-01  0.4225562929043573E-01 -0.2729198685648344E-01 -0.1198603706781299E+00 -0.2106418445762326E+00 -0.2846519604764104E+00 -0.3217616005332534E+00 -0.3076409490338565E+00 -0.2293750006118132E+00 -0.1016089669892112E+00  0.3839610549866231E-01  0.1486400925864313E+00  0.2037407557557814E+00  0.1992863098050858E+00  0.1464192647703949E+00  0.7006131138061068E-01  0.8850440015682977E-02  0.4350999133356175E-01
 -0.1580497380808031E+00  0.1114083239973492E+00  0.1761752339112445E+00  0.1841868848326391E+00  0.1184234824566690E+00  0.3076037179582765E-02 -0.1403253559451667E+00 -0.2828358352476374E+00 -0.4095488632864057E+00 -0.4939465862187917E+00 -0.5170172136645325E+00 -0.4548692558459951E+00 -0.3124248211181592E+00 -0.1245892542463899E+00  0.5835403185095597E-01  0.1972398868541511E+00  0.2683116119251056E+00  0.2621288766852370E+00  0.1933814747080028E+00  0.1017673212328486E+00 -0.1119204889905429E+00
 -0.4083876786574669E+00  0.2495175431223905E+00  0.3401649507097046E+00  0.3208988818297807E+00  0.2127294648988128E+00  0.5009289249535813E-01 -0.1454932117713464E+00 -0.3422825299930917E+00 -0.5249587547199012E+00 -0.6602748335119257E+00 -0.7242981191061947E+00 -0.6845529088308318E+00 -0.5390586106518304E+00 -0.3222673552141501E+00 -0.9123842625255284E-01  0.1118550883186947E+00  0.2580911547420391E+00  0.3201910140310346E+00  0.2929445207274762E+00  0.1940969766712527E+00 -0.2893464092862818E+00
 -0.6726939532253301E+00  0.3983166498947282E+00  0.5222559964588546E+00  0.4711607265829897E+00  0.3264491432279398E+00  0.1269211875909149E+00 -0.1065354017454954E+00 -0.3420312364700644E+00 -0.5684385345399692E+00 -0.7545471295906547E+00 -0.8750082267900752E+00 -0.8850672159753261E+00 -0.7595538075268525E+00 -0.5241337856908032E+00 -0.2546091334615416E+00 -0.9011073078985967E-02  0.1896648316303035E+00  0.3133189041756173E+00  0.3360523363342306E+00  0.2348329691596323E+00 -0.3684465711446662E+00
 -0.8729388958221785E+00  0.5230453664981853E+00  0.6961972036723775E+00  0.6182985747072581E+00  0.4422489586785637E+00  0.2110685264214215E+00 -0.5339927006425895E-01 -0.3183146621672065E+00 -0.5744475373498542E+00 -0.7967613198683220E+00 -0.9684518481088321E+00 -0.1045632796339546E+01 -0.9743609212393614E+00 -0.7426783053809692E+00 -0.4316149787857245E+00 -0.1418965177135073E+00  0.9334913280773431E-01  0.2592508422477616E+00  0.3185810324482881E+00  0.2176641557607098E+00 -0.3344114348338414E+00
 -0.9537410069387727E+00  0.5993230710239990E+00  0.8442282061332241E+00  0.7557204761510632E+00  0.5579689177376437E+00  0.3040541225174707E+00  0.1685586982145948E-01 -0.2697426243894648E+00 -0.5436802672379251E+00 -0.7839322756328480E+00 -0.9871205451348516E+00 -0.1130759053894026E+01 -0.1150257632873987E+01 -0.9759428881677880E+00 -0.6452605037819642E+00 -0.2980008517835580E+00 -0.1984060703622016E-01  0.1744061543962669E+00  0.2563156558535225E+00  0.1724468896622543E+00 -0.2610250131332404E+00
 -0.8943658439634090E+00  0.6170453201922560E+00  0.9567701166133591E+00  0.8803475047814853E+00  0.6704745405906840E+00  0.4000098158927440E+00  0.9268499969371471E-01 -0.2163165938055938E+00 -0.5066794953941135E+00 -0.7527861991719674E+00 -0.9580329939035936E+00 -0.1135157022696809E+01 -0.1247199130021247E+01 -0.1184818006686272E+01 -0.8981493679740036E+00 -0.5083759312418860E+00 -0.1683247151299877E+00  0.6675935751241274E-01  0.1760677402467870E+00  0.1271164193680848E+00 -0.2052815178574673E+00
 -0.7253817033700094E+00  0.5832915708913935E+00  0.1024493009304171E+01  0.9876207929369686E+00  0.7782462544165653E+00  0.4996810583770006E+00  0.1784056400779118E+00 -0.1516741223433861E+00 -0.4622426204218160E+00 -0.7170015080443551E+00 -0.9100613104526830E+00 -0.1080381548022535E+01 -0.1248849045934720E+01 -0.1314592525390154E+01 -0.1141118130189821E+01 -0.7675951408856767E+00 -0.3731608184667497E+00 -0.7417792993240722E-01  0.8796482421817717E-01  0.9094128027975176E-01 -0.1848590166210781E+00
 -0.5180008341666607E+00  0.5177331866114353E+00  0.1035198725667645E+01  0.1065641696423770E+01  0.8744749975951642E+00  0.5972229914475018E+00  0.2704852897060994E+00 -0.7428377962764562E-01 -0.4044965701901377E+00 -0.6746613948369025E+00 -0.8589981766370054E+00 -0.9977796843822382E+00 -0.1172665098419101E+01 -0.1341357974455491E+01 -0.1318230604837199E+01 -0.1029717269917565E+01 -0.6219506077576715E+00 -0.2595838094681239E+00 -0.2158246740171408E-01  0.5111570298648938E-01 -0.1749295763611822E+00
 -0.3206428283291746E+00  0.4322263397913425E+00  0.9760361910448528E+00  0.1091921901137645E+01  0.9426084047010296E+00  0.6800535617757382E+00  0.3591110374234086E+00  0.1198991754956072E-01 -0.3277426204764871E+00 -0.6119529581634691E+00 -0.7970705124880418E+00 -0.9021096190539126E+00 -0.1043687137868664E+01 -0.1267400381192488E+01 -0.1395943949814245E+01 -0.1247826308175687E+01 -0.8832590772382699E+00 -0.4843309729386143E+00 -0.1666355161151619E+00 -0.9223377935972943E-02 -0.1389653823072431E+00
 -0.1525812880190477E+00  0.3327640239770231E+00  0.8457107839120218E+00  0.1047741575608063E+01  0.9655779873282719E+00  0.7356207364396851E+00  0.4324282521705960E+00  0.9622470585285929E-01 -0.2379283292483936E+00 -0.5241534897032049E+00 -0.7114367156708507E+00 -0.7928482084692721E+00 -0.8836678956945787E+00 -0.1110448757917534E+01 -0.1360579730839112E+01 -0.1384996572662580E+01 -0.1123408881958166E+01 -0.7328068529444541E+00 -0.3522430095810806E+00 -0.9551844907415247E-01 -0.6568766235862322E-01
 -0.1917758092879140E-01  0.2251881351472245E+00  0.6563868245128822E+00  0.9186346181208495E+00  0.9191490539636900E+00  0.7449968518718386E+00  0.4775957360013462E+00  0.1679800424920287E+00 -0.1442733091369136E+00 -0.4154379683214643E+00 -0.5956896198243302E+00 -0.6625226215065589E+00 -0.7058949271823415E+00 -0.8959921104329703E+00 -0.1215554915687906E+01 -0.1414219530643190E+01 -0.1308843784221722E+01 -0.9801024142601669E+00 -0.5717475393814793E+00 -0.2054823926241326E+00  0.4469963849091840E-01
  0.8090834703296013E-01  0.1204678348194728E+00  0.4423118514913785E+00  0.7192718132059477E+00  0.7969186485746855E+00  0.6959564969932316E+00  0.4839760370574446E+00  0.2180926016801566E+00 -0.5612539154030324E-01 -0.2952962503485644E+00 -0.4547489732974240E+00 -0.5098801419366500E+00 -0.5202301384806903E+00 -0.6531879061494128E+00 -0.9798127740701886E+00 -0.1317539857792080E+01 -0.1403765428540831E+01 -0.1194279462431972E+01 -0.8066947868978706E+00 -0.3345208366149360E+00  0.1968677229469374E+00
  0.1425460671619405E+00  0.3222395970586920E-01  0.2392179462795481E+00  0.4752861187515088E+00  0.5969300601883013E+00  0.5717180091401047E+00  0.4340056288689845E+00  0.2329043697423634E+00  0.1518680384808127E-01 -0.1763920480883362E+00 -0.3031529935043993E+00 -0.3461669406739163E+00 -0.3405096235621358E+00 -0.4146143780832706E+00 -0.6889911125152117E+00 -0.1093453789335257E+01 -0.1370334309389758E+01 -0.1333660717610526E+01 -0.1026830466608554E+01 -0.4766039260739178E+00  0.4029813116131995E+00
  0.1305679677902941E+00 -0.1265043464185374E-01  0.9261666386473286E-01  0.2491471671303164E+00  0.3644050552873592E+00  0.3888782174732973E+00  0.3245999966347530E+00  0.2002775730046718E+00  0.5338082687832957E-01 -0.7913453912867668E-01 -0.1664690829857012E+00 -0.1966214395070493E+00 -0.1878991316686380E+00 -0.2149058831782647E+00 -0.3944728763848388E+00 -0.7668308056895693E+00 -0.1179835866619383E+01 -0.1347950341964833E+01 -0.1189946102975358E+01 -0.6253157821127732E+00  0.6860012433629612E+00
  0.3106352906652529E-01 -0.9089071031361652E-02  0.3796315972440336E-02  0.7000524628333431E-01  0.1461952642564601E+00  0.1865082896584996E+00  0.1748172776900733E+00  0.1199895702267869E+00  0.4420007496997936E-01 -0.2743894756745767E-01 -0.7489486178552254E-01 -0.9093009517288299E-01 -0.8342538184257803E-01 -0.8176513340216639E-01 -0.1570975468502962E+00 -0.4008462089660163E+00 -0.8349361393620716E+00 -0.1185262938767579E+01 -0.1232902492579836E+01 -0.7725492667341298E+00  0.1084745307622554E+01
 -0.1648709029681155E+00  0.4365285438666087E-01 -0.3391233980813291E-01 -0.3903944247237214E-01 -0.3216464942019060E-02  0.3125429409306715E-01  0.4455936990075404E-01  0.3475922726629151E-01  0.1063437512184705E-01 -0.1519856213830676E-01 -0.3229173403583272E-01 -0.3582794841586178E-01 -0.2895342648177527E-01 -0.1755997700791165E-01 -0.2370744926203298E-01 -0.9893390353239426E-01 -0.4145625592072086E+00 -0.8290140996465941E+00 -0.1056276460206422E+01 -0.8508144740102939E+00  0.1496166961824460E+01
  0.4179802853573212E+00 -0.2217268062433631E+00 -0.2472001333727680E+00 -0.1803856936041679E+00 -0.1136859203236272E+00 -0.6493554471065634E-01 -0.3471608592093861E-01 -0.1991325203772449E-01 -0.1544858792715179E-01 -0.1517421726783215E-01 -0.1404539765797564E-01 -0.9011891320819254E-02 -0.1597823671887373E-02  0.7925533243628491E-02  0.1003729789069958E-01  0.6006302513391402E-02 -0.1391784093186797E+00 -0.3960672096869845E+00 -0.5705592010289334E+00 -0.5465866987285852E+00  0.1069200895156822E+01
  0.0000000000000000E+00  0.0000000000000000E+00  0.0000000000000000E+00  0.0000000000000000E+00  0.0000000000000000E+00  0.0000000000000000E+00  0.0000000000000000E+00  0.0000000000000000E+00  0.0000000000000000E+00  0.0000000000000000E+00  0.0000000000000000E+00  0.0000000000000000E+00  0.0000000000000000E+00  0.0000000000000000E+00  0.0000000000000000E+00  0.0000000000000000E+00  0.0000000000000000E+00  0.0000000000000000E+00  0.0000000000000000E+00  0.0000000000000000E+00  0.0000000000000000E+00
