  0.0000000000000000E+00  0.0000000000000000E+00  0.0000000000000000E+00  0.0000000000000000E+00  0.0000000000000000E+00  0.0000000000000000E+00  0.0000000000000000E+00  0.0000000000000000E+00  0.0000000000000000E+00  0.0000000000000000E+00  0.0000000000000000E+00  0.0000000000000000E+00  0.0000000000000000E+00  0.0000000000000000E+00  0.0000000000000000E+00  0.0000000000000000E+00  0.0000000000000000E+00  0.0000000000000000E+00  0.0000000000000000E+00  0.0000000000000000E+00  0.0000000000000000E+00
  0.3862290609785733E-01 -0.1607575119068810E-01 -0.9604347474206978E-02  0.9024041744108182E-03 -0.1092737188753379E-01 -0.4095222820298784E-01 -0.7074937388996638E-01 -0.8272963430096299E-01 -0.8138680944721934E-01 -0.7408001236449598E-01 -0.6190390815289974E-01 -0.3108562781498427E-01  0.2805316617124343E-01  0.9623711721741836E-01  0.1365994305174459E+00  0.1347821810314035E+00  0.9910596108328977E-01  0.4407098837843963E-01 -0.9655759752690628E-02 -0.2789181867644680E-01  0.7401969627664975E-01
  0.5460869495302126E-03  0.1780656294874917E-01  0.5396577579577774E-01  0.7229112858114366E-01  0.4226942453284193E-01 -0.2739913998168163E-01 -0.1201097306338818E+00 -0.2110123766400306E+00 -0.2851366449238524E+00 -0.3223017085954322E+00 -0.3081607280551591E+00 -0.2297194936185245E+00 -0.1016748918523653E+00  0.3861021026157414E-01  0.1490254126100647E+00  0.2041576629967016E+00  0.1996063968844778E+00  0.1465456252282710E+00  0.6994747333351790E-01  0.8645798948012628E-02  0.4401007648948002E-01
 -0.1583010372417665E+00  0.1115886415049374E+00  0.1764648872730457E+00  0.1845121285087608E+00  0.1186431304224434E+00  0.3131842385366828E-02 -0.1404735249598637E+00 -0.2831704002296945E+00 -0.4100767833311149E+00 -0.4946064659258836E+00 -0.5177521595153658E+00 -0.4555122562726605E+00 -0.3128224877354656E+00 -0.1246607781282615E+00  0.5856203407786736E-01  0.1976248937824014E+00  0.2687449329463824E+00  0.2624667484663408E+00  0.1934962412705252E+00  0.1016591061743831E+00 -0.1114810772526242E+00
 -0.4090568076326849E+00  0.2499345390116450E+00  0.3407468094022501E+00  0.3214717393731003E+00  0.2131155741043067E+00  0.5022737820039526E-01 -0.1456738610031685E+00 -0.3427506343305736E+00 -0.5257138128274015E+00 -0.6612203562153539E+00 -0.7253644706786895E+00 -0.6855567721223526E+00 -0.5398216013738846E+00 -0.3226693027291761E+00 -0.9130346013887554E-01  0.1120542563232488E+00  0.2584685003032237E+00  0.3206059603748100E+00  0.2932200892972848E+00  0.1940817807145363E+00 -0.2890252528463242E+00
 -0.6738213798967493E+00  0.3989980656188103E+00  0.5231728169596818E+00  0.4720155652734569E+00  0.3270710129313154E+00  0.1272515076511928E+00 -0.1065784234497040E+00 -0.3424167623483812E+00 -0.5691730735945417E+00 -0.7555362478723815E+00 -0.8762094478241466E+00 -0.8863246289249134E+00 -0.7606402545119875E+00 -0.5248341409719584E+00 -0.2549209231416456E+00 -0.9032806613423941E-02  0.1898834864699222E+00  0.3136781015130740E+00  0.3363579445118886E+00  0.2348256151161369E+00 -0.3681189008365221E+00
 -0.8744326213069724E+00  0.5239554482611087E+00  0.6974337234763539E+00  0.6194149622977685E+00  0.4430808837053412E+00  0.2115477018571260E+00 -0.5338240335589933E-01 -0.3187213684421057E+00 -0.5752537860413744E+00 -0.7978276068464234E+00 -0.9697379163169352E+00 -0.1047072349242286E+01 -0.9757686947399195E+00 -0.7437255897879479E+00 -0.4321727778985461E+00 -0.1421108547650961E+00  0.9338937144274197E-01  0.2594717057859123E+00  0.3187912916997431E+00  0.2176010984507247E+00 -0.3340120036524310E+00
 -0.9553950826212820E+00  0.6003799379967453E+00  0.8457447313689537E+00  0.7570958306330767E+00  0.5590434781676739E+00  0.3047404830958754E+00  0.1699554599580484E-01 -0.2701370003608229E+00 -0.5445572342260481E+00 -0.7850765793188320E+00 -0.9884174236793777E+00 -0.1132219630743942E+01 -0.1151862398280708E+01 -0.9773678648327252E+00 -0.6461570787308262E+00 -0.2984363546052252E+00 -0.1998470492209393E-01  0.1744450199676828E+00  0.2563654829788386E+00  0.1723266456718172E+00 -0.2606144540366130E+00
 -0.8958948134869060E+00  0.6181383824410328E+00  0.9585203338361925E+00  0.8819830344914421E+00  0.6718158346949992E+00  0.4009338611070385E+00  0.9296355730939375E-01 -0.2167271187354038E+00 -0.5077177356694264E+00 -0.7541539755456286E+00 -0.9594469560210679E+00 -0.1136579874738358E+01 -0.1248808887205960E+01 -0.1186499245669589E+01 -0.8994440999109010E+00 -0.5091391668577588E+00 -0.1687100531875605E+00  0.6661166464654693E-01  0.1759861922918801E+00  0.1269764863966827E+00 -0.2049432668981682E+00
 -0.7264691569383561E+00  0.5842929383148510E+00  0.1026409658006197E+01  0.9895044636921722E+00  0.7798604500620732E+00  0.5008764021234744E+00  0.1788964297561983E+00 -0.1520062519515495E+00 -0.4633732053917353E+00 -0.7186219530086776E+00 -0.9117184268785412E+00 -0.1081835115647275E+01 -0.1250346818035360E+01 -0.1316314721695806E+01 -0.1142692538123742E+01 -0.7687003462076477E+00 -0.3738506873149173E+00 -0.7454298804963745E-01  0.8777827070390924E-01  0.9080542898389883E-01 -0.1846380162477873E+00
 -0.5185653303912399E+00  0.5185773225128202E+00  0.1037166637147221E+01  0.1067724214168559E+01  0.8763278380040292E+00  0.5986688058085665E+00  0.2712141078433337E+00 -0.7445056973552729E-01 -0.4055840892452651E+00 -0.6764213313194660E+00 -0.8609095547601229E+00 -0.9993543532042559E+00 -0.1174043834910946E+01 -0.1342971198339670E+01 -0.1319913005217211E+01 -0.1031065272835737E+01 -0.6229167102932999E+00 -0.2601912270168161E+00 -0.2189892914927302E-01  0.5095569632349459E-01 -0.1747660181197568E+00
 -0.3207666880330237E+00  0.4328808893787372E+00  0.9778759801031879E+00  0.1094073834677938E+01  0.9445997260960636E+00  0.6816609136726026E+00  0.3600331538422805E+00  0.1201878380869522E-01 -0.3286655027550340E+00 -0.6136593920222800E+00 -0.7990852846517909E+00 -0.9037887521622304E+00 -0.1044952772907004E+01 -0.1268810134971300E+01 -0.1397583410040143E+01 -0.1249291527576132E+01 -0.8844149555347652E+00 -0.4851659004172456E+00 -0.1671167614924594E+00 -0.9445117370577457E-02 -0.1387814093807270E+00
 -0.1523712819920721E+00  0.3331962131876775E+00  0.8472173575709604E+00  0.1049776886431766E+01  0.9675841979949364E+00  0.7372890828809351E+00  0.4334629240114811E+00  0.9641541335719828E-01 -0.2386478242148585E+00 -0.5256664179578565E+00 -0.7133506956333264E+00 -0.7945016262935740E+00 -0.8847894626589614E+00 -0.1111598341416545E+01 -0.1362065656216340E+01 -0.1386473024657734E+01 -0.1124652421125957E+01 -0.7338086336048040E+00 -0.3528931627067083E+00 -0.9581089597151790E-01 -0.6546047479215461E-01
 -0.1871127001637696E-01  0.2253641885997191E+00  0.6573812957827804E+00  0.9203086172545347E+00  0.9209751406170418E+00  0.7465879857504241E+00  0.4786450297645714E+00  0.1682779350947911E+00 -0.1447935524291559E+00 -0.4166837899898724E+00 -0.5973329927795989E+00 -0.6639678060570926E+00 -0.7067874569907562E+00 -0.8968318059467131E+00 -0.1216806740588873E+01 -0.1415634700714410E+01 -0.1310104569721986E+01 -0.9811930306510788E+00 -0.5725304715332159E+00 -0.2058355985277254E+00  0.4497632404996021E-01
  0.8161215165581742E-01  0.1203730627276326E+00  0.4427313398387153E+00  0.7203966710050922E+00  0.7983827841219374E+00  0.6973433835150777E+00  0.4849528836464820E+00  0.2184431470276310E+00 -0.5646651680322420E-01 -0.2962444612533928E+00 -0.4560156946988813E+00 -0.5109661162877216E+00 -0.5208045112151983E+00 -0.6536805245639868E+00 -0.9807734563231383E+00 -0.1318835149697842E+01 -0.1404999093662473E+01 -0.1195395786205121E+01 -0.8075561246070995E+00 -0.3349199275772488E+00  0.1972036581246468E+00
  0.1434770442688615E+00  0.3188562828297491E-01  0.2391339291177862E+00  0.4757510127129028E+00  0.5978197491421688E+00  0.5727124043560148E+00  0.4347844357206665E+00  0.2332394484115057E+00  0.1499919327568048E-01 -0.1770327621999528E+00 -0.3039956007022375E+00 -0.3468245001140732E+00 -0.3407368893333573E+00 -0.4147660841715763E+00 -0.6896325573967388E+00 -0.1094584315116200E+01 -0.1371515985067885E+01 -0.1334758332604165E+01 -0.1027719518986636E+01 -0.4770361031628411E+00  0.4033887905018876E+00
  0.1314863359509155E+00 -0.1307315227247617E-01  0.9226687913348695E-01  0.2490988306749586E+00  0.3646919066255148E+00  0.3893451299451481E+00  0.3250240257897086E+00  0.2004678890470967E+00  0.5325758181564775E-01 -0.7952219863591176E-01 -0.1669299407060276E+00 -0.1969049348225310E+00 -0.1878625961890955E+00 -0.2148046123560125E+00 -0.3948078596553625E+00 -0.7677506158385108E+00 -0.1180944616316123E+01 -0.1348999550980141E+01 -0.1190817795717278E+01 -0.6257717429557987E+00  0.6864974331501181E+00
  0.3142148929718609E-01 -0.9338631648771563E-02  0.3405594350871407E-02  0.6969365815261425E-01  0.1460693731255310E+00  0.1865320599035867E+00  0.1748788029442712E+00  0.1199752093214038E+00  0.4406108020878313E-01 -0.2766910967933798E-01 -0.7510746335253478E-01 -0.9100881799758549E-01 -0.8330573678577478E-01 -0.8158206643742620E-01 -0.1571993181625594E+00 -0.4015179732339731E+00 -0.8359373842527970E+00 -0.1186228137424201E+01 -0.1233700445321995E+01 -0.7730151428479450E+00  0.1085344983221840E+01
 -0.1646540659976367E+00  0.4344207335342252E-01 -0.3432784593736916E-01 -0.3943622726710685E-01 -0.3501554175701701E-02  0.3108491035187179E-01  0.4445955036880792E-01  0.3467021169911140E-01  0.1052391418135998E-01 -0.1532594628389433E-01 -0.3239577826239888E-01 -0.3586924283484440E-01 -0.2890322890175380E-01 -0.1746243145185567E-01 -0.2370075857611773E-01 -0.9936376413023705E-01 -0.4154138523852248E+00 -0.8298295974183633E+00 -0.1056908621685536E+01 -0.8512212691028921E+00  0.1496755185623140E+01
  0.4183900324880520E+00 -0.2219683104651905E+00 -0.2475148989075195E+00 -0.1806570992738908E+00 -0.1139074514344496E+00 -0.6512019348127375E-01 -0.3487990946775894E-01 -0.2007306088052123E-01 -0.1561207921423733E-01 -0.1533797817221139E-01 -0.1419300555235898E-01 -0.9133204672743856E-02 -0.1684503102334099E-02  0.7844018799162186E-02  0.9930945933369736E-02  0.5672205744718724E-02 -0.1397555644972481E+00 -0.3965806177202141E+00 -0.5709101692775447E+00 -0.5468170068705474E+00  0.1069540851334097E+01
  0.0000000000000000E+00  0.0000000000000000E+00  0.0000000000000000E+00  0.0000000000000000E+00  0.0000000000000000E+00  0.0000000000000000E+00  0.0000000000000000E+00  0.0000000000000000E+00  0.0000000000000000E+00  0.0000000000000000E+00  0.0000000000000000E+00  0.0000000000000000E+00  0.0000000000000000E+00  0.0000000000000000E+00  0.0000000000000000E+00  0.0000000000000000E+00  0.0000000000000000E+00  0.0000000000000000E+00  0.0000000000000000E+00  0.0000000000000000E+00  0.0000000000000000E+00
