  0.0000000000000000E+00  0.0000000000000000E+00  0.0000000000000000E+00  0.0000000000000000E+00  0.0000000000000000E+00  0.0000000000000000E+00  0.0000000000000000E+00  0.0000000000000000E+00  0.0000000000000000E+00  0.0000000000000000E+00  0.0000000000000000E+00  0.0000000000000000E+00  0.0000000000000000E+00  0.0000000000000000E+00  0.0000000000000000E+00  0.0000000000000000E+00  0.0000000000000000E+00  0.0000000000000000E+00  0.0000000000000000E+00  0.0000000000000000E+00  0.0000000000000000E+00
  0.3853426388267346E-01 -0.1601488777274674E-01 -0.9510399435566756E-02  0.1009498223081355E-02 -0.1077362447459292E-01 -0.4076035926238865E-01 -0.7058559957941103E-01 -0.8266228741606794E-01 -0.8139490856813179E-01 -0.7411625634609863E-01 -0.6191788925050262E-01 -0.3110801375245439E-01  0.2792139147249164E-01  0.9595325082783403E-01  0.1362695397711791E+00  0.1345301295005900E+00  0.9901440306855214E-01  0.4419347486023482E-01 -0.9319834622413687E-02 -0.2761586991784422E-01  0.7352777513111895E-01
  0.5574544741300327E-03  0.1777896777802396E-01  0.5389435780820192E-01  0.7219815873811471E-01  0.4225437050947989E-01 -0.2728359488956505E-01 -0.1198406871934634E+00 -0.2106126130511593E+00 -0.2846138046890357E+00 -0.3217192486016997E+00 -0.3076003915849215E+00 -0.2293483399570861E+00 -0.1016041471061089E+00  0.3837911528946163E-01  0.1486098343893445E+00  0.2037081012166901E+00  0.1992612558141262E+00  0.1464093837723241E+00  0.7007027761354177E-01  0.8866558070667576E-02  0.4347060340153905E-01
 -0.1580294903558772E+00  0.1113938146756280E+00  0.1761519536710068E+00  0.1841609660793030E+00  0.1184061250857337E+00  0.3071757157898772E-02 -0.1403134778170165E+00 -0.2828093070561106E+00 -0.4095072187082726E+00 -0.4938947942661669E+00 -0.5169598362122666E+00 -0.4548193798033180E+00 -0.3123942866429490E+00 -0.1245841539824298E+00  0.5833741824737446E-01  0.1972095281515218E+00  0.2682775220727113E+00  0.2621023031330179E+00  0.1933724838238838E+00  0.1017758929328163E+00 -0.1119551949745652E+00
 -0.4083344195610721E+00  0.2494843386253656E+00  0.3401185963150247E+00  0.3208535940671429E+00  0.2126992337767522E+00  0.5008267831907412E-01 -0.1454785318452829E+00 -0.3422452777745745E+00 -0.5248990347227037E+00 -0.6602003682656491E+00 -0.7242145278608696E+00 -0.6844746196423651E+00 -0.5389994313495946E+00 -0.3222363849823342E+00 -0.9123366972728486E-01  0.1118392354290747E+00  0.2580613508643356E+00  0.3201582771525179E+00  0.2929228196714579E+00  0.1940981569465787E+00 -0.2893716511682782E+00
 -0.6726049202529449E+00  0.3982627544020608E+00  0.5221833429532377E+00  0.4710934169705800E+00  0.3264005549294062E+00  0.1268957075314026E+00 -0.1065315197726597E+00 -0.3420005618526964E+00 -0.5683805541119190E+00 -0.7544693065615670E+00 -0.8749140760595053E+00 -0.8849691321851905E+00 -0.7594694891741536E+00 -0.5240796479345737E+00 -0.2545851396816963E+00 -0.9009647956824606E-02  0.1896474210165266E+00  0.3132904572925546E+00  0.3360281619729193E+00  0.2348333993986662E+00 -0.3684720362230791E+00
 -0.8728217907450627E+00  0.5229738074027275E+00  0.6960996314631197E+00  0.6182109752727517E+00  0.4421841819547765E+00  0.2110316182772660E+00 -0.5339999501968429E-01 -0.3182824211996119E+00 -0.5743841237607619E+00 -0.7966775275379829E+00 -0.9683509299294286E+00 -0.1045520269961195E+01 -0.9742514678613681E+00 -0.7425972488031821E+00 -0.4315719388772979E+00 -0.1418801048695496E+00  0.9334567094383388E-01  0.2592331967561102E+00  0.3185642482135652E+00  0.2176689041214829E+00 -0.3344424641508835E+00
 -0.9536122791640322E+00  0.5992404182129990E+00  0.8441089754749649E+00  0.7556128719260049E+00  0.5578854720287986E+00  0.3040012293945465E+00  0.1684549284645695E-01 -0.2697117309533041E+00 -0.5436119697701373E+00 -0.7838430110445500E+00 -0.9870190894799872E+00 -0.1130644819082030E+01 -0.1150132656635168E+01 -0.9758324295842123E+00 -0.6451912480899050E+00 -0.2979673606551380E+00 -0.1982973389474214E-01  0.1744027541093358E+00  0.2563114494573294E+00  0.1724561626548564E+00 -0.2610570385072398E+00
 -0.8942478994749610E+00  0.6169602885912999E+00  0.9566329662989388E+00  0.8802198632665188E+00  0.6703706394968982E+00  0.3999387088436194E+00  0.9266389476910793E-01 -0.2162846785570171E+00 -0.5065992203395919E+00 -0.7526802869997825E+00 -0.9579230072427479E+00 -0.1135045862806766E+01 -0.1247073560169742E+01 -0.1184687413017641E+01 -0.8980491065025468E+00 -0.5083170195899968E+00 -0.1682951381048188E+00  0.6677053254685944E-01  0.1760738847694057E+00  0.1271272996918059E+00 -0.2053080143060119E+00
 -0.7252986580175094E+00  0.5832139806237218E+00  0.1024343283853656E+01  0.9874740725066243E+00  0.7781214030920131E+00  0.4995891353133003E+00  0.1783681390056434E+00 -0.1516484793378041E+00 -0.4621556857582643E+00 -0.7168767622263216E+00 -0.9099332564717864E+00 -0.1080268463620182E+01 -0.1248732159330216E+01 -0.1314458518503167E+01 -0.1140995924466078E+01 -0.7675095092324286E+00 -0.3731075221979082E+00 -0.7414981582336626E-01  0.8797919307648125E-01  0.9095184246501080E-01 -0.1848763343185511E+00
 -0.5179584068413750E+00  0.5176679490746363E+00  0.1035045440382534E+01  0.1065479736501965E+01  0.8743317581953556E+00  0.5971117951347767E+00  0.2704294306862647E+00 -0.7427096947108282E-01 -0.4044131791344430E+00 -0.6745262982726647E+00 -0.8588510750663501E+00 -0.9976577678244988E+00 -0.1172557608890014E+01 -0.1341232287707537E+01 -0.1318099790166874E+01 -0.1029612535757511E+01 -0.6218756645402828E+00 -0.2595367643767406E+00 -0.2155796753311706E-01  0.5112810782074388E-01 -0.1749422909953487E+00
 -0.3206343868900846E+00  0.4321758820006860E+00  0.9758932591119732E+00  0.1091754750017234E+01  0.9424544214399289E+00  0.6799298295685684E+00  0.3590402145948703E+00  0.1198758601060163E-01 -0.3276720232394218E+00 -0.6118221778915747E+00 -0.7969157690668137E+00 -0.9019800526552589E+00 -0.1043588643173507E+01 -0.1267290438732976E+01 -0.1395816308434490E+01 -0.1247712245055430E+01 -0.8831691594218460E+00 -0.4842661040966476E+00 -0.1665981510588862E+00 -0.9206169645151946E-02 -0.1389796421234303E+00
 -0.1525985154456988E+00  0.3327308407568401E+00  0.8455940068248213E+00  0.1047583630807827E+01  0.9654227451979630E+00  0.7354920978183522E+00  0.4323485988989591E+00  0.9620982955252286E-01 -0.2378734256471726E+00 -0.5240376391023683E+00 -0.7112898243601633E+00 -0.7927208186219904E+00 -0.8835807153269513E+00 -0.1110358996026941E+01 -0.1360463924145524E+01 -0.1384881490242361E+01 -0.1123311949104675E+01 -0.7327288508564161E+00 -0.3521924203273991E+00 -0.9549570397658036E-01 -0.6570530839765798E-01
 -0.1921449707825884E-01  0.2251748044107218E+00  0.6563099161539067E+00  0.9185047907502726E+00  0.9190076294254377E+00  0.7448739216655063E+00  0.4775147343680586E+00  0.1679568008138911E+00 -0.1442337556788962E+00 -0.4153426354744807E+00 -0.5955635173861522E+00 -0.6624112908035477E+00 -0.7058254912466561E+00 -0.8959263580152490E+00 -0.1215457251625126E+01 -0.1414109151074329E+01 -0.1308745382164805E+01 -0.9800173728002306E+00 -0.5716865308386617E+00 -0.2054548793129991E+00  0.4467810710033537E-01
  0.8085316073787968E-01  0.1204754571151047E+00  0.4422795320831938E+00  0.7191845717199011E+00  0.7968051243530392E+00  0.6958491088610791E+00  0.4839003946339884E+00  0.2180651808990661E+00 -0.5609963372660023E-01 -0.2952237508645099E+00 -0.4546517616410174E+00 -0.5097964071358095E+00 -0.5201852306927646E+00 -0.6531489963200282E+00 -0.9797377068447114E+00 -0.1317438822161956E+01 -0.1403669093614712E+01 -0.1194192337891157E+01 -0.8066276096776258E+00 -0.3344897198275149E+00  0.1968415498049189E+00
  0.1424734296208033E+00  0.3225039202245528E-01  0.2392246056881692E+00  0.4752500101694940E+00  0.5968609342165956E+00  0.5716408070369290E+00  0.4339451161572800E+00  0.2328780632413159E+00  0.1520075558577975E-01 -0.1763431373890549E+00 -0.3030883252296758E+00 -0.3461161300486386E+00 -0.3404914719653450E+00 -0.4146018234829491E+00 -0.6889408225055679E+00 -0.1093365644604422E+01 -0.1370242077195191E+01 -0.1333575032664909E+01 -0.1026761101132158E+01 -0.4765702135216868E+00  0.4029495394329019E+00
  0.1304965666172641E+00 -0.1261756299346225E-01  0.9264387763687737E-01  0.2491508468698169E+00  0.3643826093104532E+00  0.3888417581000623E+00  0.3245668190712890E+00  0.2002624111791289E+00  0.5338985866728914E-01 -0.7910503396982474E-01 -0.1664337256322478E+00 -0.1965994199890902E+00 -0.1879013849507462E+00 -0.2149129398614185E+00 -0.3944463743746996E+00 -0.7667591239858949E+00 -0.1179749425377828E+01 -0.1347868471360252E+01 -0.1189878093763780E+01 -0.6252802094586719E+00  0.6859625346122358E+00
  0.3103573954208377E-01 -0.9069677743612451E-02  0.3826706311246420E-02  0.7002942342077288E-01  0.1462049316679890E+00  0.1865062684326826E+00  0.1748122660845647E+00  0.1199903769013746E+00  0.4421050568818239E-01 -0.2742140822008308E-01 -0.7487852105121989E-01 -0.9092386239563367E-01 -0.8343418896104206E-01 -0.8177867266270487E-01 -0.1570891854001653E+00 -0.4007938527509898E+00 -0.8348581767431356E+00 -0.1185187692287677E+01 -0.1232840257562054E+01 -0.7725129234634709E+00  0.1084698512828359E+01
 -0.1648879162904379E+00  0.4366930421198989E-01 -0.3388000365446826E-01 -0.3900861625083792E-01 -0.3194377459466959E-02  0.3126734657428566E-01  0.4456698812460395E-01  0.3476598312718276E-01  0.1064279357020612E-01 -0.1518879186428683E-01 -0.3228368461886749E-01 -0.3582464093197549E-01 -0.2895706793091368E-01 -0.1756717024675614E-01 -0.2370764389701980E-01 -0.9890036351816610E-01 -0.4144963091213306E+00 -0.8289505820740606E+00 -0.1056227181929285E+01 -0.8507827461949395E+00  0.1496121056655534E+01
  0.4179482570127374E+00 -0.2217079212871910E+00 -0.2471755068488355E+00 -0.1803644627435001E+00 -0.1136686121255034E+00 -0.6492114833728214E-01 -0.3470334344812771E-01 -0.1990084668784729E-01 -0.1543590644726313E-01 -0.1516150341842540E-01 -0.1403390413998559E-01 -0.9002393388435356E-02 -0.1590970446565967E-02  0.7932023399868688E-02  0.1004570470590462E-01  0.6032353805338912E-02 -0.1391334813934963E+00 -0.3960272353607603E+00 -0.5705318561941841E+00 -0.5465687425897736E+00  0.1069174371575137E+01
  0.0000000000000000E+00  0.0000000000000000E+00  0.0000000000000000E+00  0.0000000000000000E+00  0.0000000000000000E+00  0.0000000000000000E+00  0.0000000000000000E+00  0.0000000000000000E+00  0.0000000000000000E+00  0.0000000000000000E+00  0.0000000000000000E+00  0.0000000000000000E+00  0.0000000000000000E+00  0.0000000000000000E+00  0.0000000000000000E+00  0.0000000000000000E+00  0.0000000000000000E+00  0.0000000000000000E+00  0.0000000000000000E+00  0.0000000000000000E+00  0.0000000000000000E+00
