  0.0000000000000000E+00  0.0000000000000000E+00  0.0000000000000000E+00  0.0000000000000000E+00  0.0000000000000000E+00  0.0000000000000000E+00  0.0000000000000000E+00  0.0000000000000000E+00  0.0000000000000000E+00  0.0000000000000000E+00  0.0000000000000000E+00  0.0000000000000000E+00  0.0000000000000000E+00  0.0000000000000000E+00  0.0000000000000000E+00  0.0000000000000000E+00  0.0000000000000000E+00  0.0000000000000000E+00  0.0000000000000000E+00  0.0000000000000000E+00  0.0000000000000000E+00
  0.3860400796404319E-01 -0.1606220268119168E-01 -0.9582600079531841E-02  0.9279044777728863E-03 -0.1089174313516278E-01 -0.4090866880987234E-01 -0.7071207255336609E-01 -0.8271289866637091E-01 -0.8138617967996199E-01 -0.7408527640638507E-01 -0.6190422303922342E-01 -0.3108745019259600E-01  0.2802785610817115E-01  0.9617845678178337E-01  0.1365299590574444E+00  0.1347287262348591E+00  0.9908652095147188E-01  0.4409712454515833E-01 -0.9584227699296550E-02 -0.2783315851759041E-01  0.7391524785347467E-01
  0.5469739450719921E-03  0.1780221619437649E-01  0.5395362252820145E-01  0.7227461532229602E-01  0.4226837587833528E-01 -0.2737384816304035E-01 -0.1200531568869093E+00 -0.2109287319428547E+00 -0.2850270412320496E+00 -0.3221787726787006E+00 -0.3080414157819916E+00 -0.2296394140552454E+00 -0.1016584628175873E+00  0.3856189871701068E-01  0.1489372594952779E+00  0.2040620931125974E+00  0.1995331589474577E+00  0.1465168857487316E+00  0.6997345863335470E-01  0.8692174348131406E-02  0.4389693558896049E-01
 -0.1582484091153945E+00  0.1115506226604794E+00  0.1764034588660436E+00  0.1844415478121696E+00  0.1185947194805944E+00  0.3119217936155075E-02 -0.1404407419220512E+00 -0.2830953731190495E+00 -0.4099574012938584E+00 -0.4944557917403921E+00 -0.5175825284031507E+00 -0.4553618258892558E+00 -0.3127274517999353E+00 -0.1246411724934395E+00  0.5851643192697246E-01  0.1975380597307392E+00  0.2686468673118639E+00  0.2623904422596645E+00  0.1934703492749053E+00  0.1016834951348527E+00 -0.1115801361296530E+00
 -0.4089104311389725E+00  0.2498432896997924E+00  0.3406194379604049E+00  0.3213438024231877E+00  0.2130273770919352E+00  0.5019465051447997E-01 -0.1456358897181888E+00 -0.3426473283964186E+00 -0.5255448824081486E+00 -0.6610068644369699E+00 -0.7251211984040837E+00 -0.6853250208988104E+00 -0.5396431029325398E+00 -0.3225737296323223E+00 -0.9128624070611592E-01  0.1120103718291694E+00  0.2583838896927365E+00  0.3205128357676402E+00  0.2931582030567976E+00  0.1940856220998203E+00 -0.2890986632426633E+00
 -0.6735686068072506E+00  0.3988457551322749E+00  0.5229686585895741E+00  0.4718221703943110E+00  0.3269278427082089E+00  0.1271734292086122E+00 -0.1065716455859644E+00 -0.3423312451866949E+00 -0.5690073867963108E+00 -0.7553117042722035E+00 -0.8759345797542459E+00 -0.8860337730546238E+00 -0.7603857539206220E+00 -0.5246681810984573E+00 -0.2548460733454324E+00 -0.9025694022497902E-02  0.1898355463153246E+00  0.3135982851987538E+00  0.3362899931858097E+00  0.2348285006559092E+00 -0.3681955087819180E+00
 -0.8740909267858503E+00  0.5237486045636214E+00  0.6971548869050139E+00  0.6191598157620513E+00  0.4428873924156987E+00  0.2114335578453742E+00 -0.5339038765931686E-01 -0.3186309062674857E+00 -0.5750709135071627E+00 -0.7975851718409550E+00 -0.9694445403392541E+00 -0.1046740947617119E+01 -0.9754401691903634E+00 -0.7434779078533595E+00 -0.4320394105900939E+00 -0.1420585391692655E+00  0.9338267677012102E-01  0.2594238793479218E+00  0.3187456622488453E+00  0.2176169407582989E+00 -0.3341051600260515E+00
 -0.9550095811180822E+00  0.6001363071143597E+00  0.8453993402249970E+00  0.7567791075612742E+00  0.5587919792325547E+00  0.3045772123125666E+00  0.1695963526619526E-01 -0.2700468318325563E+00 -0.5443537486651995E+00 -0.7848118201061687E+00 -0.9881192191530693E+00 -0.1131883641754354E+01 -0.1151489286860337E+01 -0.9770320867198690E+00 -0.6459432181929260E+00 -0.2983311116414811E+00 -0.1994817503032731E-01  0.1744390242815900E+00  0.2563564391563069E+00  0.1723552061709657E+00 -0.2607091793565902E+00
 -0.8955310120229488E+00  0.6178831253828087E+00  0.9581183641254772E+00  0.8816041411391805E+00  0.6715001963827401E+00  0.4007133457607940E+00  0.9289456489848155E-01 -0.2166320617635795E+00 -0.5074734031375662E+00 -0.7538325781593285E+00 -0.9591176459982931E+00 -0.1136251687210953E+01 -0.1248436186824101E+01 -0.1186105264510248E+01 -0.8991372920399453E+00 -0.5089564422186323E+00 -0.1686165308906966E+00  0.6664879746514901E-01  0.1760067946886665E+00  0.1270090828171044E+00 -0.2050204537626467E+00
 -0.7262044563586807E+00  0.5840568596212999E+00  0.1025966122505219E+01  0.9890660850212315E+00  0.7794793652434849E+00  0.5005908129113202E+00  0.1787772204193039E+00 -0.1519284458661132E+00 -0.4631041012738347E+00 -0.7182363642881873E+00 -0.9113266609514389E+00 -0.1081496367413569E+01 -0.1250000515156397E+01 -0.1315913218408499E+01 -0.1142321895748377E+01 -0.7684382507305236E+00 -0.3736859865261263E+00 -0.7445520748645006E-01  0.8782300875883506E-01  0.9083711037617193E-01 -0.1846883223696807E+00
 -0.5184230337498053E+00  0.5183770270824598E+00  0.1036708047497574E+01  0.1067237747547415E+01  0.8758898900664123E+00  0.5983234587382823E+00  0.2710383651154040E+00 -0.7441161786380800E-01 -0.4053239734438194E+00 -0.6760001070066183E+00 -0.8604535281707053E+00 -0.9989829230368109E+00 -0.1173724115684039E+01 -0.1342596668491397E+01 -0.1319519135347246E+01 -0.1030747924662874E+01 -0.6226883764318287E+00 -0.2600472464072353E+00 -0.2182395141642523E-01  0.5099334052411363E-01 -0.1748039729887661E+00
 -0.3207292335734083E+00  0.4327245601249242E+00  0.9774444468013644E+00  0.1093569466044519E+01  0.9441290400174432E+00  0.6812775626744042E+00  0.3598118285134755E+00  0.1201160510591754E-01 -0.3284438659137489E+00 -0.6132496270787695E+00 -0.7986022771028676E+00 -0.9033890880788598E+00 -0.1044657414747275E+01 -0.1268483812371062E+01 -0.1397201427598326E+01 -0.1248948562968378E+01 -0.8841436771709796E+00 -0.4849695579456419E+00 -0.1670035360083442E+00 -0.9392992390043165E-02 -0.1388245588382147E+00
 -0.1524138943245626E+00  0.3330918817900249E+00  0.8468617510455120E+00  0.1049298395262245E+01  0.9671102757178702E+00  0.7368922797160339E+00  0.4332157436066698E+00  0.9637024822836798E-01 -0.2384743386640258E+00 -0.5253024595351327E+00 -0.7128908608020882E+00 -0.7941060659933719E+00 -0.8845259780719693E+00 -0.1111332839591130E+01 -0.1361720914571389E+01 -0.1386129049697451E+01 -0.1124362149180772E+01 -0.7335743924697208E+00 -0.3527410292452521E+00 -0.9574246196812286E-01 -0.6551364334088355E-01
 -0.1881548556617674E-01  0.2253200891336304E+00  0.6571447818347145E+00  0.9199138632572079E+00  0.9205438997969828E+00  0.7462106238476149E+00  0.4783955547875375E+00  0.1682079606447711E+00 -0.1446673047040304E+00 -0.4163835361968454E+00 -0.5969376636316218E+00 -0.6636211336950357E+00 -0.7065768344240008E+00 -0.8966385946522690E+00 -0.1216517491971492E+01 -0.1415306251908559E+01 -0.1309811517559104E+01 -0.9809390850875997E+00 -0.5723479883206103E+00 -0.2057532565377508E+00  0.4491178129264217E-01
  0.8145111394664994E-01  0.1203929413698214E+00  0.4426299380561142E+00  0.7201306109408138E+00  0.7980371307832016E+00  0.6970154029644957E+00  0.4847217963979655E+00  0.2183614100151000E+00 -0.5638271419948214E-01 -0.2960153255638013E+00 -0.4557105461798592E+00 -0.5107051581156776E+00 -0.5206688378582438E+00 -0.6535685582352139E+00 -0.9805525519306347E+00 -0.1318535311567378E+01 -0.1404713219048192E+01 -0.1195136688481865E+01 -0.8073559453191417E+00 -0.3348271409829707E+00  0.1971254776297704E+00
  0.1432616066633708E+00  0.3196331711636798E-01  0.2391515580124748E+00  0.4756402932251701E+00  0.5976096150030566E+00  0.5724777075419633E+00  0.4346009482653477E+00  0.2331617979455576E+00  0.1504647892144685E-01 -0.1768771917915849E+00 -0.3037920635113541E+00 -0.3466661152100639E+00 -0.3406836544323355E+00 -0.4147341875998190E+00 -0.6894862996693006E+00 -0.1094322969690007E+01 -0.1371242474103406E+01 -0.1334504053962944E+01 -0.1027513286675150E+01 -0.4769358056732891E+00  0.4032941303447168E+00
  0.1312719683887944E+00 -0.1297468323040969E-01  0.9234791869756535E-01  0.2491093543880182E+00  0.3646240936746865E+00  0.3892353060401465E+00  0.3249247964208123E+00  0.2004246194291744E+00  0.5328928370872024E-01 -0.7942740448427570E-01 -0.1668180313901688E+00 -0.1968362906399995E+00 -0.1878722059106258E+00 -0.2148321013267189E+00 -0.3947331102403918E+00 -0.7675381466651787E+00 -0.1180687855264900E+01 -0.1348756578109683E+01 -0.1190615771703509E+01 -0.6256660323129397E+00  0.6863823252353105E+00
  0.3133724869032165E-01 -0.9280201655991091E-02  0.3496643722348371E-02  0.6976613461939700E-01  0.1460985101555778E+00  0.1865263946299864E+00  0.1748647496589447E+00  0.1199796823235605E+00  0.4409555143584389E-01 -0.2761285077492659E-01 -0.7505567702895811E-01 -0.9098966964926079E-01 -0.8333515790264055E-01 -0.8162824479372403E-01 -0.1571786987786126E+00 -0.4013630208690190E+00 -0.8357052021359818E+00 -0.1186004421470964E+01 -0.1233515515843127E+01 -0.7729071747637605E+00  0.1085206008448154E+01
 -0.1647038642582463E+00  0.4349097490510142E-01 -0.3423093954294210E-01 -0.3934356422068609E-01 -0.3434880288997500E-02  0.3112466079996413E-01  0.4448321928626618E-01  0.3469163559613114E-01  0.1055062390009012E-01 -0.1529520337323218E-01 -0.3237077114033066E-01 -0.3585955612636787E-01 -0.2891588912739503E-01 -0.1748722449438442E-01 -0.2370451568054479E-01 -0.9926494467253437E-01 -0.4152162997422736E+00 -0.8296403324080853E+00 -0.1056762024458907E+01 -0.8511269950073800E+00  0.1496618960563233E+01
  0.4182954594355917E+00 -0.2219126500428741E+00 -0.2474424906930304E+00 -0.1805947089801384E+00 -0.1138564582911199E+00 -0.6507756083026914E-01 -0.3484192002558154E-01 -0.2003580788183083E-01 -0.1557381107096905E-01 -0.1529959953391098E-01 -0.1415850505106643E-01 -0.9105090745845514E-02 -0.1664783444676719E-02  0.7862174921839380E-02  0.9954767965282076E-02  0.5749250454435790E-02 -0.1396216637231005E+00 -0.3964614018477012E+00 -0.5708287136429361E+00 -0.5467636098970327E+00  0.1069462116048162E+01
  0.0000000000000000E+00  0.0000000000000000E+00  0.0000000000000000E+00  0.0000000000000000E+00  0.0000000000000000E+00  0.0000000000000000E+00  0.0000000000000000E+00  0.0000000000000000E+00  0.0000000000000000E+00  0.0000000000000000E+00  0.0000000000000000E+00  0.0000000000000000E+00  0.0000000000000000E+00  0.0000000000000000E+00  0.0000000000000000E+00  0.0000000000000000E+00  0.0000000000000000E+00  0.0000000000000000E+00  0.0000000000000000E+00  0.0000000000000000E+00  0.0000000000000000E+00
