  0.0000000000000000E+00  0.0000000000000000E+00  0.0000000000000000E+00  0.0000000000000000E+00  0.0000000000000000E+00  0.0000000000000000E+00  0.0000000000000000E+00  0.0000000000000000E+00  0.0000000000000000E+00  0.0000000000000000E+00  0.0000000000000000E+00  0.0000000000000000E+00  0.0000000000000000E+00  0.0000000000000000E+00  0.0000000000000000E+00  0.0000000000000000E+00  0.0000000000000000E+00  0.0000000000000000E+00  0.0000000000000000E+00  0.0000000000000000E+00  0.0000000000000000E+00
  0.3819014554018516E-01 -0.1700633452139326E-01 -0.1282885802399463E-01 -0.4851440706485388E-02 -0.1819927732895340E-01 -0.4789716980703663E-01 -0.7588151769373538E-01 -0.8639421988585397E-01 -0.8468254131368899E-01 -0.7737399867484782E-01 -0.6444645930463073E-01 -0.3159951621535903E-01  0.2965484968999879E-01  0.9766001115413961E-01  0.1361809206458202E+00  0.1327211627047863E+00  0.9628386260676693E-01  0.4131554558539300E-01 -0.1158287280399230E-01 -0.2863168095732709E-01  0.7431217006798897E-01
  0.1381383259172100E-02  0.1578610145040475E-01  0.4873968761038634E-01  0.6445752541826420E-01  0.3343848378864783E-01 -0.3550937590304778E-01 -0.1261321574481377E+00 -0.2143381442063184E+00 -0.2854597188764266E+00 -0.3192079430812207E+00 -0.3014211781685927E+00 -0.2202059018496783E+00 -0.9172790923949009E-01  0.4623677897992159E-01  0.1527546809501968E+00  0.2040612946557518E+00  0.1969004051608163E+00  0.1429272135004622E+00  0.6700556983398426E-01  0.7204887267894732E-02  0.4539090803030006E-01
 -0.1537247818698988E+00  0.1073656254216230E+00  0.1683720943949702E+00  0.1743080867670687E+00  0.1080382340645790E+00 -0.6627123184866889E-02 -0.1486263334513503E+00 -0.2893063351870759E+00 -0.4136858287708780E+00 -0.4949197636810174E+00 -0.5142079910380748E+00 -0.4484557827316549E+00 -0.3040884733428377E+00 -0.1167703819112573E+00  0.6374416889102613E-01  0.1992395673463576E+00  0.2669887966578444E+00  0.2586146721705380E+00  0.1894503752979080E+00  0.9898759129181638E-01 -0.1075123985775411E+00
 -0.4023999452963364E+00  0.2446559393307626E+00  0.3315678726959513E+00  0.3114760531673311E+00  0.2036446116820459E+00  0.4187695270499317E-01 -0.1525347314083893E+00 -0.3476384492492096E+00 -0.5278637686259422E+00 -0.6596292888024063E+00 -0.7195209742146581E+00 -0.6761570007225310E+00 -0.5291696174040108E+00 -0.3132194897841326E+00 -0.8444517930116144E-01  0.1155855369135827E+00  0.2583293118314740E+00  0.3174854971275177E+00  0.2889336933080401E+00  0.1909587738973075E+00 -0.2839426283838823E+00
 -0.6686259771388159E+00  0.3943476313401426E+00  0.5144169168816120E+00  0.4629336870958408E+00  0.3182909735368320E+00  0.1187966558633066E+00 -0.1146502277043409E+00 -0.3497374567276127E+00 -0.5750170597918719E+00 -0.7584979381413849E+00 -0.8749140593874251E+00 -0.8803300925761197E+00 -0.7518576481555430E+00 -0.5162759517738281E+00 -0.2483457384501959E+00 -0.5012840684117907E-02  0.1907725147415924E+00  0.3114598853844077E+00  0.3325281059364386E+00  0.2323233862693812E+00 -0.3644420528717049E+00
 -0.8738038691575369E+00  0.5214529597187746E+00  0.6905550099987867E+00  0.6123329271729896E+00  0.4364175828499586E+00  0.2052294307126309E+00 -0.5939558740764764E-01 -0.3243056904565796E+00 -0.5801795325526159E+00 -0.8012158837798656E+00 -0.9702932571321402E+00 -0.1043534986021332E+01 -0.9688336510998762E+00 -0.7361801304311293E+00 -0.4263696317844204E+00 -0.1386077333646313E+00  0.9440928676831696E-01  0.2578858418727640E+00  0.3158577011886884E+00  0.2161660080319447E+00 -0.3326403229071458E+00
 -0.9606936970290144E+00  0.6006972521059462E+00  0.8413980592888241E+00  0.7520112118142156E+00  0.5540020246416322E+00  0.2994941902328465E+00  0.1145053638970677E-01 -0.2758503475312571E+00 -0.5503979060701428E+00 -0.7905077691139409E+00 -0.9923643944047453E+00 -0.1132916703771768E+01 -0.1148649851104707E+01 -0.9720483940177767E+00 -0.6414541963226612E+00 -0.2957120999543618E+00 -0.1929885461260918E-01  0.1733265240974305E+00  0.2544727543120603E+00  0.1716831030801706E+00 -0.2605765549284514E+00
 -0.9064843448561795E+00  0.6211474765210351E+00  0.9569580847069257E+00  0.8788360132654345E+00  0.6683873406335731E+00  0.3971654311361660E+00  0.8888423037308006E-01 -0.2209970413279402E+00 -0.5123724336513636E+00 -0.7591873789427733E+00 -0.9644278182549550E+00 -0.1139973412183326E+01 -0.1249145776802279E+01 -0.1184249910771247E+01 -0.8964846002856380E+00 -0.5071406656321598E+00 -0.1683249389970785E+00  0.6576182892490334E-01  0.1748077997258810E+00  0.1266561631443181E+00 -0.2051606897070733E+00
 -0.7388210990574062E+00  0.5888864744456713E+00  0.1027838324279608E+01  0.9884066188395452E+00  0.7779734485150857E+00  0.4983580661862937E+00  0.1756378095698121E+00 -0.1559315352016805E+00 -0.4680852773901023E+00 -0.7241557694725251E+00 -0.9178575010089212E+00 -0.1087281411249002E+01 -0.1253408931363649E+01 -0.1316967650018995E+01 -0.1142091427538842E+01 -0.7678691199991809E+00 -0.3737720245894191E+00 -0.7527452286803522E-01  0.8689099863320868E-01  0.9040507509500757E-01 -0.1843242266518141E+00
 -0.5295633519654270E+00  0.5237686068881043E+00  0.1041742468698886E+01  0.1069129587444500E+01  0.8761612151023512E+00  0.5975328575369653E+00  0.2690599552615839E+00 -0.7758091107448604E-01 -0.4098832840205149E+00 -0.6821138682518164E+00 -0.8679547211382168E+00 -0.1006464783513854E+01 -0.1179086262363067E+01 -0.1345674503630136E+01 -0.1321387978920126E+01 -0.1031779220347031E+01 -0.6234846753426363E+00 -0.2610521799453984E+00 -0.2275461519184694E-01  0.5039609409013313E-01 -0.1739428974622463E+00
 -0.3293753778800688E+00  0.4382480807106504E+00  0.9853688642518825E+00  0.1098457677648043E+01  0.9465231695236523E+00  0.6821066362653224E+00  0.3591293636390498E+00  0.9691737115780977E-02 -0.3326921142915154E+00 -0.6196703184372828E+00 -0.8071374266626132E+00 -0.9125749510289182E+00 -0.1051698445425619E+01 -0.1272882608492749E+01 -0.1400460320878336E+01 -0.1251404742494558E+01 -0.8858771416710379E+00 -0.4864628121947233E+00 -0.1681631560524367E+00 -0.1008923586195588E-01 -0.1378954484665690E+00
 -0.1585423875910325E+00  0.3384460952298294E+00  0.8567958980984557E+00  0.1057243709212976E+01  0.9719371800115327E+00  0.7394125420203311E+00  0.4337785858355472E+00  0.9492092655466786E-01 -0.2422273614039450E+00 -0.5317052822009805E+00 -0.7220875590866580E+00 -0.8047448299959553E+00 -0.8930827066546370E+00 -0.1116548366928602E+01 -0.1365585776591476E+01 -0.1389459916274578E+01 -0.1126892358620125E+01 -0.7356203929287224E+00 -0.3542528886724617E+00 -0.9653109135978676E-01 -0.6465961459310143E-01
 -0.2273115943613235E-01  0.2300971048517199E+00  0.6675601551190273E+00  0.9301904090400372E+00  0.9278902125499326E+00  0.7506466127964377E+00  0.4802962960642287E+00  0.1676424051618792E+00 -0.1479170156165804E+00 -0.4226516817325994E+00 -0.6063853009623679E+00 -0.6750862006692437E+00 -0.7162687275099449E+00 -0.9023556631965448E+00 -0.1220381037676654E+01 -0.1418871295627938E+01 -0.1312753733181950E+01 -0.9833601068398258E+00 -0.5741687879268252E+00 -0.2066355288171382E+00  0.4573779852458937E-01
  0.7949251939797630E-01  0.1240796915683433E+00  0.4517315941030063E+00  0.7311601141638193E+00  0.8072776125267317E+00  0.7032580995764863E+00  0.4879480248670272E+00  0.2186628113485903E+00 -0.5910829831154519E-01 -0.3019746512531398E+00 -0.4648969232914454E+00 -0.5220311079575122E+00 -0.5306264622641500E+00 -0.6593542306577491E+00 -0.9839939550821174E+00 -0.1321812605836140E+01 -0.1407666222512695E+01 -0.1197655642540271E+01 -0.8093139744821416E+00 -0.3357680859113939E+00  0.1979902832520402E+00
  0.1434378226662422E+00  0.3398855050613410E-01  0.2454034741846445E+00  0.4851982639655739E+00  0.6073101030761545E+00  0.5800906060877108E+00  0.4392209828947773E+00  0.2345375357532291E+00  0.1311614811574941E-01 -0.1821117453309180E+00 -0.3120054615968350E+00 -0.3566682871014780E+00 -0.3496547257268831E+00 -0.4199495138809080E+00 -0.6922198561692743E+00 -0.1096994913249430E+01 -0.1373922586342104E+01 -0.1336917295052450E+01 -0.1029448379600769E+01 -0.4778974091907311E+00  0.4042438479714250E+00
  0.1341147554255080E+00 -0.1300102357562679E-01  0.9511168469862764E-01  0.2551314500287122E+00  0.3722102412472477E+00  0.3963024442915156E+00  0.3300206840100014E+00  0.2027591020220866E+00  0.5254286733255240E-01 -0.8322237643129174E-01 -0.1730809965797864E+00 -0.2043008542201217E+00 -0.1945871959944703E+00 -0.2187658945283110E+00 -0.3965791291048656E+00 -0.7695099426910302E+00 -0.1182980682876323E+01 -0.1350949374760223E+01 -0.1192421150407157E+01 -0.6266259372000713E+00  0.6874566611930570E+00
  0.3437986778753976E-01 -0.1020339494121163E-01  0.3769682963904863E-02  0.7224359974449569E-01  0.1502431537309820E+00  0.1910143290978525E+00  0.1784373992249730E+00  0.1217704128409689E+00  0.4371307468641324E-01 -0.3008358815064768E-01 -0.7901496886870639E-01 -0.9547227222644171E-01 -0.8729018425667093E-01 -0.8394452749097195E-01 -0.1581228832351535E+00 -0.4026906675517363E+00 -0.8376549253328823E+00 -0.1187943573491270E+01 -0.1235106243634858E+01 -0.7738427731190980E+00  0.1086422075722436E+01
 -0.1636994097595998E+00  0.4284059052361863E-01 -0.3517763818874389E-01 -0.3919799981895340E-01 -0.2129370020194726E-02  0.3299978445588305E-01  0.4619086115516724E-01  0.3564037670594394E-01  0.1044591760097195E-01 -0.1642189909246872E-01 -0.3419495270106736E-01 -0.3788683100657826E-01 -0.3067800098414021E-01 -0.1854099603389294E-01 -0.2400715182431940E-01 -0.1000805701463734E+00 -0.4168896704211502E+00 -0.8312697297088109E+00 -0.1058005621465300E+01 -0.8519103918483140E+00  0.1497725554079642E+01
  0.4190037539082230E+00 -0.2221553252887795E+00 -0.2474622219581155E+00 -0.1803452609082159E+00 -0.1134457392806299E+00 -0.6461219673803270E-01 -0.3447548595375355E-01 -0.1994423625157015E-01 -0.1587280659920428E-01 -0.1599148676851299E-01 -0.1511787444629286E-01 -0.1013351602605958E-01 -0.2571261602836500E-02  0.7179505619681033E-02  0.9598302641910772E-02  0.5089985653451799E-02 -0.1407787065361902E+00 -0.3974872642225291E+00 -0.5715220172566480E+00 -0.5471988131554147E+00  0.1070074422209596E+01
  0.0000000000000000E+00  0.0000000000000000E+00  0.0000000000000000E+00  0.0000000000000000E+00  0.0000000000000000E+00  0.0000000000000000E+00  0.0000000000000000E+00  0.0000000000000000E+00  0.0000000000000000E+00  0.0000000000000000E+00  0.0000000000000000E+00  0.0000000000000000E+00  0.0000000000000000E+00  0.0000000000000000E+00  0.0000000000000000E+00  0.0000000000000000E+00  0.0000000000000000E+00  0.0000000000000000E+00  0.0000000000000000E+00  0.0000000000000000E+00  0.0000000000000000E+00
