  0.0000000000000000E+00  0.0000000000000000E+00  0.0000000000000000E+00  0.0000000000000000E+00  0.0000000000000000E+00  0.0000000000000000E+00  0.0000000000000000E+00  0.0000000000000000E+00  0.0000000000000000E+00  0.0000000000000000E+00  0.0000000000000000E+00  0.0000000000000000E+00  0.0000000000000000E+00  0.0000000000000000E+00  0.0000000000000000E+00  0.0000000000000000E+00  0.0000000000000000E+00  0.0000000000000000E+00  0.0000000000000000E+00  0.0000000000000000E+00  0.0000000000000000E+00
  0.3860114436882971E-01 -0.1632350321827039E-01 -0.1036936528598146E-01 -0.4037365509625312E-03 -0.1257513561809301E-01 -0.4256353219745748E-01 -0.7197830233412869E-01 -0.8359890889893679E-01 -0.8212921709132055E-01 -0.7481637577864761E-01 -0.6254473398062008E-01 -0.3136585953211297E-01  0.2827650956453569E-01  0.9661960486548261E-01  0.1367371717646011E+00  0.1345814522318757E+00  0.9864323684718702E-01  0.4345251542876474E-01 -0.1027846988529736E-01 -0.2823738086959416E-01  0.7443367272348511E-01
  0.7588112145072295E-03  0.1737711568411350E-01  0.5289015826684773E-01  0.7072993302948161E-01  0.4051691214133246E-01 -0.2904271777322686E-01 -0.1214077359267800E+00 -0.2118648772678795E+00 -0.2855117835913710E+00 -0.3221184124309572E+00 -0.3073372249917667E+00 -0.2282800399535537E+00 -0.9992757574646938E-01  0.4019294730843226E-01  0.1500546347558925E+00  0.2044994685734183E+00  0.1993598531257363E+00  0.1459529835161456E+00  0.6930044510705687E-01  0.8234000539533350E-02  0.4459844348845682E-01
 -0.1574095331089109E+00  0.1107861664382756E+00  0.1749489662059159E+00  0.1826874629752051E+00  0.1167643796400121E+00  0.1364871536149664E-02 -0.1420463812969276E+00 -0.2845045672362363E+00 -0.4111152962408683E+00 -0.4952066197650383E+00 -0.5178031685915753E+00 -0.4549440447787290E+00 -0.3117875569766194E+00 -0.1234656705557451E+00  0.5956571386866723E-01  0.1981589919936360E+00  0.2686982751938894E+00  0.2619479808456749E+00  0.1927910039998380E+00  0.1010807795474518E+00 -0.1104513346425173E+00
 -0.4080321432168785E+00  0.2490941652596556E+00  0.3392503525620881E+00  0.3199667639702528E+00  0.2117186573639574E+00  0.4894009436484516E-01 -0.1468753948459154E+00 -0.3438022975333713E+00 -0.5264972152965276E+00 -0.6615208114804129E+00 -0.7250984951346944E+00 -0.6847505334643211E+00 -0.5387196077726202E+00 -0.3214959097601846E+00 -0.9025410520096569E-01  0.1127547046435000E+00  0.2586332668760394E+00  0.3202341692800041E+00  0.2925464070739315E+00  0.1934501725208969E+00 -0.2878041104887594E+00
 -0.6735429264440688E+00  0.3985381056931788E+00  0.5220713906354676E+00  0.4709926567832367E+00  0.3260681276187947E+00  0.1261371301478341E+00 -0.1079151560867619E+00 -0.3439260081291813E+00 -0.5707268383005512E+00 -0.7568082653162290E+00 -0.8769737114158210E+00 -0.8864537265798976E+00 -0.7603028155657314E+00 -0.5242408980335155E+00 -0.2542357947574242E+00 -0.8471814334416490E-02  0.1900776143576247E+00  0.3133904169890287E+00  0.3357448622787449E+00  0.2342774135296460E+00 -0.3670873783101931E+00
 -0.8755711728865168E+00  0.5242083408237589E+00  0.6970538495847600E+00  0.6191046242092042E+00  0.4427814465805790E+00  0.2110786091590397E+00 -0.5419933345103842E-01 -0.3198841859045097E+00 -0.5766839683739207E+00 -0.7992063156178464E+00 -0.9708251102780564E+00 -0.1047713302293078E+01 -0.9760575471766009E+00 -0.7437682869705603E+00 -0.4320094359773537E+00 -0.1419029063285058E+00  0.9341938067588954E-01  0.2591613160713093E+00  0.3182428386863304E+00  0.2172055281201080E+00 -0.3333737456739935E+00
 -0.9581098201729690E+00  0.6014407023804446E+00  0.8462122869683646E+00  0.7575003885876248E+00  0.5593690408877701E+00  0.3047174681570261E+00  0.1635008812596912E-01 -0.2714415972114265E+00 -0.5464393146337585E+00 -0.7871333750264744E+00 -0.9902685631884668E+00 -0.1133633966451576E+01 -0.1152947104929292E+01 -0.9782294487097463E+00 -0.6466920440435427E+00 -0.2987321396814318E+00 -0.2025030600073443E-01  0.1740579129789966E+00  0.2558970896711472E+00  0.1720598311244264E+00 -0.2602824037021319E+00
 -0.8997882694332514E+00  0.6198832908612857E+00  0.9598616031506056E+00  0.8830970995941279E+00  0.6728067964770205E+00  0.4015169104192859E+00  0.9278448642415958E-01 -0.2177953712203199E+00 -0.5096574529464951E+00 -0.7565617655424955E+00 -0.9617933998027327E+00 -0.1138485219365284E+01 -0.1250417048372963E+01 -0.1188068322576046E+01 -0.9007475923097519E+00 -0.5100253670115800E+00 -0.1693605241685128E+00  0.6608943043560364E-01  0.1755734467124584E+00  0.1267824672249531E+00 -0.2047739549624010E+00
 -0.7303743028669050E+00  0.5863285157648956E+00  0.1028611244427782E+01  0.9913342742490304E+00  0.7814969617890579E+00  0.5020471506971368E+00  0.1791233876313585E+00 -0.1529606976227385E+00 -0.4655437534385935E+00 -0.7216217133173372E+00 -0.9148319826487445E+00 -0.1084346533291129E+01 -0.1252293628249628E+01 -0.1318277594544824E+01 -0.1144617666845119E+01 -0.7701707474029519E+00 -0.3749210214217252E+00 -0.7528787432185161E-01  0.8732362813678528E-01  0.9059384840781312E-01 -0.1844579170866540E+00
 -0.5216364982063579E+00  0.5205926006029841E+00  0.1040141303602594E+01  0.1070302765402899E+01  0.8785800601603192E+00  0.6004072017663592E+00  0.2719374054532634E+00 -0.7505323190014895E-01 -0.4076402491644811E+00 -0.6796996908735543E+00 -0.8646938828445047E+00 -0.1002564358022243E+01 -0.1176303026953682E+01 -0.1345048415924130E+01 -0.1322156653889538E+01 -0.1032992675018119E+01 -0.6243739184196682E+00 -0.2612170438955027E+00 -0.2249432382072475E-01  0.5066100953206000E-01 -0.1744773524169048E+00
 -0.3228362359791680E+00  0.4347361028323084E+00  0.9813720725177572E+00  0.1097351715878693E+01  0.9474036783895395E+00  0.6838718703777780E+00  0.3612059189179717E+00  0.1179022472985691E-01 -0.3304830983264958E+00 -0.6169626382695946E+00 -0.8032938969636273E+00 -0.9076572046742293E+00 -0.1047562460377226E+01 -0.1270855774669368E+01 -0.1399856752959829E+01 -0.1251463221451426E+01 -0.8861651099437409E+00 -0.4864852643501246E+00 -0.1679246218942803E+00 -0.9834596021965607E-02 -0.1384208338283835E+00
 -0.1535414162857018E+00  0.3347852924248868E+00  0.8508144609889585E+00  0.1053559349327077E+01  0.9708508613343381E+00  0.7398471071587573E+00  0.4349595721011076E+00  0.9651156166738256E-01 -0.2401437754696640E+00 -0.5287348471423234E+00 -0.7175910646369400E+00 -0.7987451298889400E+00 -0.8876958951601037E+00 -0.1113538100032691E+01 -0.1364149177154399E+01 -0.1388662945443766E+01 -0.1126536344533515E+01 -0.7353398371404887E+00 -0.3539173760714858E+00 -0.9628463040528852E-01 -0.6506348485562025E-01
 -0.1913528281892496E-01  0.2265617759111212E+00  0.6605500449144387E+00  0.9241766531777180E+00  0.9245101375331789E+00  0.7493791577018764E+00  0.4803644030168750E+00  0.1686296614876940E+00 -0.1459811737916070E+00 -0.4194133313482807E+00 -0.6012925147081506E+00 -0.6681667350394156E+00 -0.7097727663889775E+00 -0.8985981221316054E+00 -0.1218565811718585E+01 -0.1417663937000099E+01 -0.1311972693009702E+01 -0.9828092993623335E+00 -0.5737089367133378E+00 -0.2063746068154381E+00  0.4541488373297664E-01
  0.8184947682010091E-01  0.1210552022345047E+00  0.4450150835236150E+00  0.7238101405730517E+00  0.8018580796212276E+00  0.7002041575251758E+00  0.4867908645892948E+00  0.2189792706793383E+00 -0.5737163933670228E-01 -0.2985717960511415E+00 -0.4594601411875235E+00 -0.5146969759507655E+00 -0.5235266690646169E+00 -0.6551515703102495E+00 -0.9821306384013928E+00 -0.1320588376362369E+01 -0.1406741450230743E+01 -0.1196980725997951E+01 -0.8087934939076235E+00 -0.3354988057881758E+00  0.1977029234569038E+00
  0.1443988750980487E+00  0.3196540157868185E-01  0.2402950798340943E+00  0.4781432370486814E+00  0.6007277882880039E+00  0.5753654078724346E+00  0.4366299457752718E+00  0.2339337354760978E+00  0.1440484969166208E-01 -0.1788647591631500E+00 -0.3067273832526312E+00 -0.3497423391314029E+00 -0.3428552485862365E+00 -0.4158001297624456E+00 -0.6905461744367654E+00 -0.1096013321567138E+01 -0.1373087298759762E+01 -0.1336246320158051E+01 -0.1028939372562596E+01 -0.4776352178958213E+00  0.4039662811248677E+00
  0.1329768741875336E+00 -0.1351418264707084E-01  0.9243432624632110E-01  0.2502184816873584E+00  0.3664919978227948E+00  0.3912629823348593E+00  0.3265207344803719E+00  0.2011515225653149E+00  0.5295055173677466E-01 -0.8077616053654299E-01 -0.1687992217509462E+00 -0.1988198975711439E+00 -0.1891876938702673E+00 -0.2153325320137643E+00 -0.3952762491964459E+00 -0.7688413657950720E+00 -0.1182341408457808E+01 -0.1350365102557436E+01 -0.1191968496503382E+01 -0.6263807334506523E+00  0.6871737038485750E+00
  0.3239779477529599E-01 -0.9782487284149564E-02  0.3050332922847297E-02  0.6984734403746667E-01  0.1467497631948564E+00  0.1874488219777527E+00  0.1756598693041586E+00  0.1203125773442177E+00  0.4381080125986520E-01 -0.2845829576896986E-01 -0.7618689811297415E-01 -0.9203054127597561E-01 -0.8394470255428012E-01 -0.8171972236807207E-01 -0.1573028012741244E+00 -0.4022747443485007E+00 -0.8371690839193225E+00 -0.1187456695688967E+01 -0.1234727966967920E+01 -0.7736206380770122E+00  0.1086133947263116E+01
 -0.1642944659281909E+00  0.4312065796483875E-01 -0.3493249203367462E-01 -0.3982414181704447E-01 -0.3552916640415148E-02  0.3126740135515382E-01  0.4468510805901582E-01  0.3475667762729880E-01  0.1037427678697180E-01 -0.1570126398030054E-01 -0.3288436960297525E-01 -0.3631802385655321E-01 -0.2917243343562254E-01 -0.1748657979573118E-01 -0.2363330943273288E-01 -0.9982459207502321E-01 -0.4164664173257763E+00 -0.8308661699353830E+00 -0.1057715894821301E+01 -0.8517388376926384E+00  0.1497500618256614E+01
  0.4188716329144096E+00 -0.2222150635597819E+00 -0.2477735577649361E+00 -0.1808264180630539E+00 -0.1140078511207208E+00 -0.6518375330745031E-01 -0.3494956233141254E-01 -0.2019886302581228E-01 -0.1582418838041178E-01 -0.1563156396924945E-01 -0.1452310214826963E-01 -0.9443966617253632E-02 -0.1925270164493764E-02  0.7673111897276854E-02  0.9815215976399514E-02  0.5287957613803188E-02 -0.1404745458774944E+00 -0.3972331310136248E+00 -0.5713597602741016E+00 -0.5471075961517996E+00  0.1069963028181297E+01
  0.0000000000000000E+00  0.0000000000000000E+00  0.0000000000000000E+00  0.0000000000000000E+00  0.0000000000000000E+00  0.0000000000000000E+00  0.0000000000000000E+00  0.0000000000000000E+00  0.0000000000000000E+00  0.0000000000000000E+00  0.0000000000000000E+00  0.0000000000000000E+00  0.0000000000000000E+00  0.0000000000000000E+00  0.0000000000000000E+00  0.0000000000000000E+00  0.0000000000000000E+00  0.0000000000000000E+00  0.0000000000000000E+00  0.0000000000000000E+00  0.0000000000000000E+00
