  0.0000000000000000E+00  0.0000000000000000E+00  0.0000000000000000E+00  0.0000000000000000E+00  0.0000000000000000E+00  0.0000000000000000E+00  0.0000000000000000E+00  0.0000000000000000E+00  0.0000000000000000E+00  0.0000000000000000E+00  0.0000000000000000E+00  0.0000000000000000E+00  0.0000000000000000E+00  0.0000000000000000E+00  0.0000000000000000E+00  0.0000000000000000E+00  0.0000000000000000E+00  0.0000000000000000E+00  0.0000000000000000E+00  0.0000000000000000E+00  0.0000000000000000E+00
  0.3855735879476921E-01 -0.1603054701301499E-01 -0.9534282244275770E-02  0.9825001881375633E-03 -0.1081275837172964E-01 -0.4080947199347452E-01 -0.7062742005499496E-01 -0.8267894828638832E-01 -0.8139195586999000E-01 -0.7410595499860544E-01 -0.6191325344750386E-01 -0.3110091846614202E-01  0.2795703572412808E-01  0.9602804859029486E-01  0.1363557478639245E+00  0.1345957192781662E+00  0.9903809173640697E-01  0.4416145475877798E-01 -0.9407363545249041E-02 -0.2768777443024041E-01  0.7365595974547219E-01
  0.5539786669381888E-03  0.1778667964950507E-01  0.5391401761545340E-01  0.7222342054193796E-01  0.4225877939348588E-01 -0.2731381682299032E-01 -0.1199113997749923E+00 -0.2107175440828059E+00 -0.2847507056638708E+00 -0.3218711416317012E+00 -0.3077457781629358E+00 -0.2294438164960714E+00 -0.1016212645807220E+00  0.3844019023751541E-01  0.1487184292619703E+00  0.2038252253262266E+00  0.1993510769606230E+00  0.1464447661395902E+00  0.7003805772124264E-01  0.8808704631628304E-02  0.4361194382635773E-01
 -0.1581021655392698E+00  0.1114458591511419E+00  0.1762354119141558E+00  0.1842538297726180E+00  0.1184682410980729E+00  0.3086955536948873E-02 -0.1403562253422129E+00 -0.2829045721880241E+00 -0.4096566589279144E+00 -0.4940805598346352E+00 -0.5171655463041938E+00 -0.4549980905360240E+00 -0.3125035744145766E+00 -0.1246022351477391E+00  0.5839714917054369E-01  0.1973184785308172E+00  0.2683997887628284E+00  0.2621975691416349E+00  0.1934046672229791E+00  0.1017450898925956E+00 -0.1118306024548077E+00
 -0.4085254823504638E+00  0.2496034243136521E+00  0.3402847905904924E+00  0.3210158972347801E+00  0.2128074899930442E+00  0.5011912263113548E-01 -0.1455313763480277E+00 -0.3423790616776783E+00 -0.5251133638629883E+00 -0.6604675063177093E+00 -0.7245142899213834E+00 -0.6847552396906510E+00 -0.5392114290508184E+00 -0.3223472072038240E+00 -0.9125053868536613E-01  0.1118962050005710E+00  0.2581682862324375E+00  0.3202756768861583E+00  0.2930006044645661E+00  0.1940938690213510E+00 -0.2892810025994867E+00
 -0.6729242646961775E+00  0.3984560371061275E+00  0.5224438466222050E+00  0.4713346937655377E+00  0.3265746491445947E+00  0.1269869077404100E+00 -0.1065456347190514E+00 -0.3421107597981438E+00 -0.5685886644839767E+00 -0.7547485265172944E+00 -0.8752517580048126E+00 -0.8853207757399436E+00 -0.7597716348450577E+00 -0.5242735173807423E+00 -0.2546709666377561E+00 -0.9014621366902620E-02  0.1897099349242748E+00  0.3133924983101511E+00  0.3361148400529438E+00  0.2348318227252220E+00 -0.3683806281227222E+00
 -0.8732417903320687E+00  0.5232304287819451E+00  0.6964494960137667E+00  0.6185250162748828E+00  0.4424163329003834E+00  0.2111638025830087E+00 -0.5339759191021469E-01 -0.3183982433248023E+00 -0.5746117361527682E+00 -0.7969781947623333E+00 -0.9687129508915640E+00 -0.1045923788088102E+01 -0.9746437935490251E+00 -0.7428876291707274E+00 -0.4317260217976432E+00 -0.1419388047054322E+00  0.9335817373340842E-01  0.2592965174888834E+00  0.3186244415775399E+00  0.2176518608532131E+00 -0.3343311409820994E+00
 -0.9540739344189743E+00  0.5995368151464202E+00  0.8445365110202864E+00  0.7559986599225779E+00  0.5581845843085704E+00  0.3041907553291575E+00  0.1688253089886922E-01 -0.2698226936693108E+00 -0.5438570689939841E+00 -0.7841632933657687E+00 -0.9873830716588752E+00 -0.1131054551324306E+01 -0.1150580744435747E+01 -0.9762282761834157E+00 -0.6454392962493583E+00 -0.2980872610874555E+00 -0.1986862336437267E-01  0.1744149953530276E+00  0.2563265427559950E+00  0.1724229001459397E+00 -0.2609421576818242E+00
 -0.8946708602691785E+00  0.6172652087276443E+00  0.9571247659137546E+00  0.8806775157989561E+00  0.6707431166423866E+00  0.4001935600721755E+00  0.9273941154174702E-01 -0.2163992908030697E+00 -0.5068872425976040E+00 -0.7530602339750182E+00 -0.9583175696205024E+00 -0.1135444619278791E+01 -0.1247523890092720E+01 -0.1185155560199596E+01 -0.8984083427983931E+00 -0.5085280282638613E+00 -0.1684010686801173E+00  0.6673051519734041E-01  0.1760518596848799E+00  0.1270882721953117E+00 -0.2052129569010552E+00
 -0.7255964408800479E+00  0.5834922072832015E+00  0.1024880180969557E+01  0.9880001520868437E+00  0.7785690179954788E+00  0.4999186415402048E+00  0.1785024619096848E+00 -0.1517405830057575E+00 -0.4624675558632249E+00 -0.7173241961034790E+00 -0.9103925547931525E+00 -0.1080674111632113E+01 -0.1249151430183590E+01 -0.1314939033381560E+01 -0.1141433920985197E+01 -0.7678163184241172E+00 -0.3732984764426845E+00 -0.7425055650473654E-01  0.8792768286633131E-01  0.9091395641823252E-01 -0.1848141863883663E+00
 -0.5181105187147741E+00  0.5179018741164650E+00  0.1035595103634621E+01  0.1066060474008468E+01  0.8748453238042894E+00  0.5975104245407342E+00  0.2706295935096028E+00 -0.7431704609696740E-01 -0.4047123213649921E+00 -0.6750108078104123E+00 -0.8593786115527354E+00 -0.9980950281911548E+00 -0.1172943198950759E+01 -0.1341683078386667E+01 -0.1318568770029640E+01 -0.1029987878680794E+01 -0.6221442335917146E+00 -0.2597053741851481E+00 -0.2164579498641835E-01  0.5108362034800861E-01 -0.1748966560304442E+00
 -0.3206646270743541E+00  0.4323568065206835E+00  0.9764057924876963E+00  0.1092354108246296E+01  0.9430065234241263E+00  0.6803734224340098E+00  0.3592940495866364E+00  0.1199581666332416E-01 -0.3279252754261315E+00 -0.6122911850699464E+00 -0.7974706558747386E+00 -0.9024446660748889E+00 -0.1043941936187238E+01 -0.1267684834778949E+01 -0.1396274027902076E+01 -0.1248121111442396E+01 -0.8834914429841721E+00 -0.4844986274959455E+00 -0.1667321045378717E+00 -0.9267874345289209E-02 -0.1389284815020040E+00
 -0.1525367158619945E+00  0.3328498202916680E+00  0.8460127450130095E+00  0.1048149979011681E+01  0.9659793739351079E+00  0.7359533016833179E+00  0.4326341196631182E+00  0.9626306111755575E-01 -0.2380703906671502E+00 -0.5244530994477672E+00 -0.7118165266352647E+00 -0.7931775605783585E+00 -0.8838933612265737E+00 -0.1110681033712630E+01 -0.1360879303427348E+01 -0.1385294102820148E+01 -0.1123659426801574E+01 -0.7330084838248462E+00 -0.3523737955095071E+00 -0.9557725940321256E-01 -0.6564201729986946E-01
 -0.1908209982704867E-01  0.2252225938177717E+00  0.6565856816262665E+00  0.9189703093283219E+00  0.9195147142173851E+00  0.7453146672184215E+00  0.4778051098065110E+00  0.1680400503417548E+00 -0.1443756604443145E+00 -0.4156845116426071E+00 -0.5960156622529643E+00 -0.6628104068160188E+00 -0.7060744320192474E+00 -0.8961622633219041E+00 -0.1215807631467587E+01 -0.1414504992024928E+01 -0.1309098181762385E+01 -0.9803222754746036E+00 -0.5719052778335546E+00 -0.2055535339739791E+00  0.4475532408838268E-01
  0.8105108354051932E-01  0.1204481065365212E+00  0.4423954031500830E+00  0.7194973828351896E+00  0.7972121715952015E+00  0.6962341387626698E+00  0.4841715750382943E+00  0.2181634396218297E+00 -0.5619204948027471E-01 -0.2954837371719682E+00 -0.4550003026902176E+00 -0.5100965527750507E+00 -0.5203461638869171E+00 -0.6532885908333520E+00 -0.9800070718215343E+00 -0.1317801232455635E+01 -0.1404014539452122E+01 -0.1194504743328124E+01 -0.8068684931137152E+00 -0.3346013006326657E+00  0.1969354087842820E+00
  0.1427339680670074E+00  0.3215557848367662E-01  0.2392007035180373E+00  0.4753794597114667E+00  0.5971087719324180E+00  0.5719175984968574E+00  0.4341620580888916E+00  0.2329723471461231E+00  0.1515069488821194E-01 -0.1765185238920271E+00 -0.3033201659744175E+00 -0.3462982165779849E+00 -0.3405564409730740E+00 -0.4146468596687586E+00 -0.6891213187418016E+00 -0.1093681875569083E+01 -0.1370572865385444E+01 -0.1333882307637545E+01 -0.1027009850030353E+01 -0.4766911085980853E+00  0.4030634757639031E+00
  0.1307526945052482E+00 -0.1273546936214995E-01  0.9254628641879838E-01  0.2491376360297465E+00  0.3644630688376658E+00  0.3889724585078608E+00  0.3246857486730487E+00  0.2003167420976799E+00  0.5335744980717414E-01 -0.7921082914869491E-01 -0.1665604633411421E+00 -0.1966782834639244E+00 -0.1878931977528138E+00 -0.2148876218899170E+00 -0.3945415286577631E+00 -0.7670163308869374E+00 -0.1180059488318020E+01 -0.1348162093993956E+01 -0.1190121994591628E+01 -0.6254077805956053E+00  0.6861013471951880E+00
  0.3113541128358878E-01 -0.9139229077050618E-02  0.3717724052436920E-02  0.6994271666515950E-01  0.1461702480733504E+00  0.1865134921647101E+00  0.1748302105388361E+00  0.1199874610889059E+00  0.4417309233681747E-01 -0.2748428941502814E-01 -0.7493707512256395E-01 -0.9094614701818950E-01 -0.8340253683575655E-01 -0.8173010301296409E-01 -0.1571192438961134E+00 -0.4009817401656573E+00 -0.8351378550983762E+00 -0.1185457576939811E+01 -0.1233063460770179E+01 -0.7726432621695080E+00  0.1084866325738345E+01
 -0.1648269141829198E+00  0.4361031722666318E-01 -0.3399596250293022E-01 -0.3911916213564226E-01 -0.3273589145451997E-02  0.3122053171621216E-01  0.4453966038227777E-01  0.3474175097944751E-01  0.1061260703950763E-01 -0.1522381529760083E-01 -0.3231252568604707E-01 -0.3583647142365254E-01 -0.2894397936230450E-01 -0.1754136517567316E-01 -0.2370698231195968E-01 -0.9902074353218634E-01 -0.4147339818726917E+00 -0.8291784088059221E+00 -0.1056403921611826E+01 -0.8508965348131061E+00  0.1496285682827492E+01
  0.4180631068372810E+00 -0.2217756405286026E+00 -0.2472638147485268E+00 -0.1804405953504650E+00 -0.1137306806188707E+00 -0.6497277799979057E-01 -0.3474904423135077E-01 -0.1994533876191035E-01 -0.1548138651804236E-01 -0.1520709586790966E-01 -0.1407511667030535E-01 -0.9036449218367177E-02 -0.1615544720915750E-02  0.7908740852154308E-02  0.1001553146627158E-01  0.5938867802011990E-02 -0.1392946566744191E+00 -0.3961706183537778E+00 -0.5706299316106940E+00 -0.5466331416473222E+00  0.1069269493331273E+01
  0.0000000000000000E+00  0.0000000000000000E+00  0.0000000000000000E+00  0.0000000000000000E+00  0.0000000000000000E+00  0.0000000000000000E+00  0.0000000000000000E+00  0.0000000000000000E+00  0.0000000000000000E+00  0.0000000000000000E+00  0.0000000000000000E+00  0.0000000000000000E+00  0.0000000000000000E+00  0.0000000000000000E+00  0.0000000000000000E+00  0.0000000000000000E+00  0.0000000000000000E+00  0.0000000000000000E+00  0.0000000000000000E+00  0.0000000000000000E+00  0.0000000000000000E+00
