  0.0000000000000000E+00  0.0000000000000000E+00  0.0000000000000000E+00  0.0000000000000000E+00  0.0000000000000000E+00  0.0000000000000000E+00  0.0000000000000000E+00  0.0000000000000000E+00  0.0000000000000000E+00  0.0000000000000000E+00  0.0000000000000000E+00  0.0000000000000000E+00  0.0000000000000000E+00  0.0000000000000000E+00  0.0000000000000000E+00  0.0000000000000000E+00  0.0000000000000000E+00  0.0000000000000000E+00  0.0000000000000000E+00  0.0000000000000000E+00  0.0000000000000000E+00
  0.3866271948581969E-01 -0.1612398193573654E-01 -0.9709226321389913E-02  0.7509535750378954E-03 -0.1112132537853949E-01 -0.4115890316037886E-01 -0.7091819552677059E-01 -0.8283400210630038E-01 -0.8145009413686477E-01 -0.7413181290879771E-01 -0.6196263911326246E-01 -0.3112227892365778E-01  0.2809745458267654E-01  0.9636901286002215E-01  0.1367479708317229E+00  0.1348816073749674E+00  0.9911957428472361E-01  0.4397941286282695E-01 -0.9842677875456108E-02 -0.2803470635198778E-01  0.7426144118050722E-01
  0.5711360906095891E-03  0.1777773301083061E-01  0.5390433512310143E-01  0.7220963906707434E-01  0.4215329425392805E-01 -0.2755285309841319E-01 -0.1202984472209679E+00 -0.2112262743859333E+00 -0.2853756572961302E+00 -0.3225409388197503E+00 -0.3083633327448071E+00 -0.2298115759847828E+00 -0.1016175045881367E+00  0.3879793882924860E-01  0.1492692358360053E+00  0.2043784786614190E+00  0.1997448986246230E+00  0.1465696651207795E+00  0.6985602508122313E-01  0.8528619906458467E-02  0.4427016536184773E-01
 -0.1583168985314005E+00  0.1115946541519956E+00  0.1764670639245864E+00  0.1845246929205453E+00  0.1186224248197139E+00  0.3056271330695028E-02 -0.1406232345655670E+00 -0.2833917252034562E+00 -0.4103751310066076E+00 -0.4949536654723878E+00 -0.5181218144808710E+00 -0.4558213264621265E+00 -0.3129957365390386E+00 -0.1246611274321534E+00  0.5869745584397311E-01  0.1978260127249835E+00  0.2689378434330704E+00  0.2625875952034805E+00  0.1935058102377278E+00  0.1015770785952060E+00 -0.1112254255478901E+00
 -0.4092469094074939E+00  0.2500434471052131E+00  0.3408834319081454E+00  0.3216311454863821E+00  0.2132219079944720E+00  0.5024027191582220E-01 -0.1457933962327490E+00 -0.3429947994053161E+00 -0.5260797200938696E+00 -0.6616591900352884E+00 -0.7258503472765300E+00 -0.6860111280853457E+00 -0.5401651251675726E+00 -0.3228345794886415E+00 -0.9130135815953749E-01  0.1121706538670759E+00  0.2586397915985185E+00  0.3207636825955018E+00  0.2933000111595236E+00  0.1940337199980747E+00 -0.2888011488347005E+00
 -0.6742907756196803E+00  0.3992625651895155E+00  0.5234969199488662E+00  0.4723493468056790E+00  0.3273241996641483E+00  0.1273734803288125E+00 -0.1066435149774986E+00 -0.3426598222269589E+00 -0.5695895161855465E+00 -0.7560645514217547E+00 -0.8768283073273723E+00 -0.8869666410770497E+00 -0.7612047224087247E+00 -0.5251999881385548E+00 -0.2550724390546361E+00 -0.9036269246644661E-02  0.1899760880565448E+00  0.3138079959846238E+00  0.3364475016219340E+00  0.2347782285263208E+00 -0.3678871839570283E+00
 -0.8752102766417836E+00  0.5243935118334714E+00  0.6979702588586304E+00  0.6199358251719119E+00  0.4434986119363498E+00  0.2117989828555540E+00 -0.5337668449420544E-01 -0.3189530095663454E+00 -0.5757023287199367E+00 -0.7983991110060980E+00 -0.9704052055901536E+00 -0.1047818135938609E+01 -0.9765275053644168E+00 -0.7443196413406628E+00 -0.4324977864156613E+00 -0.1422403992394806E+00  0.9338171410336528E-01  0.2595300941947813E+00  0.3188340164217274E+00  0.2175342728385120E+00 -0.3337688020938087E+00
 -0.9564094021214398E+00  0.6009665873840661E+00  0.8464903600307585E+00  0.7578055656874617E+00  0.5596374147108624E+00  0.3051326318278108E+00  0.1706792139166018E-01 -0.2703950052935546E+00 -0.5451080899027816E+00 -0.7857680852454929E+00 -0.9891570669094677E+00 -0.1133016593085325E+01 -0.1152754234140599E+01 -0.9782065529971108E+00 -0.6467175699102824E+00 -0.2987271246320082E+00 -0.2010963264747160E-01  0.1744095259898105E+00  0.2563376172843483E+00  0.1722438282318678E+00 -0.2603938674112551E+00
 -0.8969818863327129E+00  0.6188137074150606E+00  0.9594592359124688E+00  0.8828840872697489E+00  0.6726050801913159E+00  0.4015016139241507E+00  0.9314267527101193E-01 -0.2169880436995957E+00 -0.5083836278383602E+00 -0.7550235324522381E+00 -0.9603125019209151E+00 -0.1137394096840940E+01 -0.1249714259259723E+01 -0.1187493633677926E+01 -0.9002590136108354E+00 -0.5096491633736058E+00 -0.1689927546227833E+00  0.6647393315957952E-01  0.1759029417420069E+00  0.1268932140804365E+00 -0.2047767004993026E+00
 -0.7273617894913182E+00  0.5849576742138697E+00  0.1027511233150291E+01  0.9905914460221115E+00  0.7808453063824556E+00  0.5016353452526831E+00  0.1792161580973984E+00 -0.1522281677003391E+00 -0.4641286176300734E+00 -0.7197055438727373E+00 -0.9128106301198216E+00 -0.1082734501838517E+01 -0.1251208193025249E+01 -0.1317327672629911E+01 -0.1143673135486481E+01 -0.7694209587425511E+00 -0.3743206772292397E+00 -0.7480804435957306E-01  0.8764079895899482E-01  0.9072266449840705E-01 -0.1845271945362263E+00
 -0.5191325343709703E+00  0.5191668906024587E+00  0.1038368137436406E+01  0.1068973948467899E+01  0.8774832196219723E+00  0.5996025371359101E+00  0.2716955768622036E+00 -0.7456223214594675E-01 -0.4063176068217826E+00 -0.6776200010138571E+00 -0.8622198895717046E+00 -0.1000402711106350E+01 -0.1174873244940444E+01 -0.1343913683965171E+01 -0.1320943759723801E+01 -0.1031924898318709E+01 -0.6235470129946566E+00 -0.2605973679234740E+00 -0.2211276574484224E-01  0.5085166160407401E-01 -0.1746677505570643E+00
 -0.3210269431886150E+00  0.4333643764647347E+00  0.9790661862055892E+00  0.1095415958017300E+01  0.9458632928738321E+00  0.6827088266553382E+00  0.3606453603288896E+00  0.1203506939967650E-01 -0.3292978689786911E+00 -0.6148393646905900E+00 -0.8005006055652975E+00 -0.9049699988051048E+00 -0.1045766616557707E+01 -0.1269634973628668E+01 -0.1398568910491174E+01 -0.1250206333294957E+01 -0.8851483822550414E+00 -0.4857017826364207E+00 -0.1674280823429394E+00 -0.9588346985977166E-02 -0.1386630413850079E+00
 -0.1523851652278201E+00  0.3335467597551287E+00  0.8482551140375660E+00  0.1051099523929634E+01  0.9688808034045233E+00  0.7383822714104123E+00  0.4341487026090122E+00  0.9653628881077890E-01 -0.2391495393244835E+00 -0.5267253847098333E+00 -0.7147182817819449E+00 -0.7957121931725525E+00 -0.8855674549674062E+00 -0.1112280913313444E+01 -0.1362940797295907E+01 -0.1387373932111361E+01 -0.1125423440717729E+01 -0.7344336433678071E+00 -0.3533008916084133E+00 -0.9599453713066734E-01 -0.6531728021641131E-01
 -0.1853165380703470E-01  0.2255536284378991E+00  0.6581292315066626E+00  0.9214525501548972E+00  0.9221884330783587E+00  0.7476428536629313E+00  0.4793418428925302E+00  0.1684671844023868E+00 -0.1451679604963507E+00 -0.4175722815162791E+00 -0.5985310881035992E+00 -0.6650664351907591E+00 -0.7074614022405277E+00 -0.8973461359246429E+00 -0.1217529209224320E+01 -0.1416476594355893E+01 -0.1310868418238570E+01 -0.9818580062387429E+00 -0.5730101074514388E+00 -0.2060522172851979E+00  0.4514654440415500E-01
  0.8196675411372817E-01  0.1203836200011718E+00  0.4431176141172436E+00  0.7212215095227987E+00  0.7993938870099627E+00  0.6982813349080464E+00  0.4856061735843212E+00  0.2186654379210306E+00 -0.5672677711259733E-01 -0.2969410687532302E+00 -0.4569674765856383E+00 -0.5118332736049528E+00 -0.5212938587417344E+00 -0.6539983423401522E+00 -0.9813160055653809E+00 -0.1319587102666735E+01 -0.1405729137216299E+01 -0.1196061936472547E+01 -0.8080733078166000E+00 -0.3351600356241243E+00  0.1974067990557729E+00
  0.1440022566451499E+00  0.3172478207785035E-01  0.2391766028787010E+00  0.4761582424930225E+00  0.5984843553742816E+00  0.5734188585577366E+00  0.4353230080774222E+00  0.2334582399323180E+00  0.1484186774868701E-01 -0.1775256815409542E+00 -0.3046614625712343E+00 -0.3473958247491915E+00 -0.3409966457750352E+00 -0.4148787248598882E+00 -0.6899825799699675E+00 -0.1095227656693836E+01 -0.1372202510740065E+01 -0.1335402150177815E+01 -0.1028244730211607E+01 -0.4772922033804582E+00  0.4036318799297680E+00
  0.1320550590390359E+00 -0.1331878224728971E-01  0.9209871229716679E-01  0.2491480337292336E+00  0.3649600809568145E+00  0.3897160327537970E+00  0.3253431963629563E+00  0.2006042929279004E+00  0.5315440596491364E-01 -0.7983501673563403E-01 -0.1673230133778056E+00 -0.1971972010558435E+00 -0.1879232765919159E+00 -0.2147529675369007E+00 -0.3949742827315945E+00 -0.7682662257886134E+00 -0.1181582216145464E+01 -0.1349608493644120E+01 -0.1191326984779165E+01 -0.6260390297281831E+00  0.6867901044053846E+00
  0.3167319844514849E-01 -0.9497335311600996E-02  0.3181192510345502E-02  0.6954264225014643E-01  0.1460482670577560E+00  0.1866035307085090E+00  0.1749590146782673E+00  0.1199822307162502E+00  0.4395897087770294E-01 -0.2785766695093332E-01 -0.7530397824153698E-01 -0.9112252951851262E-01 -0.8327410720597125E-01 -0.8146685578561776E-01 -0.1572273913926805E+00 -0.4018894176721430E+00 -0.8365126058681641E+00 -0.1186786849633432E+01 -0.1234163972500143E+01 -0.7732864201573505E+00  0.1085695287971909E+01
 -0.1645276560097059E+00  0.4331581803365311E-01 -0.3458020190874658E-01 -0.3966701920636935E-01 -0.3654134719212837E-02  0.3100667662249918E-01  0.4441936413332063E-01  0.3462506801593482E-01  0.1045060113233690E-01 -0.1542324729113055E-01 -0.3248641681937883E-01 -0.3591982882679266E-01 -0.2888697253753590E-01 -0.1739600218388364E-01 -0.2367203118305727E-01 -0.9959678782463688E-01 -0.4159041641905301E+00 -0.8303029823958342E+00 -0.1057275698073212E+01 -0.8514571305400479E+00  0.1497095693546932E+01
  0.4186214095734510E+00 -0.2221016931939617E+00 -0.2476836700084341E+00 -0.1807988941313936E+00 -0.1140213828409222E+00 -0.6521489472412033E-01 -0.3496600101389390E-01 -0.2016220771568004E-01 -0.1570987916031077E-01 -0.1544159720213059E-01 -0.1428994435529619E-01 -0.9213417433140317E-02 -0.1739803052692902E-02  0.7799306773403320E-02  0.9878755392261044E-02  0.5486561572421555E-02 -0.1400881997621771E+00 -0.3968789846096017E+00 -0.5711144932365413E+00 -0.5469504687058663E+00  0.1069736912881057E+01
  0.0000000000000000E+00  0.0000000000000000E+00  0.0000000000000000E+00  0.0000000000000000E+00  0.0000000000000000E+00  0.0000000000000000E+00  0.0000000000000000E+00  0.0000000000000000E+00  0.0000000000000000E+00  0.0000000000000000E+00  0.0000000000000000E+00  0.0000000000000000E+00  0.0000000000000000E+00  0.0000000000000000E+00  0.0000000000000000E+00  0.0000000000000000E+00  0.0000000000000000E+00  0.0000000000000000E+00  0.0000000000000000E+00  0.0000000000000000E+00  0.0000000000000000E+00
