  0.0000000000000000E+00  0.0000000000000000E+00  0.0000000000000000E+00  0.0000000000000000E+00  0.0000000000000000E+00  0.0000000000000000E+00  0.0000000000000000E+00  0.0000000000000000E+00  0.0000000000000000E+00  0.0000000000000000E+00  0.0000000000000000E+00  0.0000000000000000E+00  0.0000000000000000E+00  0.0000000000000000E+00  0.0000000000000000E+00  0.0000000000000000E+00  0.0000000000000000E+00  0.0000000000000000E+00  0.0000000000000000E+00  0.0000000000000000E+00  0.0000000000000000E+00
  0.3781645449032064E-01 -0.1843364731139657E-01 -0.1748448744386906E-01 -0.1291914074687929E-01 -0.2814829988048753E-01 -0.5712647685846670E-01 -0.8254721761304162E-01 -0.9117114229976572E-01 -0.8902585694872474E-01 -0.8152359714195692E-01 -0.6698189244142363E-01 -0.3068629502828668E-01  0.3330087527558210E-01  0.9999332548007593E-01  0.1351185353975921E+00  0.1291275041076184E+00  0.9182444029731926E-01  0.3738921206898262E-01 -0.1389363143158959E-01 -0.2931180805195287E-01  0.7404179272426901E-01
  0.3200615998269672E-02  0.1258613769515021E-01  0.4095902908372030E-01  0.5290957749241369E-01  0.2037495407246603E-01 -0.4752784256976458E-01 -0.1350189144143253E+00 -0.2190422455362946E+00 -0.2852820251933431E+00 -0.3133499602093486E+00 -0.2895983204983555E+00 -0.2042995015820523E+00 -0.7592267675234250E-01  0.5750369774140995E-01  0.1574512668694880E+00  0.2028742547591650E+00  0.1921151256320261E+00  0.1372848732487876E+00  0.6277817770593862E-01  0.5242911318050939E-02  0.4704944375178580E-01
 -0.1462008445787875E+00  0.1007636366966353E+00  0.1560900655111184E+00  0.1586138257565168E+00  0.9144396441453563E-01 -0.2200200524170402E-01 -0.1613665079870996E+00 -0.2985226475180429E+00 -0.4183187219268613E+00 -0.4936128808965732E+00 -0.5060215272557482E+00 -0.4343783491893163E+00 -0.2877764369650126E+00 -0.1028897792325769E+00  0.7224193931666832E-01  0.2015121040646470E+00  0.2639230059754593E+00  0.2525604486418858E+00  0.1833582100800206E+00  0.9506355623190228E-01 -0.1018324586156862E+00
 -0.3911051913966766E+00  0.2360211686376892E+00  0.3169583145163909E+00  0.2949485314078797E+00  0.1874169139734118E+00  0.2736803566779268E-01 -0.1643527649036715E+00 -0.3557780808380517E+00 -0.5309442232012654E+00 -0.6560105423602308E+00 -0.7082132543367117E+00 -0.6584259567653885E+00 -0.5092020496140774E+00 -0.2958568291621320E+00 -0.7234537658946351E-01  0.1215818285256489E+00  0.2582327229235085E+00  0.3127796654372362E+00  0.2825308601870594E+00  0.1864170519596338E+00 -0.2767202956918420E+00
 -0.6581616080805277E+00  0.3858564602619280E+00  0.4994077727052562E+00  0.4465907996741928E+00  0.3020519400778998E+00  0.1034154830613708E+00 -0.1285947912044335E+00 -0.3614845054471260E+00 -0.5833348689674024E+00 -0.7612729836489885E+00 -0.8697641620447846E+00 -0.8665284840908515E+00 -0.7329348101429548E+00 -0.4983841434977373E+00 -0.2352767511776208E+00  0.2659860332997019E-02  0.1928929266693553E+00  0.3085641092680669E+00  0.3270935826022228E+00  0.2289024957948340E+00 -0.3596139047822792E+00
 -0.8685304099072639E+00  0.5152282792429761E+00  0.6771544278216644E+00  0.5977770507218370E+00  0.4222195872230658E+00  0.1921067177127925E+00 -0.7090259884631073E-01 -0.3338334169511621E+00 -0.5874233364376692E+00 -0.8051758840020063E+00 -0.9687577877083754E+00 -0.1033916018237317E+01 -0.9519681184615499E+00 -0.7179753418794131E+00 -0.4127019746491387E+00 -0.1305880266162580E+00  0.9744630942699857E-01  0.2564614513776673E+00  0.3121286172905270E+00  0.2144604536399883E+00 -0.3312527436294377E+00
 -0.9630071912567036E+00  0.5978684364511213E+00  0.8305981180966603E+00  0.7393105558347001E+00  0.5412009704735058E+00  0.2872820270639995E+00  0.5677621936960382E-03 -0.2849303812677786E+00 -0.5578216476451776E+00 -0.7963947138125176E+00 -0.9956364977882178E+00 -0.1130272644042746E+01 -0.1137646554810849E+01 -0.9558686905948879E+00 -0.6272468104571375E+00 -0.2871872658989616E+00 -0.1583166117113722E-01  0.1730796953511703E+00  0.2525097935563394E+00  0.1711176250722740E+00 -0.2608430816604825E+00
 -0.9164542277093725E+00  0.6218952323583469E+00  0.9492314693656682E+00  0.8679423849879042E+00  0.6568856246372780E+00  0.3861709151865532E+00  0.7960429752173383E-01 -0.2278287560919832E+00 -0.5171124621124292E+00 -0.7630199556670051E+00 -0.9682640726108100E+00 -0.1141877939111272E+01 -0.1244918017302701E+01 -0.1173028024609880E+01 -0.8833644915717864E+00 -0.4977234126542819E+00 -0.1639314178954184E+00  0.6650530654883535E-01  0.1739815543904203E+00  0.1264463197071401E+00 -0.2053574047309999E+00
 -0.7528506344251285E+00  0.5921890349447548E+00  0.1023716470409136E+01  0.9795882638423795E+00  0.7677297933307518E+00  0.4881908645106783E+00  0.1668472144886296E+00 -0.1623696662764787E+00 -0.4721413152707437E+00 -0.7269006497905789E+00 -0.9212092977182282E+00 -0.1091326624833687E+01 -0.1254441245016487E+01 -0.1311749345755205E+01 -0.1132587551081194E+01 -0.7589388909739202E+00 -0.3684224446461749E+00 -0.7345338814323205E-01  0.8679232547883739E-01  0.9012363044612277E-01 -0.1835785658595309E+00
 -0.5435692725309675E+00  0.5284978451702126E+00  0.1041924262979670E+01  0.1063312903472732E+01  0.8677064874545998E+00  0.5885866820737298E+00  0.2610808949359035E+00 -0.8354567772398989E-01 -0.4136584320497867E+00 -0.6844759282301980E+00 -0.8708626971943207E+00 -0.1011268554492657E+01 -0.1183303370117074E+01 -0.1345342332540944E+01 -0.1316287749959745E+01 -0.1025055850973961E+01 -0.6182815041543686E+00 -0.2585234793240038E+00 -0.2224686598075091E-01  0.5017575997941931E-01 -0.1727741459190088E+00
 -0.3415141114015057E+00  0.4439267503795298E+00  0.9902661397370836E+00  0.1096896961966302E+01  0.9408902872839328E+00  0.6751394564256183E+00  0.3524815400925306E+00  0.4272033585869044E-02 -0.3367514614898998E+00 -0.6228393772456268E+00 -0.8108431117547577E+00 -0.9183381963043130E+00 -0.1057971625388533E+01 -0.1276004733228264E+01 -0.1399260491867901E+01 -0.1247576697229979E+01 -0.8818988405054309E+00 -0.4839686629411385E+00 -0.1673101061506223E+00 -0.1008892895890135E-01 -0.1370433192739182E+00
 -0.1682955769233913E+00  0.3447794008607896E+00  0.8660426256589776E+00  0.1060875092299256E+01  0.9701727068121313E+00  0.7350294883268411E+00  0.4288070490246813E+00  0.9033065071585729E-01 -0.2463643418529998E+00 -0.5358515272632721E+00 -0.7273272078715600E+00 -0.8121538744194053E+00 -0.9011041626693828E+00 -0.1121856232713935E+01 -0.1367146318888924E+01 -0.1388256692757947E+01 -0.1124587447375537E+01 -0.7337551357439579E+00 -0.3534076762251929E+00 -0.9640447522634728E-01 -0.6419425054615102E-01
 -0.3017574801589373E-01  0.2366126422903828E+00  0.6796621788552546E+00  0.9389813267907474E+00  0.9309280048773109E+00  0.7497310693874718E+00  0.4775125686067027E+00  0.1641354269087419E+00 -0.1519963728452729E+00 -0.4277370301000171E+00 -0.6133182046919132E+00 -0.6844650592411835E+00 -0.7260853630923615E+00 -0.9091054808215413E+00 -0.1223512901666266E+01 -0.1419490741997330E+01 -0.1311902316033433E+01 -0.9822940493782253E+00 -0.5735561774616953E+00 -0.2065051426534442E+00  0.4595925049863725E-01
  0.7411017441679862E-01  0.1300479601057242E+00  0.4642540547339713E+00  0.7435687077996365E+00  0.8149907971335955E+00  0.7062198681002337E+00  0.4877199452460843E+00  0.2164632298006356E+00 -0.6295132683063066E-01 -0.3077345480287701E+00 -0.4731277152262588E+00 -0.5328778330373741E+00 -0.5417761524659176E+00 -0.6669534266380429E+00 -0.9877169450134752E+00 -0.1323348182035579E+01 -0.1407800481313313E+01 -0.1197241244548852E+01 -0.8089640782639743E+00 -0.3356783847355327E+00  0.1980710759426237E+00
  0.1404017233898692E+00  0.3840749210337684E-01  0.2556241996999997E+00  0.4982021835040815E+00  0.6183413679628145E+00  0.5870122963161809E+00  0.4421439061010830E+00  0.2342286570979486E+00  0.1004407111140666E-01 -0.1878931830555672E+00 -0.3205906277654236E+00 -0.3676685301852279E+00 -0.3608559292363874E+00 -0.4275949583431361E+00 -0.6958149519924368E+00 -0.1098650082794973E+01 -0.1374500805012116E+01 -0.1336922434910890E+01 -0.1029297662472947E+01 -0.4778465323219853E+00  0.4042419344930088E+00
  0.1349400856754744E+00 -0.1129724217581805E-01  0.1010483591480202E+00  0.2648921158815090E+00  0.3827397733903208E+00  0.4049167347685393E+00  0.3354878516975497E+00  0.2048283466592777E+00  0.5128107975336116E-01 -0.8768849864030882E-01 -0.1803828690281030E+00 -0.2135159189450158E+00 -0.2039381587032181E+00 -0.2253311923208403E+00 -0.3995577765436909E+00 -0.7708471657439536E+00 -0.1183609184028967E+01 -0.1351145906586978E+01 -0.1192390441069295E+01 -0.6265991144502379E+00  0.6874069022814187E+00
  0.3761003188508764E-01 -0.1058380862202580E-01  0.5858606019010236E-02  0.7746312427334624E-01  0.1571653614300692E+00  0.1976438890870869E+00  0.1833160009300315E+00  0.1241398170206193E+00  0.4332920764479273E-01 -0.3306496571304067E-01 -0.8401223940404424E-01 -0.1015401009082595E+00 -0.9337618048559840E-01 -0.8843716100352743E-01 -0.1601929388903915E+00 -0.4036124677872763E+00 -0.8381993360060632E+00 -0.1188209973972519E+01 -0.1235141560469146E+01 -0.7738259036080491E+00  0.1086336150355001E+01
 -0.1626016325859755E+00  0.4252574012685477E-01 -0.3502441220541123E-01 -0.3730834281044648E-01  0.1118994943107788E-02  0.3658529367388055E-01  0.4913230496331464E-01  0.3729334085236050E-01  0.1055715417615796E-01 -0.1774929399538895E-01 -0.3657284563705750E-01 -0.4074900550573417E-01 -0.3351876010181459E-01 -0.2077522482574684E-01 -0.2511993293589553E-01 -0.1006898912001747E+00 -0.4173867772512846E+00 -0.8315549969686626E+00 -0.1058079028642186E+01 -0.8518987169793119E+00  0.1497617122295750E+01
  0.4190423177835184E+00 -0.2219251806448246E+00 -0.2467332241509552E+00 -0.1793166641954066E+00 -0.1122758142107618E+00 -0.6344023413964933E-01 -0.3351083017122149E-01 -0.1940825471118254E-01 -0.1590451412144303E-01 -0.1659263645923443E-01 -0.1614561918357939E-01 -0.1134665889951310E-01 -0.3740401505447689E-02  0.6222316767910028E-02  0.9085962217380235E-02  0.4729264200621392E-02 -0.1411292521025010E+00 -0.3976874779075836E+00 -0.5715796463777891E+00 -0.5471973941429472E+00  0.1070012536051052E+01
  0.0000000000000000E+00  0.0000000000000000E+00  0.0000000000000000E+00  0.0000000000000000E+00  0.0000000000000000E+00  0.0000000000000000E+00  0.0000000000000000E+00  0.0000000000000000E+00  0.0000000000000000E+00  0.0000000000000000E+00  0.0000000000000000E+00  0.0000000000000000E+00  0.0000000000000000E+00  0.0000000000000000E+00  0.0000000000000000E+00  0.0000000000000000E+00  0.0000000000000000E+00  0.0000000000000000E+00  0.0000000000000000E+00  0.0000000000000000E+00  0.0000000000000000E+00
