  0.0000000000000000E+00  0.0000000000000000E+00  0.0000000000000000E+00  0.0000000000000000E+00  0.0000000000000000E+00  0.0000000000000000E+00  0.0000000000000000E+00  0.0000000000000000E+00  0.0000000000000000E+00  0.0000000000000000E+00  0.0000000000000000E+00  0.0000000000000000E+00  0.0000000000000000E+00  0.0000000000000000E+00  0.0000000000000000E+00  0.0000000000000000E+00  0.0000000000000000E+00  0.0000000000000000E+00  0.0000000000000000E+00  0.0000000000000000E+00  0.0000000000000000E+00
  0.3855265723983387E-01 -0.1602735747050906E-01 -0.9529415171693315E-02  0.9880065802081021E-03 -0.1080477492390971E-01 -0.4079945538383243E-01 -0.7061889517455737E-01 -0.8267555635464610E-01 -0.8139256318149071E-01 -0.7410806109794242E-01 -0.6191420775675475E-01 -0.3110237905259709E-01  0.2794975427126267E-01  0.9601279362318574E-01  0.1363381780605991E+00  0.1345823587242514E+00  0.9903327274881286E-01  0.4416798881306314E-01 -0.9389517539727787E-02 -0.2767311721801856E-01  0.7362983411432790E-01
  0.5546996239093882E-03  0.1778510408090647E-01  0.5391001186662878E-01  0.7221828229787844E-01  0.4225789876288874E-01 -0.2730763636870697E-01 -0.1198969690644863E+00 -0.2106961450427051E+00 -0.2847227989167079E+00 -0.3218401906489536E+00 -0.3077161662792976E+00 -0.2294243876219530E+00 -0.1016178076047532E+00  0.3842772010986358E-01  0.1486962888197938E+00  0.2038013590379082E+00  0.1993327816825581E+00  0.1464375668691866E+00  0.7004463444731002E-01  0.8820501616054719E-02  0.4358312959914586E-01
 -0.1580873392793337E+00  0.1114352496348632E+00  0.1762184096252558E+00  0.1842349233887727E+00  0.1184556091709754E+00  0.3083887348319352E-02 -0.1403474872544724E+00 -0.2828851379330447E+00 -0.4096261939695132E+00 -0.4940427067491147E+00 -0.5171236470199624E+00 -0.4549617119868940E+00 -0.3124813525820531E+00 -0.1245985946092746E+00  0.5838494839643939E-01  0.1972962646513386E+00  0.2683748744203148E+00  0.2621781646736475E+00  0.1933981206969854E+00  0.1017513775056943E+00 -0.1118560118200974E+00
 -0.4084865348917293E+00  0.2495791568639940E+00  0.3402509357002525E+00  0.3209828501942795E+00  0.2127854659495333E+00  0.5011173568282496E-01 -0.1455205685582153E+00 -0.3423517647517955E+00 -0.5250696620716050E+00 -0.6604130589478983E+00 -0.7244532168562855E+00 -0.6846980937564512E+00 -0.5391682846490248E+00 -0.3223246798919848E+00 -0.9124714189369236E-01  0.1118845729742782E+00  0.2581464873609974E+00  0.3202517564898805E+00  0.2929847626375233E+00  0.1940947525263357E+00 -0.2892994949414837E+00
 -0.6728591861111860E+00  0.3984166555802761E+00  0.5223907806296423E+00  0.4712855592307031E+00  0.3265392115354909E+00  0.1269683631402124E+00 -0.1065427197520065E+00 -0.3420882694774076E+00 -0.5685462282544272E+00 -0.7546916123741277E+00 -0.8751829515182671E+00 -0.8852491547531638E+00 -0.7597101278576004E+00 -0.5242340808598424E+00 -0.2546535292617810E+00 -0.9013638437966324E-02  0.1896971811478918E+00  0.3133717014862648E+00  0.3360971813501626E+00  0.2348321496959607E+00 -0.3683992677377194E+00
 -0.8731562118738981E+00  0.5231781464347630E+00  0.6963782274303908E+00  0.6184610593270550E+00  0.4423690686692706E+00  0.2111369097928168E+00 -0.5339803948263211E-01 -0.3183746034573284E+00 -0.5745653210483622E+00 -0.7969169015093208E+00 -0.9686391705919339E+00 -0.1045841581330998E+01 -0.9745639057597068E+00 -0.7428285375872050E+00 -0.4316946911167769E+00 -0.1419268823738298E+00  0.9335560568475838E-01  0.2592836058237775E+00  0.3186121752976864E+00  0.2176553355457516E+00 -0.3343538313395683E+00
 -0.9539798779185235E+00  0.5994764329273924E+00  0.8444494208636538E+00  0.7559200861207659E+00  0.5581236762586487E+00  0.3041521767585558E+00  0.1687502259195765E-01 -0.2698000494398877E+00 -0.5438070973311137E+00 -0.7840980069887443E+00 -0.9873088863168369E+00 -0.1130971061058325E+01 -0.1150489476269000E+01 -0.9761476935495500E+00 -0.6453888352152106E+00 -0.2980628823502499E+00 -0.1986072566735241E-01  0.1744124887614588E+00  0.2563234641097398E+00  0.1724296783004325E+00 -0.2609655707915576E+00
 -0.8945846936398313E+00  0.6172030928276836E+00  0.9570245848432194E+00  0.8805843004788241E+00  0.6706672603815648E+00  0.4001416714243077E+00  0.9272406361678953E-01 -0.2163759040792085E+00 -0.5068285301974348E+00 -0.7529827983698291E+00 -0.9582371572874447E+00 -0.1135363354809728E+01 -0.1247432140272170E+01 -0.1185060227220850E+01 -0.8983352318157584E+00 -0.5084851021570893E+00 -0.1683795215759266E+00  0.6673865259003450E-01  0.1760563432805111E+00  0.1270962253006231E+00 -0.2052323326213581E+00
 -0.7255357818445698E+00  0.5834355317000158E+00  0.1024770813255478E+01  0.9878929954165993E+00  0.7784778524198646E+00  0.4998515419369679E+00  0.1784751320423285E+00 -0.1517217842457552E+00 -0.4624039906279174E+00 -0.7172330216139045E+00 -0.9102989664881079E+00 -0.1080591447052182E+01 -0.1249065990726764E+01 -0.1314841151483741E+01 -0.1141344749964961E+01 -0.7677538813349615E+00 -0.3732596171274558E+00 -0.7423005367438841E-01  0.8793817147928554E-01  0.9092167670594732E-01 -0.1848268586385564E+00
 -0.5180795384029220E+00  0.5178542247717998E+00  0.1035483135912477E+01  0.1065942181316710E+01  0.8747407205875527E+00  0.5974292409301662E+00  0.2705888489356596E+00 -0.7430762497499141E-01 -0.4046513516660717E+00 -0.6749120874131856E+00 -0.8592711359339816E+00 -0.9980059386924002E+00 -0.1172864618682568E+01 -0.1341591226016664E+01 -0.1318473260934972E+01 -0.1029911473300702E+01 -0.6220895661226850E+00 -0.2596710497022800E+00 -0.2162791106593654E-01  0.5109268369342578E-01 -0.1749059621462139E+00
 -0.3206584735181042E+00  0.4323199544926292E+00  0.9763013899597834E+00  0.1092232022191253E+01  0.9428940686721126E+00  0.6802830772710448E+00  0.3592423684602808E+00  0.1199417239247775E-01 -0.3278736564445708E+00 -0.6121956271143523E+00 -0.7973576198969183E+00 -0.9023500238499322E+00 -0.1043869947412488E+01 -0.1267604456666555E+01 -0.1396180784259534E+01 -0.1248037860403181E+01 -0.8834258298186518E+00 -0.4844512837033720E+00 -0.1667048262907016E+00 -0.9255305642196118E-02 -0.1389389093641133E+00
 -0.1525493101973193E+00  0.3328255872261984E+00  0.8459274514812759E+00  0.1048034618294852E+01  0.9658659961034605E+00  0.7358593666199951E+00  0.4325759798452065E+00  0.9625224581391431E-01 -0.2380302409899628E+00 -0.5243684521419775E+00 -0.7117092385501125E+00 -0.7930845386174847E+00 -0.8838296729438595E+00 -0.1110615395530533E+01 -0.1360794661325915E+01 -0.1385210066516141E+01 -0.1123588672206239E+01 -0.7329515399428815E+00 -0.3523368569557842E+00 -0.9556064788170260E-01 -0.6565491331067635E-01
 -0.1910907452853683E-01  0.2252128631634484E+00  0.6565295149618083E+00  0.9188754909586843E+00  0.9194114305678962E+00  0.7452248997071366E+00  0.4777459782492764E+00  0.1680231156762111E+00 -0.1443467316650642E+00 -0.4156148577276972E+00 -0.5959235658841076E+00 -0.6627291344751630E+00 -0.7060237413964681E+00 -0.8961141818413807E+00 -0.1215736216443079E+01 -0.1414424349324606E+01 -0.1309026329884704E+01 -0.9802601772543201E+00 -0.5718607240472882E+00 -0.2055334389542414E+00  0.4473959281543594E-01
  0.8101075843425393E-01  0.1204536834733103E+00  0.4423718088541848E+00  0.7194336732256117E+00  0.7971292667506695E+00  0.6961557201692040E+00  0.4841163506792794E+00  0.2181434427317113E+00 -0.5617320740992455E-01 -0.2954307695816510E+00 -0.4549293142324242E+00 -0.5100354461885109E+00 -0.5203134152719734E+00 -0.6532601439503471E+00 -0.9799521569856107E+00 -0.1317727380729664E+01 -0.1403944170667659E+01 -0.1194441108336771E+01 -0.8068194257827463E+00 -0.3345785712793839E+00  0.1969162880554054E+00
  0.1426808795998851E+00  0.3217490049140262E-01  0.2392055810740929E+00  0.4753531033851788E+00  0.5970583016379459E+00  0.5718612304595565E+00  0.4341178814460991E+00  0.2329531561107505E+00  0.1516090366870517E-01 -0.1764827947288923E+00 -0.3032729527164482E+00 -0.3462611591315252E+00 -0.3405432457602829E+00 -0.4146376883538247E+00 -0.6890845126434979E+00 -0.1093617419177541E+01 -0.1370505468376025E+01 -0.1333819709456022E+01 -0.1026959175550594E+01 -0.4766664802219412E+00  0.4030402651152294E+00
  0.1307005004397797E+00 -0.1271144364563013E-01  0.9256616950288928E-01  0.2491403352755804E+00  0.3644466916634392E+00  0.3889458493521062E+00  0.3246615372761734E+00  0.2003056881678677E+00  0.5336406040286337E-01 -0.7918927836398902E-01 -0.1665346601833330E+00 -0.1966622476874721E+00 -0.1878948998564529E+00 -0.2148927889735880E+00 -0.3945221176150540E+00 -0.7669638954602123E+00 -0.1179996302580823E+01 -0.1348102270051970E+01 -0.1190072303559362E+01 -0.6253817906446533E+00  0.6860730683745977E+00
  0.3111510438125859E-01 -0.9125059364913909E-02  0.3739926286516865E-02  0.6996038406722878E-01  0.1461773213367735E+00  0.1865120309818745E+00  0.1748265659279721E+00  0.1199880643212308E+00  0.4418071853851172E-01 -0.2747148259926043E-01 -0.7492515907481964E-01 -0.9094162713703303E-01 -0.8340900691165415E-01 -0.8174000606909644E-01 -0.1571131042785163E+00 -0.4009434309465807E+00 -0.8350808540586663E+00 -0.1185402584351507E+01 -0.1233017983711586E+01 -0.7726167072482475E+00  0.1084832138033156E+01
 -0.1648393394317074E+00  0.4362233321601602E-01 -0.3397233978365939E-01 -0.3909664094825320E-01 -0.3257449536164619E-02  0.3123007288940564E-01  0.4454523191063600E-01  0.3474669082598318E-01  0.1061875736457414E-01 -0.1521668317734306E-01 -0.3230665686529644E-01 -0.3583407030473063E-01 -0.2894665523605217E-01 -0.1754662650487753E-01 -0.2370710933040861E-01 -0.9899619495547647E-01 -0.4146855392915093E+00 -0.8291319833989561E+00 -0.1056367909874941E+01 -0.8508733510318535E+00  0.1496252143220620E+01
  0.4180397103009134E+00 -0.2217618450216643E+00 -0.2472458247640796E+00 -0.1804250851930948E+00 -0.1137180349093912E+00 -0.6496225812237387E-01 -0.3473973172124242E-01 -0.1993627257975117E-01 -0.1547211987821733E-01 -0.1519780762768278E-01 -0.1406672207037162E-01 -0.9029513051009864E-02 -0.1610539714607663E-02  0.7913485250260215E-02  0.1002168419452413E-01  0.5957928169849721E-02 -0.1392618068612589E+00 -0.3961413999282230E+00 -0.5706099477584141E+00 -0.5466200203613863E+00  0.1069250113325745E+01
  0.0000000000000000E+00  0.0000000000000000E+00  0.0000000000000000E+00  0.0000000000000000E+00  0.0000000000000000E+00  0.0000000000000000E+00  0.0000000000000000E+00  0.0000000000000000E+00  0.0000000000000000E+00  0.0000000000000000E+00  0.0000000000000000E+00  0.0000000000000000E+00  0.0000000000000000E+00  0.0000000000000000E+00  0.0000000000000000E+00  0.0000000000000000E+00  0.0000000000000000E+00  0.0000000000000000E+00  0.0000000000000000E+00  0.0000000000000000E+00  0.0000000000000000E+00
