  0.0000000000000000E+00  0.0000000000000000E+00  0.0000000000000000E+00  0.0000000000000000E+00  0.0000000000000000E+00  0.0000000000000000E+00  0.0000000000000000E+00  0.0000000000000000E+00  0.0000000000000000E+00  0.0000000000000000E+00  0.0000000000000000E+00  0.0000000000000000E+00  0.0000000000000000E+00  0.0000000000000000E+00  0.0000000000000000E+00  0.0000000000000000E+00  0.0000000000000000E+00  0.0000000000000000E+00  0.0000000000000000E+00  0.0000000000000000E+00  0.0000000000000000E+00
  0.3866373258729856E-01 -0.1618427519248410E-01 -0.9889092990153734E-02  0.4492880985827835E-03 -0.1149912023099898E-01 -0.4152933092870687E-01 -0.7120381080008026E-01 -0.8303804670092048E-01 -0.8162367565776668E-01 -0.7430408251772191E-01 -0.6211812537899766E-01 -0.3120310633082128E-01  0.2813114587737989E-01  0.9645213399634081E-01  0.1367892146172907E+00  0.1348509972812358E+00  0.9902598174812348E-01  0.4384145294966969E-01 -0.9992194069161022E-02 -0.2812160322744998E-01  0.7437261561318892E-01
  0.6282741688761403E-03  0.1767681463631069E-01  0.5365871807780821E-01  0.7186144761297505E-01  0.4176854215715238E-01 -0.2791108194005077E-01 -0.1205819418408252E+00 -0.2114169610338223E+00 -0.2854702073861674E+00 -0.3225245123803686E+00 -0.3082176775823884E+00 -0.2295326581813358E+00 -0.1012597765969859E+00  0.3914002846628092E-01  0.1495078524333470E+00  0.2044744743159360E+00  0.1997096618819763E+00  0.1464493867101063E+00  0.6971317547712581E-01  0.8433715329278210E-02  0.4441202948929118E-01
 -0.1581046272816914E+00  0.1114110982429025E+00  0.1761286674470161E+00  0.1841311481672826E+00  0.1182261742597358E+00  0.2686674203721552E-02 -0.1409545704561914E+00 -0.2836803001445570E+00 -0.4106132273662350E+00 -0.4951142437185351E+00 -0.5181837535433488E+00 -0.4557615391940923E+00 -0.3128306506327200E+00 -0.1244392061184970E+00  0.5890388153964617E-01  0.1979491042440625E+00  0.2689425966286614E+00  0.2624879443083574E+00  0.1933589813322055E+00  0.1014508301832757E+00 -0.1109935092176215E+00
 -0.4090170769930497E+00  0.2498596947059177E+00  0.3405620071247034E+00  0.3213272937233763E+00  0.2129518878968188E+00  0.4999388611091094E-01 -0.1460298592292842E+00 -0.3432123873360077E+00 -0.5262564334632998E+00 -0.6617510301151692E+00 -0.7258449639195629E+00 -0.6859101421745724E+00 -0.5400054310520370E+00 -0.3226401890942439E+00 -0.9110493192172495E-01  0.1123143039876985E+00  0.2586808202540677E+00  0.3206929881843540E+00  0.2931622531411023E+00  0.1938958601944637E+00 -0.2885253274422888E+00
 -0.6742560624192540E+00  0.3991793179589472E+00  0.5232818914575876E+00  0.4721721860628161E+00  0.3271588619071840E+00  0.1271781048144388E+00 -0.1069039328437684E+00 -0.3429785605242735E+00 -0.5699398432010553E+00 -0.7563738877170202E+00 -0.8770552273758135E+00 -0.8870866675623222E+00 -0.7612410114993994E+00 -0.5251635091523560E+00 -0.2549783465548575E+00 -0.8939357803805323E-02  0.1900110431920911E+00  0.3137474690561581E+00  0.3363181955270201E+00  0.2346531512000640E+00 -0.3676412580731717E+00
 -0.8755302444253216E+00  0.5244896940660236E+00  0.6979388377727492E+00  0.6199389923040489E+00  0.4435102342860738E+00  0.2117630883756994E+00 -0.5351459702325709E-01 -0.3191970927404901E+00 -0.5760321044262501E+00 -0.7987337150025415E+00 -0.9706959749660283E+00 -0.1048045781299076E+01 -0.9767161276561360E+00 -0.7444555289582796E+00 -0.4325474514591253E+00 -0.1422394757047141E+00  0.9336774159036512E-01  0.2594540519738528E+00  0.3187097940019224E+00  0.2174376934114237E+00 -0.3336032862323485E+00
 -0.9571173588802052E+00  0.6012631574281949E+00  0.8466721134043796E+00  0.7579906623463851E+00  0.5598105784676985E+00  0.3052126680662925E+00  0.1697121882982408E-01 -0.2706847370435411E+00 -0.5455660006506481E+00 -0.7862802385953214E+00 -0.9896258344537312E+00 -0.1133405388537272E+01 -0.1153115034200929E+01 -0.9785474521569718E+00 -0.6469584149356565E+00 -0.2988651098334142E+00 -0.2020549918436512E-01  0.1743054877992561E+00  0.2562230323200457E+00  0.1721743892748196E+00 -0.2603001355044132E+00
 -0.8979736891840885E+00  0.6192778114823906E+00  0.9598597452630834E+00  0.8832509492376662E+00  0.6729527179895035E+00  0.4017404175064825E+00  0.9316161243246818E-01 -0.2172330172662529E+00 -0.5088836854625209E+00 -0.7556551250136879E+00 -0.9609201417464240E+00 -0.1137888580261506E+01 -0.1250170133217376E+01 -0.1187990090157355E+01 -0.9006980353689515E+00 -0.5099515642348408E+00 -0.1691985015543929E+00  0.6632720698073584E-01  0.1757962094276542E+00  0.1268415288342595E+00 -0.2047283770751243E+00
 -0.7283408218641487E+00  0.5854885297485097E+00  0.1028124767381380E+01  0.9911402668515681E+00  0.7813621559894297E+00  0.5020307174481453E+00  0.1793427646599887E+00 -0.1524472649012288E+00 -0.4647021100097745E+00 -0.7205142687834679E+00 -0.9136385965501604E+00 -0.1083383792001074E+01 -0.1251721160761409E+01 -0.1317889465452196E+01 -0.1144254083469363E+01 -0.7698756124333477E+00 -0.3746451073508797E+00 -0.7502167265189298E-01  0.8751821228792084E-01  0.9066698612113064E-01 -0.1844827460754710E+00
 -0.5198880326880109E+00  0.5196851718100699E+00  0.1039167482742199E+01  0.1069707652118737E+01  0.8781564067653855E+00  0.6001454581357979E+00  0.2719524664863415E+00 -0.7468994570648950E-01 -0.4068659373852145E+00 -0.6785142942734715E+00 -0.8632416395443466E+00 -0.1001242215604011E+01 -0.1175450905600193E+01 -0.1344473459603087E+01 -0.1321580660186932E+01 -0.1032486195371697E+01 -0.6239729368793442E+00 -0.2608904940297448E+00 -0.2227692522634939E-01  0.5077326450513597E-01 -0.1745967187417573E+00
 -0.3215213540985692E+00  0.4338339934778396E+00  0.9799806263349496E+00  0.1096313067702465E+01  0.9466670068812322E+00  0.6833663691774243E+00  0.3610154623747908E+00  0.1200542121787876E-01 -0.3297802975860183E+00 -0.6157379663763229E+00 -0.8016374790495496E+00 -0.9059863691533696E+00 -0.1046426822441138E+01 -0.1270162934044036E+01 -0.1399187724630631E+01 -0.1250813121120550E+01 -0.8856431727353582E+00 -0.4860724408584649E+00 -0.1676510684836432E+00 -0.9693437444463290E-02 -0.1385707561502534E+00
 -0.1526486159598348E+00  0.3339402091984744E+00  0.8491720116355883E+00  0.1052100864084966E+01  0.9697826418426837E+00  0.7391140966611914E+00  0.4345939579977091E+00  0.9658923177036821E-01 -0.2395433089586125E+00 -0.5275533854194353E+00 -0.7158548085752209E+00 -0.7968212461667473E+00 -0.8862965003797897E+00 -0.1112764943115700E+01 -0.1363490186883217E+01 -0.1387968086283535E+01 -0.1125941792815342E+01 -0.7348558520898055E+00 -0.3535811715391231E+00 -0.9612268984917005E-01 -0.6521310199161290E-01
 -0.1860543252067293E-01  0.2258394997558859E+00  0.6589130667469849E+00  0.9224442366705738E+00  0.9231290712182759E+00  0.7484107898103407E+00  0.4798296855591510E+00  0.1685812956404844E+00 -0.1454771323270651E+00 -0.4182994919287725E+00 -0.5995778835396670E+00 -0.6661491956096306E+00 -0.7081983996163373E+00 -0.8977719805169155E+00 -0.1217980518521819E+01 -0.1417016059251328E+01 -0.1311372465298528E+01 -0.9822969917413028E+00 -0.5733296386088264E+00 -0.2061975817762171E+00  0.4526310671982503E-01
  0.8206067059671357E-01  0.1205326521487737E+00  0.4436586270430345E+00  0.7220662633348843E+00  0.8002852574352137E+00  0.6990382984421512E+00  0.4861054620843842E+00  0.2188194254993684E+00 -0.5695951169083885E-01 -0.2975511031023421E+00 -0.4578616508680762E+00 -0.5127762579983740E+00 -0.5219483480673166E+00 -0.6543363943394664E+00 -0.9816544234887458E+00 -0.1320047378212109E+01 -0.1406193393849261E+01 -0.1196487951591389E+01 -0.8084066023826647E+00 -0.3353156321986011E+00  0.1975402942131385E+00
  0.1442677476644175E+00  0.3171983894806824E-01  0.2394272645086222E+00  0.4767218620372685E+00  0.5991984716185647E+00  0.5740900278588988E+00  0.4358001750760087E+00  0.2336412046179512E+00  0.1468969950521564E-01 -0.1779973824483319E+00 -0.3053551772813500E+00 -0.3481140235873309E+00 -0.3414855311990448E+00 -0.4150963571606922E+00 -0.6902011728842791E+00 -0.1095601066399717E+01 -0.1372619356083653E+01 -0.1335799811326656E+01 -0.1028572079335439E+01 -0.4774529196294826E+00  0.4037866795530083E+00
  0.1324508749793601E+00 -0.1344796048062205E-01  0.9210699353749398E-01  0.2493877149536670E+00  0.3653768001166263E+00  0.3901754444517007E+00  0.3257074465888047E+00  0.2007682783955352E+00  0.5306986349416540E-01 -0.8015504888950685E-01 -0.1677872911629218E+00 -0.1976534869855395E+00 -0.1882101091758742E+00 -0.2148407066233411E+00 -0.3950758241776316E+00 -0.7685512441643743E+00 -0.1181953623657207E+01 -0.1349973055542308E+01 -0.1191635378628817E+01 -0.6262023089114855E+00  0.6869715481056395E+00
  0.3191601718195057E-01 -0.9614465048907925E-02  0.3072622035226796E-02  0.6955075925062812E-01  0.1461863004358148E+00  0.1868058306607623E+00  0.1751344879810941E+00  0.1200525019630891E+00  0.4388731432459951E-01 -0.2805752136107873E-01 -0.7556628761847275E-01 -0.9135739748598075E-01 -0.8339967421953982E-01 -0.8146516398934843E-01 -0.1572363108775903E+00 -0.4020869534238569E+00 -0.8368414735889127E+00 -0.1187115406296159E+01 -0.1234439438638941E+01 -0.7734488536947232E+00  0.1085907122445229E+01
 -0.1644387807310188E+00  0.4323169066040738E-01 -0.3474370874979662E-01 -0.3978353544293975E-01 -0.3689273954277914E-02  0.3103163899366378E-01  0.4445927209643147E-01  0.3463498698404501E-01  0.1040638160524211E-01 -0.1551866841301561E-01 -0.3260416368043006E-01 -0.3602150785907247E-01 -0.2893776845699033E-01 -0.1738295058208476E-01 -0.2364268153426571E-01 -0.9971604943864064E-01 -0.4161853271457956E+00 -0.8305806619719843E+00 -0.1057492286516610E+01 -0.8515961424594667E+00  0.1497296140861790E+01
  0.4187500759894432E+00 -0.2221690855974414E+00 -0.2477571808028812E+00 -0.1808504145713144E+00 -0.1140555755950731E+00 -0.6523957391016151E-01 -0.3499140595374289E-01 -0.2020037652527197E-01 -0.1576786345459052E-01 -0.1551774215347423E-01 -0.1437261658073175E-01 -0.9288874495162476E-02 -0.1795858477667720E-02  0.7761256785787708E-02  0.9852402518244104E-02  0.5385915479840135E-02 -0.1402800292919401E+00 -0.3970538707340704E+00 -0.5712352185976274E+00 -0.5470286062013627E+00  0.1069850600006461E+01
  0.0000000000000000E+00  0.0000000000000000E+00  0.0000000000000000E+00  0.0000000000000000E+00  0.0000000000000000E+00  0.0000000000000000E+00  0.0000000000000000E+00  0.0000000000000000E+00  0.0000000000000000E+00  0.0000000000000000E+00  0.0000000000000000E+00  0.0000000000000000E+00  0.0000000000000000E+00  0.0000000000000000E+00  0.0000000000000000E+00  0.0000000000000000E+00  0.0000000000000000E+00  0.0000000000000000E+00  0.0000000000000000E+00  0.0000000000000000E+00  0.0000000000000000E+00
