  0.0000000000000000E+00  0.0000000000000000E+00  0.0000000000000000E+00  0.0000000000000000E+00  0.0000000000000000E+00  0.0000000000000000E+00  0.0000000000000000E+00  0.0000000000000000E+00  0.0000000000000000E+00  0.0000000000000000E+00  0.0000000000000000E+00  0.0000000000000000E+00  0.0000000000000000E+00  0.0000000000000000E+00  0.0000000000000000E+00  0.0000000000000000E+00  0.0000000000000000E+00  0.0000000000000000E+00  0.0000000000000000E+00  0.0000000000000000E+00  0.0000000000000000E+00
  0.3174178398605455E-01 -0.2666611838171522E-01 -0.4825657115909110E-01 -0.6460739870384972E-01 -0.7891966285823583E-01 -0.9422048434204112E-01 -0.1087774648140143E+00 -0.1190419461161693E+00 -0.1211840915032463E+00 -0.1130038660860528E+00 -0.9441949606044558E-01 -0.6754727108386656E-01 -0.3704702615018911E-01 -0.9571331462429831E-02  0.9063364600786699E-02  0.1649150523982249E-01  0.1483290472945507E-01  0.8095475991628657E-02  0.2402511131976732E-02 -0.2232146622924184E-02  0.9098951000749285E-02
  0.3866669653502383E-01 -0.3039508065813628E-01 -0.5251854543938500E-01 -0.7451960895998801E-01 -0.9908987534306650E-01 -0.1289822964161959E+00 -0.1606690359318925E+00 -0.1868959894998196E+00 -0.1982866849528986E+00 -0.1879878954033150E+00 -0.1551365447118503E+00 -0.1055897443055141E+00 -0.4983836089553593E-01  0.5623209249337598E-03  0.3698511668438171E-01  0.5584943554870303E-01  0.5946054043774909E-01  0.5307944486423014E-01  0.4408492890322813E-01  0.2697860384559080E-01 -0.3685088263354427E-01
  0.3711113355684517E-01 -0.3210828347857564E-01 -0.5921371687888174E-01 -0.9179608230951891E-01 -0.1325123291613872E+00 -0.1839575577478651E+00 -0.2399455013303559E+00 -0.2884135259888962E+00 -0.3140192597230529E+00 -0.3060220412638264E+00 -0.2628426073258152E+00 -0.1921218435582275E+00 -0.1077104089721543E+00 -0.2553054290350706E-01  0.4110138574333196E-01  0.8450114618045233E-01  0.1046491498456111E+00  0.1069576900298846E+00  0.1001072169509199E+00  0.7395679735970090E-01 -0.1217631751281828E+00
  0.1487612664785230E-01 -0.2172662536915527E-01 -0.5030374945961351E-01 -0.9197850159511382E-01 -0.1485719346468485E+00 -0.2225965578251734E+00 -0.3047281207973364E+00 -0.3773805418775380E+00 -0.4190144889375477E+00 -0.4157628406982755E+00 -0.3657047474789588E+00 -0.2778455823329197E+00 -0.1686952308541858E+00 -0.5763250919037173E-01  0.3810573446101329E-01  0.1068563691711986E+00  0.1456081931556392E+00  0.1592032415055638E+00  0.1566518961263496E+00  0.1213519876227491E+00 -0.2074040667418977E+00
 -0.3255704143413052E-01  0.2787203259520604E-02 -0.2419543165556871E-01 -0.7280245897939916E-01 -0.1432958940756895E+00 -0.2385369373370455E+00 -0.3465985976975106E+00 -0.4457022206205749E+00 -0.5096144093220710E+00 -0.5216257354800156E+00 -0.4769414194570383E+00 -0.3825577675007768E+00 -0.2557543621291843E+00 -0.1188141170263112E+00  0.7008031923800430E-02  0.1052800007161939E+00  0.1682471142584374E+00  0.1982885169691216E+00  0.2025970646938435E+00  0.1564445189659826E+00 -0.2667364922041042E+00
 -0.1130361463727663E+00  0.4624200767685625E-01  0.2568987665780246E-01 -0.2303527342096200E-01 -0.9865117633324597E-01 -0.2064073056932587E+00 -0.3361500995231727E+00 -0.4659446151265431E+00 -0.5651003834037664E+00 -0.6108275613485417E+00 -0.5904699630647279E+00 -0.5055474751395591E+00 -0.3729201579764307E+00 -0.2175951628265002E+00 -0.6471888372344700E-01  0.6482753951301200E-01  0.1578783990998312E+00  0.2116799209822008E+00  0.2272092059831120E+00  0.1705895661087375E+00 -0.2845594923431004E+00
 -0.2280231440196244E+00  0.1100095741417975E+00  0.1020055784057681E+00  0.6321712574021994E-01 -0.5746151356216396E-02 -0.1182896052487505E+00 -0.2722310520587132E+00 -0.4446844237830174E+00 -0.5955699009565231E+00 -0.6931750603327637E+00 -0.7151157888543902E+00 -0.6554998034547955E+00 -0.5284031864242129E+00 -0.3608143713961654E+00 -0.1832561531586803E+00 -0.2193177349591488E-01  0.1052828993901829E+00  0.1894101261563719E+00  0.2214552416976681E+00  0.1604179258230784E+00 -0.2597985357715671E+00
 -0.3663509536520399E+00  0.1890850351602865E+00  0.2009041518288198E+00  0.1818120691554780E+00  0.1285489297199022E+00  0.1423436461747950E-01 -0.1668147906097212E+00 -0.3848765882378908E+00 -0.5912950093965410E+00 -0.7504079913878742E+00 -0.8319471800367723E+00 -0.8194364981725436E+00 -0.7166248708373688E+00 -0.5469083951962024E+00 -0.3468604417388187E+00 -0.1525012125951109E+00  0.1107583453081843E-01  0.1286259350986434E+00  0.1820083601753454E+00  0.1297915454919084E+00 -0.2073662763003796E+00
 -0.5008259491245095E+00  0.2700128141703005E+00  0.3092124933863921E+00  0.3148847289623160E+00  0.2808383745144610E+00  0.1673396205593115E+00 -0.3475252030269679E-01 -0.2880663219669110E+00 -0.5419394604446265E+00 -0.7614638880743337E+00 -0.9133584623028345E+00 -0.9718492674688380E+00 -0.9232432640600471E+00 -0.7749546288645330E+00 -0.5609590660430445E+00 -0.3301571546660250E+00 -0.1242160716903449E+00  0.3129653831531044E-01  0.1135170006904141E+00  0.8837126351518623E-01 -0.1515967898551446E+00
 -0.5953379514814179E+00  0.3343376804829440E+00  0.4076750899674141E+00  0.4374300235924388E+00  0.4223405821554749E+00  0.3152115198866900E+00  0.1054488361515184E+00 -0.1649686226511653E+00 -0.4458846435194793E+00 -0.7054807451270696E+00 -0.9174987587476083E+00 -0.1058128087750866E+01 -0.1099315559804443E+01 -0.1019310238002695E+01 -0.8266614975754110E+00 -0.5701955018680311E+00 -0.3139647696314158E+00 -0.1054102284431102E+00  0.2379010717525008E-01  0.4558033285370250E-01 -0.1129508913858574E+00
 -0.6217920352672304E+00  0.3663978430479685E+00  0.4774014938766753E+00  0.5261481718429806E+00  0.5270754265498764E+00  0.4326284070191490E+00  0.2294021485147995E+00 -0.3985981088984073E-01 -0.3239382750662154E+00 -0.5917612347602355E+00 -0.8282395185498369E+00 -0.1026766625960626E+01 -0.1166175665969852E+01 -0.1201751320414936E+01 -0.1095167320516079E+01 -0.8613949093235606E+00 -0.5704644680597383E+00 -0.2970527927019728E+00 -0.9410743661446008E-01 -0.1697971001138332E-02 -0.8901352361104509E-01
 -0.5775033299890114E+00  0.3612691741407497E+00  0.5063041924332375E+00  0.5668975565204655E+00  0.5788534508077881E+00  0.5018299716413327E+00  0.3172759724955750E+00  0.6278644579352639E-01 -0.2093845265449066E+00 -0.4633363157300430E+00 -0.6866963052711138E+00 -0.8917309753031858E+00 -0.1088024604419596E+01 -0.1241509286173377E+01 -0.1275316653476082E+01 -0.1138595035056634E+01 -0.8676382813016640E+00 -0.5501858317305711E+00 -0.2614508801690694E+00 -0.7213264520299564E-01 -0.4505294456008244E-01
 -0.4840157909576470E+00  0.3245952824528004E+00  0.4897700564007544E+00  0.5547402433007874E+00  0.5719169582456246E+00  0.5149678172387087E+00  0.3608980497122569E+00  0.1353630009049261E+00 -0.1136251039553581E+00 -0.3457919003106132E+00 -0.5419591890059596E+00 -0.7161937009984523E+00 -0.9066989430598207E+00 -0.1124869996808903E+01 -0.1300885471118472E+01 -0.1320998322199791E+01 -0.1144864778978282E+01 -0.8399506863834970E+00 -0.4862880089643002E+00 -0.1773542317041369E+00  0.4577468614811059E-01
 -0.3738364345827870E+00  0.2698446794380723E+00  0.4356976037314300E+00  0.4985425472693555E+00  0.5148463340181874E+00  0.4750238736861636E+00  0.3578420739074022E+00  0.1752572988304697E+00 -0.3580505773128395E-01 -0.2379531308008187E+00 -0.4073169433882282E+00 -0.5455270727112659E+00 -0.6906808682832456E+00 -0.8989383288297282E+00 -0.1160801789077236E+01 -0.1349542948488673E+01 -0.1331379284004185E+01 -0.1109771828189641E+01 -0.7440986133410308E+00 -0.3107768539827703E+00  0.1882319486072801E+00
 -0.2653519776464906E+00  0.2044292438975948E+00  0.3479357540462939E+00  0.4024907420472389E+00  0.4154008345722439E+00  0.3886455598573919E+00  0.3079182117227180E+00  0.1758159083286051E+00  0.1536717620560476E-01 -0.1449905179128672E+00 -0.2839303407217116E+00 -0.3938936120072991E+00 -0.4909773367074251E+00 -0.6359994291483271E+00 -0.8939828437017368E+00 -0.1204262152443178E+01 -0.1374236775322066E+01 -0.1299802901496480E+01 -0.9911349544156228E+00 -0.4604466537169037E+00  0.3902050067350883E+00
 -0.1848056884663886E+00  0.1469139904134548E+00  0.2559362827739758E+00  0.2965820466510415E+00  0.3037119628846898E+00  0.2840718698896334E+00  0.2306835321304938E+00  0.1429285140339392E+00  0.3290974231598950E-01 -0.8120945776681446E-01 -0.1837216415238550E+00 -0.2661976659194787E+00 -0.3284556226982795E+00 -0.4013337658770509E+00 -0.5746919125872557E+00 -0.9022685031761223E+00 -0.1235089325263719E+01 -0.1354313360694189E+01 -0.1178524796044261E+01 -0.6170341898010276E+00  0.6725777733588223E+00
 -0.9715170248069077E-01  0.7584074398918994E-01  0.1303705294868790E+00  0.1559819915747862E+00  0.1655681777413165E+00  0.1591152078708209E+00  0.1318404709112117E+00  0.8254116162790116E-01  0.1730765558802439E-01 -0.5308353118952663E-01 -0.1175700523794191E+00 -0.1687913920679065E+00 -0.2032139433294733E+00 -0.2272137676456335E+00 -0.2938755911960633E+00 -0.5206652013212199E+00 -0.9111895134177659E+00 -0.1216255502978865E+01 -0.1238645291579898E+01 -0.7708580398432936E+00  0.1073928827949983E+01
 -0.1922374249729555E+00  0.8689694210837715E-01  0.6845340135217591E-01  0.5703937503408126E-01  0.5684650687962543E-01  0.5506038657103952E-01  0.4405325767747546E-01  0.2152536184485354E-01 -0.9768174091555082E-02 -0.4404573174212418E-01 -0.7451183424311189E-01 -0.9645421651889129E-01 -0.1073552877032020E+00 -0.1087263650085484E+00 -0.1111067071426503E+00 -0.1886253909415586E+00 -0.4895412230351877E+00 -0.8682179123957648E+00 -0.1069477959189622E+01 -0.8540756598335820E+00  0.1492749020311124E+01
  0.3930938958002005E+00 -0.2111650553546403E+00 -0.2404012702637205E+00 -0.1831068079927677E+00 -0.1235426338660368E+00 -0.7947808204030311E-01 -0.5200824101744566E-01 -0.3874661893007540E-01 -0.3597876864723065E-01 -0.3942197193106295E-01 -0.4427921378630480E-01 -0.4711307744092073E-01 -0.4563829665263728E-01 -0.4082507170947335E-01 -0.3639810224925382E-01 -0.4836644498532151E-01 -0.1901859719349618E+00 -0.4247395310355561E+00 -0.5800030373696733E+00 -0.5502399515565092E+00  0.1070716817299854E+01
  0.0000000000000000E+00  0.0000000000000000E+00  0.0000000000000000E+00  0.0000000000000000E+00  0.0000000000000000E+00  0.0000000000000000E+00  0.0000000000000000E+00  0.0000000000000000E+00  0.0000000000000000E+00  0.0000000000000000E+00  0.0000000000000000E+00  0.0000000000000000E+00  0.0000000000000000E+00  0.0000000000000000E+00  0.0000000000000000E+00  0.0000000000000000E+00  0.0000000000000000E+00  0.0000000000000000E+00  0.0000000000000000E+00  0.0000000000000000E+00  0.0000000000000000E+00
