  0.0000000000000000E+00  0.0000000000000000E+00  0.0000000000000000E+00  0.0000000000000000E+00  0.0000000000000000E+00  0.0000000000000000E+00  0.0000000000000000E+00  0.0000000000000000E+00  0.0000000000000000E+00  0.0000000000000000E+00  0.0000000000000000E+00  0.0000000000000000E+00  0.0000000000000000E+00  0.0000000000000000E+00  0.0000000000000000E+00  0.0000000000000000E+00  0.0000000000000000E+00  0.0000000000000000E+00  0.0000000000000000E+00  0.0000000000000000E+00  0.0000000000000000E+00
  0.3852034019605143E-01 -0.1600546493690606E-01 -0.9496054614666757E-02  0.1025678182833343E-02 -0.1075016719221154E-01 -0.4073088610239835E-01 -0.7056047032018166E-01 -0.8265226279891670E-01 -0.8139667908454142E-01 -0.7412244664504591E-01 -0.6192065250425147E-01 -0.3111221830565331E-01  0.2790003323327418E-01  0.9590829718375148E-01  0.1362176520378448E+00  0.1344906031459629E+00  0.9900008010201834E-01  0.4421268360463944E-01 -0.9267208331908999E-02 -0.2757261402471987E-01  0.7345063374225061E-01
  0.5595044669986365E-03  0.1777432334548118E-01  0.5388247450344218E-01  0.7218284236488316E-01  0.4225156259236865E-01 -0.2726556684522704E-01 -0.1197982623111259E+00 -0.2105495448070846E+00 -0.2845314344493817E+00 -0.3216277742354688E+00 -0.3075127432955923E+00 -0.2292906552853755E+00 -0.1015936121743584E+00  0.3834252687466375E-01  0.1485445440745151E+00  0.2036375869234270E+00  0.1992071220396991E+00  0.1463880011869572E+00  0.7008959347187114E-01  0.8901333255233707E-02  0.4338559370617003E-01
 -0.1579857659158473E+00  0.1113624645090409E+00  0.1761016276112753E+00  0.1841049077683889E+00  0.1183685344184983E+00  0.3062404141401373E-02 -0.1402879275594332E+00 -0.2827520988993903E+00 -0.4094173372361533E+00 -0.4937829519576339E+00 -0.5168358744865227E+00 -0.4547115564579857E+00 -0.3123281992273854E+00 -0.1245730027207815E+00  0.5830163420947161E-01  0.1971440078206731E+00  0.2682038976311142E+00  0.2620448793732592E+00  0.1933530166279957E+00  0.1017943582113844E+00 -0.1120300580061575E+00
 -0.4082193912720878E+00  0.2494126069536471E+00  0.3400184295888534E+00  0.3207556976060195E+00  0.2126338315755950E+00  0.5006049641826169E-01 -0.1454469532808499E+00 -0.3421649383576752E+00 -0.5247701480397550E+00 -0.6600395850622075E+00 -0.7240339673748462E+00 -0.6843054319569237E+00 -0.5388714664738411E+00 -0.3221693419516798E+00 -0.9122327745864672E-01  0.1118050692892321E+00  0.2579970080548888E+00  0.3200875608525464E+00  0.2928759121767325E+00  0.1941006611609642E+00 -0.2894260713061602E+00
 -0.6724126299701598E+00  0.3981463372159894E+00  0.5220263816778083E+00  0.4709479672427654E+00  0.3262955159618349E+00  0.1268405634756176E+00 -0.1065232612630997E+00 -0.3419344378262839E+00 -0.5682554489455358E+00 -0.7543013102919784E+00 -0.8747107545312760E+00 -0.8847572267652604E+00 -0.7592872380593025E+00 -0.5239625578419586E+00 -0.2545331884525179E+00 -0.9006489019230587E-02  0.1896098585164587E+00  0.3132290224591248E+00  0.3359759268190919E+00  0.2348342979377581E+00 -0.3685269669941824E+00
 -0.8725688788793482E+00  0.5228192473003183E+00  0.6958888630216067E+00  0.6180217171480794E+00  0.4420441920376326E+00  0.2109518024570135E+00 -0.5340168081609473E-01 -0.3182129132137079E+00 -0.5742472931744375E+00 -0.7964966643643092E+00 -0.9681330360673015E+00 -0.1045277222629331E+01 -0.9740149607483024E+00 -0.7424220154036631E+00 -0.4314788344677785E+00 -0.1418445690583126E+00  0.9333823883114516E-01  0.2591950993146558E+00  0.3185279857532803E+00  0.2176791437674509E+00 -0.3345094455490722E+00
 -0.9533342685243099E+00  0.5990619039581048E+00  0.8438514433500045E+00  0.7553804229352877E+00  0.5577051765454882E+00  0.3038869050503585E+00  0.1682297485926542E-01 -0.2696451200747535E+00 -0.5434645828919226E+00 -0.7836503368716465E+00 -0.9868000683917401E+00 -0.1130398142336920E+01 -0.1149862684497776E+01 -0.9755937181903740E+00 -0.6450415063885536E+00 -0.2978949226533857E+00 -0.1980620168540913E-01  0.1743954260496441E+00  0.2563023584746729E+00  0.1724761819186571E+00 -0.2611261872812984E+00
 -0.8939931769672373E+00  0.6167766405770776E+00  0.9563367447639954E+00  0.8799441524577629E+00  0.6701461779427584E+00  0.3997850577235366E+00  0.9261821722491913E-01 -0.2162158459962185E+00 -0.5064259437216447E+00 -0.7524516413003658E+00 -0.9576855640496296E+00 -0.1134805865944239E+01 -0.1246802373986983E+01 -0.1184405270627718E+01 -0.8978324050669294E+00 -0.5081896566885676E+00 -0.1682311965477939E+00  0.6679468868050206E-01  0.1760871529269587E+00  0.1271507919888135E+00 -0.2053652230394819E+00
 -0.7251192942387348E+00  0.5830464024705627E+00  0.1024019913172953E+01  0.9871571675790157E+00  0.7778517036210438E+00  0.4993905342079789E+00  0.1782870579240110E+00 -0.1515931796639686E+00 -0.4619680014520628E+00 -0.7166074112731117E+00 -0.9096567711477199E+00 -0.1080024318310077E+01 -0.1248479778301853E+01 -0.1314169076264040E+01 -0.1140731867221088E+01 -0.7673244292704727E+00 -0.3729923358299614E+00 -0.7408906470694873E-01  0.8801022900098002E-01  0.9097464751684130E-01 -0.1849137135495439E+00
 -0.5178667561893306E+00  0.5175270478896129E+00  0.1034714387479508E+01  0.1065129928165403E+01  0.8740223538218324E+00  0.5968715750120258E+00  0.2703087076434492E+00 -0.7424337586191718E-01 -0.4042331271517660E+00 -0.6742345595281805E+00 -0.8585334145750614E+00 -0.9973945248396897E+00 -0.1172325542407552E+01 -0.1340960878854484E+01 -0.1317817200465828E+01 -0.1029386216004243E+01 -0.6217137191976598E+00 -0.2594351173667376E+00 -0.2150504447040892E-01  0.5115489440641803E-01 -0.1749697276896630E+00
 -0.3206161355496538E+00  0.4320669012338217E+00  0.9755845681518113E+00  0.1091393736958363E+01  0.9421218205171585E+00  0.6796625415468702E+00  0.3588871812034935E+00  0.1198248405560863E-01 -0.3275195916797369E+00 -0.6115397399647439E+00 -0.7965815696298006E+00 -0.9017002498222126E+00 -0.1043375989892307E+01 -0.1267053072860048E+01 -0.1395540636634566E+01 -0.1247465813409120E+01 -0.8829748793458417E+00 -0.4841259603007297E+00 -0.1665174381831363E+00 -0.9169005084020205E-02 -0.1390104229310757E+00
 -0.1526357060661330E+00  0.3326591691122430E+00  0.8453418012705961E+00  0.1047242506471809E+01  0.9650874365366954E+00  0.7352142256879336E+00  0.4321765073610425E+00  0.9617764345861030E-01 -0.2377548817360468E+00 -0.5237874366967110E+00 -0.7109725636211550E+00 -0.7924456810007110E+00 -0.8833924645586629E+00 -0.1110165224828631E+01 -0.1360213866382322E+01 -0.1384632904702086E+01 -0.1123102536375292E+01 -0.7325603480502674E+00 -0.3520831457692359E+00 -0.9544657859484446E-01 -0.6574340998470257E-01
 -0.1929421285350630E-01  0.2251460081835011E+00  0.6561438116969969E+00  0.9182243933933443E+00  0.9187021705516278E+00  0.7446083896879452E+00  0.4773397456301736E+00  0.1679065602518307E+00 -0.1441483564839293E+00 -0.4151367423296995E+00 -0.5952911485584748E+00 -0.6621708143492339E+00 -0.7056755267392698E+00 -0.8957844262947596E+00 -0.1215246410855790E+01 -0.1413870771269978E+01 -0.1308532822547442E+01 -0.9798336785074717E+00 -0.5715547560721973E+00 -0.2053954552012350E+00  0.4463160953150780E-01
  0.8073399386307556E-01  0.1204919100388594E+00  0.4422097239796536E+00  0.7189961502146729E+00  0.7965599335195229E+00  0.6956171595375993E+00  0.4837369985933707E+00  0.2180059298735862E+00 -0.5604402044322915E-01 -0.2950671688963545E+00 -0.4544417885719437E+00 -0.5096155209329638E+00 -0.5200882121774734E+00 -0.6530650102548279E+00 -0.9795756801796492E+00 -0.1317220663703287E+01 -0.1403461027790939E+01 -0.1194004159667191E+01 -0.8064825184667991E+00 -0.3344225143856623E+00  0.1967850246901878E+00
  0.1423166002166817E+00  0.3230745950760757E-01  0.2392389787395044E+00  0.4751720172078163E+00  0.5967116320633264E+00  0.5714740593433114E+00  0.4338144100967742E+00  0.2328212333839249E+00  0.1523088096230747E-01 -0.1762374971368498E+00 -0.3029486369085164E+00 -0.3460063493264344E+00 -0.3404522248881792E+00 -0.4145747297072993E+00 -0.6888322994494748E+00 -0.1093175353618649E+01 -0.1370042900422504E+01 -0.1333389978468228E+01 -0.1026611291883121E+01 -0.4764974041624820E+00  0.4028809206043251E+00
  0.1303424280886745E+00 -0.1254659264849173E-01  0.9270265014319932E-01  0.2491587919834566E+00  0.3643341272302731E+00  0.3887630078086755E+00  0.3244951552826907E+00  0.2002296571235726E+00  0.5340936204571323E-01 -0.7904130376080017E-01 -0.1663573414189174E+00 -0.1965518238306655E+00 -0.1879062063539452E+00 -0.2149281810971454E+00 -0.3943892058255132E+00 -0.7666043973480247E+00 -0.1179562778076286E+01 -0.1347691667627662E+01 -0.1189731220596206E+01 -0.6252033850580400E+00  0.6858789345779137E+00
  0.3097574128908871E-01 -0.9027801130457386E-02  0.3892337897716545E-02  0.7008163720047793E-01  0.1462258084628062E+00  0.1865018997228335E+00  0.1748014382352660E+00  0.1199921156316971E+00  0.4423303432912271E-01 -0.2738351833925796E-01 -0.7484320847631272E-01 -0.9091037069151688E-01 -0.8345317656310754E-01 -0.8180790597888526E-01 -0.1570711695914226E+00 -0.4006808561303917E+00 -0.8346898536112359E+00 -0.1185025203337769E+01 -0.1232705858986880E+01 -0.7724344362727069E+00  0.1084597449831240E+01
 -0.1649246701730696E+00  0.4370483400071332E-01 -0.3381016817092966E-01 -0.3894204232051184E-01 -0.3146676329108245E-02  0.3129553527825116E-01  0.4458344157414153E-01  0.3478057592688059E-01  0.1066098031654865E-01 -0.1516768139864691E-01 -0.3226628645184516E-01 -0.3581748204454425E-01 -0.2896491644506993E-01 -0.1758269917118503E-01 -0.2370808390404086E-01 -0.9882798836622513E-01 -0.4143532813558489E+00 -0.8288134261680892E+00 -0.1056120766240479E+01 -0.8507142273143439E+00  0.1496021915702552E+01
  0.4178790743310066E+00 -0.2216671284996451E+00 -0.2471223111679285E+00 -0.1803186021684270E+00 -0.1136312260271796E+00 -0.6489005366788747E-01 -0.3467582261510698E-01 -0.1987405473644471E-01 -0.1540851767420628E-01 -0.1513404359870097E-01 -0.1400907877642519E-01 -0.8981878422339233E-02 -0.1576168918719442E-02  0.7946035350946184E-02  0.1006384633180987E-01  0.6088578439046062E-02 -0.1390364836848165E+00 -0.3959409181482051E+00 -0.5704728061446672E+00 -0.5465299652856991E+00  0.1069117089712430E+01
  0.0000000000000000E+00  0.0000000000000000E+00  0.0000000000000000E+00  0.0000000000000000E+00  0.0000000000000000E+00  0.0000000000000000E+00  0.0000000000000000E+00  0.0000000000000000E+00  0.0000000000000000E+00  0.0000000000000000E+00  0.0000000000000000E+00  0.0000000000000000E+00  0.0000000000000000E+00  0.0000000000000000E+00  0.0000000000000000E+00  0.0000000000000000E+00  0.0000000000000000E+00  0.0000000000000000E+00  0.0000000000000000E+00  0.0000000000000000E+00  0.0000000000000000E+00
