  0.0000000000000000E+00  0.0000000000000000E+00  0.0000000000000000E+00  0.0000000000000000E+00  0.0000000000000000E+00  0.0000000000000000E+00  0.0000000000000000E+00  0.0000000000000000E+00  0.0000000000000000E+00  0.0000000000000000E+00  0.0000000000000000E+00  0.0000000000000000E+00  0.0000000000000000E+00  0.0000000000000000E+00  0.0000000000000000E+00  0.0000000000000000E+00  0.0000000000000000E+00  0.0000000000000000E+00  0.0000000000000000E+00  0.0000000000000000E+00  0.0000000000000000E+00
  0.3864515052238202E-01 -0.1623897511766052E-01 -0.1007177483059953E-01  0.1288911934541912E-03 -0.1190204133526413E-01 -0.4191780170180487E-01 -0.7149677894152073E-01 -0.8325061326692131E-01 -0.8181387869458868E-01 -0.7449656009942113E-01 -0.6228215805454817E-01 -0.3127354669092456E-01  0.2817661673970702E-01  0.9651595584364672E-01  0.1367805211653503E+00  0.1347635893082163E+00  0.9889230256396235E-01  0.4369712197259479E-01 -0.1010781541306908E-01 -0.2817339739366709E-01  0.7441237676793218E-01
  0.6812639146194649E-03  0.1756439398946629E-01  0.5337444588301833E-01  0.7144736135915537E-01  0.4131280742122436E-01 -0.2832308483970683E-01 -0.1208849991722993E+00 -0.2115868941511696E+00 -0.2854987774214467E+00 -0.3223975420079598E+00 -0.3079242242999433E+00 -0.2291024674781966E+00 -0.1007904525068888E+00  0.3952314470992586E-01  0.1497193057407932E+00  0.2045011162275327E+00  0.1995973695189401E+00  0.1462759577534433E+00  0.6956091021242909E-01  0.8355681589291404E-02  0.4449386544455488E-01
 -0.1578458423034714E+00  0.1111819282219014E+00  0.1756999423622327E+00  0.1836137768716421E+00  0.1177061940200319E+00  0.2216937349506336E-02 -0.1413457861673910E+00 -0.2839822643014283E+00 -0.4108089723809883E+00 -0.4951734393597409E+00 -0.5180843283430243E+00 -0.4555098975630245E+00 -0.3124918914179127E+00 -0.1241089170482944E+00  0.5913970460705738E-01  0.1980341032374311E+00  0.2688681016788335E+00  0.2623040381076885E+00  0.1931582263104654E+00  0.1013149212438104E+00 -0.1107865374209659E+00
 -0.4086647475198207E+00  0.2495870835248836E+00  0.3400965030548300E+00  0.3208548602904469E+00  0.2125293966531832E+00  0.4963329902097467E-01 -0.1463240903137681E+00 -0.3434256660408257E+00 -0.5263570844406161E+00 -0.6616950439316556E+00 -0.7256182003548430E+00 -0.6855452258936747E+00 -0.5395948131266594E+00 -0.3222652542778350E+00 -0.9081537255546059E-01  0.1124717361460824E+00  0.2586715588635258E+00  0.3205378670570418E+00  0.2929474999996987E+00  0.1937336964222571E+00 -0.2882535892670725E+00
 -0.6740262688613072E+00  0.3989651139264528E+00  0.5228690729180512E+00  0.4717816095388534E+00  0.3268021141935401E+00  0.1268324860443607E+00 -0.1072532375573382E+00 -0.3433212312005471E+00 -0.5702416926536651E+00 -0.7565630356266523E+00 -0.8770761263956496E+00 -0.8869261099197796E+00 -0.7609775996346331E+00 -0.5248909259475925E+00 -0.2547443570254415E+00 -0.8784131636068428E-02  0.1900341893984231E+00  0.3136240467196069E+00  0.3361166929709546E+00  0.2345135440131381E+00 -0.3674239390684598E+00
 -0.8756042249612898E+00  0.5244224922543638E+00  0.6976632518018014E+00  0.6196913510330336E+00  0.4433010279294674E+00  0.2115594920120582E+00 -0.5373930242314756E-01 -0.3194458206624322E+00 -0.5762892323672465E+00 -0.7989387420801947E+00 -0.9707906591423227E+00 -0.1047994346567421E+01 -0.9765673325536940E+00 -0.7442921255057983E+00 -0.4324080408656125E+00 -0.1421450815642035E+00  0.9337576489355634E-01  0.2593463003097719E+00  0.3185407126501995E+00  0.2173468615563808E+00 -0.3334998720189429E+00
 -0.9575632496573075E+00  0.6013779104473134E+00  0.8465704816846326E+00  0.7578859727273337E+00  0.5597229532213444E+00  0.3050909472727375E+00  0.1677346224830423E-01 -0.2709666792437204E+00 -0.5459208344936157E+00 -0.7866409937835424E+00 -0.9899134601201179E+00 -0.1133553510832471E+01 -0.1153145903592508E+01 -0.9785378656005536E+00 -0.6469441447456481E+00 -0.2988640306772328E+00 -0.2024475368247873E-01  0.1742054453375502E+00  0.2560986990199083E+00  0.1721249446575910E+00 -0.2602761349528649E+00
 -0.8987309933250442E+00  0.6195585019640987E+00  0.9599445125672517E+00  0.8832868505444283E+00  0.6729921629603501E+00  0.4017352411622958E+00  0.9306219268187833E-01 -0.2174480096296202E+00 -0.5092206391996835E+00 -0.7560620075944618E+00 -0.9613102357052975E+00 -0.1138168914615855E+01 -0.1250340536658938E+01 -0.1188128008838879E+01 -0.9008208064783555E+00 -0.5100499881165687E+00 -0.1692981422935029E+00  0.6622077032331825E-01  0.1757051075529056E+00  0.1268128894950147E+00 -0.2047335609321386E+00
 -0.7291630195150973E+00  0.5858549083275560E+00  0.1028401705467571E+01  0.9913199963060666E+00  0.7815227149580359E+00  0.5021318881637880E+00  0.1793141153192140E+00 -0.1526426049839981E+00 -0.4650773894882877E+00 -0.7210238879516903E+00 -0.9141777628182375E+00 -0.1083810241017207E+01 -0.1251998682025732E+01 -0.1318128393318754E+01 -0.1144497796668696E+01 -0.7700727978431809E+00 -0.3748053419621037E+00 -0.7515168734738671E-01  0.8743199153041772E-01  0.9063298862235528E-01 -0.1844669743366481E+00
 -0.5205766492772934E+00  0.5200693712558865E+00  0.1039631464490366E+01  0.1070047497225128E+01  0.8784370134982699E+00  0.6003519819708063E+00  0.2720133266714977E+00 -0.7482027730014557E-01 -0.4072156908103690E+00 -0.6790674187488481E+00 -0.8639044405227494E+00 -0.1001822059441747E+01 -0.1175826515514112E+01 -0.1344763320373610E+01 -0.1321894948913440E+01 -0.1032767109741404E+01 -0.6241918010265669E+00 -0.2610558808200853E+00 -0.2237938343757313E-01  0.5072204961700632E-01 -0.1745455322885921E+00
 -0.3220230589264502E+00  0.4342060766528912E+00  0.9805951710322235E+00  0.1096820821187930E+01  0.9470685888841271E+00  0.6836697208359762E+00  0.3611617328651299E+00  0.1194048583597475E-01 -0.3300941418643379E+00 -0.6163037697702580E+00 -0.8023881220700477E+00 -0.9067128323528940E+00 -0.1046907472171598E+01 -0.1270478797871140E+01 -0.1399521110310906E+01 -0.1251143208304899E+01 -0.8859112477255296E+00 -0.4862797523289137E+00 -0.1677831278009302E+00 -0.9759276156315952E-02 -0.1385052993319824E+00
 -0.1529733141546271E+00  0.3342785419738551E+00  0.8498623117669383E+00  0.1052756294673814E+01  0.9703032464131789E+00  0.7394999524230410E+00  0.4348075935816027E+00  0.9658263120920739E-01 -0.2398072407996283E+00 -0.5280901949300094E+00 -0.7166289227453321E+00 -0.7976452981140789E+00 -0.8868735132036800E+00 -0.1113094891022601E+01 -0.1363801935500910E+01 -0.1388305062188786E+01 -0.1126234204260370E+01 -0.7350941834080428E+00 -0.3537438224589624E+00 -0.9619949971331922E-01 -0.6514532331900469E-01
 -0.1877988632433347E-01  0.2261174553146290E+00  0.6595724796195537E+00  0.9231786947243893E+00  0.9237500641419066E+00  0.7488729172607111E+00  0.4801014321909085E+00  0.1686245737449225E+00 -0.1456941630141486E+00 -0.4187935754480843E+00 -0.6003247831437996E+00 -0.6669951959019454E+00 -0.7088308484182690E+00 -0.8981057943160352E+00 -0.1218246982902033E+01 -0.1417323956967386E+01 -0.1311661004253859E+01 -0.9825457370170220E+00 -0.5735127511882389E+00 -0.2062822288120575E+00  0.4533393524793361E-01
  0.8201833465409109E-01  0.1207208039874497E+00  0.4441807466164401E+00  0.7227711317157309E+00  0.8009511916046284E+00  0.6995550839210544E+00  0.4864229137740789E+00  0.2189034170401695E+00 -0.5713297423195462E-01 -0.2979914457120997E+00 -0.4585391523874018E+00 -0.5135612516084083E+00 -0.5225639537384309E+00 -0.6546486425011767E+00 -0.9818632774761928E+00 -0.1320304083243389E+01 -0.1406455597181218E+01 -0.1196726440767689E+01 -0.8085939403967504E+00 -0.3354039039828808E+00  0.1976177715518921E+00
  0.1443654446727782E+00  0.3179143739601303E-01  0.2397397568608173E+00  0.4772682773062549E+00  0.5998113279382361E+00  0.5746190743888751E+00  0.4361543089451089E+00  0.2337700005890160E+00  0.1457134079275298E-01 -0.1783614006880239E+00 -0.3059199410767904E+00 -0.3487605564552104E+00 -0.3420016710884183E+00 -0.4153496154160592E+00 -0.6903452924122884E+00 -0.1095799730103598E+01 -0.1372846027318264E+01 -0.1336017151307531E+01 -0.1028751406368055E+01 -0.4775416533185985E+00  0.4038735535877402E+00
  0.1326953291786084E+00 -0.1349668315820489E-01  0.9220527970399371E-01  0.2496867663456371E+00  0.3658000411214932E+00  0.3906005823605039E+00  0.3260303406885490E+00  0.2009187283851451E+00  0.5301508575845978E-01 -0.8041213948390524E-01 -0.1681931121104208E+00 -0.1981030330646144E+00 -0.1885638907599805E+00 -0.2150026953794488E+00 -0.3951523165255942E+00 -0.7686946164312489E+00 -0.1182146050734203E+01 -0.1350166364286803E+01 -0.1191799854778636E+01 -0.6262901433237372E+00  0.6870705751925756E+00
  0.3211353421312594E-01 -0.9690588851839715E-02  0.3041767657606798E-02  0.6964038765363910E-01  0.1463840900182242E+00  0.1870416977489741E+00  0.1753295444184448E+00  0.1201451955417921E+00  0.4384808011532690E-01 -0.2822196356404074E-01 -0.7580998300757194E-01 -0.9161004822357093E-01 -0.8358859452044022E-01 -0.8153746294605704E-01 -0.1572539003781945E+00 -0.4021817895667928E+00 -0.8370069777659933E+00 -0.1187285740545486E+01 -0.1234583348816994E+01 -0.7735343412986011E+00  0.1086019675078809E+01
 -0.1643774884017303E+00  0.4318065031554792E-01 -0.3483553745508659E-01 -0.3982124051662556E-01 -0.3656558294553493E-02  0.3110717064467120E-01  0.4453517387759454E-01  0.3467324665340332E-01  0.1038682107878675E-01 -0.1559439061240870E-01 -0.3271379739582965E-01 -0.3613211278257854E-01 -0.2901808948243384E-01 -0.1740910739278970E-01 -0.2363089187047794E-01 -0.9977135717986652E-01 -0.4163271655106049E+00 -0.8307237487474751E+00 -0.1057604392979989E+01 -0.8516679132704081E+00  0.1497399346831235E+01
  0.4188130473600292E+00 -0.2221966403170867E+00 -0.2477768735912308E+00 -0.1808534130625844E+00 -0.1140479560825437E+00 -0.6522764750905545E-01 -0.3498392242795337E-01 -0.2020780096734140E-01 -0.1579696145550509E-01 -0.1556801967947312E-01 -0.1443525696585893E-01 -0.9351198689531486E-02 -0.1846089028998430E-02  0.7727672584184049E-02  0.9836890040954066E-02  0.5336673212358559E-02 -0.1403776442303498E+00 -0.3971438173912335E+00 -0.5712977026610265E+00 -0.5470685716848108E+00  0.1069908012393406E+01
  0.0000000000000000E+00  0.0000000000000000E+00  0.0000000000000000E+00  0.0000000000000000E+00  0.0000000000000000E+00  0.0000000000000000E+00  0.0000000000000000E+00  0.0000000000000000E+00  0.0000000000000000E+00  0.0000000000000000E+00  0.0000000000000000E+00  0.0000000000000000E+00  0.0000000000000000E+00  0.0000000000000000E+00  0.0000000000000000E+00  0.0000000000000000E+00  0.0000000000000000E+00  0.0000000000000000E+00  0.0000000000000000E+00  0.0000000000000000E+00  0.0000000000000000E+00
