  0.0000000000000000E+00  0.0000000000000000E+00  0.0000000000000000E+00  0.0000000000000000E+00  0.0000000000000000E+00  0.0000000000000000E+00  0.0000000000000000E+00  0.0000000000000000E+00  0.0000000000000000E+00  0.0000000000000000E+00  0.0000000000000000E+00  0.0000000000000000E+00  0.0000000000000000E+00  0.0000000000000000E+00  0.0000000000000000E+00  0.0000000000000000E+00  0.0000000000000000E+00  0.0000000000000000E+00  0.0000000000000000E+00  0.0000000000000000E+00  0.0000000000000000E+00
  0.7824622741673982E-01 -0.6076610925725857E-01 -0.1040521003550359E+00 -0.1116850617503626E+00 -0.1098262757514703E+00 -0.1085280529559828E+00 -0.1080999301081923E+00 -0.1028037795229267E+00 -0.8597503343722755E-01 -0.5157492072774923E-01 -0.2129554891712570E-02  0.4895025523747108E-01  0.8527955802329389E-01  0.9824077448084545E-01  0.8868164005521305E-01  0.6217743258561617E-01  0.2637806009489003E-01 -0.1071665454495420E-01 -0.3600828328827917E-01 -0.3374331485125139E-01  0.6522166126547500E-01
  0.1368169992740746E+00 -0.9341139165583172E-01 -0.1434171756934206E+00 -0.1519555006315103E+00 -0.1602327726767191E+00 -0.1762227506170210E+00 -0.1942859164482988E+00 -0.1994351794386751E+00 -0.1806368013578381E+00 -0.1321337597972360E+00 -0.6121956950656817E-01  0.1729316528459499E-01  0.8648611488073044E-01  0.1336422297870691E+00  0.1527000452712927E+00  0.1431150521811018E+00  0.1102668806149656E+00  0.6369312357916847E-01  0.1810497901193060E-01 -0.1079830882028980E-01  0.5049990547280001E-01
  0.1668554071422436E+00 -0.1014997948297392E+00 -0.1376439773469740E+00 -0.1387521431207839E+00 -0.1637113489742192E+00 -0.2114941062603768E+00 -0.2701122709364522E+00 -0.3159125496925952E+00 -0.3330050071659268E+00 -0.3063394551722216E+00 -0.2369714028838443E+00 -0.1357037384377963E+00 -0.2283746411348729E-01  0.8110816812001342E-01  0.1600859043332516E+00  0.2028817554983839E+00  0.2049520177873642E+00  0.1703164839464880E+00  0.1152267162152278E+00  0.5921345975686754E-01 -0.6241366305537484E-01
  0.8427111025701962E-01 -0.4396092053930496E-01 -0.4761165136089528E-01 -0.4838534396701909E-01 -0.1063023379004171E+00 -0.1996019525893678E+00 -0.3092233494823045E+00 -0.4028613734652681E+00 -0.4631165276919155E+00 -0.4678734872727664E+00 -0.4150361653554007E+00 -0.3102618372889140E+00 -0.1743845726380209E+00 -0.3132891045917053E-01  0.9794618248492787E-01  0.1961311771154934E+00  0.2493572692265883E+00  0.2510321890956495E+00  0.2112794273817962E+00  0.1431875603300040E+00 -0.2182832536082160E+00
 -0.1365932493576573E+00  0.8290795107579058E-01  0.1121306038697145E+00  0.9278427296924727E-01 -0.1080469335844421E-01 -0.1566049413011872E+00 -0.3237917023926901E+00 -0.4731857542778716E+00 -0.5876230671245639E+00 -0.6358834920824579E+00 -0.6096976423848338E+00 -0.5078858064498987E+00 -0.3536816563919777E+00 -0.1787872279238757E+00 -0.1045824577163525E-01  0.1328211132836315E+00  0.2348162595277928E+00  0.2816418478046943E+00  0.2719186522985356E+00  0.1976068504818821E+00 -0.3209018991471105E+00
 -0.4361494971267726E+00  0.2515677675612573E+00  0.3185538055569993E+00  0.2674080222034613E+00  0.1180112263300084E+00 -0.7576851268374959E-01 -0.2937009995677084E+00 -0.4948826160003706E+00 -0.6669595423181940E+00 -0.7738622377306669E+00 -0.7966635059050757E+00 -0.7190163177885955E+00 -0.5569354560226532E+00 -0.3512358268188077E+00 -0.1454594812855884E+00  0.3483061632645054E-01  0.1759626979795078E+00  0.2640247768947982E+00  0.2845726644028030E+00  0.2049717434140828E+00 -0.3303425658394453E+00
 -0.7180791786788349E+00  0.4180828659715444E+00  0.5361694192357985E+00  0.4497299499915621E+00  0.2592884372926684E+00  0.2603814185908009E-01 -0.2287710403265923E+00 -0.4673845471135677E+00 -0.6860286176457069E+00 -0.8549824862537441E+00 -0.9485676494577059E+00 -0.9307511684021793E+00 -0.7908749079688682E+00 -0.5632883323306352E+00 -0.3123582021169451E+00 -0.8846814798563363E-01  0.8867954553178951E-01  0.2095063549714451E+00  0.2537820760807752E+00  0.1781630928834795E+00 -0.2807072025696632E+00
 -0.8975994866511939E+00  0.5435195139080555E+00  0.7329590550729727E+00  0.6209866873789229E+00  0.3983136092702730E+00  0.1357470709843278E+00 -0.1406650735673708E+00 -0.3966884951993790E+00 -0.6359349319213276E+00 -0.8460434018794527E+00 -0.1010827884865606E+01 -0.1086666039238643E+01 -0.1024621664089226E+01 -0.8194462316710531E+00 -0.5336982238832461E+00 -0.2528677357018833E+00 -0.2741145806794795E-01  0.1272779750643873E+00  0.1948330184588135E+00  0.1389950139502582E+00 -0.2221520233919611E+00
 -0.9240569311253929E+00  0.6035411635817539E+00  0.8865665596198690E+00  0.7697183184788974E+00  0.5232373568218756E+00  0.2358462228458814E+00 -0.5761432076656724E-01 -0.3222101318679322E+00 -0.5598840998073029E+00 -0.7729791433853292E+00 -0.9700729664191549E+00 -0.1130191360416595E+01 -0.1186640161991558E+01 -0.1074735448460674E+01 -0.8081921176498653E+00 -0.4822782737987289E+00 -0.1928683156527526E+00  0.1488589145971972E-01  0.1211424605583447E+00  0.1015680525085819E+00 -0.1835616969674010E+00
 -0.8016964900584184E+00  0.5968251779439294E+00  0.9887790437733700E+00  0.8961985531247115E+00  0.6375312210740538E+00  0.3304882832907579E+00  0.1941340607638913E-01 -0.2591213153405324E+00 -0.4955383344861870E+00 -0.6905057800042872E+00 -0.8713053922915756E+00 -0.1061768179951318E+01 -0.1221863208216059E+01 -0.1250071853393251E+01 -0.1080334729811013E+01 -0.7636930043846059E+00 -0.4220288841428347E+00 -0.1441698770501346E+00  0.2706694751411318E-01  0.6339793590834931E-01 -0.1631268602109348E+00
 -0.5944776272618784E+00  0.5403594969103207E+00  0.1026600863469084E+01  0.9920363276260591E+00  0.7424942520738105E+00  0.4277672307303009E+00  0.1023663024803108E+00 -0.1958813037626309E+00 -0.4437942524607128E+00 -0.6272657426085180E+00 -0.7698046708022847E+00 -0.9324232012160835E+00 -0.1136389548116912E+01 -0.1295585406902292E+01 -0.1277804614299535E+01 -0.1045239376361386E+01 -0.6973217918953073E+00 -0.3586159568024592E+00 -0.1047299790100190E+00  0.9134340615017512E-02 -0.1321330008550715E+00
 -0.3814213847813382E+00  0.4578581196540196E+00  0.9921529741807206E+00  0.1045460956758872E+01  0.8334107172065045E+00  0.5251387293752863E+00  0.1936448016786944E+00 -0.1192973925242569E+00 -0.3832494936843609E+00 -0.5704659707277242E+00 -0.6843260323240610E+00 -0.7913873202026274E+00 -0.9727012908934516E+00 -0.1208128909478108E+01 -0.1350955292900563E+01 -0.1267146815530420E+01 -0.9797545989360508E+00 -0.6190241638046341E+00 -0.2865897203077431E+00 -0.7303995600022495E-01 -0.6746985230706826E-01
 -0.1983471372595078E+00  0.3573093319783867E+00  0.8735808586756524E+00  0.1019857718957592E+01  0.8749334139755776E+00  0.5978116555823265E+00  0.2792671451498263E+00 -0.3262317181076103E-01 -0.3028725015927080E+00 -0.4965687893029050E+00 -0.6002199544587430E+00 -0.6605026822782406E+00 -0.7797010531904371E+00 -0.1017807429165801E+01 -0.1281294317177225E+01 -0.1378068641258658E+01 -0.1219055837817373E+01 -0.8946578928058883E+00 -0.5140528554668462E+00 -0.1836354676154836E+00  0.3685354737960467E-01
 -0.5334101242375233E-01  0.2481402998410831E+00  0.6910798870994971E+00  0.9130995420567223E+00  0.8587817043349139E+00  0.6390878741808123E+00  0.3511270960990270E+00  0.5471355269400898E-01 -0.2070048483788897E+00 -0.3966242975319721E+00 -0.4965432712146650E+00 -0.5335665637921321E+00 -0.5913149423870395E+00 -0.7737308534045154E+00 -0.1082089363788207E+01 -0.1344789875796913E+01 -0.1366215620550677E+01 -0.1142056633126751E+01 -0.7643260097560148E+00 -0.3166640305573488E+00  0.1856660819160316E+00
  0.5162451178886096E-01  0.1374602401005690E+00  0.4640052320905680E+00  0.7056592184952448E+00  0.7352175816778512E+00  0.5961100456197697E+00  0.3690740031507111E+00  0.1177761894358852E+00 -0.1103486806439104E+00 -0.2785224295887174E+00 -0.3699215803770991E+00 -0.4000634636356704E+00 -0.4204272058836210E+00 -0.5257740721031021E+00 -0.7954901286223521E+00 -0.1155841623522520E+01 -0.1374592429473502E+01 -0.1311986285455443E+01 -0.1001662856265821E+01 -0.4640600489839202E+00  0.3905172906859395E+00
  0.1045078873466252E+00  0.5152256147259755E-01  0.2590755717644179E+00  0.4679727868630450E+00  0.5513781354061587E+00  0.4955732082403759E+00  0.3465065961599107E+00  0.1584223847571989E+00 -0.2173583525317900E-01 -0.1583750407076154E+00 -0.2360822191374479E+00 -0.2648270039089933E+00 -0.2719185578489423E+00 -0.3130957371974885E+00 -0.4863114276069269E+00 -0.8369852990002634E+00 -0.1209489958916728E+01 -0.1349351452399942E+01 -0.1179759639805988E+01 -0.6179120851521087E+00  0.6739766156503382E+00
  0.8235479260359342E-01  0.2908976723010371E-03  0.8322748562049653E-01  0.2076480670808322E+00  0.2915780447556810E+00  0.2956152462684835E+00  0.2291483583231902E+00  0.1231484884739458E+00  0.1225081306380059E-01 -0.7581073241172125E-01 -0.1284881559672560E+00 -0.1498321957447975E+00 -0.1529172226157479E+00 -0.1583478335779385E+00 -0.2258775720719453E+00 -0.4606821915773442E+00 -0.8740526995450053E+00 -0.1200475014526295E+01 -0.1233341639571857E+01 -0.7693828811666662E+00  0.1074807003928142E+01
 -0.1631892509708232E+00  0.5828313969145676E-01  0.1166016810354715E-01  0.4764900858181023E-01  0.1002653654961773E+00  0.1230358438602492E+00  0.1066268758397441E+00  0.6262180276345186E-01  0.1010512586016936E-01 -0.3391247863947030E-01 -0.6060068725099053E-01 -0.7014240180660622E-01 -0.6868485586911109E-01 -0.6226337842020232E-01 -0.6585926227807608E-01 -0.1426734171156709E+00 -0.4522636452310553E+00 -0.8487744154622985E+00 -0.1061865425044956E+01 -0.8511288980944764E+00  0.1491521269238474E+01
  0.4031294371245904E+00 -0.2085387388199173E+00 -0.2224867793351616E+00 -0.1533822626123256E+00 -0.8716748700902098E-01 -0.4227275199623610E-01 -0.2021536279653360E-01 -0.1589655302213349E-01 -0.2122099502095409E-01 -0.2806004084512040E-01 -0.3100180346499353E-01 -0.2846415386919781E-01 -0.2243170628274766E-01 -0.1475661049121723E-01 -0.1145680158702146E-01 -0.2031331245635935E-01 -0.1649402013497117E+00 -0.4106720560851804E+00 -0.5749848646790113E+00 -0.5479808221110581E+00  0.1068957601654163E+01
  0.0000000000000000E+00  0.0000000000000000E+00  0.0000000000000000E+00  0.0000000000000000E+00  0.0000000000000000E+00  0.0000000000000000E+00  0.0000000000000000E+00  0.0000000000000000E+00  0.0000000000000000E+00  0.0000000000000000E+00  0.0000000000000000E+00  0.0000000000000000E+00  0.0000000000000000E+00  0.0000000000000000E+00  0.0000000000000000E+00  0.0000000000000000E+00  0.0000000000000000E+00  0.0000000000000000E+00  0.0000000000000000E+00  0.0000000000000000E+00  0.0000000000000000E+00
