  0.0000000000000000E+00  0.0000000000000000E+00  0.0000000000000000E+00  0.0000000000000000E+00  0.0000000000000000E+00  0.0000000000000000E+00  0.0000000000000000E+00  0.0000000000000000E+00  0.0000000000000000E+00  0.0000000000000000E+00  0.0000000000000000E+00  0.0000000000000000E+00  0.0000000000000000E+00  0.0000000000000000E+00  0.0000000000000000E+00  0.0000000000000000E+00  0.0000000000000000E+00  0.0000000000000000E+00  0.0000000000000000E+00  0.0000000000000000E+00  0.0000000000000000E+00
  0.3859557797488445E-01 -0.1605643598201105E-01 -0.9573729971148685E-02  0.9379636172668664E-03 -0.1087731632903863E-01 -0.4089060917520408E-01 -0.7069659971089660E-01 -0.8270651318907002E-01 -0.8138695956988146E-01 -0.7408873533574785E-01 -0.6190551715167839E-01 -0.3108940437467450E-01  0.2801562294013342E-01  0.9615169394096547E-01  0.1364986436877846E+00  0.1347046730089249E+00  0.9907766449077796E-01  0.4410861586735362E-01 -0.9552400579239801E-02 -0.2780697534328674E-01  0.7386852545062043E-01
  0.5480331584939921E-03  0.1779957990046808E-01  0.5394677285989825E-01  0.7226560626799744E-01  0.4226663187703238E-01 -0.2736325371749581E-01 -0.1200279699402622E+00 -0.2108910292294731E+00 -0.2849774930657303E+00 -0.3221233077932055E+00 -0.3079877574156130E+00 -0.2296034940852780E+00 -0.1016510490907328E+00  0.3854045149638235E-01  0.1488980135171760E+00  0.2040193866718106E+00  0.1995002329685954E+00  0.1465037569469871E+00  0.6998494837244464E-01  0.8713019489490102E-02  0.4384588990397433E-01
 -0.1582227022412173E+00  0.1115321376302633E+00  0.1763737106495725E+00  0.1844079904386043E+00  0.1185718156035043E+00  0.3113012084812378E-02 -0.1404260759479936E+00 -0.2830615486954105E+00 -0.4099036449335991E+00 -0.4943882702753252E+00 -0.5175069946280234E+00 -0.4552954017360287E+00 -0.3126860252919355E+00 -0.1246332508916458E+00  0.5849551131075896E-01  0.1974987894940161E+00  0.2686024662055566E+00  0.2623556972494191E+00  0.1934583896576142E+00  0.1016943948648954E+00 -0.1116247949370718E+00
 -0.4088419806018970E+00  0.2498006053444058E+00  0.3405598354313205E+00  0.3212849140957612E+00  0.2129874237625944E+00  0.5018036086779968E-01 -0.1456179465322654E+00 -0.3425998804671366E+00 -0.5254679142055633E+00 -0.6609101228021326E+00 -0.7250117170932587E+00 -0.6852215861025395E+00 -0.5395641899528799E+00 -0.3225319081376226E+00 -0.9127913057304048E-01  0.1119902381359376E+00  0.2583453408393572E+00  0.3204702908712897E+00  0.2931298153042758E+00  0.1940870252550061E+00 -0.2891312604607426E+00
 -0.6734532371583563E+00  0.3987760236934713E+00  0.5228748339220576E+00  0.4717344376404660E+00  0.3268637326910168E+00  0.1271390416538790E+00 -0.1065678516637966E+00 -0.3422923232339264E+00 -0.5689326417731332E+00 -0.7552107028020889E+00 -0.8758115157517663E+00 -0.8859045145970132E+00 -0.7602737265497037E+00 -0.5245957719130547E+00 -0.2548136906514070E+00 -0.9023185960986143E-02  0.1898133078657575E+00  0.3135615260257732E+00  0.3362586095384320E+00  0.2348292053068567E+00 -0.3682290063821382E+00
 -0.8739379362921423E+00  0.5236554362873341E+00  0.6970283725698602E+00  0.6190453092808132E+00  0.4428017438816336E+00  0.2113839168964312E+00 -0.5339265563171301E-01 -0.3185896575504363E+00 -0.5749886550061968E+00 -0.7974762221028456E+00 -0.9693129124431904E+00 -0.1046593218078576E+01 -0.9752952937126165E+00 -0.7433699083881770E+00 -0.4319817933390659E+00 -0.1420363044699492E+00  0.9337871772347331E-01  0.2594013288282904E+00  0.3187241284329077E+00  0.2176234315052722E+00 -0.3341461660829090E+00
 -0.9548399378133748E+00  0.6000280265907937E+00  0.8452441419590063E+00  0.7566380353670339E+00  0.5586813764323150E+00  0.3045062648010017E+00  0.1694482392962811E-01 -0.2700066465751964E+00 -0.5442639388937163E+00 -0.7846946419913480E+00 -0.9879864833978420E+00 -0.1131733973946689E+01 -0.1151324429793882E+01 -0.9768854147727333E+00 -0.6458508305782831E+00 -0.2982861729438691E+00 -0.1993323492744671E-01  0.1744351367743315E+00  0.2563513856582415E+00  0.1723675732329367E+00 -0.2607513340405687E+00
 -0.8953738711798921E+00  0.6177710120262437E+00  0.9579391648988390E+00  0.8814363338929588E+00  0.6713621088246846E+00  0.4006179005298112E+00  0.9286552589313969E-01 -0.2165899957985736E+00 -0.5073666322362963E+00 -0.7536920132165861E+00 -0.9589726241337484E+00 -0.1136105934356950E+01 -0.1248271045161925E+01 -0.1185932479972311E+01 -0.8990041254885147E+00 -0.5088778816703323E+00 -0.1685768242434892E+00  0.6666404171464493E-01  0.1760152032734765E+00  0.1270234506074754E+00 -0.2050551485489496E+00
 -0.7260924173247281E+00  0.5839540608749783E+00  0.1025769765300207E+01  0.9888727640560491E+00  0.7793131577907724E+00  0.5004673909169350E+00  0.1787263571477886E+00 -0.1518943046849704E+00 -0.4629875321157491E+00 -0.7180694041542166E+00 -0.9111562720307600E+00 -0.1081347326517927E+01 -0.1249846991042639E+01 -0.1315736416743205E+01 -0.1142160182662863E+01 -0.7683247054783870E+00 -0.3736150605630280E+00 -0.7441766499430313E-01  0.8784218193872471E-01  0.9085105260489205E-01 -0.1847109758759514E+00
 -0.5183646712980110E+00  0.5182903321383933E+00  0.1036506325117169E+01  0.1067023988815982E+01  0.8756991454938661E+00  0.5981742458794606E+00  0.2709630119994298E+00 -0.7439442480215294E-01 -0.4052116665859850E+00 -0.6758185139719595E+00 -0.8602566624494270E+00 -0.9988212383899673E+00 -0.1173582845903697E+01 -0.1342431182061673E+01 -0.1319346474974010E+01 -0.1030609616325993E+01 -0.6225892069923581E+00 -0.2599848749982701E+00 -0.2179145882972335E-01  0.5100976705575590E-01 -0.1748207599969910E+00
 -0.3207161824770536E+00  0.4326573231966637E+00  0.9772557871129374E+00  0.1093348592982302E+01  0.9439241501555712E+00  0.6811118084390649E+00  0.3597166311699159E+00  0.1200869304637982E-01 -0.3283484518491503E+00 -0.6130734327768642E+00 -0.7983946062316215E+00 -0.9032165281586334E+00 -0.1044527775823752E+01 -0.1268339306752410E+01 -0.1397033261612420E+01 -0.1248798352565850E+01 -0.8840251659705373E+00 -0.4848839142420145E+00 -0.1669541636306294E+00 -0.9370238343983667E-02 -0.1388434485986784E+00
 -0.1524351965583119E+00  0.3330474859988569E+00  0.8467072614382587E+00  0.1049089559589389E+01  0.9669040289049583E+00  0.7367204331266408E+00  0.4331090818566735E+00  0.9635071864765883E-01 -0.2383998701237299E+00 -0.5251462025141624E+00 -0.7126935582781626E+00 -0.7939361450176819E+00 -0.8844112067322452E+00 -0.1111215137242510E+01 -0.1361568548291426E+01 -0.1385977746311109E+01 -0.1124234751859863E+01 -0.7334717114250898E+00 -0.3526743728925272E+00 -0.9571247287612294E-01 -0.6553695426415840E-01
 -0.1886315921675263E-01  0.2253020129246070E+00  0.6570428795570684E+00  0.9197422318201335E+00  0.9203563874101496E+00  0.7460469785433381E+00  0.4782875793779114E+00  0.1681774718665387E+00 -0.1446133787591309E+00 -0.4162548684070605E+00 -0.5967683181400878E+00 -0.6634727332659913E+00 -0.7064857339147440E+00 -0.8965528347597306E+00 -0.1216389176126149E+01 -0.1415161227162866E+01 -0.1309682399453504E+01 -0.9808273470656762E+00 -0.5722677510237959E+00 -0.2057170528557521E+00  0.4488340754346043E-01
  0.8137901571855966E-01  0.1204026940419063E+00  0.4425870978442785E+00  0.7200154803451461E+00  0.7978870307643056E+00  0.6968730297077012E+00  0.4846214905948259E+00  0.2183255967938764E+00 -0.5634725843031337E-01 -0.2959174154186487E+00 -0.4555801192209079E+00 -0.5105938453992647E+00 -0.5206105819657639E+00 -0.6535185801012366E+00 -0.9804541446603204E+00 -0.1318402524946315E+01 -0.1404586865618371E+01 -0.1195022333317957E+01 -0.8072676853562223E+00 -0.3347862415051662E+00  0.1970910391592763E+00
  0.1431661462715801E+00  0.3199808449781130E-01  0.2391603997650140E+00  0.4755929827895682E+00  0.5975186976826554E+00  0.5723759152327200E+00  0.4345212132179510E+00  0.2331276707613566E+00  0.1506610884711375E-01 -0.1768110444797897E+00 -0.3037054202134717E+00 -0.3465989599726711E+00 -0.3406611396171847E+00 -0.4147193194809664E+00 -0.6894206968413475E+00 -0.1094207008625119E+01 -0.1371121374163330E+01 -0.1334391596435416E+01 -0.1027422180146042E+01 -0.4768915151470391E+00  0.4032523652950752E+00
  0.1311777814732368E+00 -0.1293127449448819E-01  0.9238395798977223E-01  0.2491146540806407E+00  0.3645950990035975E+00  0.3891878193057750E+00  0.3248816649364399E+00  0.2004054607677742E+00  0.5330229011013786E-01 -0.7938735977858316E-01 -0.1667707291286029E+00 -0.1968075833640177E+00 -0.1878767126457070E+00 -0.2148431989049311E+00 -0.3946989961807141E+00 -0.7674437532993974E+00 -0.1180574133359902E+01 -0.1348649031703939E+01 -0.1190526423946501E+01 -0.6256192984441835E+00  0.6863314713860500E+00
  0.3130060364900324E-01 -0.9254607693092361E-02  0.3536780569726160E-02  0.6979828839930800E-01  0.1461117245223037E+00  0.1865242979095473E+00  0.1748587738943823E+00  0.1199814681199156E+00  0.4411006805711234E-01 -0.2758910018684528E-01 -0.7503392775665199E-01 -0.9098190024956299E-01 -0.8334797371990696E-01 -0.8164758319997518E-01 -0.1571685161205915E+00 -0.4012940756560326E+00 -0.8356024322247816E+00 -0.1185905428068696E+01 -0.1233433701192910E+01 -0.7728594159763225E+00  0.1085144546736057E+01
 -0.1647260219939025E+00  0.4351256826785482E-01 -0.3418831719033808E-01 -0.3930278436432793E-01 -0.3405483611537581E-02  0.3114222865633601E-01  0.4449365471227765E-01  0.3470094134845204E-01  0.1056208312789944E-01 -0.1528208328320912E-01 -0.3236014862727044E-01 -0.3585547905640798E-01 -0.2892129741978421E-01 -0.1749752608248509E-01 -0.2370538757849887E-01 -0.9922084645762903E-01 -0.4151288994711688E+00 -0.8295566517275251E+00 -0.1056697187257328E+01 -0.8510852839266601E+00  0.1496558664522652E+01
  0.4182534718293431E+00 -0.2218878980173078E+00 -0.2474102222225805E+00 -0.1805668698026505E+00 -0.1138337118067511E+00 -0.6505857656834076E-01 -0.3482506011824421E-01 -0.2001935940837011E-01 -0.1555699881528974E-01 -0.1528278856583025E-01 -0.1414339200182626E-01 -0.9092714332178080E-02 -0.1655988273737104E-02  0.7870432713984207E-02  0.9965609818945018E-02  0.5783525826040096E-02 -0.1395624180919343E+00 -0.3964087094571071E+00 -0.5707927075954409E+00 -0.5467399894779732E+00  0.1069427260838479E+01
  0.0000000000000000E+00  0.0000000000000000E+00  0.0000000000000000E+00  0.0000000000000000E+00  0.0000000000000000E+00  0.0000000000000000E+00  0.0000000000000000E+00  0.0000000000000000E+00  0.0000000000000000E+00  0.0000000000000000E+00  0.0000000000000000E+00  0.0000000000000000E+00  0.0000000000000000E+00  0.0000000000000000E+00  0.0000000000000000E+00  0.0000000000000000E+00  0.0000000000000000E+00  0.0000000000000000E+00  0.0000000000000000E+00  0.0000000000000000E+00  0.0000000000000000E+00
