  0.0000000000000000E+00  0.0000000000000000E+00  0.0000000000000000E+00  0.0000000000000000E+00  0.0000000000000000E+00  0.0000000000000000E+00  0.0000000000000000E+00  0.0000000000000000E+00  0.0000000000000000E+00  0.0000000000000000E+00  0.0000000000000000E+00  0.0000000000000000E+00  0.0000000000000000E+00  0.0000000000000000E+00  0.0000000000000000E+00  0.0000000000000000E+00  0.0000000000000000E+00  0.0000000000000000E+00  0.0000000000000000E+00  0.0000000000000000E+00  0.0000000000000000E+00
  0.3851858096342705E-01 -0.1645641055305006E-01 -0.1085065069572314E-01 -0.1274885679711913E-02 -0.1367923330798743E-01 -0.4361842524824872E-01 -0.7275793176578292E-01 -0.8416034242237594E-01 -0.8264081523209985E-01 -0.7533422417761095E-01 -0.6295395608582349E-01 -0.3147434220995213E-01  0.2848436754357118E-01  0.9679959783539249E-01  0.1366410580856772E+00  0.1342447054635584E+00  0.9820494842256838E-01  0.4304355699223999E-01 -0.1054040212170312E-01 -0.2832310985797386E-01  0.7442892745221846E-01
  0.8766838145082279E-03  0.1706997744737716E-01  0.5208661615663970E-01  0.6952513707848032E-01  0.3916927226209771E-01 -0.3026615700635438E-01 -0.1222959037651148E+00 -0.2123290288461870E+00 -0.2855091689441187E+00 -0.3215958906878113E+00 -0.3062682462571951E+00 -0.2268079305330089E+00 -0.9841182624298835E-01  0.4133665935423660E-01  0.1505931054598976E+00  0.2044506801480010E+00  0.1989177216700770E+00  0.1453866067265924E+00  0.6886186538939702E-01  0.8036647045701222E-02  0.4475192425229336E-01
 -0.1566926801856042E+00  0.1101256646709819E+00  0.1736843138273416E+00  0.1811015164182084E+00  0.1151340795568686E+00 -0.1175663255001384E-03 -0.1432634352238001E+00 -0.2853994919515145E+00 -0.4116130589579903E+00 -0.4952004424540980E+00 -0.5172155011481410E+00 -0.4538413692115988E+00 -0.3104550667047649E+00 -0.1222837255898024E+00  0.6032103105805342E-01  0.1983608984191595E+00  0.2683816498146383E+00  0.2613182056554595E+00  0.1921549779870498E+00  0.1006825689121505E+00 -0.1098927287494018E+00
 -0.4069551847409206E+00  0.2482502543934058E+00  0.3377955784392969E+00  0.3184014894682762E+00  0.2102631830535338E+00  0.4768400279296480E-01 -0.1478731998361204E+00 -0.3444750568851623E+00 -0.5267307719082632E+00 -0.6611759078082156E+00 -0.7241085356147089E+00 -0.6832421230656566E+00 -0.5370568912648976E+00 -0.3200504125279501E+00 -0.8922440443052193E-01  0.1132606503854240E+00  0.2585629554679696E+00  0.3197020347340273E+00  0.2918506744208159E+00  0.1929688680607502E+00 -0.2870559297614346E+00
 -0.6726510293708852E+00  0.3977687262934405E+00  0.5206551495094363E+00  0.4695491480512715E+00  0.3247024193617523E+00  0.1248484592241119E+00 -0.1091131579840253E+00 -0.3449835994541322E+00 -0.5715339800158097E+00 -0.7571623824861644E+00 -0.8766741179694174E+00 -0.8854537420261341E+00 -0.7589142084627005E+00 -0.5229257692742820E+00 -0.2532422828515637E+00 -0.7878734144223127E-02  0.1901742466646051E+00  0.3129963407549311E+00  0.3351105961129880E+00  0.2338877656411271E+00 -0.3665527008103933E+00
 -0.8753510433948686E+00  0.5237509065182420E+00  0.6959016761598573E+00  0.6179512281066047E+00  0.4417288695098903E+00  0.2101121103576217E+00 -0.5507791731423835E-01 -0.3206629769398792E+00 -0.5773307852526391E+00 -0.7996010263257920E+00 -0.9707784884900396E+00 -0.1047052164940686E+01 -0.9749173477251281E+00 -0.7425918887058374E+00 -0.4311326437359132E+00 -0.1413843327931665E+00  0.9354640158198228E-01  0.2588735607418587E+00  0.3177533009483112E+00  0.2169856974348446E+00 -0.3332037913562225E+00
 -0.9587869845473835E+00  0.6014047972269152E+00  0.8454274071333621E+00  0.7566338562546716E+00  0.5585451026952064E+00  0.3038946935858449E+00  0.1552591555780843E-01 -0.2722518949586061E+00 -0.5472345190029063E+00 -0.7878474151949653E+00 -0.9907431491337827E+00 -0.1133605923396302E+01 -0.1152342194698452E+01 -0.9773620462394353E+00 -0.6459746418587730E+00 -0.2983326397423731E+00 -0.2016677150828947E-01  0.1738577088743756E+00  0.2555855132046541E+00  0.1719698018527569E+00 -0.2603238923536165E+00
 -0.9012852591692988E+00  0.6202570224040744E+00  0.9594858080429245E+00  0.8825067729017245E+00  0.6722084473226015E+00  0.4009023218584888E+00  0.9217689415828652E-01 -0.2183788758598552E+00 -0.5102569977698199E+00 -0.7572019463497353E+00 -0.9624223819762838E+00 -0.1138864188499440E+01 -0.1250327746631181E+01 -0.1187626791360814E+01 -0.9002668946272270E+00 -0.5097259535390807E+00 -0.1693142505335399E+00  0.6594498142934567E-01  0.1753874181869026E+00  0.1267462186593503E+00 -0.2048512377911481E+00
 -0.7321719549263324E+00  0.5869507746316895E+00  0.1028680368968736E+01  0.9910368669118601E+00  0.7811115576506926E+00  0.5016014977242917E+00  0.1786237241803929E+00 -0.1534984870298001E+00 -0.4661482415563825E+00 -0.7223296605946171E+00 -0.9156385035205730E+00 -0.1085049653404407E+01 -0.1252615740396220E+01 -0.1318244491323855E+01 -0.1144456389033613E+01 -0.7700243183807615E+00 -0.3749041451552093E+00 -0.7540012370108387E-01  0.8719102965022729E-01  0.9054356584190477E-01 -0.1844396678754870E+00
 -0.5232658321606991E+00  0.5213175610983982E+00  0.1040686851134496E+01  0.1070370505332917E+01  0.8784365853876911E+00  0.6001514494266785E+00  0.2715875272472961E+00 -0.7547879682041538E-01 -0.4081785986148849E+00 -0.6804188492306958E+00 -0.8656306860103273E+00 -0.1003533178657271E+01 -0.1176940517578336E+01 -0.1345312185550713E+01 -0.1322274752705906E+01 -0.1033050948639952E+01 -0.6244325133054786E+00 -0.2613314915171825E+00 -0.2261386658493817E-01  0.5058497517413370E-01 -0.1743687921073393E+00
 -0.3241346334451743E+00  0.4355020431407930E+00  0.9823714959772049E+00  0.1097866465715438E+01  0.9475659793736885E+00  0.6838429068494677E+00  0.3610298282286991E+00  0.1147123436489436E-01 -0.3309913333811050E+00 -0.6177323429670059E+00 -0.8043818918210408E+00 -0.9088940171644655E+00 -0.1048485045538476E+01 -0.1271333025711426E+01 -0.1400163407474307E+01 -0.1251705258520504E+01 -0.8863367335989552E+00 -0.4866459891740113E+00 -0.1680613524170648E+00 -0.9920344540859471E-02 -0.1383003187944863E+00
 -0.1544942456731575E+00  0.3355499971996861E+00  0.8521557459259008E+00  0.1054550789875289E+01  0.9713804887555304E+00  0.7400677693292177E+00  0.4349583940203957E+00  0.9630422060872096E-01 -0.2406007686916075E+00 -0.5295219930911295E+00 -0.7187911737869137E+00 -0.8002190070768826E+00 -0.8888862361877842E+00 -0.1114171349183309E+01 -0.1364544013458785E+01 -0.1389013697519313E+01 -0.1126806141096042E+01 -0.7355588845307932E+00 -0.3540865642973243E+00 -0.9637603422951363E-01 -0.6495846160878344E-01
 -0.1978073765579502E-01  0.2272669301157419E+00  0.6620200526914306E+00  0.9255610499538826E+00  0.9254424058072378E+00  0.7499002751812365E+00  0.4805644961522287E+00  0.1685420782997613E+00 -0.1463877904547616E+00 -0.4202126387493576E+00 -0.6025614198312891E+00 -0.6697947960835746E+00 -0.7111781233113146E+00 -0.8993531770136081E+00 -0.1218975539120525E+01 -0.1418035472150836E+01 -0.1312287763306488E+01 -0.9830656558509588E+00 -0.5739054041480732E+00 -0.2064717637121671E+00  0.4550988698842806E-01
  0.8147455127777281E-01  0.1216243237547452E+00  0.4463475225420085E+00  0.7253672292378920E+00  0.8031170119059099E+00  0.7010224515613886E+00  0.4871995070771105E+00  0.2190142527040840E+00 -0.5772391824178748E-01 -0.2993623511716789E+00 -0.4607322937466230E+00 -0.5163426439042204E+00 -0.5250156389722613E+00 -0.6559680205111426E+00 -0.9825074310375259E+00 -0.1320913497851568E+01 -0.1407045713820612E+01 -0.1197238445397958E+01 -0.8089956398303950E+00 -0.3355973865720237E+00  0.1977965198856761E+00
  0.1443239914577887E+00  0.3230826644834001E-01  0.2412487908028088E+00  0.4795463470455765E+00  0.6021175446229786E+00  0.5764347830545247E+00  0.4372719703815328E+00  0.2341313723148567E+00  0.1415186447637348E-01 -0.1795838618053598E+00 -0.3078987233088157E+00 -0.3512274252587562E+00 -0.3442301276218815E+00 -0.4165760323241243E+00 -0.6908566302764431E+00 -0.1096257219663074E+01 -0.1373343601121458E+01 -0.1336480828062137E+01 -0.1029128712691075E+01 -0.4777307569798099E+00  0.4040635582483547E+00
  0.1333127377706327E+00 -0.1347549066561568E-01  0.9288626577378566E-01  0.2511366795445534E+00  0.3676201868706540E+00  0.3923009852030962E+00  0.3272685026949453E+00  0.2015053166183249E+00  0.5286501767711414E-01 -0.8130769058034044E-01 -0.1697133236343630E+00 -0.1999489207755207E+00 -0.1902378011125670E+00 -0.2159435599346381E+00 -0.3954944889631309E+00 -0.7690033870917534E+00 -0.1182539858338549E+01 -0.1350565006585125E+01 -0.1192135380558522E+01 -0.6264711597829414E+00  0.6872780987903020E+00
  0.3282460998616648E-01 -0.9897802193113087E-02  0.3131203406827220E-02  0.7025596371522179E-01  0.1473963962110745E+00  0.1881368765245039E+00  0.1762082063067612E+00  0.1205985273374220E+00  0.4377624535815784E-01 -0.2880751547463317E-01 -0.7677257512880120E-01 -0.9271593296152562E-01 -0.8457109164411035E-01 -0.8209145668494126E-01 -0.1574180302821679E+00 -0.4023738515571408E+00 -0.8373265070189760E+00 -0.1187624589026104E+01 -0.1234868294173931E+01 -0.7737046552107091E+00  0.1086245671458196E+01
 -0.1641718102182139E+00  0.4304694896059804E-01 -0.3503096333641976E-01 -0.3975995629190494E-01 -0.3323504492231870E-02  0.3157326405993474E-01  0.4496018446713818E-01  0.3491614896583708E-01  0.1037496832918591E-01 -0.1585668446167321E-01 -0.3315162606216457E-01 -0.3662496782546690E-01 -0.2944888480406020E-01 -0.1765526944594541E-01 -0.2367008154322411E-01 -0.9988175775183990E-01 -0.4166022691997321E+00 -0.8310049699870220E+00 -0.1057823103491258E+01 -0.8518060763401607E+00  0.1497595125529224E+01
  0.4189248916006567E+00 -0.2222195408866007E+00 -0.2477337310591454E+00 -0.1807511567941838E+00 -0.1139147309501489E+00 -0.6508706074900512E-01 -0.3487039017328993E-01 -0.2016207633678664E-01 -0.1584699090449761E-01 -0.1571516761390858E-01 -0.1465050266276683E-01 -0.9585499129217587E-02 -0.2052091956622141E-02  0.7581754499445316E-02  0.9779186832904461E-02  0.5236892727226947E-02 -0.1405705228931620E+00 -0.3973200615289465E+00 -0.5714194216051631E+00 -0.5471440498912248E+00  0.1070012728068511E+01
  0.0000000000000000E+00  0.0000000000000000E+00  0.0000000000000000E+00  0.0000000000000000E+00  0.0000000000000000E+00  0.0000000000000000E+00  0.0000000000000000E+00  0.0000000000000000E+00  0.0000000000000000E+00  0.0000000000000000E+00  0.0000000000000000E+00  0.0000000000000000E+00  0.0000000000000000E+00  0.0000000000000000E+00  0.0000000000000000E+00  0.0000000000000000E+00  0.0000000000000000E+00  0.0000000000000000E+00  0.0000000000000000E+00  0.0000000000000000E+00  0.0000000000000000E+00
