  0.0000000000000000E+00  0.0000000000000000E+00  0.0000000000000000E+00  0.0000000000000000E+00  0.0000000000000000E+00  0.0000000000000000E+00  0.0000000000000000E+00  0.0000000000000000E+00  0.0000000000000000E+00  0.0000000000000000E+00  0.0000000000000000E+00  0.0000000000000000E+00  0.0000000000000000E+00  0.0000000000000000E+00  0.0000000000000000E+00  0.0000000000000000E+00  0.0000000000000000E+00  0.0000000000000000E+00  0.0000000000000000E+00  0.0000000000000000E+00  0.0000000000000000E+00
  0.3851706140508704E-01 -0.1600324794986127E-01 -0.9492682444496775E-02  0.1029478292977143E-02 -0.1074465653258907E-01 -0.4072395809515769E-01 -0.7055456009750971E-01 -0.8264990409542142E-01 -0.8139709583109382E-01 -0.7412390355401798E-01 -0.6192130147182319E-01 -0.3111320307462501E-01  0.2789501387975377E-01  0.9589772195401880E-01  0.1362054389820155E+00  0.1344812952781695E+00  0.9899670285825020E-01  0.4421719866932802E-01 -0.9254827374521589E-02 -0.2756243519324164E-01  0.7343247820520334E-01
  0.5599849883142702E-03  0.1777322865864102E-01  0.5387967096423731E-01  0.7217922533871141E-01  0.4225088650202365E-01 -0.2726133862760479E-01 -0.1197882886788941E+00 -0.2105347075746422E+00 -0.2845120486101916E+00 -0.3216062384141721E+00 -0.3074921003200614E+00 -0.2292770582018300E+00 -0.1015911116399406E+00  0.3833393060094129E-01  0.1485291831971535E+00  0.2036209882148627E+00  0.1991943738909766E+00  0.1463829601943130E+00  0.7009413247191074E-01  0.8909513956382616E-02  0.4336559060276289E-01
 -0.1579754719345527E+00  0.1113550810768808E+00  0.1760897712960896E+00  0.1840916967430284E+00  0.1183596677705733E+00  0.3060184618945161E-02 -0.1402819288915713E+00 -0.2827386442912003E+00 -0.4093961864427920E+00 -0.4937566238456303E+00 -0.5168066843776693E+00 -0.4546861556222365E+00 -0.3123126179901206E+00 -0.1245703553037278E+00  0.5829322572166350E-01  0.1971285904692458E+00  0.2681865648308781E+00  0.2620313551433721E+00  0.1933484252571949E+00  0.1017986972374098E+00 -0.1120476664550344E+00
 -0.4081923089485259E+00  0.2493957158108564E+00  0.3399948384840433E+00  0.3207326360197544E+00  0.2126184162958931E+00  0.5005525457797113E-01 -0.1454395393811834E+00 -0.3421460433542561E+00 -0.5247398203229864E+00 -0.6600017399311352E+00 -0.7239914554808329E+00 -0.6842655848367521E+00 -0.5388413160849921E+00 -0.3221535332921507E+00 -0.9122081140644293E-01  0.1117970374901679E+00  0.2579818643641768E+00  0.3200709102489660E+00  0.2928648624579145E+00  0.1941012429144707E+00 -0.2894388662854975E+00
 -0.6723673583799652E+00  0.3981189263747896E+00  0.5219894207444038E+00  0.4709137122040210E+00  0.3262707713370956E+00  0.1268275633524796E+00 -0.1065213370742345E+00 -0.3419188909357305E+00 -0.5682260155646901E+00 -0.7542617734286601E+00 -0.8746628914723312E+00 -0.8847073285071859E+00 -0.7592443089458426E+00 -0.5239349653064969E+00 -0.2545209366393757E+00 -0.9005732242032476E-02  0.1896010217516677E+00  0.3132145595268298E+00  0.3359636250916004E+00  0.2348345039275001E+00 -0.3685398866908999E+00
 -0.8725093370957696E+00  0.5227828579450603E+00  0.6958392367394114E+00  0.6179771510534259E+00  0.4420112215373179E+00  0.2109329959391825E+00 -0.5340209699566208E-01 -0.3181965700320891E+00 -0.5742151015999283E+00 -0.7964541031112256E+00 -0.9680817497132286E+00 -0.1045220001126624E+01 -0.9739592635094783E+00 -0.7423807339922328E+00 -0.4314568913036788E+00 -0.1418361888821471E+00  0.9333649616618726E-01  0.2591861319845801E+00  0.3185194462042763E+00  0.2176815513886731E+00 -0.3345252079617430E+00
 -0.9532688189663595E+00  0.5990198764596841E+00  0.8437908104126929E+00  0.7553256916329580E+00  0.5576627202712023E+00  0.3038599774627967E+00  0.1681765666431501E-01 -0.2696294572386039E+00 -0.5434299057651277E+00 -0.7836049974803172E+00 -0.9867485228871642E+00 -0.1130340076390661E+01 -0.1149799118716257E+01 -0.9755374966373962E+00 -0.6450062267801551E+00 -0.2978778521217931E+00 -0.1980065406284055E-01  0.1743937029936500E+00  0.2563002167263792E+00  0.1724808932524113E+00 -0.2611424630308546E+00
 -0.8939332103715757E+00  0.6167334054552688E+00  0.9562670059942305E+00  0.8798792391725894E+00  0.6700933267576340E+00  0.3997488741395877E+00  0.9260744861561383E-01 -0.2161996580455252E+00 -0.5063851690483748E+00 -0.7523978320962607E+00 -0.9576296833415084E+00 -0.1134749379496433E+01 -0.1246738533458416E+01 -0.1184338833537743E+01 -0.8977813624423970E+00 -0.5081596518128423E+00 -0.1682161335632066E+00  0.6680037850300141E-01  0.1760902757261526E+00  0.1271563213508636E+00 -0.2053786883264382E+00
 -0.7250770662122683E+00  0.5830069503710469E+00  0.1023943784900872E+01  0.9870825586017912E+00  0.7777882045168093E+00  0.4993437701935111E+00  0.1782679562462545E+00 -0.1515801753032556E+00 -0.4619238310850773E+00 -0.7165440152496162E+00 -0.9095916969253964E+00 -0.1079966857506149E+01 -0.1248420373609749E+01 -0.1314100932399741E+01 -0.1140669682082955E+01 -0.7672808346943033E+00 -0.3729652057249295E+00 -0.7407475784717560E-01  0.8801753564045893E-01  0.9098001507615311E-01 -0.1849225095880004E+00
 -0.5178451754210638E+00  0.5174938757264688E+00  0.1034636451758343E+01  0.1065047574797199E+01  0.8739495089531039E+00  0.5968150142937407E+00  0.2702802747785687E+00 -0.7423689219544187E-01 -0.4041907497520631E+00 -0.6741658874400139E+00 -0.8584586412385917E+00 -0.9973325650501127E+00 -0.1172270923659040E+01 -0.1340896991130833E+01 -0.1317750662394915E+01 -0.1029332914982046E+01 -0.6216755794157286E+00 -0.2594111809672138E+00 -0.2149258398893323E-01  0.5116119954720975E-01 -0.1749761826305625E+00
 -0.3206118341191733E+00  0.4320412436593231E+00  0.9755118968587959E+00  0.1091308746622484E+01  0.9420435156092173E+00  0.6795996093253184E+00  0.3588511430924221E+00  0.1198127179471700E-01 -0.3274837144181312E+00 -0.6114732533259637E+00 -0.7965028965805638E+00 -0.9016343851803476E+00 -0.1043325939148000E+01 -0.1266997206148759E+01 -0.1395475738035495E+01 -0.1247407783349914E+01 -0.8829291278414408E+00 -0.4840929603417310E+00 -0.1664984346118265E+00 -0.9160256116539546E-02 -0.1390176662622079E+00
 -0.1526444575420776E+00  0.3326422947835816E+00  0.8452824268086674E+00  0.1047162198587559E+01  0.9650084953931867E+00  0.7351488033605650E+00  0.4321359846429098E+00  0.9617005667753006E-01 -0.2377269808516433E+00 -0.5237285368159076E+00 -0.7108978741309535E+00 -0.7923809080048634E+00 -0.8833481524776848E+00 -0.1110119622639728E+01 -0.1360155007172630E+01 -0.1384574375543206E+01 -0.1123053224903745E+01 -0.7325206723411328E+00 -0.3520574178678560E+00 -0.9543501324493066E-01 -0.6575237813306406E-01
 -0.1931297619025041E-01  0.2251392272560012E+00  0.6561047055777531E+00  0.9181583809474845E+00  0.9186302568390659E+00  0.7445458735523315E+00  0.4772985429482504E+00  0.1678947251861466E+00 -0.1441282569268477E+00 -0.4150882724507014E+00 -0.5952270254509140E+00 -0.6621141964295766E+00 -0.7056402207293783E+00 -0.8957510251030467E+00 -0.1215196789967523E+01 -0.1413814653276035E+01 -0.1308482774490117E+01 -0.9797904281118777E+00 -0.5715237314094997E+00 -0.2053814651043638E+00  0.4462066390359176E-01
  0.8070594433867206E-01  0.1204957807825144E+00  0.4421932866862153E+00  0.7189517899771074E+00  0.7965022088275867E+00  0.6955625512027035E+00  0.4836985276466453E+00  0.2179919760784869E+00 -0.5603093126710750E-01 -0.2950303067453187E+00 -0.4543923535996790E+00 -0.5095729289623288E+00 -0.5200653647500099E+00 -0.6530452451816843E+00 -0.9795375529762398E+00 -0.1317169313636376E+01 -0.1403412042745467E+01 -0.1193959856072086E+01 -0.8064483597634495E+00 -0.3344066925359208E+00  0.1967717178443129E+00
  0.1422796894315277E+00  0.3232088979279801E-01  0.2392423588099218E+00  0.4751536524432930E+00  0.5966764803028695E+00  0.5714348009292601E+00  0.4337836366346170E+00  0.2328078518550751E+00  0.1523797170625677E-01 -0.1762126264877590E+00 -0.3029157474648131E+00 -0.3459804957235686E+00 -0.3404429746275193E+00 -0.4145683526630876E+00 -0.6888067664314512E+00 -0.1093130569174136E+01 -0.1369996013239874E+01 -0.1333346412897887E+01 -0.1026576023785295E+01 -0.4764802633789767E+00  0.4028647663516352E+00
  0.1303061544513016E+00 -0.1252988991236971E-01  0.9271648471419250E-01  0.2491606600861107E+00  0.3643227107609354E+00  0.3887444655310237E+00  0.3244782816034189E+00  0.2002219439900807E+00  0.5341395259729657E-01 -0.7902629925945692E-01 -0.1663393545937686E+00 -0.1965406099175637E+00 -0.1879073304613762E+00 -0.2149317667636026E+00 -0.3943757587600308E+00 -0.7665679873096002E+00 -0.1179518844969959E+01 -0.1347650046692200E+01 -0.1189696644927316E+01 -0.6251852994279022E+00  0.6858592533563910E+00
  0.3096161994050198E-01 -0.9017944077480598E-02  0.3907787708060186E-02  0.7009392778589862E-01  0.1462307214495845E+00  0.1865008692977293E+00  0.1747988873610172E+00  0.1199925236122307E+00  0.4423833784254017E-01 -0.2737459649261131E-01 -0.7483489070239026E-01 -0.9090718751568544E-01 -0.8345763840573728E-01 -0.8181478452128085E-01 -0.1570669351356462E+00 -0.4006542689114856E+00 -0.8346502369985493E+00 -0.1184986954077749E+01 -0.1232674220825689E+01 -0.7724159594485676E+00  0.1084573657520014E+01
 -0.1649333252217731E+00  0.4371319909568736E-01 -0.3379372793471100E-01 -0.3892637044516676E-01 -0.3135447670477797E-02  0.3130217041839921E-01  0.4458731438156359E-01  0.3478401126691813E-01  0.1066526260883545E-01 -0.1516270973913706E-01 -0.3226218762623263E-01 -0.3581579306687893E-01 -0.2896676012035299E-01 -0.1758635258429991E-01 -0.2370819035369539E-01 -0.9881096128510723E-01 -0.4143196198197299E+00 -0.8287811412902502E+00 -0.1056095715862449E+01 -0.8506980972770463E+00  0.1495998575968690E+01
  0.4178627849532256E+00 -0.2216575235996898E+00 -0.2471097858458439E+00 -0.1803078040509138E+00 -0.1136224235876450E+00 -0.6488273295695268E-01 -0.3466934364047319E-01 -0.1986774747861294E-01 -0.1540206975551158E-01 -0.1512757863654790E-01 -0.1400323368804241E-01 -0.8977048073428993E-02 -0.1572683850945873E-02  0.7949333550733385E-02  0.1006811478444240E-01  0.6101807607217717E-02 -0.1390136548066704E+00 -0.3959206002715405E+00 -0.5704589058415974E+00 -0.5465208368110406E+00  0.1069103604591524E+01
  0.0000000000000000E+00  0.0000000000000000E+00  0.0000000000000000E+00  0.0000000000000000E+00  0.0000000000000000E+00  0.0000000000000000E+00  0.0000000000000000E+00  0.0000000000000000E+00  0.0000000000000000E+00  0.0000000000000000E+00  0.0000000000000000E+00  0.0000000000000000E+00  0.0000000000000000E+00  0.0000000000000000E+00  0.0000000000000000E+00  0.0000000000000000E+00  0.0000000000000000E+00  0.0000000000000000E+00  0.0000000000000000E+00  0.0000000000000000E+00  0.0000000000000000E+00
