  0.0000000000000000E+00  0.0000000000000000E+00  0.0000000000000000E+00  0.0000000000000000E+00  0.0000000000000000E+00  0.0000000000000000E+00  0.0000000000000000E+00  0.0000000000000000E+00  0.0000000000000000E+00  0.0000000000000000E+00  0.0000000000000000E+00  0.0000000000000000E+00  0.0000000000000000E+00  0.0000000000000000E+00  0.0000000000000000E+00  0.0000000000000000E+00  0.0000000000000000E+00  0.0000000000000000E+00  0.0000000000000000E+00  0.0000000000000000E+00  0.0000000000000000E+00
  0.3853142734971318E-01 -0.1601296696413449E-01 -0.9507473542690305E-02  0.1012800599204866E-02 -0.1076883752966928E-01 -0.4075434710638545E-01 -0.7058047548669680E-01 -0.8266024378866174E-01 -0.8139526918833907E-01 -0.7411751776630693E-01 -0.6191845312392475E-01 -0.3110887356680027E-01  0.2791703400118192E-01  0.9594408616773797E-01  0.1362589655746866E+00  0.1345220771538103E+00  0.9901148793206045E-01  0.4419739323551032E-01 -0.9309106358024049E-02 -0.2760705331298232E-01  0.7351205358092290E-01
  0.5578735503642684E-03  0.1777802217853477E-01  0.5389194008596857E-01  0.7219504479891262E-01  0.4225380775757564E-01 -0.2727991144151099E-01 -0.1198320337439632E+00 -0.2105997556047557E+00 -0.2845970171121249E+00 -0.3217006102051566E+00 -0.3075825378378834E+00 -0.2293365967753472E+00 -0.1016020133853962E+00  0.3837164901246182E-01  0.1485965245428188E+00  0.2036937319435567E+00  0.1992502278746046E+00  0.1464050312254056E+00  0.7007421858030453E-01  0.8873647657781893E-02  0.4345327560695886E-01
 -0.1580205809600705E+00  0.1113874284300489E+00  0.1761417043300761E+00  0.1841495520831110E+00  0.1183984762696446E+00  0.3069862580807623E-02 -0.1403082611365274E+00 -0.2827976415550653E+00 -0.4094888982827244E+00 -0.4938720036622316E+00 -0.5169345817911342E+00 -0.4547974201255343E+00 -0.3123808348926438E+00 -0.1245818956614724E+00  0.5833011691572765E-01  0.1971961728827927E+00  0.2682625202253345E+00  0.2620906057425202E+00  0.1933685223319920E+00  0.1017796604195247E+00 -0.1119704589265822E+00
 -0.4083109821637761E+00  0.2494697247341028E+00  0.3400981920385324E+00  0.3208336556057806E+00  0.2126859187106967E+00  0.5007817092448616E-01 -0.1454720845162877E+00 -0.3422288959570760E+00 -0.5248727631536043E+00 -0.6601676026054053E+00 -0.7241777391756692E+00 -0.6844401562224320E+00 -0.5389733725491654E+00 -0.3222227399946482E+00 -0.9123156435402489E-01  0.1118322663706074E+00  0.2580482377225735E+00  0.3201438693708291E+00  0.2929132658545358E+00  0.1940986719665513E+00 -0.2893827500451182E+00
 -0.6725657397459401E+00  0.3982390351022410E+00  0.5221513655607830E+00  0.4710637879950978E+00  0.3263791622438049E+00  0.1268844827628106E+00 -0.1065298242817005E+00 -0.3419870755698939E+00 -0.5683550504563434E+00 -0.7544350670741763E+00 -0.8748726448888412E+00 -0.8849259609985060E+00 -0.7594323679929427E+00 -0.5240558062828418E+00 -0.2545745672842319E+00 -0.9009012476450598E-02  0.1896397632606487E+00  0.3132779390803693E+00  0.3360175211726218E+00  0.2348335858110916E+00 -0.3684832362606531E+00
 -0.8727702569279325E+00  0.5229423152967771E+00  0.6960566889623989E+00  0.6181724183726538E+00  0.4421556662049814E+00  0.2110153651899875E+00 -0.5340032638468030E-01 -0.3182682454201116E+00 -0.5743562298486681E+00 -0.7966406635466750E+00 -0.9683065249783884E+00 -0.1045470748106129E+01 -0.9742032883345301E+00 -0.7425615601903275E+00 -0.4315529828151449E+00 -0.1418728728992761E+00  0.9334415215966613E-01  0.2592254328912977E+00  0.3185568608402735E+00  0.2176709923214857E+00 -0.3344561161241834E+00
 -0.9535556305368337E+00  0.5992040444421439E+00  0.8440565027895980E+00  0.7555655127037383E+00  0.5578487418299776E+00  0.3039779430949897E+00  0.1684091525347838E-01 -0.2696981466943938E+00 -0.5435819254240036E+00 -0.7838037392490130E+00 -0.9869744511470739E+00 -0.1130594551460101E+01 -0.1150077652044814E+01 -0.9757838041346519E+00 -0.6451607531931506E+00 -0.2979526110982528E+00 -0.1982494370954638E-01  0.1744012595442317E+00  0.2563095979117532E+00  0.1724602427386194E+00 -0.2610711303041051E+00
 -0.8941959958959063E+00  0.6169228682005311E+00  0.9565726087056869E+00  0.8801636873373861E+00  0.6703249084423076E+00  0.3999074079507287E+00  0.9265459701594848E-01 -0.2162706430702201E+00 -0.5065639025930994E+00 -0.7526336869098875E+00 -0.9578746145099108E+00 -0.1134996952148670E+01 -0.1247018301302292E+01 -0.1184629932331106E+01 -0.8980049672126041E+00 -0.5082910807057206E+00 -0.1682821153435635E+00  0.6677545274987541E-01  0.1760765887320848E+00  0.1271320872341127E+00 -0.2053196729702532E+00
 -0.7252621111643969E+00  0.5831798347575070E+00  0.1024277393108124E+01  0.9874095014497525E+00  0.7780664531481628E+00  0.4995486744014533E+00  0.1783516264230795E+00 -0.1516372027707470E+00 -0.4621174347292514E+00 -0.7168218706784782E+00 -0.9098769101703896E+00 -0.1080218706507980E+01 -0.1248680726911219E+01 -0.1314399543113250E+01 -0.1140942132021675E+01 -0.7674718107485793E+00 -0.3730840594426507E+00 -0.7413744004041514E-01  0.8798551688083001E-01  0.9095648998841963E-01 -0.1848839530844288E+00
 -0.5179397339137075E+00  0.5176392391617204E+00  0.1034977983571454E+01  0.1065408459866648E+01  0.8742687169301735E+00  0.5970628531100737E+00  0.2704048398057043E+00 -0.7426533944805071E-01 -0.4043764855641283E+00 -0.6744668483282252E+00 -0.8587863424301028E+00 -0.9976041213249893E+00 -0.1172510313708844E+01 -0.1341176980311951E+01 -0.1318042215367625E+01 -0.1029566432574613E+01 -0.6218426748907553E+00 -0.2595160565780451E+00 -0.2154718464093637E-01  0.5113356647023379E-01 -0.1749478840516377E+00
 -0.3206306702224985E+00  0.4321536763077353E+00  0.9758303587007074E+00  0.1091681189588175E+01  0.9423866528739292E+00  0.6798753715003968E+00  0.3590090392776953E+00  0.1198655316637265E-01 -0.3276409589326253E+00 -0.6117646254588957E+00 -0.7968476700158288E+00 -0.9019230356777761E+00 -0.1043545304954568E+01 -0.1267242063986418E+01 -0.1395760136681500E+01 -0.1247662040226659E+01 -0.8831295806391806E+00 -0.4842375523710981E+00 -0.1665817060934238E+00 -0.9198596729757577E-02 -0.1389859159041511E+00
 -0.1526060954043178E+00  0.3327162372646557E+00  0.8455426163896493E+00  0.1047514122513206E+01  0.9653544238714116E+00  0.7354354819146960E+00  0.4323135388996447E+00  0.9620327699132881E-01 -0.2378492671485730E+00 -0.5239866561437546E+00 -0.7112251790280235E+00 -0.7926647559964120E+00 -0.8835423529076988E+00 -0.1110319503256942E+01 -0.1360412966012179E+01 -0.1384830841710297E+01 -0.1123269285145527E+01 -0.7326945201726878E+00 -0.3521701556885689E+00 -0.9548569419791082E-01 -0.6571307309483637E-01
 -0.1923074181048023E-01  0.2251689374786541E+00  0.6562760706254821E+00  0.9184476565087216E+00  0.9189453898286899E+00  0.7448198192191033E+00  0.4774790825703246E+00  0.1679465681271665E+00 -0.1442163516977088E+00 -0.4153006816390250E+00 -0.5955080202787717E+00 -0.6623622933832053E+00 -0.7057949341379972E+00 -0.8958974298112303E+00 -0.1215414280984786E+01 -0.1414060577062724E+01 -0.1308702074376233E+01 -0.9799799455476232E+00 -0.5716596812781403E+00 -0.2054427711327003E+00  0.4466863211996075E-01
  0.8082887649155851E-01  0.1204788107639957E+00  0.4422653087835458E+00  0.7191461788393332E+00  0.7967551642830846E+00  0.6958018478645589E+00  0.4838671032142128E+00  0.2180531106454799E+00 -0.5608830000485691E-01 -0.2951918452552426E+00 -0.4546089787886773E+00 -0.5097595532916928E+00 -0.5201654651963165E+00 -0.6531318782639423E+00 -0.9797046815895285E+00 -0.1317394364231331E+01 -0.1403626698495765E+01 -0.1194153995503922E+01 -0.8065980461292545E+00 -0.3344760260010846E+00  0.1968300318739992E+00
  0.1424414681134158E+00  0.3226202255061908E-01  0.2392275357652731E+00  0.4752341192900170E+00  0.5968305129917495E+00  0.5716068311770214E+00  0.4339184844716063E+00  0.2328664848589410E+00  0.1520689472288691E-01 -0.1763216123371172E+00 -0.3030598640668963E+00 -0.3460937653625514E+00 -0.3404834799280888E+00 -0.4145963010421367E+00 -0.6889187002279243E+00 -0.1093326862190447E+01 -0.1370201490368256E+01 -0.1333537325328942E+01 -0.1026730575426879E+01 -0.4765553776113681E+00  0.4029355574072251E+00
  0.1304651511797475E+00 -0.1260309912658211E-01  0.9265585380000115E-01  0.2491524663864254E+00  0.3643727312673423E+00  0.3888257126971369E+00  0.3245522176661620E+00  0.2002557380527539E+00  0.5339383309191456E-01 -0.7909204876941824E-01 -0.1664181636366738E+00 -0.1965897260482073E+00 -0.1879023726227116E+00 -0.2149160459253442E+00 -0.3944347185052263E+00 -0.7667275872940315E+00 -0.1179711389158331E+01 -0.1347832443855207E+01 -0.1189848165619420E+01 -0.6252645552073671E+00  0.6859455000026808E+00
  0.3102351198405890E-01 -0.9061143957810162E-02  0.3840080110628419E-02  0.7004006315406826E-01  0.1462091860823762E+00  0.1865053788193717E+00  0.1748100603456689E+00  0.1199907316525829E+00  0.4421509613871582E-01 -0.2741368866537511E-01 -0.7487132795501111E-01 -0.9092111675224204E-01 -0.8343806189496765E-01 -0.8178463064772841E-01 -0.1570855101687221E+00 -0.4007708198727965E+00 -0.8348238728997651E+00 -0.1185154580687097E+01 -0.1232812870871246E+01 -0.7724969302455502E+00  0.1084677919865405E+01
 -0.1648954041636224E+00  0.4367654354817703E-01 -0.3386577351909131E-01 -0.3899505055417975E-01 -0.3184657356813825E-02  0.3127309067445761E-01  0.4457034083481084E-01  0.3476895646406098E-01  0.1064649883293496E-01 -0.1518449134420727E-01 -0.3228014104098990E-01 -0.3582318402121904E-01 -0.2895866910214705E-01 -0.1757033545099827E-01 -0.2370773166481709E-01 -0.9888560951645475E-01 -0.4144671595541176E+00 -0.8289226321885457E+00 -0.1056205497119654E+01 -0.8507687841331085E+00  0.1496100855279672E+01
  0.4179341613754117E+00 -0.2216996099969659E+00 -0.2471646686154860E+00 -0.1803551189578805E+00 -0.1136609948120629E+00 -0.6491481266971291E-01 -0.3469773578399694E-01 -0.1989538745750203E-01 -0.1543032566340919E-01 -0.1515590829436003E-01 -0.1402884596107254E-01 -0.8998213479101382E-02 -0.1587954574423472E-02  0.7934878952461035E-02  0.1004940280294978E-01  0.6043814478890367E-02 -0.1391137131912470E+00 -0.3960096453845693E+00 -0.5705198232181768E+00 -0.5465608409043210E+00  0.1069162699494786E+01
  0.0000000000000000E+00  0.0000000000000000E+00  0.0000000000000000E+00  0.0000000000000000E+00  0.0000000000000000E+00  0.0000000000000000E+00  0.0000000000000000E+00  0.0000000000000000E+00  0.0000000000000000E+00  0.0000000000000000E+00  0.0000000000000000E+00  0.0000000000000000E+00  0.0000000000000000E+00  0.0000000000000000E+00  0.0000000000000000E+00  0.0000000000000000E+00  0.0000000000000000E+00  0.0000000000000000E+00  0.0000000000000000E+00  0.0000000000000000E+00  0.0000000000000000E+00
