  0.0000000000000000E+00  0.5354295054809846E-02  0.2091656838639289E-01  0.7244347053877581E-01  0.1412451702575401E+00  0.1980666831165600E+00  0.1974658989676749E+00  0.9593500403909766E-01 -0.1022064732312031E+00 -0.3559561555333224E+00 -0.5977795974642734E+00 -0.7499551695712261E+00 -0.7567307546713358E+00 -0.6355917287830445E+00 -0.4635517995517465E+00 -0.2962155224006214E+00 -0.1568723302402378E+00 -0.5411124513753723E-01  0.7792123455181460E-02  0.1871133872034322E-01  0.0000000000000000E+00
  0.0000000000000000E+00 -0.2345575060283235E-01 -0.6530992900984631E-01 -0.1219272363708549E+00 -0.1802930188752880E+00 -0.2215701034055889E+00 -0.2275930315344379E+00 -0.1796753196951244E+00 -0.7958314908383614E-01  0.5731891195496892E-01  0.2015167553814874E+00  0.3194103329319636E+00  0.3822740684722695E+00  0.3859720310490211E+00  0.3483691965264364E+00  0.2855462376392616E+00  0.2082127790607985E+00  0.1294752095209743E+00  0.6132136899954518E-01  0.2180450929092290E-01  0.0000000000000000E+00
  0.0000000000000000E+00 -0.6501295675368722E-01 -0.1750132186431460E+00 -0.2933382385737890E+00 -0.3996338863683239E+00 -0.4666436271002068E+00 -0.4853131956356386E+00 -0.4430909550462755E+00 -0.3409559204827115E+00 -0.1839994196684156E+00  0.6770668680188702E-02  0.2082758292246648E+00  0.3900914507454729E+00  0.5223243643640186E+00  0.5815557900275629E+00  0.5604231905171634E+00  0.4677660069421576E+00  0.3343143834253857E+00  0.1917562304538170E+00  0.8412486659311193E-01  0.0000000000000000E+00
  0.0000000000000000E+00 -0.8211655853699626E-01 -0.2653040864422949E+00 -0.4210219550659037E+00 -0.5574022990793915E+00 -0.6431072476153705E+00 -0.6847922087909580E+00 -0.6699878766153816E+00 -0.6043041316371455E+00 -0.4839034645489081E+00 -0.3202505316278398E+00 -0.1223165684221517E+00  0.8560144794638938E-01  0.2742118188442837E+00  0.4139692025813023E+00  0.4842918283005415E+00  0.4716315813069262E+00  0.3849882546362451E+00  0.2476609935831454E+00  0.1109650107464765E+00  0.0000000000000000E+00
  0.0000000000000000E+00 -0.7592716700309912E-01 -0.3102532811306226E+00 -0.4822427482887504E+00 -0.6395089456020413E+00 -0.7422081105059426E+00 -0.8107133467182146E+00 -0.8286079223332486E+00 -0.8051326915593904E+00 -0.7295765520607779E+00 -0.6060847804800680E+00 -0.4339140214950110E+00 -0.2332879477465133E+00 -0.3697648555034582E-01  0.1246188323565677E+00  0.2390646548988698E+00  0.2942465723801539E+00  0.2805036265769845E+00  0.1960237733335548E+00  0.9406205429180568E-01  0.0000000000000000E+00
  0.0000000000000000E+00 -0.5906941039697018E-01 -0.3010164479012237E+00 -0.4704159985417981E+00 -0.6343697103107991E+00 -0.7448397327418252E+00 -0.8325412671577243E+00 -0.8789331126788544E+00 -0.8979524297886804E+00 -0.8769308188300486E+00 -0.8122973717306988E+00 -0.6877611823021366E+00 -0.5073649122017628E+00 -0.3068485932415245E+00 -0.1355537098983661E+00 -0.1008105856857893E-01  0.7574842634787486E-01  0.1143451330439048E+00  0.8961661993510585E-01  0.5205024517634983E-01  0.0000000000000000E+00
  0.0000000000000000E+00 -0.3650634932899507E-01 -0.2443191224008305E+00 -0.4014462129257130E+00 -0.5621519441175049E+00 -0.6763367059104402E+00 -0.7763280397678848E+00 -0.8428669875257999E+00 -0.8919230982529955E+00 -0.9168963427662343E+00 -0.9146410011932585E+00 -0.8588156009363331E+00 -0.7243468608267617E+00 -0.5264445371902379E+00 -0.3307067629224765E+00 -0.1888286124442071E+00 -0.9200462247872186E-01 -0.2710389757645421E-01 -0.3172764813845632E-02  0.1182136454593014E-01  0.0000000000000000E+00
  0.0000000000000000E+00 -0.7400607385961786E-03 -0.1489021134878453E+00 -0.2901742493276261E+00 -0.4428181883631828E+00 -0.5597014557781639E+00 -0.6675971354293829E+00 -0.7466625847531336E+00 -0.8106061219798898E+00 -0.8611382780584349E+00 -0.9052358876140394E+00 -0.9224792794029637E+00 -0.8645827686878080E+00 -0.7027826783249141E+00 -0.4833060217682493E+00 -0.2969512280079766E+00 -0.1748309012372983E+00 -0.9240711432093705E-01 -0.3803374635885420E-01  0.2168963131265754E-02  0.0000000000000000E+00
  0.0000000000000000E+00  0.5534512015613305E-01 -0.2801534876362062E-01 -0.1494431115349154E+00 -0.2923088275310382E+00 -0.4121453856315972E+00 -0.5272605726904275E+00 -0.6175427868596782E+00 -0.6895386367604353E+00 -0.7483661421966399E+00 -0.8117570772021735E+00 -0.8810272959772137E+00 -0.9090711716495086E+00 -0.8268550598108996E+00 -0.6247787289357257E+00 -0.3901903189542779E+00 -0.2111160353231443E+00 -0.9460982129565165E-01 -0.2108562795765697E-01  0.2277761273033363E-01  0.0000000000000000E+00
  0.0000000000000000E+00  0.1197329094551900E+00  0.9812914693680877E-01  0.8629079124013844E-02 -0.1188682272292028E+00 -0.2375150355822996E+00 -0.3565550561054339E+00 -0.4575797371504921E+00 -0.5395520373284756E+00 -0.6043353071237983E+00 -0.6710158903954618E+00 -0.7627800797838590E+00 -0.8580915082271946E+00 -0.8759383060049633E+00 -0.7476466556856605E+00 -0.5108870415267772E+00 -0.2770320570579397E+00 -0.1068092010337510E+00 -0.4885289697636668E-02  0.4352442470897837E-01  0.0000000000000000E+00
  0.0000000000000000E+00  0.1643744540719393E+00  0.2049951327854299E+00  0.1668313638607513E+00  0.6891453782193677E-01 -0.3774014870618007E-01 -0.1515412149838022E+00 -0.2579420570431372E+00 -0.3518512624932375E+00 -0.4302696988336400E+00 -0.5038423655897118E+00 -0.6027579602640722E+00 -0.7367026575392678E+00 -0.8449600036411863E+00 -0.8228947695503529E+00 -0.6412610053769817E+00 -0.3926808973901253E+00 -0.1768389290019574E+00 -0.3363942562151405E-01  0.3418039428684184E-01  0.0000000000000000E+00
  0.0000000000000000E+00  0.1735227402890092E+00  0.2734555537694064E+00  0.3050504502149334E+00  0.2569433814785235E+00  0.1774557743614970E+00  0.8050479717108873E-01 -0.2161834767142196E-01 -0.1234379962055007E+00 -0.2200439521469337E+00 -0.3124231255561706E+00 -0.4222269770126735E+00 -0.5753650022704919E+00 -0.7500451721699271E+00 -0.8398816438551683E+00 -0.7525764843841954E+00 -0.5306769891641683E+00 -0.2924919767224556E+00 -0.1075302195129609E+00 -0.9654677706922896E-02  0.0000000000000000E+00
  0.0000000000000000E+00  0.1496125773782203E+00  0.2929304784382408E+00  0.4014843204574909E+00  0.4221478727572689E+00  0.3872446039065244E+00  0.3193674796196269E+00  0.2320966428208885E+00  0.1306210555194180E+00  0.1894087798041937E-01 -0.9884529043397740E-01 -0.2307112520279773E+00 -0.3971868156255170E+00 -0.6119797553650738E+00 -0.8011084495249549E+00 -0.8325069623648504E+00 -0.6731386741618491E+00 -0.4340021690002671E+00 -0.2155247102876956E+00 -0.7845412606628259E-01  0.0000000000000000E+00
  0.0000000000000000E+00  0.1034676347165606E+00  0.2621470223458689E+00  0.4360869689690763E+00  0.5351983616484732E+00  0.5618496874633586E+00  0.5362574815542365E+00  0.4737419270468571E+00  0.3810965680757721E+00  0.2616016102948860E+00  0.1207271672754055E+00 -0.3865629518252245E-01 -0.2190743502098669E+00 -0.4508885037661259E+00 -0.7114364473130472E+00 -0.8702105982055216E+00 -0.8111344060787339E+00 -0.5951469370443065E+00 -0.3554073778181112E+00 -0.1654932052543230E+00  0.0000000000000000E+00
  0.0000000000000000E+00  0.4511526285290567E-01  0.1894590474775735E+00  0.3965021056899419E+00  0.5650362118325346E+00  0.6618199113983998E+00  0.6909031384311004E+00  0.6640571850326054E+00  0.5893311994022091E+00  0.4709348423644972E+00  0.3159042866341161E+00  0.1352730972214238E+00 -0.5510453516627624E-01 -0.2837565768583144E+00 -0.5773218260705522E+00 -0.8498755806931328E+00 -0.9271369408403383E+00 -0.7686492413358396E+00 -0.5240737717217834E+00 -0.2676273124689513E+00  0.0000000000000000E+00
  0.0000000000000000E+00 -0.1819490423707162E-01  0.8826925521320036E-01  0.2843404522457932E+00  0.4915866909844877E+00  0.6501337945180474E+00  0.7386919363551070E+00  0.7563985252835597E+00  0.7088570619555558E+00  0.6021758639139785E+00  0.4481726651195053E+00  0.2652876153568770E+00  0.8063652926483827E-01 -0.1235728004889216E+00 -0.4053837247007788E+00 -0.7516901349048205E+00 -0.9870444817138572E+00 -0.9337000648719324E+00 -0.7120216666207275E+00 -0.3819334638883440E+00  0.0000000000000000E+00
  0.0000000000000000E+00 -0.7343244596939466E-01 -0.2353002125134584E-01  0.1239866396080852E+00  0.3239955178924874E+00  0.5109898695092917E+00  0.6438848118021413E+00  0.7053983392601736E+00  0.6938802674597163E+00  0.6160276751127091E+00  0.4883868225721574E+00  0.3337797442079476E+00  0.1800673902546550E+00  0.2154523296150532E-01 -0.2047662124300147E+00 -0.5573613673432287E+00 -0.9372760926223229E+00 -0.1040791385585459E+01 -0.8935066040454759E+00 -0.4977363849002875E+00  0.0000000000000000E+00
  0.0000000000000000E+00 -0.7642939369416472E-01 -0.7350903705203499E-01  0.1487644933673819E-01  0.1648263690527913E+00  0.3292725045073827E+00  0.4672016840446070E+00  0.5530629946827331E+00  0.5776852593590783E+00  0.5438912062456285E+00  0.4663547107299083E+00  0.3640727662702067E+00  0.2593649623485557E+00  0.1550533975088579E+00  0.1079222298712685E-01 -0.2670104084627355E+00 -0.7161465254989660E+00 -0.9949054035970029E+00 -0.9985972590318390E+00 -0.5762240877705248E+00  0.0000000000000000E+00
  0.0000000000000000E+00  0.2228998872651402E-01  0.8647667483203261E-01  0.1616185057710003E+00  0.2528158907449779E+00  0.3543245899032709E+00  0.4483598189218554E+00  0.5159990592499036E+00  0.5458665232494132E+00  0.5357077006739990E+00  0.4941034411399695E+00  0.4328024230835096E+00  0.3683541248442491E+00  0.3040206915204218E+00  0.2317227584057628E+00  0.8225169430314284E-01 -0.2939135713266751E+00 -0.6570055077613783E+00 -0.8693293238828939E+00 -0.5154278544174182E+00  0.0000000000000000E+00
  0.0000000000000000E+00  0.4264309782412517E+00  0.5526658647235473E+00  0.6117529877566410E+00  0.6367788678902980E+00  0.6551121403116613E+00  0.6720632712807132E+00  0.6818734718138144E+00  0.6785268452831928E+00  0.6591432878688822E+00  0.6279227138573389E+00  0.5883712109183024E+00  0.5512852876051836E+00  0.5125991666406062E+00  0.4883614996882574E+00  0.4418464904231091E+00  0.2962779613760613E+00  0.1217127366574515E+00 -0.1532212471585300E+00 -0.4512670871958128E-01  0.0000000000000000E+00
  0.3000000000000000E+01  0.1742997054002759E+01  0.1428479080661391E+01  0.1326359542501077E+01  0.1342479287074084E+01  0.1388988168968287E+01  0.1432170005079716E+01  0.1470378643808460E+01  0.1510285987399835E+01  0.1558277837067352E+01  0.1610335299567953E+01  0.1667688790328603E+01  0.1714498262028698E+01  0.1766223191598603E+01  0.1766638259340991E+01  0.1756712223033815E+01  0.1817252544545141E+01  0.1977856282266267E+01  0.2590334417592696E+01  0.2619952271741325E+01  0.3000000000000000E+01
