  0.0000000000000000E+00  0.5409378288577543E-02  0.2065637026094744E-01  0.7160388582194199E-01  0.1394811885691230E+00  0.1953003456026826E+00  0.1936249626355331E+00  0.9146298069535924E-01 -0.1069225396722795E+00 -0.3603893421767669E+00 -0.6014872096246565E+00 -0.7525088567447168E+00 -0.7580056508775312E+00 -0.6359960375101925E+00 -0.4636147758018276E+00 -0.2961708050188799E+00 -0.1568232912594851E+00 -0.5408298322040961E-01  0.7791752269031699E-02  0.1867381962910998E-01  0.0000000000000000E+00
  0.0000000000000000E+00 -0.2332310502926746E-01 -0.6478128937503864E-01 -0.1209896582966130E+00 -0.1789252789556143E+00 -0.2198487426421681E+00 -0.2255375590315401E+00 -0.1774653371346580E+00 -0.7737360908866901E-01  0.5931996968162481E-01  0.2031456373068767E+00  0.3205398984554040E+00  0.3828931914628890E+00  0.3862417180967122E+00  0.3484676447506225E+00  0.2855573955282431E+00  0.2081873776277106E+00  0.1294567722471253E+00  0.6132176298796623E-01  0.2184468764968516E-01  0.0000000000000000E+00
  0.0000000000000000E+00 -0.6455993679922485E-01 -0.1736874978641685E+00 -0.2913650890678969E+00 -0.3972946482977198E+00 -0.4642458823238218E+00 -0.4829877144590872E+00 -0.4409330307086147E+00 -0.3390433669382865E+00 -0.1824294331318925E+00  0.7949702295973441E-02  0.2091108386214954E+00  0.3906739235111357E+00  0.5227291167799442E+00  0.5817881584500397E+00  0.5605013815658494E+00  0.4677388416236468E+00  0.3342873335209664E+00  0.1917570412329304E+00  0.8420788257816547E-01  0.0000000000000000E+00
  0.0000000000000000E+00 -0.8190494768683314E-01 -0.2641091252457801E+00 -0.4196231894809064E+00 -0.5560364674498898E+00 -0.6420537832832527E+00 -0.6839697880026255E+00 -0.6693878040308622E+00 -0.6038470168642744E+00 -0.4836058420011666E+00 -0.3200929564163105E+00 -0.1222425278054001E+00  0.8570328687636401E-01  0.2744235605265150E+00  0.4142499453028470E+00  0.4845376587068588E+00  0.4717825847956645E+00  0.3850978546602584E+00  0.2477539156346277E+00  0.1111076685580912E+00  0.0000000000000000E+00
  0.0000000000000000E+00 -0.7597541778710400E-01 -0.3096689426754109E+00 -0.4818481823654720E+00 -0.6393631464012984E+00 -0.7424456510092041E+00 -0.8111605657359665E+00 -0.8291604516070183E+00 -0.8056473743867334E+00 -0.7299994401351980E+00 -0.6064408018510891E+00 -0.4342096743280540E+00 -0.2334910647461461E+00 -0.3697228227452163E-01  0.1248319007222011E+00  0.2393659322556762E+00  0.2945170171828601E+00  0.2807409840480905E+00  0.1962209407275411E+00  0.9425395670660901E-01  0.0000000000000000E+00
  0.0000000000000000E+00 -0.5927609950455569E-01 -0.3012450015166572E+00 -0.4711533110683386E+00 -0.6355475066862585E+00 -0.7465203050358965E+00 -0.8345077453128819E+00 -0.8810034911349861E+00 -0.8998903029436335E+00 -0.8785746227883234E+00 -0.8136276630381751E+00 -0.6888223393961022E+00 -0.5081824508610530E+00 -0.3073234979909184E+00 -0.1356298359440695E+00 -0.9894416297710516E-02  0.7602832492930728E-01  0.1146423961566462E+00  0.8987469493979380E-01  0.5228037876807851E-01  0.0000000000000000E+00
  0.0000000000000000E+00 -0.3683001400567621E-01 -0.2452371605503742E+00 -0.4029820125524591E+00 -0.5642286904221518E+00 -0.6789254658404370E+00 -0.7792445418624875E+00 -0.8458450869113844E+00 -0.8946961032238894E+00 -0.9192023398485165E+00 -0.9164503286267512E+00 -0.8602454219204978E+00 -0.7255418588194982E+00 -0.5273294202041648E+00 -0.3311209294606989E+00 -0.1888240034931335E+00 -0.9177696684055651E-01 -0.2680603872388479E-01 -0.2919404157560808E-02  0.1203479585773261E-01  0.0000000000000000E+00
  0.0000000000000000E+00 -0.1247120081875855E-02 -0.1502558072076897E+00 -0.2921667246291039E+00 -0.4453895333502494E+00 -0.5628270289467652E+00 -0.6711533648655407E+00 -0.7503628815680219E+00 -0.8141321936264420E+00 -0.8641117162787056E+00 -0.9074932258501892E+00 -0.9241593721692402E+00 -0.8659851572190712E+00 -0.7039898833483189E+00 -0.4841105143197387E+00 -0.2972548570756701E+00 -0.1747862383569634E+00 -0.9221353234651038E-01 -0.3786713498308163E-01  0.2298241304092016E-02  0.0000000000000000E+00
  0.0000000000000000E+00  0.5472087638855212E-01 -0.2942327908817679E-01 -0.1514996852049725E+00 -0.2949289879887238E+00 -0.4153170197696195E+00 -0.5309351404206241E+00 -0.6214412766943543E+00 -0.6933630896211527E+00 -0.7516715362283155E+00 -0.8142182876586531E+00 -0.8826858808049399E+00 -0.9103484921565593E+00 -0.8280798489880730E+00 -0.6258530841964252E+00 -0.3908669990123425E+00 -0.2114265724656312E+00 -0.9468191957679917E-01 -0.2109825711662851E-01  0.2277957527467517E-01  0.0000000000000000E+00
  0.0000000000000000E+00  0.1193881188772506E+00  0.9714057185482063E-01  0.6943461746195460E-02 -0.1210824364137039E+00 -0.2402256331798520E+00 -0.3597631918434434E+00 -0.4610987092881063E+00 -0.5431655736199129E+00 -0.6076467817100425E+00 -0.6735565811354198E+00 -0.7643573454896776E+00 -0.8590561758530186E+00 -0.8768385405501352E+00 -0.7486530293820517E+00 -0.5117343845381436E+00 -0.2776362732726019E+00 -0.1071823087856544E+00 -0.5102624989193952E-02  0.4339339631240045E-01  0.0000000000000000E+00
  0.0000000000000000E+00  0.1646185849297332E+00  0.2047754955079970E+00  0.1659136878197190E+00  0.6749630036723765E-01 -0.3953615576788431E-01 -0.1537399235265169E+00 -0.2604619896646697E+00 -0.3545956491347259E+00 -0.4329950475541433E+00 -0.5061114699122820E+00 -0.6041810639392948E+00 -0.7373545411533173E+00 -0.8453944806993111E+00 -0.8235492271640512E+00 -0.6419861922336201E+00 -0.3933201292641120E+00 -0.1773457428392111E+00 -0.3396269084187260E-01  0.3397266066353120E-01  0.0000000000000000E+00
  0.0000000000000000E+00  0.1742859241975532E+00  0.2740848722929622E+00  0.3051247936804897E+00  0.2565770873583119E+00  0.1768349771886290E+00  0.7963722792561702E-01 -0.2273150648463305E-01 -0.1248047770274727E+00 -0.2216017914784421E+00 -0.3139035513067981E+00 -0.4232554448407170E+00 -0.5757298795019515E+00 -0.7500534208938042E+00 -0.8400997740043513E+00 -0.7530174034119651E+00 -0.5311662620445213E+00 -0.2929651954147461E+00 -0.1078673492009945E+00 -0.9877738229645935E-02  0.0000000000000000E+00
  0.0000000000000000E+00  0.1506332281508005E+00  0.2942311505336263E+00  0.4025537443617995E+00  0.4229130658085907E+00  0.3878577724008828E+00  0.3198740450987017E+00  0.2324647733416557E+00  0.1307744849626891E+00  0.1881734985612141E-01 -0.9915705076827719E-01 -0.2310427959588954E+00 -0.3972341346921558E+00 -0.6116933689132747E+00 -0.8009599216075177E+00 -0.8326542937796971E+00 -0.6734195476690629E+00 -0.4343728926284859E+00 -0.2158425227106143E+00 -0.7866566590514421E-01  0.0000000000000000E+00
  0.0000000000000000E+00  0.1044986557147636E+00  0.2637830801554971E+00  0.4379488839438635E+00  0.5370245180758955E+00  0.5636433643874510E+00  0.5380414573275488E+00  0.4754738045698064E+00  0.3826771956990873E+00  0.2629053332586803E+00  0.1216943276532520E+00 -0.3809999935759558E-01 -0.2187473870948100E+00 -0.4504551714292255E+00 -0.7111088548994018E+00 -0.8701662882459715E+00 -0.8112486267288707E+00 -0.5954007756689876E+00 -0.3556822438595695E+00 -0.1656756988226974E+00  0.0000000000000000E+00
  0.0000000000000000E+00  0.4598573717912047E-01  0.1910421977631687E+00  0.3987533430596508E+00  0.5676392580825302E+00  0.6645987534374374E+00  0.6937827723291056E+00  0.6669536416342000E+00  0.5921318186330193E+00  0.4734642984293613E+00  0.3179923883118556E+00  0.1366477114949279E+00 -0.5441656732698485E-01 -0.2833148035255387E+00 -0.5770315446660820E+00 -0.8498342470101149E+00 -0.9271923338519326E+00 -0.7688299618716657E+00 -0.5242918014401858E+00 -0.2677767679234670E+00  0.0000000000000000E+00
  0.0000000000000000E+00 -0.1761450075150358E-01  0.8949231293855202E-01  0.2864664961968149E+00  0.4944541337925177E+00  0.6534988702318220E+00  0.7423521496628435E+00  0.7601754119667469E+00  0.7125653343883006E+00  0.6055713175833231E+00  0.4509663674786246E+00  0.2671312812575781E+00  0.8149071753161172E-01 -0.1232477156369247E+00 -0.4053104728446844E+00 -0.7518406182431302E+00 -0.9872027961748288E+00 -0.9338826786154583E+00 -0.7122082370066988E+00 -0.3820550939041747E+00  0.0000000000000000E+00
  0.0000000000000000E+00 -0.7327973258452725E-01 -0.2295378159209623E-01  0.1253695030171011E+00  0.3262936556696562E+00  0.5140773598733106E+00  0.6475309668921377E+00  0.7093114792674030E+00  0.6977497674539496E+00  0.6194865893334318E+00  0.4910811746778532E+00  0.3354159520656477E+00  0.1806975798020927E+00  0.2159078031994252E-01 -0.2049713038966162E+00 -0.5578102345465606E+00 -0.9376551791801855E+00 -0.1041075965477056E+01 -0.8936906261036490E+00 -0.4978491094112396E+00  0.0000000000000000E+00
  0.0000000000000000E+00 -0.7678722976658284E-01 -0.7387058704053208E-01  0.1490256230897906E-01  0.1655478123888056E+00  0.3307608109504226E+00  0.4693227437110822E+00  0.5555430825985456E+00  0.5801727502794046E+00  0.5460165858081012E+00  0.4678085187837633E+00  0.3647093837368077E+00  0.2593006890147472E+00  0.1546613947716780E+00  0.1033991234306006E-01 -0.2676660020863673E+00 -0.7167628950322503E+00 -0.9953386045496946E+00 -0.9988253284204295E+00 -0.5763395980579129E+00  0.0000000000000000E+00
  0.0000000000000000E+00  0.2172631917632194E-01  0.8572654147737867E-01  0.1607209404985720E+00  0.2520770956265042E+00  0.3539655959538270E+00  0.4484341236639721E+00  0.5163878005758618E+00  0.5463493656521069E+00  0.5360221774970352E+00  0.4940562665346040E+00  0.4323207306133122E+00  0.3675701300843026E+00  0.3031943124393384E+00  0.2311337620235530E+00  0.8161026043926183E-01 -0.2945450598751874E+00 -0.6575358490133032E+00 -0.8695966581556407E+00 -0.5155788033168943E+00  0.0000000000000000E+00
  0.0000000000000000E+00  0.4262058189240909E+00  0.5521889556935059E+00  0.6110791211881477E+00  0.6360332729533460E+00  0.6544255021272793E+00  0.6715057176272144E+00  0.6814418470100388E+00  0.6781426435459088E+00  0.6587100092448357E+00  0.6273586055787297E+00  0.5876663909464772E+00  0.5504932056718691E+00  0.5118506788979704E+00  0.4878323176508551E+00  0.4414409457103767E+00  0.2959733812144128E+00  0.1214318513996351E+00 -0.1534183804332364E+00 -0.4522195860418256E-01  0.0000000000000000E+00
  0.3000000000000000E+01  0.1743108862404049E+01  0.1429159674396861E+01  0.1327483576934129E+01  0.1343977276766466E+01  0.1390689089571989E+01  0.1433916970782329E+01  0.1472062259545745E+01  0.1511921435014381E+01  0.1559892149762528E+01  0.1611980449798415E+01  0.1669321557773880E+01  0.1716090513068695E+01  0.1767642275745427E+01  0.1767636809070988E+01  0.1757287423308132E+01  0.1817534796481575E+01  0.1978168596787792E+01  0.2590658483144068E+01  0.2620087072495654E+01  0.3000000000000000E+01
