  0.0000000000000000E+00  0.5385895000350971E-02  0.2099527295243425E-01  0.7257279045208931E-01  0.1414611199458046E+00  0.1983368419969146E+00  0.1977972580146782E+00  0.9630169181990106E-01 -0.1017938317257374E+00 -0.3555227876074437E+00 -0.5973458368982177E+00 -0.7495737064028883E+00 -0.7564453624879052E+00 -0.6354222959039303E+00 -0.4634700917877463E+00 -0.2961989239637779E+00 -0.1569002098594665E+00 -0.5417308892258099E-01  0.7716579263590040E-02  0.1865908496481684E-01  0.0000000000000000E+00
  0.0000000000000000E+00 -0.2349717194910646E-01 -0.6538479584577177E-01 -0.1220326875131670E+00 -0.1804282522911090E+00 -0.2217199819613393E+00 -0.2277587469023558E+00 -0.1798514375199259E+00 -0.7977575457062173E-01  0.5711483392598438E-01  0.2013066927570852E+00  0.3192096890165290E+00  0.3820974350285598E+00  0.3858276580319850E+00  0.3482534184721141E+00  0.2854592561533366E+00  0.2081564143015411E+00  0.1294522234726369E+00  0.6132558827020222E-01  0.2181674189891940E-01  0.0000000000000000E+00
  0.0000000000000000E+00 -0.6510562084696840E-01 -0.1751591145848810E+00 -0.2935252720874116E+00 -0.3998236369275225E+00 -0.4668231038871033E+00 -0.4854789826923893E+00 -0.4432526207398766E+00 -0.3411210954376026E+00 -0.1841782858294905E+00  0.6574241373037799E-02  0.2080553606466985E+00  0.3898469425977741E+00  0.5220606781920248E+00  0.5812901636285961E+00  0.5601788444962319E+00  0.4675690330451568E+00  0.3341835814953298E+00  0.1916933440741967E+00  0.8410931066157504E-01  0.0000000000000000E+00
  0.0000000000000000E+00 -0.8218730266853770E-01 -0.2654442585496559E+00 -0.4211631972826273E+00 -0.5575233941728256E+00 -0.6431924225213328E+00 -0.6848567451539069E+00 -0.6700394807269643E+00 -0.6043602168992063E+00 -0.4839715233759298E+00 -0.3203393559528939E+00 -0.1224325020134377E+00  0.8545052015825909E-01  0.2740220919019595E+00  0.4137436499108574E+00  0.4840466245022763E+00  0.4713940279474109E+00  0.3847963815161186E+00  0.2475376091280103E+00  0.1109305263489887E+00  0.0000000000000000E+00
  0.0000000000000000E+00 -0.7596036339937259E-01 -0.3103266469606862E+00 -0.4822863277938041E+00 -0.6395139043581146E+00 -0.7421712627150637E+00 -0.8106485377305911E+00 -0.8285315605116130E+00 -0.8050601984113582E+00 -0.7295233649001397E+00 -0.6060556163915428E+00 -0.4339162360452494E+00 -0.2333218135309367E+00 -0.3704473507529092E-01  0.1245164263754284E+00  0.2389270071539288E+00  0.2940848311380315E+00  0.2803483520018655E+00  0.1959094918242733E+00  0.9402959871189176E-01  0.0000000000000000E+00
  0.0000000000000000E+00 -0.5907762205248177E-01 -0.3010131753218034E+00 -0.4703614922738721E+00 -0.6342688198224984E+00 -0.7446892508877307E+00 -0.8323589888001302E+00 -0.8787344761940783E+00 -0.8977579558629625E+00 -0.8767569817247113E+00 -0.8121528276312108E+00 -0.6876511984749271E+00 -0.5072914084215907E+00 -0.3068068560245731E+00 -0.1355357235558593E+00 -0.1008833204837343E-01  0.7570711264452987E-01  0.1142822449946098E+00  0.8956426477955207E-01  0.5203526877046490E-01  0.0000000000000000E+00
  0.0000000000000000E+00 -0.3649939569425528E-01 -0.2442507891389517E+00 -0.4013224837537858E+00 -0.5619712124212024E+00 -0.6761044176327691E+00 -0.7760534990205834E+00 -0.8425735632923018E+00 -0.8916290240514367E+00 -0.9166262994836342E+00 -0.9144023025397380E+00 -0.8586140464689906E+00 -0.7241851785882549E+00 -0.5263232112026491E+00 -0.3306095922489889E+00 -0.1887416750649152E+00 -0.9194052287496073E-01 -0.2707049702209557E-01 -0.3154757489518373E-02  0.1183515690943322E-01  0.0000000000000000E+00
  0.0000000000000000E+00 -0.7160748911867958E-03 -0.1487959425471958E+00 -0.2900136481266321E+00 -0.4425977349761985E+00 -0.5594256947771106E+00 -0.6672716780999143E+00 -0.7463099172956976E+00 -0.8102484909835751E+00 -0.8608035673725148E+00 -0.9049379416502750E+00 -0.9222176176886219E+00 -0.8643589162749132E+00 -0.7026049794079537E+00 -0.4831709075813935E+00 -0.2968319996192428E+00 -0.1747223204711622E+00 -0.9232505848396351E-01 -0.3798324596832506E-01  0.2193496999059463E-02  0.0000000000000000E+00
  0.0000000000000000E+00  0.5537767903879818E-01 -0.2790695338491549E-01 -0.1492812741635821E+00 -0.2920866335623866E+00 -0.4118675449334772E+00 -0.5269240859749605E+00 -0.6171706504889072E+00 -0.6891517467534999E+00 -0.7479991206045712E+00 -0.8114322317224519E+00 -0.8807445275325322E+00 -0.9088197853471390E+00 -0.8266413686493727E+00 -0.6246177131257689E+00 -0.3900717003229325E+00 -0.2110199504508925E+00 -0.9454135364602548E-01 -0.2105126320361120E-01  0.2278563554007744E-01  0.0000000000000000E+00
  0.0000000000000000E+00  0.1197399616688883E+00  0.9819709835866218E-01  0.8754838659007249E-02 -0.1186840440359420E+00 -0.2372764699589393E+00 -0.3562557805557251E+00 -0.4572354921225565E+00 -0.5391812981057595E+00 -0.6039703146298897E+00 -0.6706912264273709E+00 -0.7625048354982981E+00 -0.8578492154886843E+00 -0.8757190175357328E+00 -0.7474665289709034E+00 -0.5107590206687836E+00 -0.2769435075923559E+00 -0.1067604374765782E+00 -0.4873596792502896E-02  0.4351399803160131E-01  0.0000000000000000E+00
  0.0000000000000000E+00  0.1643317267023306E+00  0.2049924772442655E+00  0.1668862413589489E+00  0.6902637306565265E-01 -0.3758110539644070E-01 -0.1513268617909541E+00 -0.2576803686611013E+00 -0.3515519287198648E+00 -0.4299560715255113E+00 -0.5035506172971930E+00 -0.6025105170150333E+00 -0.7364915025753820E+00 -0.8447641802806962E+00 -0.8227179570045384E+00 -0.6411243750106768E+00 -0.3925805018201295E+00 -0.1767773360932072E+00 -0.3362011930150512E-01  0.3417617752339160E-01  0.0000000000000000E+00
  0.0000000000000000E+00  0.1734387870081336E+00  0.2733752847048644E+00  0.3050131729243546E+00  0.2569565357088703E+00  0.1775074700029135E+00  0.8059937472038910E-01 -0.2148120172557015E-01 -0.1232597176551798E+00 -0.2198344280161618E+00 -0.3122092791119225E+00 -0.4220324924633462E+00 -0.5751964275912790E+00 -0.7498859811528936E+00 -0.8397242346513689E+00 -0.7524458057970252E+00 -0.5305724635695833E+00 -0.2924095576558452E+00 -0.1074864326509360E+00 -0.9636598247552265E-02  0.0000000000000000E+00
  0.0000000000000000E+00  0.1495116520164854E+00  0.2927885657418497E+00  0.4013512717133095E+00  0.4220491262995182E+00  0.3871749360686763E+00  0.3193276025906850E+00  0.2320895330241474E+00  0.1306511322702051E+00  0.1901017785656083E-01 -0.9875019060528048E-01 -0.2305997407572238E+00 -0.3970725412273558E+00 -0.6118597183862716E+00 -0.8009734752783091E+00 -0.8323841472513721E+00 -0.6730416090478301E+00 -0.4339101098027054E+00 -0.2154620204555737E+00 -0.7841864851974578E-01  0.0000000000000000E+00
  0.0000000000000000E+00  0.1033723329356321E+00  0.2619752168488240E+00  0.4358739426993299E+00  0.5349871337902395E+00  0.5616525064165447E+00  0.5360786875068969E+00  0.4735860770623793E+00  0.3809710183869651E+00  0.2615154077774517E+00  0.1206818759994865E+00 -0.3865042700796598E-01 -0.2190232057482167E+00 -0.4508063457742259E+00 -0.7113184580446235E+00 -0.8700879586451867E+00 -0.8110422139145351E+00 -0.5950548892696884E+00 -0.3553353528382276E+00 -0.1654516014268911E+00  0.0000000000000000E+00
  0.0000000000000000E+00  0.4504235415148845E-01  0.1892966022709333E+00  0.3962480768293259E+00  0.5647352983441457E+00  0.6615046554390536E+00  0.6905895762481488E+00  0.6637564176689866E+00  0.5890525537822159E+00  0.4706949949192590E+00  0.3157178701318269E+00  0.1351719963116942E+00 -0.5511845726518647E-01 -0.2837053010146610E+00 -0.5772138417934342E+00 -0.8497384414544115E+00 -0.9270388773451975E+00 -0.7685570363115978E+00 -0.5240000695839898E+00 -0.2675852785428777E+00  0.0000000000000000E+00
  0.0000000000000000E+00 -0.1822975780753963E-01  0.8815193579843056E-01  0.2841038441902776E+00  0.4912504983750114E+00  0.6497360556736235E+00  0.7382652420507752E+00  0.7559672075395278E+00  0.7084424066555063E+00  0.6018045285542180E+00  0.4478770338019797E+00  0.2651078705586847E+00  0.8057725841286723E-01 -0.1235433811596431E+00 -0.4052789404369992E+00 -0.7515294705839801E+00 -0.9869218985813264E+00 -0.9336033700674841E+00 -0.7119471834446185E+00 -0.3818932241669438E+00  0.0000000000000000E+00
  0.0000000000000000E+00 -0.7341322046314787E-01 -0.2356195774345540E-01  0.1238494205876118E+00  0.3237311672099089E+00  0.5106171733725429E+00  0.6434388804323993E+00  0.7049210651878969E+00  0.6934117575969196E+00  0.6156145570924062E+00  0.4880708683303377E+00  0.3335971471562207E+00  0.1800074923967218E+00  0.2157417068653372E-01 -0.2046678545184148E+00 -0.5571790905985428E+00 -0.9371188874700677E+00 -0.1040678048034615E+01 -0.8934325607850800E+00 -0.4976966699291814E+00  0.0000000000000000E+00
  0.0000000000000000E+00 -0.7635445895598435E-01 -0.7342333579736761E-01  0.1491699337601864E-01  0.1647708465705975E+00  0.3291075135642793E+00  0.4669461932047539E+00  0.5527551635346490E+00  0.5773731346810907E+00  0.5436230478643774E+00  0.4661704592341854E+00  0.3639903715821838E+00  0.2593694053427501E+00  0.1551079749642846E+00  0.1088175851468388E-01 -0.2668349026626751E+00 -0.7159617032087360E+00 -0.9947711853543261E+00 -0.9985187228006603E+00 -0.5761852651746872E+00  0.0000000000000000E+00
  0.0000000000000000E+00  0.2237474888706165E-01  0.8659118541751565E-01  0.1617619046732734E+00  0.2529413594861704E+00  0.3543967587377378E+00  0.4483678321047458E+00  0.5159581315975215E+00  0.5458055069097227E+00  0.5356624464335844E+00  0.4940991170722576E+00  0.4328510696924185E+00  0.3684389326545184E+00  0.3041177171605347E+00  0.2318012312042892E+00  0.8238657384325629E-01 -0.2937517839909209E+00 -0.6568634436269305E+00 -0.8692501918989682E+00 -0.5153845822026877E+00  0.0000000000000000E+00
  0.0000000000000000E+00  0.4264564078405190E+00  0.5527271768998265E+00  0.6118461211695105E+00  0.6368861160029872E+00  0.6552129351516290E+00  0.6721459673024830E+00  0.6819364435517613E+00  0.6785806044015795E+00  0.6592002143045078E+00  0.6279952844760999E+00  0.5884605471378032E+00  0.5513866195237159E+00  0.5126959741511898E+00  0.4884320377398487E+00  0.4419182503058975E+00  0.2963476274327250E+00  0.1217844244031601E+00 -0.1531696647653093E+00 -0.4509646485877351E-01  0.0000000000000000E+00
  0.3000000000000000E+01  0.1743005525365505E+01  0.1428409654718036E+01  0.1326223541164742E+01  0.1342283011477209E+01  0.1388757953282851E+01  0.1431929930197297E+01  0.1470148800942238E+01  0.1510063693704984E+01  0.1558061803520061E+01  0.1610113263643958E+01  0.1667469428279009E+01  0.1714279074083370E+01  0.1766029794706965E+01  0.1766505117984743E+01  0.1756631822925564E+01  0.1817205333710904E+01  0.1977783283163589E+01  0.2590258802396959E+01  0.2619904812373632E+01  0.3000000000000000E+01
