  0.0000000000000000E+00  0.7279335287237843E-02  0.2148645394741427E-01  0.6811810911805760E-01  0.1284318152441123E+00  0.1720627774291836E+00  0.1545641842522049E+00  0.3908133059246061E-01 -0.1657773679691979E+00 -0.4161791624271497E+00 -0.6439708085963993E+00 -0.7739269687910590E+00 -0.7580029057345647E+00 -0.6255069755246206E+00 -0.4520369877945619E+00 -0.2870566983779756E+00 -0.1509419899195421E+00 -0.5123315903957026E-01  0.8257889186209511E-02  0.1787159765337221E-01  0.0000000000000000E+00
  0.0000000000000000E+00 -0.2352866342039893E-01 -0.6265096829997670E-01 -0.1155111966464092E+00 -0.1691263318932768E+00 -0.2046425186952103E+00 -0.2039007884595781E+00 -0.1505038060681141E+00 -0.4783945743861090E-01  0.8747556009166726E-01  0.2257102259237706E+00  0.3343025997653867E+00  0.3873338945268057E+00  0.3848116731473096E+00  0.3444406056618786E+00  0.2806983504639775E+00  0.2036749266565813E+00  0.1262888834968917E+00  0.5980944318121231E-01  0.2189069764858934E-01  0.0000000000000000E+00
  0.0000000000000000E+00 -0.6330665497395893E-01 -0.1664664509525158E+00 -0.2784154808211701E+00 -0.3789471804357182E+00 -0.4418647786564474E+00 -0.4571381811265295E+00 -0.4124300876118817E+00 -0.3092957402850306E+00 -0.1537524821521479E+00  0.3315986917491242E-01  0.2289808305051008E+00  0.4039987778458523E+00  0.5289280439173082E+00  0.5812848291910738E+00  0.5550383530139569E+00  0.4600827900502017E+00  0.3276334914511047E+00  0.1876862187298464E+00  0.8354369059914021E-01  0.0000000000000000E+00
  0.0000000000000000E+00 -0.8187522360138318E-01 -0.2577957237749010E+00 -0.4101229405162188E+00 -0.5443397440236248E+00 -0.6295490907064045E+00 -0.6704313903210479E+00 -0.6546059404232430E+00 -0.5877471161374803E+00 -0.4665468701619349E+00 -0.3028333963340452E+00 -0.1058080932057867E+00  0.1000226220517419E+00  0.2854210298708247E+00  0.4208818834753811E+00  0.4862974961482546E+00  0.4693577337770463E+00  0.3812025701947656E+00  0.2446512291889666E+00  0.1112408527365594E+00  0.0000000000000000E+00
  0.0000000000000000E+00 -0.7699209002828010E-01 -0.3065685407226736E+00 -0.4782614158990011E+00 -0.6356105348717943E+00 -0.7393000445000670E+00 -0.8078291627650570E+00 -0.8249735531520491E+00 -0.7996352768922876E+00 -0.7213263440153581E+00 -0.5949585569461392E+00 -0.4208594762979588E+00 -0.2202817857908611E+00 -0.2533509574937633E-01  0.1345144263046437E+00  0.2464919043978666E+00  0.2982087274920728E+00  0.2819093038019557E+00  0.1965040226181442E+00  0.9568094781571021E-01  0.0000000000000000E+00
  0.0000000000000000E+00 -0.6095137428998425E-01 -0.3028170879369031E+00 -0.4746032831782980E+00 -0.6407620898839979E+00 -0.7537493766348989E+00 -0.8431157109915499E+00 -0.8902054954294705E+00 -0.9083896949969684E+00 -0.8842291971077447E+00 -0.8144405613955082E+00 -0.6840751452567886E+00 -0.4999218331683047E+00 -0.2984282499499691E+00 -0.1271110012025796E+00 -0.1618522396891724E-02  0.8296882978682091E-01  0.1196370356792603E+00  0.9322186140669478E-01  0.5493807688869209E-01  0.0000000000000000E+00
  0.0000000000000000E+00 -0.3904160652672097E-01 -0.2505571690894101E+00 -0.4110708354770279E+00 -0.5744740243178954E+00 -0.6910581622466351E+00 -0.7928985974800099E+00 -0.8607029045264762E+00 -0.9101716450659576E+00 -0.9334371990310844E+00 -0.9266636795172185E+00 -0.8638114335270001E+00 -0.7227222691895803E+00 -0.5213360573405570E+00 -0.3247274849286977E+00 -0.1820439639209175E+00 -0.8474544410246677E-01 -0.2068390609770223E-01  0.1375509044623587E-02  0.1490553215830671E-01  0.0000000000000000E+00
  0.0000000000000000E+00 -0.4476935259050329E-02 -0.1580528334575272E+00 -0.3029036121137686E+00 -0.4581136629877791E+00 -0.5770574005592746E+00 -0.6868575563235052E+00 -0.7675970875431530E+00 -0.8330476510784139E+00 -0.8836978527699554E+00 -0.9252818723264710E+00 -0.9364294860710857E+00 -0.8705917141019243E+00 -0.7024335598409132E+00 -0.4802268165640000E+00 -0.2930481648129564E+00 -0.1702321660224913E+00 -0.8795126920494371E-01 -0.3511010229312843E-01  0.3832918013774523E-02  0.0000000000000000E+00
  0.0000000000000000E+00  0.5049735668801422E-01 -0.3806772182213298E-01 -0.1633479786047015E+00 -0.3085195904414527E+00 -0.4300768097960518E+00 -0.5468033523762269E+00 -0.6383939494482007E+00 -0.7118024053684318E+00 -0.7714698350361279E+00 -0.8341558749864053E+00 -0.8997305479235793E+00 -0.9212996515905630E+00 -0.8320022437764291E+00 -0.6251882327947684E+00 -0.3888739559396510E+00 -0.2096216842620326E+00 -0.9336894186554262E-01 -0.2079429396880443E-01  0.2249206015463781E-01  0.0000000000000000E+00
  0.0000000000000000E+00  0.1159727981012460E+00  0.8959010092569065E-01 -0.4674183504408796E-02 -0.1348487758170213E+00 -0.2553370895332521E+00 -0.3760523609014250E+00 -0.4783039676211501E+00 -0.5613676618152451E+00 -0.6267373490558543E+00 -0.6930248614946622E+00 -0.7824196515911818E+00 -0.8731722693622012E+00 -0.8851210433133876E+00 -0.7516573879320518E+00 -0.5117255723374635E+00 -0.2770972958129742E+00 -0.1072435485607867E+00 -0.5935974618793649E-02  0.4222096158204111E-01  0.0000000000000000E+00
  0.0000000000000000E+00  0.1638880958500783E+00  0.2000242919730213E+00  0.1559640997128272E+00  0.5431158109524412E-01 -0.5471504167932859E-01 -0.1705705713040255E+00 -0.2784471201573479E+00 -0.3732742586643740E+00 -0.4518462002267591E+00 -0.5245837059915033E+00 -0.6212356501485826E+00 -0.7516466674658975E+00 -0.8554331664611858E+00 -0.8291755684099609E+00 -0.6440954815415837E+00 -0.3936552132260571E+00 -0.1774958124633613E+00 -0.3448708761697133E-01  0.3311391187478696E-01  0.0000000000000000E+00
  0.0000000000000000E+00  0.1765098858059990E+00  0.2730838337472206E+00  0.2983042910517366E+00  0.2452238029704673E+00  0.1625744821871060E+00  0.6321418891984171E-01 -0.4056028693145394E-01 -0.1432517955878697E+00 -0.2398565473809328E+00 -0.3311181711886556E+00 -0.4384645877476366E+00 -0.5883915915126250E+00 -0.7594870458830245E+00 -0.8463486973615101E+00 -0.7564001670740075E+00 -0.5324670019444709E+00 -0.2933406980860242E+00 -0.1080752934890366E+00 -0.1021947491153389E-01  0.0000000000000000E+00
  0.0000000000000000E+00  0.1549884169428913E+00  0.2971406128910938E+00  0.4001628130078874E+00  0.4151442107902971E+00  0.3762303791428376E+00  0.3055895417742233E+00  0.2165658072189122E+00  0.1142233194448475E+00  0.2599186144997914E-02 -0.1140412822728278E+00 -0.2436205697383473E+00 -0.4073112802363344E+00 -0.6190466803837349E+00 -0.8061578496370843E+00 -0.8359897075720978E+00 -0.6751340185077878E+00 -0.4350738188541897E+00 -0.2161186492833021E+00 -0.7883727517846012E-01  0.0000000000000000E+00
  0.0000000000000000E+00  0.1099456174245048E+00  0.2700639952643804E+00  0.4409843991519463E+00  0.5350083583030203E+00  0.5571859148640241E+00  0.5283977556072837E+00  0.4639541726802784E+00  0.3704732963506018E+00  0.2511261599842532E+00  0.1112621001264306E+00 -0.4657998364505203E-01 -0.2254521583034003E+00 -0.4550395661094115E+00 -0.7142844272438856E+00 -0.8724800939788205E+00 -0.8126718990450468E+00 -0.5961061770862324E+00 -0.3560121024862207E+00 -0.1658339247800741E+00  0.0000000000000000E+00
  0.0000000000000000E+00  0.5160946967805232E-01  0.1993672343870487E+00  0.4071806134587066E+00  0.5729946039584484E+00  0.6659869175982588E+00  0.6918357285274845E+00  0.6629153668063340E+00  0.5872961154543941E+00  0.4689495230793959E+00  0.3144674553663073E+00  0.1340228754328864E+00 -0.5697033471740891E-01 -0.2850710997927685E+00 -0.5780682237684730E+00 -0.8507316350441949E+00 -0.9279450152221917E+00 -0.7692637818601350E+00 -0.5245112553520154E+00 -0.2678969072815056E+00  0.0000000000000000E+00
  0.0000000000000000E+00 -0.1268367649271462E-01  0.9827663510480837E-01  0.2989108238465304E+00  0.5073902618984042E+00  0.6646280624799838E+00  0.7510272945738463E+00  0.7669179228101524E+00  0.7183194984339779E+00  0.6111056833538829E+00  0.4563903772495565E+00  0.2715277363679506E+00  0.8349521573649153E-01 -0.1225881256467757E+00 -0.4048410665240039E+00 -0.7516197383136529E+00 -0.9872758389552163E+00 -0.9340160619476596E+00 -0.7122474144763399E+00 -0.3821083506202304E+00  0.0000000000000000E+00
  0.0000000000000000E+00 -0.7029577202168180E-01 -0.1580850472245454E-01  0.1381501361961663E+00  0.3431934905820710E+00  0.5327988580151864E+00  0.6663373786130257E+00  0.7273764023245365E+00  0.7147963933413479E+00  0.6352243872313362E+00  0.5047262146069095E+00  0.3456302021848970E+00  0.1862398588908882E+00  0.2367837097731881E-01 -0.2040866195562209E+00 -0.5572859806920706E+00 -0.9374153064180283E+00 -0.1041052195555178E+01 -0.8936159158122855E+00 -0.4978404982774858E+00  0.0000000000000000E+00
  0.0000000000000000E+00 -0.7713800273547462E-01 -0.7193754809447782E-01  0.2146291891214644E-01  0.1773732961370064E+00  0.3468600482127348E+00  0.4880645030354892E+00  0.5753359577604625E+00  0.5996549970172160E+00  0.5638864758105425E+00  0.4827444859089457E+00  0.3754898950408234E+00  0.2651874894805751E+00  0.1565424036167912E+00  0.1059544753302855E-01 -0.2677022500601700E+00 -0.7167089747817623E+00 -0.9954033214654668E+00 -0.9987616696958516E+00 -0.5763234480025051E+00  0.0000000000000000E+00
  0.0000000000000000E+00  0.1937334046655777E-01  0.8327391333460259E-01  0.1595804741803925E+00  0.2541301448840194E+00  0.3598674717296995E+00  0.4576771517598952E+00  0.5278028187226805E+00  0.5585114636969774E+00  0.5474690740106436E+00  0.5034712977373219E+00  0.4387677958414546E+00  0.3707008631151170E+00  0.3035344396159573E+00  0.2303476820599849E+00  0.8078864628548207E-01 -0.2949263400356369E+00 -0.6577935231468703E+00 -0.8696607379140840E+00 -0.5156097420240981E+00  0.0000000000000000E+00
  0.0000000000000000E+00  0.4253279582886407E+00  0.5504230590845840E+00  0.6092664526539028E+00  0.6351804507222309E+00  0.6551708409061998E+00  0.6739440274259333E+00  0.6851667137333753E+00  0.6824426926934901E+00  0.6627889584018617E+00  0.6305740412782656E+00  0.5896365486804367E+00  0.5511329493111188E+00  0.5114069195367718E+00  0.4869350042047499E+00  0.4406079563147043E+00  0.2955858165716151E+00  0.1211799005588341E+00 -0.1535155108129564E+00 -0.4529680050456603E-01  0.0000000000000000E+00
  0.3000000000000000E+01  0.1743389465600636E+01  0.1432004736080851E+01  0.1331781116218684E+01  0.1348588792717327E+01  0.1394354949011100E+01  0.1435845069482095E+01  0.1472302677522555E+01  0.1511183385616507E+01  0.1559102198805059E+01  0.1611749173902525E+01  0.1669858149800145E+01  0.1717302015181761E+01  0.1769313681005642E+01  0.1769542669445735E+01  0.1758964777341369E+01  0.1818316210249518E+01  0.1978666775176628E+01  0.2590885794524785E+01  0.2620280659489600E+01  0.3000000000000000E+01
