  0.0000000000000000E+00  0.5690749574554482E-02  0.2081979554260605E-01  0.7094742636921653E-01  0.1375888427513653E+00  0.1913992861484844E+00  0.1872530053473463E+00  0.8302178831188511E-01 -0.1163262917499193E+00 -0.3693615798675554E+00 -0.6084717044858079E+00 -0.7563468507582496E+00 -0.7585029244072249E+00 -0.6347493784872568E+00 -0.4621007048196686E+00 -0.2949893273278337E+00 -0.1561065706047688E+00 -0.5382146727289694E-01  0.7710934383083706E-02  0.1845042441019695E-01  0.0000000000000000E+00
  0.0000000000000000E+00 -0.2332910791265555E-01 -0.6435979080621160E-01 -0.1199594509947809E+00 -0.1771907679683932E+00 -0.2172655366266253E+00 -0.2219901015831597E+00 -0.1731443598142574E+00 -0.7271816989423145E-01  0.6372303995331857E-01  0.2066650710254086E+00  0.3227094992835464E+00  0.3836137181697835E+00  0.3860337720247203E+00  0.3478501058563844E+00  0.2848157095234251E+00  0.2075068918588847E+00  0.1290034652246849E+00  0.6113705055081597E-01  0.2189667625674159E-01  0.0000000000000000E+00
  0.0000000000000000E+00 -0.6429657416341217E-01 -0.1722595768760287E+00 -0.2889309266151261E+00 -0.3939834611538143E+00 -0.4603973237313914E+00 -0.4787172994021328E+00 -0.4364112911308869E+00 -0.3344808014326137E+00 -0.1781924600075997E+00  0.1152350859041797E-01  0.2117816470923895E+00  0.3923382301021255E+00  0.5233519375869041E+00  0.5814496127494848E+00  0.5594578012424415E+00  0.4664141049718854E+00  0.3331889284011577E+00  0.1911220860355316E+00  0.8414045318042171E-01  0.0000000000000000E+00
  0.0000000000000000E+00 -0.8188601016731674E-01 -0.2628725961600289E+00 -0.4178805200950042E+00 -0.5540353680634205E+00 -0.6400689738653519E+00 -0.6819598355844100E+00 -0.6673092689935965E+00 -0.6016802302169726E+00 -0.4814000726928431E+00 -0.3179602107194477E+00 -0.1202897263643561E+00  0.8734952160468659E-01  0.2756560481832873E+00  0.4149138611645052E+00  0.4845265152507808E+00  0.4711781958195449E+00  0.3843403582681010E+00  0.2471960216218608E+00  0.1111449712070670E+00  0.0000000000000000E+00
  0.0000000000000000E+00 -0.7617386372126889E-01 -0.3090651876654246E+00 -0.4812631587421460E+00 -0.6388404712996139E+00 -0.7421464631747871E+00 -0.8109061901732916E+00 -0.8288384806673434E+00 -0.8050736839014822E+00 -0.7290550930244933E+00 -0.6051148075173302E+00 -0.4326391553270996E+00 -0.2319226918421015E+00 -0.3554298119994312E-01  0.1260788394563341E+00  0.2402769370804073E+00  0.2949191310956529E+00  0.2807902525199681E+00  0.1961883512106070E+00  0.9449390872786306E-01  0.0000000000000000E+00
  0.0000000000000000E+00 -0.5960023748202150E-01 -0.3015645574298357E+00 -0.4719214485286195E+00 -0.6367189421685069E+00 -0.7481379990902650E+00 -0.8364235058967853E+00 -0.8830374563639355E+00 -0.9017992300150232E+00 -0.8800030168532701E+00 -0.8143085238118404E+00 -0.6886675006046669E+00 -0.5074699887048327E+00 -0.3063658942367687E+00 -0.1345193485391210E+00 -0.8691797399956749E-02  0.7705805285197416E-01  0.1153856534879403E+00  0.9038623423318784E-01  0.5273672961671809E-01  0.0000000000000000E+00
  0.0000000000000000E+00 -0.3725790245794490E-01 -0.2462960815897907E+00 -0.4046549496714848E+00 -0.5663746164946943E+00 -0.6815009540783459E+00 -0.7821246187025668E+00 -0.8489003407769522E+00 -0.8977545680247918E+00 -0.9219272608633818E+00 -0.9184572462581297E+00 -0.8612439442282345E+00 -0.7256312527306832E+00 -0.5268847882788552E+00 -0.3303841222477433E+00 -0.1877988789648298E+00 -0.9061418817817443E-01 -0.2576820273116241E-01 -0.2176435797647465E-02  0.1255486418897918E-01  0.0000000000000000E+00
  0.0000000000000000E+00 -0.1868506479688993E-02 -0.1517963240972846E+00 -0.2943452693410174E+00 -0.4480345552908664E+00 -0.5658559469973731E+00 -0.6745220923181758E+00 -0.7539765171648007E+00 -0.8179135223771582E+00 -0.8677807063936926E+00 -0.9106506052124105E+00 -0.9263565602888638E+00 -0.8670871573406786E+00 -0.7042417679792007E+00 -0.4838927350916412E+00 -0.2967235066494789E+00 -0.1740162466327303E+00 -0.9142840355113957E-01 -0.3734154101188619E-01  0.2602245886454187E-02  0.0000000000000000E+00
  0.0000000000000000E+00  0.5393265710305038E-01 -0.3108186192902327E-01 -0.1538370188255043E+00 -0.2976857363599479E+00 -0.4184102529404063E+00 -0.5343290009206231E+00 -0.6250439272079666E+00 -0.6971383389865882E+00 -0.7554529747444010E+00 -0.8177030514855922E+00 -0.8854630629322474E+00 -0.9121776244448567E+00 -0.8290141515356361E+00 -0.6261801954587577E+00 -0.3908499303979399E+00 -0.2112545326810379E+00 -0.9447677433747358E-01 -0.2103737654994838E-01  0.2273642325027141E-01  0.0000000000000000E+00
  0.0000000000000000E+00  0.1188220519913707E+00  0.9579296243483197E-01  0.4790421196944232E-02 -0.1236997633685387E+00 -0.2431749111374750E+00 -0.3630148302964009E+00 -0.4645567080850493E+00 -0.5467934078363018E+00 -0.6113050184640831E+00 -0.6769958548916352E+00 -0.7672225881442759E+00 -0.8611414352766235E+00 -0.8781575803670993E+00 -0.7493967678977200E+00 -0.5120573604948613E+00 -0.2777940571638520E+00 -0.1073453052598644E+00 -0.5331514992781975E-02  0.4313549291724560E-01  0.0000000000000000E+00
  0.0000000000000000E+00  0.1646280623825942E+00  0.2040896920198154E+00  0.1642739478742663E+00  0.6525506813844550E-01 -0.4216075774322000E-01 -0.1566971783485234E+00 -0.2636624754202692E+00 -0.3579599920030895E+00 -0.4363895824325651E+00 -0.5093061553764633E+00 -0.6068496432421552E+00 -0.7393222155257922E+00 -0.8467090747400776E+00 -0.8244419029578071E+00 -0.6425075480730267E+00 -0.3935853125562586E+00 -0.1775514661095208E+00 -0.3417339577601731E-01  0.3374219612797201E-01  0.0000000000000000E+00
  0.0000000000000000E+00  0.1748736370102112E+00  0.2742062483162815E+00  0.3042681546320240E+00  0.2549592423074596E+00  0.1747444558463220E+00  0.7718502245118936E-01 -0.2543862655226968E-01 -0.1276668586435163E+00 -0.2245020917438877E+00 -0.3166399407083845E+00 -0.4255310407576723E+00 -0.5773612142107363E+00 -0.7510774758143179E+00 -0.8408340334116566E+00 -0.7535521598006276E+00 -0.5314714664747511E+00 -0.2931465553230407E+00 -0.1079962354639083E+00 -0.1000270870235120E-01  0.0000000000000000E+00
  0.0000000000000000E+00  0.1515933690017593E+00  0.2951108086892059E+00  0.4026466045053640E+00  0.4221780607193730E+00  0.3865463238026174E+00  0.3181665058114667E+00  0.2304986081599967E+00  0.1286616463309423E+00  0.1667272918524697E-01 -0.1011712424382391E+00 -0.2327122019244746E+00 -0.3984052243597904E+00 -0.6122961719189561E+00 -0.8013413384023889E+00 -0.8330013354825895E+00 -0.6736733910591658E+00 -0.4345289935690493E+00 -0.2159482516187745E+00 -0.7873756601679344E-01  0.0000000000000000E+00
  0.0000000000000000E+00  0.1056082705326003E+00  0.2652256901795690E+00  0.4390470316142485E+00  0.5374369753599758E+00  0.5634399435954338E+00  0.5373943932795296E+00  0.4745508681602716E+00  0.3816226058961428E+00  0.2618413170438559E+00  0.1207352368109904E+00 -0.3889147292027922E-01 -0.2193287481219870E+00 -0.4506260685749436E+00 -0.7110920333978216E+00 -0.8702267756838266E+00 -0.8113572480349606E+00 -0.5954907038503638E+00 -0.3557612870876188E+00 -0.1657276158046808E+00  0.0000000000000000E+00
  0.0000000000000000E+00  0.4706826433785034E-01  0.1927349758585128E+00  0.4007046385359244E+00  0.5693119696455945E+00  0.6657998912407026E+00  0.6945601958243678E+00  0.6674509656073185E+00  0.5924989317095045E+00  0.4738197390013539E+00  0.3183794277416763E+00  0.1369640518298870E+00 -0.5430821487779977E-01 -0.2831105837631308E+00 -0.5767204400062562E+00 -0.8496288569332563E+00 -0.9271421571756808E+00 -0.7688275576761666E+00 -0.5243217255745971E+00 -0.2678062104838910E+00  0.0000000000000000E+00
  0.0000000000000000E+00 -0.1671564077247752E-01  0.9112642470765461E-01  0.2889106685490725E+00  0.4972359283471801E+00  0.6562204656226627E+00  0.7448512401406410E+00  0.7624605124708181E+00  0.7147171917923905E+00  0.6076293329075252E+00  0.4528623586257244E+00  0.2685986307502707E+00  0.8228565182165072E-01 -0.1227937466890336E+00 -0.4048917763123768E+00 -0.7515165786787478E+00 -0.9870432890997053E+00 -0.9338224924388878E+00 -0.7121868054915398E+00 -0.3820636856816312E+00  0.0000000000000000E+00
  0.0000000000000000E+00 -0.7278428536427864E-01 -0.2175550727019885E-01  0.1276072207068732E+00  0.3294125603484753E+00  0.5177346706440443E+00  0.6514133345715922E+00  0.7132152862609240E+00  0.7015371281983578E+00  0.6230094194368361E+00  0.4941026321217329E+00  0.3376297957947446E+00  0.1818874668042546E+00  0.2209739406364080E-01 -0.2046681635156374E+00 -0.5575564212135701E+00 -0.9375034931076053E+00 -0.1041007212270153E+01 -0.8936524372412884E+00 -0.4978409592167581E+00  0.0000000000000000E+00
  0.0000000000000000E+00 -0.7692818500792457E-01 -0.7370451264497839E-01  0.1582768722623561E-01  0.1674306817542919E+00  0.3335014814148404E+00  0.4726666348968600E+00  0.5591858213616179E+00  0.5838201523444272E+00  0.5493632964513347E+00  0.4705628446478966E+00  0.3666187717459671E+00  0.2602663741234971E+00  0.1549229194814435E+00  0.1038284072610093E-01 -0.2676393045730419E+00 -0.7167158741791836E+00 -0.9953351063034862E+00 -0.9987994153395960E+00 -0.5763378119434842E+00  0.0000000000000000E+00
  0.0000000000000000E+00  0.2123475095822945E-01  0.8515820986526444E-01  0.1602769598970664E+00  0.2521152653031825E+00  0.3546615973426511E+00  0.4497458073302025E+00  0.5181295827726549E+00  0.5482542041670173E+00  0.5378077399693806E+00  0.4954596585622288E+00  0.4331775303437934E+00  0.3678394668769001E+00  0.3030414451172863E+00  0.2308907882791627E+00  0.8143452418464939E-01 -0.2946382375761961E+00 -0.6576011428361512E+00 -0.8696273269902178E+00 -0.5155919634424448E+00  0.0000000000000000E+00
  0.0000000000000000E+00  0.4260168241209322E+00  0.5517940962038127E+00  0.6106078469572438E+00  0.6356669016496209E+00  0.6542961961528713E+00  0.6716583689716988E+00  0.6818212865992654E+00  0.6786335224070774E+00  0.6591646266623257E+00  0.6276633967627043E+00  0.5877475709931219E+00  0.5503564377522872E+00  0.5115546706136800E+00  0.4875409319315444E+00  0.4412143001963696E+00  0.2958723063272330E+00  0.1213488766220698E+00 -0.1534498090191661E+00 -0.4527104435795046E-01  0.0000000000000000E+00
  0.3000000000000000E+01  0.1743184278595433E+01  0.1429775921253826E+01  0.1328453419025335E+01  0.1345114560354320E+01  0.1391773008884037E+01  0.1434770700415106E+01  0.1472665722974859E+01  0.1512353636945785E+01  0.1560313859982404E+01  0.1612469468274116E+01  0.1669934817364428E+01  0.1716770153620039E+01  0.1768377433276246E+01  0.1768267992484529E+01  0.1757791623595540E+01  0.1817744843442105E+01  0.1978352227297639E+01  0.2590722100067280E+01  0.2620221169631407E+01  0.3000000000000000E+01
