  0.0000000000000000E+00  0.1173881554818898E-01  0.1871594947698986E-01  0.2559376493701717E-01  0.3205156996446008E-01  0.3762036670057956E-01  0.4256332691493580E-01  0.4643379826155394E-01  0.4935652952210796E-01  0.5096926217527548E-01  0.5131419506144295E-01  0.5012199953959700E-01  0.4743125420467628E-01  0.4310480413334202E-01  0.3726122675625335E-01  0.2995431311571244E-01  0.2146180433745774E-01  0.1211107279779859E-01  0.2684034055419360E-02 -0.3736468899365935E-02  0.0000000000000000E+00
  0.0000000000000000E+00 -0.8556330236872647E-02 -0.1264681078564412E-01 -0.1715254611579823E-01 -0.2134173035286222E-01 -0.2507857745214147E-01 -0.2834453712664489E-01 -0.3096247851945371E-01 -0.3290187699236558E-01 -0.3401298181561405E-01 -0.3425326170788674E-01 -0.3351123486918894E-01 -0.3176625405678876E-01 -0.2897280883617479E-01 -0.2517415028503424E-01 -0.2042716568685833E-01 -0.1487851754381250E-01 -0.8735469045530419E-02 -0.2447659147108270E-02  0.2284281661426560E-02  0.0000000000000000E+00
  0.0000000000000000E+00 -0.1393017516242896E-01 -0.1922448287994251E-01 -0.2586387341037751E-01 -0.3197362109412660E-01 -0.3761536565584486E-01 -0.4247028446499888E-01 -0.4645363729680720E-01 -0.4934910145498876E-01 -0.5106968327156669E-01 -0.5144559006221726E-01 -0.5041170506796980E-01 -0.4786750796569001E-01 -0.4381362237518235E-01 -0.3826122409884938E-01 -0.3132718394486256E-01 -0.2317374829397978E-01 -0.1409533433879267E-01 -0.4658943385905450E-02  0.3116376084913744E-02  0.0000000000000000E+00
  0.0000000000000000E+00 -0.1588166916573043E-01 -0.2165343344804142E-01 -0.2890516221598901E-01 -0.3568394184043420E-01 -0.4190813135520062E-01 -0.4738384660090221E-01 -0.5186019182629024E-01 -0.5521473082936600E-01 -0.5723621073230024E-01 -0.5781604303727772E-01 -0.5679357358225316E-01 -0.5410288529458074E-01 -0.4967220736353138E-01 -0.4353331154245706E-01 -0.3575842224604923E-01 -0.2653538315410522E-01 -0.1616928753615081E-01 -0.5353654710043838E-02  0.3520115446030603E-02  0.0000000000000000E+00
  0.0000000000000000E+00 -0.1687485894095027E-01 -0.2311242189882884E-01 -0.3098409955521468E-01 -0.3826148307307974E-01 -0.4504262761077699E-01 -0.5100202722139124E-01 -0.5599474236063925E-01 -0.5978093780548179E-01 -0.6221555465775792E-01 -0.6308669521562579E-01 -0.6226290888261126E-01 -0.5958519143271792E-01 -0.5498467239760692E-01 -0.4842018814914920E-01 -0.3997063260120200E-01 -0.2980654149393846E-01 -0.1831204260829190E-01 -0.6313967265474644E-02  0.3332616009868821E-02  0.0000000000000000E+00
  0.0000000000000000E+00 -0.1765353223664529E-01 -0.2455295259764147E-01 -0.3315858967971292E-01 -0.4116456804893977E-01 -0.4860670592668474E-01 -0.5525795822180467E-01 -0.6087870426038892E-01 -0.6529949101241893E-01 -0.6827745227801013E-01 -0.6963009634350813E-01 -0.6912385513355056E-01 -0.6658875145494124E-01 -0.6185468395885686E-01 -0.5485310042571499E-01 -0.4559915202299659E-01 -0.3428657562566606E-01 -0.2136961642558436E-01 -0.7873574398787306E-02  0.2746304040138800E-02  0.0000000000000000E+00
  0.0000000000000000E+00 -0.1845830932825016E-01 -0.2614633430463455E-01 -0.3572005684832264E-01 -0.4461555110440957E-01 -0.5296253715750764E-01 -0.6046292461715562E-01 -0.6695008409048508E-01 -0.7217625516317336E-01 -0.7593421667655184E-01 -0.7794611189238430E-01 -0.7796324496729556E-01 -0.7569774587146827E-01 -0.7091838798721901E-01 -0.6343731706359908E-01 -0.5321796167814379E-01 -0.4042512855248558E-01 -0.2562995769965936E-01 -0.1010681319653754E-01  0.1830770051360017E-02  0.0000000000000000E+00
  0.0000000000000000E+00 -0.1934182680113641E-01 -0.2799043385573296E-01 -0.3870115856323540E-01 -0.4871560223396729E-01 -0.5813512866523932E-01 -0.6672227515075413E-01 -0.7426255330740601E-01 -0.8055434025190496E-01 -0.8531865297498915E-01 -0.8827240469223220E-01 -0.8905484692562736E-01 -0.8730114816927272E-01 -0.8262028815480030E-01 -0.7469298126073319E-01 -0.6333473261033307E-01 -0.4866217281864677E-01 -0.3136101655574172E-01 -0.1308406162351200E-01  0.6139731646749067E-03  0.0000000000000000E+00
  0.0000000000000000E+00 -0.2034504554865608E-01 -0.3010360498879582E-01 -0.4216383021517470E-01 -0.5346328818492333E-01 -0.6417058152625549E-01 -0.7402262188698347E-01 -0.8286495535759351E-01 -0.9046082387236590E-01 -0.9654952429885108E-01 -0.1007680028667661E+00 -0.1026927728989726E+00 -0.1017985299703499E+00 -0.9751734688735524E-01 -0.8928024700662712E-01 -0.7666723898107253E-01 -0.5963361570231789E-01 -0.3898442440463300E-01 -0.1693211504737200E-01 -0.9125599788410707E-03  0.0000000000000000E+00
  0.0000000000000000E+00 -0.2148430791030658E-01 -0.3253538717108206E-01 -0.4612523359490513E-01 -0.5889867354107814E-01 -0.7104794008409390E-01 -0.8237079119148102E-01 -0.9272343202891653E-01 -0.1019195136768669E+00 -0.1096711458154032E+00 -0.1155959972792437E+00 -0.1191586834398682E+00 -0.1196763306341947E+00 -0.1163083828668417E+00 -0.1081241212609046E+00 -0.9427226483939359E-01 -0.7434644995859029E-01 -0.4919959809861176E-01 -0.2188524960872135E-01 -0.2805957290492471E-02  0.0000000000000000E+00
  0.0000000000000000E+00 -0.2279607439858140E-01 -0.3532827488647095E-01 -0.5064604420077909E-01 -0.6502730780675345E-01 -0.7876530548459384E-01 -0.9170157205238307E-01 -0.1037825363173572E+00 -0.1148571242042550E+00 -0.1246783050557437E+00 -0.1328362624550490E+00 -0.1387204907957379E+00 -0.1414592029007136E+00 -0.1398734321498548E+00 -0.1325001949430481E+00 -0.1177461927147943E+00 -0.9445288430947223E-01 -0.6325257781059984E-01 -0.2846013085450783E-01 -0.5306939404016473E-02  0.0000000000000000E+00
  0.0000000000000000E+00 -0.2433633308084196E-01 -0.3858207768892591E-01 -0.5579986769986824E-01 -0.7188825194260486E-01 -0.8727525633369834E-01 -0.1019228808638060E+00 -0.1158839716475639E+00 -0.1291107418203115E+00 -0.1414218127712732E+00 -0.1524424974732007E+00 -0.1615298178614968E+00 -0.1676472472856176E+00 -0.1692488647552126E+00 -0.1641317635419395E+00 -0.1495326559783316E+00 -0.1227675964762746E+00 -0.8359776157473522E-01 -0.3807121201132953E-01 -0.9350740636093443E-02  0.0000000000000000E+00
  0.0000000000000000E+00 -0.2622995551692375E-01 -0.4247605502334548E-01 -0.6174175326815531E-01 -0.7952860103848053E-01 -0.9652144096762838E-01 -0.1128577360878866E+00 -0.1287665258610410E+00 -0.1443470425890512E+00 -0.1595476991425821E+00 -0.1741157765139469E+00 -0.1874686973543897E+00 -0.1985436626910345E+00 -0.2054701306650920E+00 -0.2052308565881020E+00 -0.1932947330940306E+00 -0.1642608745356758E+00 -0.1154631341537856E+00 -0.5504172133482797E-01 -0.1807010234235979E-01  0.0000000000000000E+00
  0.0000000000000000E+00 -0.2874154745641026E-01 -0.4737124109353577E-01 -0.6873530873763901E-01 -0.8803399404180862E-01 -0.1063935075495433E+00 -0.1242231963874299E+00 -0.1419905842116049E+00 -0.1599845982689720E+00 -0.1783663405503882E+00 -0.1970955805489454E+00 -0.2158635813940685E+00 -0.2338070554702442E+00 -0.2491031210633630E+00 -0.2580701393231621E+00 -0.2541069956678451E+00 -0.2274031516069354E+00 -0.1701705003104006E+00 -0.9156104925477290E-01 -0.4009289454377793E-01  0.0000000000000000E+00
  0.0000000000000000E+00 -0.3244384190925892E-01 -0.5392356632582032E-01 -0.7716763814383600E-01 -0.9743147479106512E-01 -0.1165937856171328E+00 -0.1354514293383413E+00 -0.1547333196096701E+00 -0.1749574050626663E+00 -0.1965144949225891E+00 -0.2197314686581219E+00 -0.2447646177292059E+00 -0.2714561458727693E+00 -0.2986895241794844E+00 -0.3231589649962524E+00 -0.3367323530946675E+00 -0.3242310855750778E+00 -0.2687050740232889E+00 -0.1744168435362667E+00 -0.9274648288671614E-01  0.0000000000000000E+00
  0.0000000000000000E+00 -0.3846593013051675E-01 -0.6305198271414382E-01 -0.8716207547455054E-01 -0.1070612378891238E+00 -0.1258761869385812E+00 -0.1448312191982028E+00 -0.1648881718125880E+00 -0.1866876622038291E+00 -0.2108565111398051E+00 -0.2380717847588679E+00 -0.2692075451509107E+00 -0.3052243177708744E+00 -0.3469025803663220E+00 -0.3932859736444603E+00 -0.4377680623495726E+00 -0.4614919745937606E+00 -0.4340306830463863E+00 -0.3370495971970722E+00 -0.1944057530311423E+00  0.0000000000000000E+00
  0.0000000000000000E+00 -0.4850933955652853E-01 -0.7434502463303967E-01 -0.9593634200366098E-01 -0.1124006980788787E+00 -0.1285645636851529E+00 -0.1458983770397774E+00 -0.1652702731910095E+00 -0.1872299542514952E+00 -0.2123764148526427E+00 -0.2416313428218975E+00 -0.2763791862024680E+00 -0.3188688627709912E+00 -0.3723994489293983E+00 -0.4410338648131249E+00 -0.5252579826841034E+00 -0.6099417499951858E+00 -0.6474452942424114E+00 -0.5703821640368814E+00 -0.3357765958133137E+00  0.0000000000000000E+00
  0.0000000000000000E+00 -0.6082154705871605E-01 -0.7835526732662997E-01 -0.8727764632337626E-01 -0.9336370465158082E-01 -0.1026053832409914E+00 -0.1154191930969291E+00 -0.1317143087305502E+00 -0.1513361505391939E+00 -0.1745123341617977E+00 -0.2018848772819589E+00 -0.2348040621240502E+00 -0.2757120378645931E+00 -0.3293659687648010E+00 -0.4046605737891935E+00 -0.5143113806812364E+00 -0.6601269088478046E+00 -0.7842559689997741E+00 -0.7697749227591486E+00 -0.4583960927336684E+00  0.0000000000000000E+00
  0.0000000000000000E+00 -0.5763388636949999E-01 -0.1517040451083758E-01  0.5947189319705676E-02  0.1711039337316794E-01  0.1774932251627101E-01  0.1152400458607354E-01  0.6314838455289695E-03 -0.1378758447106829E-01 -0.3131305459464627E-01 -0.5207931630285431E-01 -0.7659234027935835E-01 -0.1060737888631618E+00 -0.1431889574073877E+00 -0.1959851536192427E+00 -0.2837193095349028E+00 -0.4386096985601159E+00 -0.6219473108929534E+00 -0.7419237052667069E+00 -0.4437404778796687E+00  0.0000000000000000E+00
  0.0000000000000000E+00  0.2112899822046740E+00  0.2938182436870318E+00  0.3390441934919797E+00  0.3516454323451079E+00  0.3513434346959836E+00  0.3468583913837698E+00  0.3408619479494415E+00  0.3339496259991714E+00  0.3260994688674845E+00  0.3172603132510982E+00  0.3074586881147834E+00  0.2969851097980194E+00  0.2866425007507273E+00  0.2749806710679913E+00  0.2561187517822188E+00  0.1879764011091307E+00  0.9059521869864225E-01 -0.1231392752742630E+00 -0.1337768759429089E-01  0.0000000000000000E+00
  0.3000000000000000E+01  0.2308496167016478E+01  0.2103374864428067E+01  0.1988814608843767E+01  0.1962174096337844E+01  0.1963719018428320E+01  0.1970948830434764E+01  0.1978045639997204E+01  0.1984363537531418E+01  0.1990388538802900E+01  0.1996139743943851E+01  0.2001031595376292E+01  0.2002970881742780E+01  0.1996883540340430E+01  0.1979072833176783E+01  0.1947924435118441E+01  0.1997461098112492E+01  0.2106267033011120E+01  0.2627494120556082E+01  0.2596392584903203E+01  0.3000000000000000E+01
