  0.0000000000000000E+00  0.5436658060845340E-02  0.2104077996878592E-01  0.7268083216971355E-01  0.1416014766333719E+00  0.1985320887320316E+00  0.1980170356710313E+00  0.9655719028481391E-01 -0.1015184906774058E+00 -0.3552255272705405E+00 -0.5970554541084846E+00 -0.7493129487311911E+00 -0.7562539657377808E+00 -0.6353054238457749E+00 -0.4634155654032199E+00 -0.2961860545062479E+00 -0.1569193965195400E+00 -0.5421382681176279E-01  0.7665469121344665E-02  0.1862419603033644E-01  0.0000000000000000E+00
  0.0000000000000000E+00 -0.2353492149344617E-01 -0.6543478227858740E-01 -0.1221108254577712E+00 -0.1805192848614710E+00 -0.2218253526962681E+00 -0.2278702246790993E+00 -0.1799727149621491E+00 -0.7990509599133751E-01  0.5697591969856151E-01  0.2011656646704992E+00  0.3190736264095553E+00  0.3819787000985622E+00  0.3857296966519491E+00  0.3481754862468225E+00  0.2854001355285261E+00  0.2081184342469673E+00  0.1294364020880742E+00  0.6132840743582381E-01  0.2182485366911610E-01  0.0000000000000000E+00
  0.0000000000000000E+00 -0.6516810641949318E-01 -0.1752635668669763E+00 -0.2936516442036001E+00 -0.3999563779510412E+00 -0.4669439693567728E+00 -0.4855936383662667E+00 -0.4433609546016333E+00 -0.3412337786514183E+00 -0.1842977681748559E+00  0.6441539903013043E-02  0.2079079304974750E+00  0.3896821345579059E+00  0.5218836661100725E+00  0.5811108933372475E+00  0.5600143520793305E+00  0.4674359062213621E+00  0.3340953794524599E+00  0.1916506914288161E+00  0.8409875703768474E-01  0.0000000000000000E+00
  0.0000000000000000E+00 -0.8223737873759839E-01 -0.2655389985784785E+00 -0.4212622235698471E+00 -0.5576046997827259E+00 -0.6432524255796128E+00 -0.6848992852658233E+00 -0.6700755098722986E+00 -0.6043966517400116E+00 -0.4840175999879051E+00 -0.3203976119669917E+00 -0.1225102002180385E+00  0.8535021789526784E-01  0.2738945673219341E+00  0.4135923872486399E+00  0.4838813622334681E+00  0.4712341751269336E+00  0.3846668895247755E+00  0.2474544576236873E+00  0.1109071439465834E+00  0.0000000000000000E+00
  0.0000000000000000E+00 -0.7598255325875644E-01 -0.3103782875620084E+00 -0.4823153467527787E+00 -0.6395192391542698E+00 -0.7421453719451114E+00 -0.8106059424438331E+00 -0.8284786762569043E+00 -0.8050116729525073E+00 -0.7294859919500506E+00 -0.6060356531659360E+00 -0.4339161031827328E+00 -0.2333439823393612E+00 -0.3708954995398620E-01  0.1244477096532225E+00  0.2388348077285959E+00  0.2939759060204505E+00  0.2802439077467718E+00  0.1958324269346061E+00  0.9400768897210156E-01  0.0000000000000000E+00
  0.0000000000000000E+00 -0.5908390983667413E-01 -0.3010106575564672E+00 -0.4703258219459064E+00 -0.6341997235778041E+00 -0.7445883635558017E+00 -0.8322344801212241E+00 -0.8786005944313207E+00 -0.8976251902736209E+00 -0.8766395469125915E+00 -0.8120538147946871E+00 -0.6875763398337711E+00 -0.5072402313283837E+00 -0.3067779763664547E+00 -0.1355227473561665E+00 -0.1009301687599683E-01  0.7567963785191402E-01  0.1142399299810791E+00  0.8952908941410259E-01  0.5202510785655742E-01  0.0000000000000000E+00
  0.0000000000000000E+00 -0.3649457595590332E-01 -0.2442051042321059E+00 -0.4012381862714428E+00 -0.5618495152980280E+00 -0.6759462695557059E+00 -0.7758681174132820E+00 -0.8423739817336829E+00 -0.8914303724993662E+00 -0.9164428633099754E+00 -0.9142411036495095E+00 -0.8584768885603885E+00 -0.7240753129391908E+00 -0.5262400207817435E+00 -0.3305435041717230E+00 -0.1886826259152763E+00 -0.9189724226547819E-01 -0.2704786950637383E-01 -0.3142638954410482E-02  0.1184441677947499E-01  0.0000000000000000E+00
  0.0000000000000000E+00 -0.7001135311499844E-03 -0.1487237668977899E+00 -0.2899052900631278E+00 -0.4424478544690944E+00 -0.5592393133583344E+00 -0.6670504882593109E+00 -0.7460713549700833E+00 -0.8100056679385552E+00 -0.8605774034972772E+00 -0.9047361405011686E+00 -0.9220410288070424E+00 -0.8642069653516629E+00 -0.7024842002597087E+00 -0.4830787426162675E+00 -0.2967512417142412E+00 -0.1746489958811339E+00 -0.9226980325664588E-01 -0.3794927097215371E-01  0.2209945383378955E-02  0.0000000000000000E+00
  0.0000000000000000E+00  0.5539974461364820E-01 -0.2783375806644961E-01 -0.1491713987467607E+00 -0.2919364532599328E+00 -0.4116789362852185E+00 -0.5266964570044566E+00 -0.6169180978847056E+00 -0.6888899538390868E+00 -0.7477503528848108E+00 -0.8112129681397983E+00 -0.8805535944125114E+00 -0.9086502349910005E+00 -0.8264964560939961E+00 -0.6245081495075744E+00 -0.3899909833149153E+00 -0.2109548340628142E+00 -0.9449516385057699E-01 -0.2102810164049842E-01  0.2279099336301593E-01  0.0000000000000000E+00
  0.0000000000000000E+00  0.1197445530795692E+00  0.9824313163349860E-01  0.8839715780340526E-02 -0.1185592101759134E+00 -0.2371152913572617E+00 -0.3560529889901791E+00 -0.4570027016899559E+00 -0.5389300682233356E+00 -0.6037234373479317E+00 -0.6704716532897047E+00 -0.7623194352093777E+00 -0.8576861168703518E+00 -0.8755710691608164E+00 -0.7473443865838241E+00 -0.5106717698546888E+00 -0.2768832702852145E+00 -0.1067271253755451E+00 -0.4865599990365646E-02  0.4350707400814938E-01  0.0000000000000000E+00
  0.0000000000000000E+00  0.1643026522072394E+00  0.2049903806400115E+00  0.1669232431272029E+00  0.6910167215475010E-01 -0.3747366144200589E-01 -0.1511822820683879E+00 -0.2575034830634767E+00 -0.3513497101804020E+00 -0.4297439483764334E+00 -0.5033535170630909E+00 -0.6023438058780590E+00 -0.7363496768435573E+00 -0.8446327080782839E+00 -0.8225984228082638E+00 -0.6410317404238591E+00 -0.3925119642083262E+00 -0.1767354188512313E+00 -0.3360664466404363E-01  0.3417347023863191E-01  0.0000000000000000E+00
  0.0000000000000000E+00  0.1733817360316621E+00  0.2733206791820564E+00  0.3049874851947662E+00  0.2569650047978734E+00  0.1775418370228180E+00  0.8066275939188734E-01 -0.2138908545124671E-01 -0.1231397263624961E+00 -0.2196931350150499E+00 -0.3120651390441272E+00 -0.4219014329730407E+00 -0.5750835969672985E+00 -0.7497792615963270E+00 -0.8396186033504017E+00 -0.7523571068897569E+00 -0.5305016847628459E+00 -0.2923532168455300E+00 -0.1074566951267905E+00 -0.9624074078738724E-02  0.0000000000000000E+00
  0.0000000000000000E+00  0.1494431642464788E+00  0.2926921524258889E+00  0.4012607190396391E+00  0.4219816781134142E+00  0.3871270124189493E+00  0.3192998296868471E+00  0.2320837395074708E+00  0.1306706938239800E+00  0.1905607899761853E-01 -0.9868636506240241E-01 -0.2305252239903236E+00 -0.3969958181974996E+00 -0.6117799842388564E+00 -0.8008826876845769E+00 -0.8323016339734837E+00 -0.6729753941990742E+00 -0.4338479080939176E+00 -0.2154190707799291E+00 -0.7839461358899419E-01  0.0000000000000000E+00
  0.0000000000000000E+00  0.1033076986431395E+00  0.2618586410956497E+00  0.4357292971683182E+00  0.5348434387964576E+00  0.5615183301460553E+00  0.5359566309540319E+00  0.4734797722122679E+00  0.3808848042639474E+00  0.2614563185626238E+00  0.1206500018062676E+00 -0.3864681378043695E-01 -0.2189897149667467E+00 -0.4507511707779074E+00 -0.7112399868168428E+00 -0.8700048481135308E+00 -0.8109802244948600E+00 -0.5949919244421793E+00 -0.3552867613173498E+00 -0.1654230819528212E+00  0.0000000000000000E+00
  0.0000000000000000E+00  0.4499290203771151E-01  0.1891865072857192E+00  0.3960757159055251E+00  0.5645311442023555E+00  0.6612903775471641E+00  0.6903766450924737E+00  0.6635516264002955E+00  0.5888632321759544E+00  0.4705312647501014E+00  0.3155912080753762E+00  0.1351023699691379E+00 -0.5512773569621498E-01 -0.2836717403674913E+00 -0.5771406824614859E+00 -0.8496466770099840E+00 -0.9269716821171859E+00 -0.7684950137447899E+00 -0.5239493463774568E+00 -0.2675569136260086E+00  0.0000000000000000E+00
  0.0000000000000000E+00 -0.1825337385695083E-01  0.8807242325418847E-01  0.2839436190727565E+00  0.4910224759649932E+00  0.6494664836356271E+00  0.7379754860360623E+00  0.7556747544944727E+00  0.7081604792704390E+00  0.6015527752385954E+00  0.4476756239006929E+00  0.2649863647876002E+00  0.8053627903874455E-01 -0.1235226584658901E+00 -0.4052090504202800E+00 -0.7514199103014130E+00 -0.9868395768948589E+00 -0.9335366537384490E+00 -0.7118971759426124E+00 -0.3818652759412013E+00  0.0000000000000000E+00
  0.0000000000000000E+00 -0.7340027221002597E-01 -0.2358346431065621E-01  0.1237564857443877E+00  0.3235523663273817E+00  0.5103645295715887E+00  0.6431370118398558E+00  0.7045972164517654E+00  0.6930945893210509E+00  0.6153338969364684E+00  0.4878573118325699E+00  0.3334726934354819E+00  0.1799680997491488E+00  0.2159322266889500E-01 -0.2045996948055937E+00 -0.5570566416170879E+00 -0.9370107107149139E+00 -0.1040601937064838E+01 -0.8933808101922700E+00 -0.4976698865909557E+00  0.0000000000000000E+00
  0.0000000000000000E+00 -0.7630370059748937E-01 -0.7336532760086449E-01  0.1494474098218542E-01  0.1647332966394181E+00  0.3289962760193857E+00  0.4667730784445336E+00  0.5525472809678149E+00  0.5771614096902750E+00  0.5434422279316257E+00  0.4660452036028373E+00  0.3639358757493089E+00  0.2593720928560681E+00  0.1551470323538548E+00  0.1094196445266394E-01 -0.2667136338135397E+00 -0.7158373426360611E+00 -0.9946777030240478E+00 -0.9984658884582974E+00 -0.5761571160827443E+00  0.0000000000000000E+00
  0.0000000000000000E+00  0.2243205843799272E-01  0.8666885008415659E-01  0.1618589520286448E+00  0.2530267380218304E+00  0.3544456552008243E+00  0.4483739753358700E+00  0.5159303860017929E+00  0.5457651776368210E+00  0.5356316456000558E+00  0.4940975973568361E+00  0.4328838409893841E+00  0.3684984873979278E+00  0.3041832934783967E+00  0.2318573821484173E+00  0.8247736604581216E-01 -0.2936384799309077E+00 -0.6567675698337488E+00 -0.8691922234013977E+00 -0.5153548483530482E+00  0.0000000000000000E+00
  0.0000000000000000E+00  0.4264737191948924E+00  0.5527686394365150E+00  0.6119094384091146E+00  0.6369586779961537E+00  0.6552817097057955E+00  0.6722018925998197E+00  0.6819799106956332E+00  0.6786168720107338E+00  0.6592399623124012E+00  0.6280442299997662E+00  0.5885228104804348E+00  0.5514550289171943E+00  0.5127641732880596E+00  0.4884795015037399E+00  0.4419707884924838E+00  0.2963941716320221E+00  0.1218380250278499E+00 -0.1531322664105748E+00 -0.4507087742929482E-01  0.0000000000000000E+00
  0.3000000000000000E+01  0.1743010900853316E+01  0.1428362931774612E+01  0.1326130636801301E+01  0.1342150704033370E+01  0.1388600526083438E+01  0.1431768297536411E+01  0.1469990653914893E+01  0.1509914561604619E+01  0.1557911758662852E+01  0.1609964907357538E+01  0.1667315409548080E+01  0.1714133400646345E+01  0.1765890773614218E+01  0.1766418877637198E+01  0.1756565000568361E+01  0.1817179005173026E+01  0.1977718355082701E+01  0.2590204575830326E+01  0.2619857783934836E+01  0.3000000000000000E+01
