  0.0000000000000000E+00  0.7976398442973077E-02  0.2110349605575595E-01  0.6476151294313565E-01  0.1202028756596518E+00  0.1564394032970844E+00  0.1300896217354495E+00  0.7769399626919582E-02 -0.1998348365999318E+00 -0.4474996818818164E+00 -0.6668441564405171E+00 -0.7842475541242321E+00 -0.7564966006824506E+00 -0.6189118736306113E+00 -0.4452979434507381E+00 -0.2818997716861213E+00 -0.1476738451710838E+00 -0.4968232310606568E-01  0.8486482012169422E-02  0.1743758294951599E-01  0.0000000000000000E+00
  0.0000000000000000E+00 -0.2347972342651384E-01 -0.6111965796161276E-01 -0.1119182634603404E+00 -0.1629273401115425E+00 -0.1952260851850173E+00 -0.1908833886056804E+00 -0.1347166651364657E+00 -0.3094987748740059E-01  0.1032029846650753E+00  0.2379429918594496E+00  0.3413542136752641E+00  0.3892252047611520E+00  0.3836803361294013E+00  0.3420293052657254E+00  0.2779342525592508E+00  0.2011819082296623E+00  0.1245670723854022E+00  0.5899021071547392E-01  0.2185792256392006E-01  0.0000000000000000E+00
  0.0000000000000000E+00 -0.6246277183656845E-01 -0.1622554778290823E+00 -0.2709932774378856E+00 -0.3685791446749757E+00 -0.4292388522579674E+00 -0.4425605440815917E+00 -0.3963805957824776E+00 -0.2926844690621335E+00 -0.1378907278865903E+00  0.4698481913783172E-01  0.2398150869015602E+00  0.4111790136010055E+00  0.5321291347575928E+00  0.5807899723464381E+00  0.5519029859916311E+00  0.4558718795179030E+00  0.3240188940501411E+00  0.1854571141585912E+00  0.8301135064127617E-01  0.0000000000000000E+00
  0.0000000000000000E+00 -0.8176059885915625E-01 -0.2543570402451163E+00 -0.4049317308862979E+00 -0.5379949078826145E+00 -0.6226159155151216E+00 -0.6627588330137236E+00 -0.6460695573292274E+00 -0.5784114924225431E+00 -0.4566264258000725E+00 -0.2927578191125519E+00 -0.9613588916251185E-01  0.1085093317566395E+00  0.2919183376920710E+00  0.4247507552668110E+00  0.4873402654106153E+00  0.4680783704429536E+00  0.3791012402642812E+00  0.2429401548488521E+00  0.1110646848430940E+00  0.0000000000000000E+00
  0.0000000000000000E+00 -0.7743865962647983E-01 -0.3050548521209273E+00 -0.4764092902363405E+00 -0.6336184968502295E+00 -0.7372896281118384E+00 -0.8054033534593003E+00 -0.8217525603776084E+00 -0.7952239692815193E+00 -0.7153226745135539E+00 -0.5873683650753172E+00 -0.4122622765245779E+00 -0.2118653646454950E+00 -0.1801175957976715E-01  0.1404377085838123E+00  0.2507122215211113E+00  0.3003656754598851E+00  0.2825823665034692E+00  0.1966147628642557E+00  0.9619333247619315E-01  0.0000000000000000E+00
  0.0000000000000000E+00 -0.6171402461987111E-01 -0.3038842856141368E+00 -0.4765330568551839E+00 -0.6435299756345830E+00 -0.7571793403522386E+00 -0.8469750370173996E+00 -0.8940370227729880E+00 -0.9115965888922367E+00 -0.8856554320035271E+00 -0.8130465723534160E+00 -0.6795544070372641E+00 -0.4935745418870446E+00 -0.2920646133396020E+00 -0.1214336518454413E+00  0.3460568207747419E-02  0.8697765077569454E-01  0.1223852382814316E+00  0.9494663051064553E-01  0.5613746738743899E-01  0.0000000000000000E+00
  0.0000000000000000E+00 -0.4007282602437576E-01 -0.2536364078918152E+00 -0.4154283849921276E+00 -0.5798449672608319E+00 -0.6970300250676063E+00 -0.7994428179195385E+00 -0.8676444925703742E+00 -0.9173236924278857E+00 -0.9398146976607156E+00 -0.9307220648480719E+00 -0.8640379617856139E+00 -0.7193197190646777E+00 -0.5163843734570943E+00 -0.3200815908844232E+00 -0.1777609662916521E+00 -0.8075724321760075E-01 -0.1744358856180762E-01  0.3494474914768949E-02  0.1620467188330671E-01  0.0000000000000000E+00
  0.0000000000000000E+00 -0.6100161035964904E-02 -0.1624822891783955E+00 -0.3086753869289879E+00 -0.4647973006483909E+00 -0.5841702418447493E+00 -0.6945342471034062E+00 -0.7758802095480746E+00 -0.8421740026671333E+00 -0.8932442141147573E+00 -0.9339399876345097E+00 -0.9419866066323764E+00 -0.8716527714572118E+00 -0.6999924467079690E+00 -0.4769095778789708E+00 -0.2902400493175276E+00 -0.1677536843412414E+00 -0.8591686690705418E-01 -0.3397178807369374E-01  0.4359936786657568E-02  0.0000000000000000E+00
  0.0000000000000000E+00  0.4820525385443815E-01 -0.4304729948319932E-01 -0.1698407621677100E+00 -0.3158258112599258E+00 -0.4377049256728506E+00 -0.5548283360442796E+00 -0.6468104608082527E+00 -0.7209547381706137E+00 -0.7814965550356160E+00 -0.8445943158358357E+00 -0.9088134315169432E+00 -0.9267776012188934E+00 -0.8331030148860112E+00 -0.6236738536396955E+00 -0.3872054269541109E+00 -0.2086586195514629E+00 -0.9301656466756102E-01 -0.2104880213739287E-01  0.2201436562330817E-01  0.0000000000000000E+00
  0.0000000000000000E+00  0.1139245304337518E+00  0.8503819396894213E-01 -0.1130352800919621E-01 -0.1425903530569625E+00 -0.2636146339226624E+00 -0.3848253095678357E+00 -0.4873841041149202E+00 -0.5708275219347669E+00 -0.6367095334713214E+00 -0.7035957306538078E+00 -0.7928054339234988E+00 -0.8815116029975655E+00 -0.8896667511413275E+00 -0.7526010496975107E+00 -0.5110683070013990E+00 -0.2766418806557403E+00 -0.1074892078080913E+00 -0.6722683367413176E-02  0.4131420041138929E-01  0.0000000000000000E+00
  0.0000000000000000E+00  0.1631580043164968E+00  0.1968144890917076E+00  0.1499042433174956E+00  0.4642978303354020E-01 -0.6363541694636518E-01 -0.1803437308408451E+00 -0.2887128930764692E+00 -0.3837275413999001E+00 -0.4622688115470311E+00 -0.5350012156611444E+00 -0.6315258935104688E+00 -0.7609572509889483E+00 -0.8621457533750555E+00 -0.8324857951565968E+00 -0.6448766496644666E+00 -0.3935633649018477E+00 -0.1775471894956034E+00 -0.3490671405163619E-01  0.3249396954473386E-01  0.0000000000000000E+00
  0.0000000000000000E+00  0.1773498315902514E+00  0.2717952522393421E+00  0.2936317387126851E+00  0.2378728553910600E+00  0.1535321160556962E+00  0.5292508707949221E-01 -0.5158804659218678E-01 -0.1544992925303688E+00 -0.2508192382319263E+00 -0.3414786815882295E+00 -0.4481205981054805E+00 -0.5973042955857919E+00 -0.7668095413329162E+00 -0.8510721245684588E+00 -0.7585270444773018E+00 -0.5330787047664252E+00 -0.2934282396956578E+00 -0.1081336995103880E+00 -0.1041451553536198E-01  0.0000000000000000E+00
  0.0000000000000000E+00  0.1570290075162908E+00  0.2979734842471045E+00  0.3977024462451474E+00  0.4093757024670067E+00  0.3680989103687162E+00  0.2958309179536736E+00  0.2058482205921397E+00  0.1031660764850533E+00 -0.8152533469943355E-02 -0.1239319852159337E+00 -0.2523069179700374E+00 -0.4150393689494912E+00 -0.6257352633125836E+00 -0.8111789805731033E+00 -0.8388542571740016E+00 -0.6763629865115613E+00 -0.4354934357207216E+00 -0.2161678672144083E+00 -0.7886201373886434E-01  0.0000000000000000E+00
  0.0000000000000000E+00  0.1126567178134245E+00  0.2728574265063793E+00  0.4414735589964839E+00  0.5321989706467394E+00  0.5515328450391733E+00  0.5207097110352465E+00  0.4550650157438352E+00  0.3611278589793219E+00  0.2420379379005381E+00  0.1030276274875286E+00 -0.5355282034202496E-01 -0.2314299541814555E+00 -0.4602745130671037E+00 -0.7186632101229341E+00 -0.8754348591455080E+00 -0.8141637629997064E+00 -0.5968024937823299E+00 -0.3561952437070663E+00 -0.1658772465374636E+00  0.0000000000000000E+00
  0.0000000000000000E+00  0.5449701238437783E-01  0.2034967580247944E+00  0.4108349615542345E+00  0.5743180072129345E+00  0.6645663674836774E+00  0.6881551571980260E+00  0.6577974054806497E+00  0.5815599110672314E+00  0.4633277386107221E+00  0.3094706986300591E+00  0.1298696420903251E+00 -0.6064196299526646E-01 -0.2884485345411276E+00 -0.5812314976665209E+00 -0.8532690670380135E+00 -0.9293934001175655E+00 -0.7700516638642062E+00 -0.5247889753894923E+00 -0.2679909238647374E+00  0.0000000000000000E+00
  0.0000000000000000E+00 -0.1009559664979906E-01  0.1029007725048689E+00  0.3051758159127329E+00  0.5132961998828277E+00  0.6688608479169663E+00  0.7533266661607407E+00  0.7677232220738379E+00  0.7182950110862140E+00  0.6108394023983176E+00  0.4561620532145215E+00  0.2712056122879783E+00  0.8257905866808861E-01 -0.1240544926338955E+00 -0.4066637904244867E+00 -0.7535018413974059E+00 -0.9885005967315164E+00 -0.9347709485781199E+00 -0.7125429427491931E+00 -0.3822294923401411E+00  0.0000000000000000E+00
  0.0000000000000000E+00 -0.6868787846576206E-01 -0.1182215318220445E-01  0.1451360893628393E+00  0.3520350808796265E+00  0.5420248698606170E+00  0.6749569647947627E+00  0.7350358062957404E+00  0.7215134499520608E+00  0.6410725903319466E+00  0.5095718356693291E+00  0.3490954899264621E+00  0.1878772524128187E+00  0.2377445903633525E-01 -0.2048547381899961E+00 -0.5585581655146440E+00 -0.9383886669557429E+00 -0.1041722834593899E+01 -0.8938911031238992E+00 -0.4979619356749148E+00  0.0000000000000000E+00
  0.0000000000000000E+00 -0.7730651200578369E-01 -0.7065485091962860E-01  0.2542664059272403E-01  0.1841597359317541E+00  0.3556843477483450E+00  0.4978898806651083E+00  0.5852883551806938E+00  0.6091003670785975E+00  0.5723092203106650E+00  0.4896628981290155E+00  0.3804669099232906E+00  0.2679525707254037E+00  0.1573691357645790E+00  0.1035878026720238E-01 -0.2685920271961448E+00 -0.7174744678993491E+00 -0.9959869986878656E+00 -0.9989987446890578E+00 -0.5764314128130360E+00  0.0000000000000000E+00
  0.0000000000000000E+00  0.1797301848774764E-01  0.8190588774035634E-01  0.1591681759174487E+00  0.2556989682674201E+00  0.3636259530915604E+00  0.4631814609266648E+00  0.5343195271742953E+00  0.5652631075733028E+00  0.5537395622123952E+00  0.5086644213650214E+00  0.4424873458201722E+00  0.3727953512220558E+00  0.3041815590368573E+00  0.2301927746998232E+00  0.8013094572725438E-01 -0.2954890929223810E+00 -0.6582362044068900E+00 -0.8698457436418849E+00 -0.5156793487796969E+00  0.0000000000000000E+00
  0.0000000000000000E+00  0.4247884339940883E+00  0.5494386820510266E+00  0.6083897351021972E+00  0.6349874222991527E+00  0.6559716333795740E+00  0.6757212944437904E+00  0.6876368037961647E+00  0.6851889714022830E+00  0.6653932466381746E+00  0.6327212386173729E+00  0.5911680632264190E+00  0.5519972359747508E+00  0.5117298162509933E+00  0.4868960669571070E+00  0.4403902170508312E+00  0.2954244124630009E+00  0.1210009476945393E+00 -0.1535951251935996E+00 -0.4532373217502524E-01  0.0000000000000000E+00
  0.3000000000000000E+01  0.1743607716505483E+01  0.1433589841587276E+01  0.1333998970610857E+01  0.1350736701369962E+01  0.1395711052952838E+01  0.1436017577595294E+01  0.1471409115785801E+01  0.1509696193366454E+01  0.1557559822297871E+01  0.1610500705512903E+01  0.1668983156140915E+01  0.1716803643297804E+01  0.1768992110283877E+01  0.1769504573828502E+01  0.1758960294574761E+01  0.1818237669688616E+01  0.1978760952509492E+01  0.2590939631938914E+01  0.2620291847745379E+01  0.3000000000000000E+01
