  0.0000000000000000E+00  0.6613826198733241E-02  0.2132138563718664E-01  0.6962199541226644E-01  0.1328411228428275E+00  0.1811190775397033E+00  0.1696827506629354E+00  0.5938717913530123E-01 -0.1428497258487996E+00 -0.3944092341662313E+00 -0.6274604619393207E+00 -0.7658155386459649E+00 -0.7583383721101087E+00 -0.6299077936593875E+00 -0.4568391929068698E+00 -0.2908676022673033E+00 -0.1534428186003697E+00 -0.5250143469488550E-01  0.7977010541308366E-02  0.1812224879445867E-01  0.0000000000000000E+00
  0.0000000000000000E+00 -0.2346860502338450E-01 -0.6350445471769173E-01 -0.1176294071177147E+00 -0.1729019874005708E+00 -0.2105283747853890E+00 -0.2123176696306654E+00 -0.1610652637532324E+00 -0.5950487882264256E-01  0.7626791198614274E-01  0.2166552397269715E+00  0.3287207555146845E+00  0.3854452564048521E+00  0.3852690495608687E+00  0.3459788875333100E+00  0.2826176266834233E+00  0.2054867162942092E+00  0.1275897801995480E+00  0.6045024914790417E-01  0.2192392093602156E-01  0.0000000000000000E+00
  0.0000000000000000E+00 -0.6379198887142025E-01 -0.1691919785158885E+00 -0.2832662259408777E+00 -0.3858648393588849E+00 -0.4504660468164637E+00 -0.4672702582290607E+00 -0.4238086121243960E+00 -0.3213643623167273E+00 -0.1656054982078030E+00  0.2250525724159366E-01  0.2203467278980887E+00  0.3979973971044477E+00  0.5258993550232185E+00  0.5810974696930602E+00  0.5569852777829667E+00  0.4630173302822578E+00  0.3302679059037585E+00  0.1893277579850209E+00  0.8389401160252336E-01  0.0000000000000000E+00
  0.0000000000000000E+00 -0.8188427432518126E-01 -0.2601530250238738E+00 -0.4137090871633830E+00 -0.5489320636885809E+00 -0.6347347862832746E+00 -0.6762997284033558E+00 -0.6612115483930870E+00 -0.5950838411326260E+00 -0.4744522914319853E+00 -0.3109632819063295E+00 -0.1136605085803240E+00  0.9310893453582805E-01  0.2800653940210469E+00  0.4175335774592197E+00  0.4851257652302189E+00  0.4700310412032835E+00  0.3826324195394265E+00  0.2458557925968493E+00  0.1112830573991824E+00  0.0000000000000000E+00
  0.0000000000000000E+00 -0.7664050461093584E-01 -0.3077832466197226E+00 -0.4797933042839723E+00 -0.6374594580737507E+00 -0.7411959960109542E+00 -0.8100093279875846E+00 -0.8276574756063747E+00 -0.8031595825209324E+00 -0.7260248109313938E+00 -0.6008855178556843E+00 -0.4275964281003314E+00 -0.2268858333018983E+00 -0.3105761378855953E-01  0.1298814370025948E+00  0.2431156570754512E+00  0.2963779487721808E+00  0.2812680680500005E+00  0.1963387730651204E+00  0.9520933087335902E-01  0.0000000000000000E+00
  0.0000000000000000E+00 -0.6037714455993254E-01 -0.3023237805145577E+00 -0.4735669063094967E+00 -0.6392836501938023E+00 -0.7516924748981565E+00 -0.8406554417741745E+00 -0.8875936692121859E+00 -0.9060901596269113E+00 -0.8830939717395714E+00 -0.8153125186495858E+00 -0.6872746753993134E+00 -0.5045284777519536E+00 -0.3030358518384996E+00 -0.1311686548587200E+00 -0.5298552490367249E-02  0.7996901835958824E-01  0.1175511238514650E+00  0.9189772581833194E-01  0.5400406517257629E-01  0.0000000000000000E+00
  0.0000000000000000E+00 -0.3827541166483644E-01 -0.2486536815181627E+00 -0.4082870034452181E+00 -0.5710431323889765E+00 -0.6870330295986210E+00 -0.7883530192428546E+00 -0.8556895048760322E+00 -0.9048374003971809E+00 -0.9284892296921484E+00 -0.9232886554257368E+00 -0.8632381442623919E+00 -0.7249102645672687E+00 -0.5247335727006256E+00 -0.3278524689769594E+00 -0.1848952411432050E+00 -0.8751362685361815E-01 -0.2301504788043961E-01 -0.1983274569162608E-03  0.1392870618409535E-01  0.0000000000000000E+00
  0.0000000000000000E+00 -0.3303980298408518E-02 -0.1551469585888768E+00 -0.2990305384413106E+00 -0.4536054907948912E+00 -0.5720672975708493E+00 -0.6813636362640627E+00 -0.7615051855074990E+00 -0.8261791938594655E+00 -0.8763282429951919E+00 -0.9183926615629954E+00 -0.9317517465232695E+00 -0.8693174480378596E+00 -0.7039311357205187E+00 -0.4824708889847079E+00 -0.2948924481424431E+00 -0.1718721508348863E+00 -0.8937827929627329E-01 -0.3598146593924599E-01  0.3395133922619158E-02  0.0000000000000000E+00
  0.0000000000000000E+00  0.5212570210660233E-01 -0.3470736991058870E-01 -0.1588895499359715E+00 -0.3034701530504249E+00 -0.4246566566327968E+00 -0.5410391896616247E+00 -0.6322560418092532E+00 -0.7050188831606163E+00 -0.7638998732966339E+00 -0.8261192302072927E+00 -0.8925622006461394E+00 -0.9167669331022772E+00 -0.8308498437305671E+00 -0.6262006391055057E+00 -0.3901475297475843E+00 -0.2104129279464070E+00 -0.9375288851371349E-01 -0.2077641809742052E-01  0.2270172507632886E-01  0.0000000000000000E+00
  0.0000000000000000E+00  0.1174113300864941E+00  0.9269798714163337E-01 -0.8151524717637219E-04 -0.1294547107860144E+00 -0.2494580431310789E+00 -0.3697854615263098E+00 -0.4717610779116033E+00 -0.5544739525625147E+00 -0.6193822549163485E+00 -0.6851455664234110E+00 -0.7745973091694709E+00 -0.8667776812083874E+00 -0.8815215059888205E+00 -0.7508544068275572E+00 -0.5123438059627105E+00 -0.2777457707050737E+00 -0.1074447166985948E+00 -0.5724531715986378E-02  0.4261986366151862E-01  0.0000000000000000E+00
  0.0000000000000000E+00  0.1643755562238722E+00  0.2021984154613898E+00  0.1601442095099781E+00  0.5978022061257900E-01 -0.4843873538908501E-01 -0.1636548407486690E+00 -0.2711305776063931E+00 -0.3657637608405150E+00 -0.4443093564494963E+00 -0.5170379868977372E+00 -0.6138102601666326E+00 -0.7449254912619042E+00 -0.8505505202344319E+00 -0.8267441741134929E+00 -0.6436138143323584E+00 -0.3940041916937914E+00 -0.1778655582944586E+00 -0.3459397277667418E-01  0.3325215379083214E-01  0.0000000000000000E+00
  0.0000000000000000E+00  0.1758670705127323E+00  0.2738790150189035E+00  0.3014494955439459E+00  0.2502348038811338E+00  0.1688204626495837E+00  0.7037467068223500E-01 -0.3283178384699340E-01 -0.1353233067444061E+00 -0.2321021278373894E+00 -0.3238160702764076E+00 -0.4317672383796373E+00 -0.5823189269646073E+00 -0.7545541669582669E+00 -0.8431709352699419E+00 -0.7550089411236135E+00 -0.5322185357295660E+00 -0.2935453226955619E+00 -0.1083137691172788E+00 -0.1030831343649988E-01  0.0000000000000000E+00
  0.0000000000000000E+00  0.1534800861352843E+00  0.2963989110975843E+00  0.4016624233314096E+00  0.4189137631869042E+00  0.3816652210270176E+00  0.3121901996412731E+00  0.2238752629179689E+00  0.1217997754199554E+00  0.9968326328763035E-02 -0.1073227848171892E+00 -0.2378705501189318E+00 -0.4023791341212740E+00 -0.6149264736024980E+00 -0.8031103043374008E+00 -0.8342687046446988E+00 -0.6744731367603046E+00 -0.4349676981816765E+00 -0.2162374608984166E+00 -0.7893693156422846E-01  0.0000000000000000E+00
  0.0000000000000000E+00  0.1079529716440608E+00  0.2679112405522391E+00  0.4403223412248706E+00  0.5365535491649411E+00  0.5606772147195566E+00  0.5333057431346265E+00  0.4697142999533190E+00  0.3765568866740145E+00  0.2570091430650787E+00  0.1164870871473564E+00 -0.4232899296622167E-01 -0.2219957190600698E+00 -0.4522204424525691E+00 -0.7120103157969372E+00 -0.8709508916297968E+00 -0.8119400937215191E+00 -0.5958438355092619E+00 -0.3560041681796959E+00 -0.1658715291393205E+00  0.0000000000000000E+00
  0.0000000000000000E+00  0.4948711106623074E-01  0.1962759257805010E+00  0.4042526268177326E+00  0.5715287384228001E+00  0.6663239970288158E+00  0.6936866418048658E+00  0.6657369390013809E+00  0.5905161320927353E+00  0.4720407603398749E+00  0.3170520338143231E+00  0.1359888713734077E+00 -0.5531640003877903E-01 -0.2836915592800180E+00 -0.5768540362770467E+00 -0.8497324808010438E+00 -0.9273796879661544E+00 -0.7690171563609934E+00 -0.5244638557915544E+00 -0.2678998490506019E+00  0.0000000000000000E+00
  0.0000000000000000E+00 -0.1458864761086376E-01  0.9486826033841422E-01  0.2941824941833944E+00  0.5026902370589983E+00  0.6608942534724217E+00  0.7484920922830229E+00  0.7653202101225234E+00  0.7172161363377154E+00  0.6100957504210993E+00  0.4553027204991285E+00  0.2705626041754290E+00  0.8312153716180870E-01 -0.1225281790359418E+00 -0.4045841433072700E+00 -0.7512188955627097E+00 -0.9869766918184468E+00 -0.9338640670742063E+00 -0.7122231808786887E+00 -0.3821076262774174E+00  0.0000000000000000E+00
  0.0000000000000000E+00 -0.7148220438863284E-01 -0.1869187197337659E-01  0.1330529945030700E+00  0.3365865312734276E+00  0.5256667037641359E+00  0.6593849141880067E+00  0.7208971920013626E+00  0.7088275748047616E+00  0.6297772914225844E+00  0.4999788467476857E+00  0.3419897649873216E+00  0.1841452542622974E+00  0.2282413963512959E-01 -0.2043843090953475E+00 -0.5572808062783284E+00 -0.9373287621297656E+00 -0.1040988125471827E+01 -0.8936266364834207E+00 -0.4978489101034175E+00  0.0000000000000000E+00
  0.0000000000000000E+00 -0.7704548220857566E-01 -0.7283944908754700E-01  0.1865892009803723E-01  0.1724814749312520E+00  0.3403486901835244E+00  0.4806247054143189E+00  0.5675944028481429E+00  0.5921063916322198E+00  0.5569686056870340E+00  0.4768939525196281E+00  0.3711261887237395E+00  0.2625963839273146E+00  0.1554815240011718E+00  0.1025781133668623E-01 -0.2677593489760167E+00 -0.7166868194309514E+00 -0.9953634952185162E+00 -0.9987819511354322E+00 -0.5763358136442676E+00  0.0000000000000000E+00
  0.0000000000000000E+00  0.2025014397216910E-01  0.8413644370913262E-01  0.1598296968104619E+00  0.2530279555335249E+00  0.3571978711883713E+00  0.4536853381985959E+00  0.5229746041845880E+00  0.5534023415479056E+00  0.5426280423473706E+00  0.4993810803381398E+00  0.4357821384082895E+00  0.3689744885488200E+00  0.3029394765973202E+00  0.2303072213400990E+00  0.8089603591784718E-01 -0.2948503397148990E+00 -0.6577307906966013E+00 -0.8696603219928630E+00 -0.5156146600894266E+00  0.0000000000000000E+00
  0.0000000000000000E+00  0.4256145461799077E+00  0.5510222662805947E+00  0.6098321012819211E+00  0.6353075955948153E+00  0.6546161141244269E+00  0.6726892494456449E+00  0.6833885041929698E+00  0.6804324097257860E+00  0.6608575786828035E+00  0.6289733769962796E+00  0.5885132632532228E+00  0.5505404670638772E+00  0.5112762620542398E+00  0.4870687822624421E+00  0.4408044592471611E+00  0.2956844385791704E+00  0.1212376228012934E+00 -0.1534989625427674E+00 -0.4529718268121532E-01  0.0000000000000000E+00
  0.3000000000000000E+01  0.1743406505432446E+01  0.1431069644867348E+01  0.1330333392964699E+01  0.1347105168749079E+01  0.1393349528815091E+01  0.1435617589861661E+01  0.1472809091605679E+01  0.1512105112370548E+01  0.1560055306298960E+01  0.1612460949349301E+01  0.1670242348648621E+01  0.1717353087357189E+01  0.1769110690434601E+01  0.1769100874552773E+01  0.1758482658176364E+01  0.1818096344547590E+01  0.1978556340899519E+01  0.2590836565635439E+01  0.2620276887954220E+01  0.3000000000000000E+01
