  0.0000000000000000E+00  0.5421832598797569E-02  0.2089065702621862E-01  0.7246926392663261E-01  0.1411958374893165E+00  0.1980469790186585E+00  0.1973982285854651E+00  0.9588778502220924E-01 -0.1022871734518288E+00 -0.3560221670881771E+00 -0.5978635317202016E+00 -0.7500167924975403E+00 -0.7567869087486180E+00 -0.6356173840290381E+00 -0.4635689517256049E+00 -0.2962146243729732E+00 -0.1568679366936564E+00 -0.5409720913773125E-01  0.7806154784319369E-02  0.1872206013981983E-01  0.0000000000000000E+00
  0.0000000000000000E+00 -0.2347254013095155E-01 -0.6529655795439772E-01 -0.1219243279675664E+00 -0.1802683026135968E+00 -0.2215525638303770E+00 -0.2275627541132381E+00 -0.1796497275826149E+00 -0.7954785034844149E-01  0.5735191599584261E-01  0.2015557087196431E+00  0.3194446423449915E+00  0.3823073234553299E+00  0.3859972271860693E+00  0.3483912041547965E+00  0.2855614653493043E+00  0.2082235466113091E+00  0.1294788791577734E+00  0.6132056558368407E-01  0.2180192490060837E-01  0.0000000000000000E+00
  0.0000000000000000E+00 -0.6499578779405708E-01 -0.1749990168369746E+00 -0.2933037199760666E+00 -0.3996090703514739E+00 -0.4666107124724723E+00 -0.4852900337542491E+00 -0.4430613977256354E+00 -0.3409307244971532E+00 -0.1839664191006493E+00  0.6803594438727678E-02  0.2083171345374342E+00  0.3901350616173717E+00  0.5223742975291698E+00  0.5816046607387845E+00  0.5604697716749396E+00  0.4678027031402708E+00  0.3343394283355889E+00  0.1917678515353716E+00  0.8412783484164493E-01  0.0000000000000000E+00
  0.0000000000000000E+00 -0.8210868077923962E-01 -0.2652779091438980E+00 -0.4210040605744166E+00 -0.5573798947948173E+00 -0.6430986419716115E+00 -0.6847804364298445E+00 -0.6699838258724722E+00 -0.6042939036680066E+00 -0.4838947926277032E+00 -0.3202340118738425E+00 -0.1222975801318206E+00  0.8562987135420226E-01  0.2742458054830444E+00  0.4140119211597941E+00  0.4843372295912106E+00  0.4716768089944965E+00  0.3850242201952394E+00  0.2476845408912565E+00  0.1109713618376381E+00  0.0000000000000000E+00
  0.0000000000000000E+00 -0.7592103303436976E-01 -0.3102446418631676E+00 -0.4822346346003651E+00 -0.6395141208742247E+00 -0.7422151883840754E+00 -0.8107308006744723E+00 -0.8286224783512157E+00 -0.8051504356933233E+00 -0.7295867844976857E+00 -0.6060933523806822E+00 -0.4339138154120230E+00 -0.2332837098081819E+00 -0.3696373465718233E-01  0.1246367515405249E+00  0.2390906061254597E+00  0.2942764313660756E+00  0.2805330966264424E+00  0.1960451349409968E+00  0.9406817423174724E-01  0.0000000000000000E+00
  0.0000000000000000E+00 -0.5906987030146987E-01 -0.3010169791225633E+00 -0.4704304687408187E+00 -0.6343886075063169E+00 -0.7448724419983975E+00 -0.8325755134086287E+00 -0.8789741449770068E+00 -0.8979889390218448E+00 -0.8769662946715074E+00 -0.8123246012154780E+00 -0.6877839981011302E+00 -0.5073788778049412E+00 -0.3068579391988630E+00 -0.1355573074198475E+00 -0.1008074926750494E-01  0.7575604599174829E-01  0.1143564784379941E+00  0.8962644501604923E-01  0.5205286558669776E-01  0.0000000000000000E+00
  0.0000000000000000E+00 -0.3650773021340564E-01 -0.2443343340942219E+00 -0.4014694226660120E+00 -0.5621893063958895E+00 -0.6763804538512640E+00 -0.7763830302114568E+00 -0.8429222582594355E+00 -0.8919810518466748E+00 -0.9169471065143397E+00 -0.9146878353333285E+00 -0.8588536327189582E+00 -0.7243787157848747E+00 -0.5264675096512637E+00 -0.3307260569867287E+00 -0.1888453234287042E+00 -0.9201746934499701E-01 -0.2711047661983278E-01 -0.3176532001073715E-02  0.1181862540009315E-01  0.0000000000000000E+00
  0.0000000000000000E+00 -0.7455556276096399E-03 -0.1489220579173314E+00 -0.2902067104128938E+00 -0.4428597324856581E+00 -0.5597561376743850E+00 -0.6676586484939259E+00 -0.7467314886218903E+00 -0.8106735314277271E+00 -0.8612029689775903E+00 -0.9052919047540608E+00 -0.9225297065049336E+00 -0.8646250129300168E+00 -0.7028168710055325E+00 -0.4833315541815938E+00 -0.2969742248002950E+00 -0.1748516798468104E+00 -0.9242298082257365E-01 -0.3804346583523901E-01  0.2164220228467767E-02  0.0000000000000000E+00
  0.0000000000000000E+00  0.5533892847526853E-01 -0.2803697711096022E-01 -0.1494736274860727E+00 -0.2923526321018274E+00 -0.4121980105374999E+00 -0.5273261921760398E+00 -0.6176132938394696E+00 -0.6896132407753437E+00 -0.7484353361516961E+00 -0.8118191417787035E+00 -0.8810805497602315E+00 -0.9091190491700943E+00 -0.8268953690864450E+00 -0.6248091414115594E+00 -0.3902126986190934E+00 -0.2111341816722416E+00 -0.9462285471201845E-01 -0.2109206864277385E-01  0.2277609414354870E-01  0.0000000000000000E+00
  0.0000000000000000E+00  0.1197310777152902E+00  0.9811632841437894E-01  0.8604235223970944E-02 -0.1189030423857972E+00 -0.2375615753680778E+00 -0.3566118509458354E+00 -0.4576461610467741E+00 -0.5396222399925111E+00 -0.6044049131464846E+00 -0.6710770244648123E+00 -0.7628321188156305E+00 -0.8581372405851080E+00 -0.8759795387759758E+00 -0.7476805652484075E+00 -0.5109107188608157E+00 -0.2770487188175346E+00 -0.1068180066728185E+00 -0.4887435459606768E-02  0.4352662746041756E-01  0.0000000000000000E+00
  0.0000000000000000E+00  0.1643824819260082E+00  0.2049951062744583E+00  0.1668210501460346E+00  0.6889264822518289E-01 -0.3777019774268663E-01 -0.1515825344137242E+00 -0.2579915914724191E+00 -0.3519082845499705E+00 -0.4303288814876929E+00 -0.5038972406923063E+00 -0.6028045271472665E+00 -0.7367420359447634E+00 -0.8449970802225212E+00 -0.8229273709006395E+00 -0.6412866817269812E+00 -0.3926990025570847E+00 -0.1768504880397843E+00 -0.3364251073159838E-01  0.3418127102499154E-01  0.0000000000000000E+00
  0.0000000000000000E+00  0.1735383933510132E+00  0.2734707232890627E+00  0.3050571907199611E+00  0.2569410990659360E+00  0.1774458381286050E+00  0.8048718780634558E-01 -0.2164415772068761E-01 -0.1234714401129482E+00 -0.2200830017930747E+00 -0.3124632497747528E+00 -0.4222627390571793E+00 -0.5753968238834759E+00 -0.7500742453631914E+00 -0.8399115041732549E+00 -0.7525998119599934E+00 -0.5306966592063275E+00 -0.2925064685751993E+00 -0.1075384354393394E+00 -0.9657649915973510E-02  0.0000000000000000E+00
  0.0000000000000000E+00  0.1496315936919259E+00  0.2929571737245897E+00  0.4015095848723460E+00  0.4221667057677346E+00  0.3872582217152387E+00  0.3193756597813729E+00  0.2320985890820043E+00  0.1306164340432158E+00  0.1892826591405439E-01 -0.9886185167162648E-01 -0.2307320813212810E+00 -0.3972068440778969E+00 -0.6120026779817654E+00 -0.8011323693977330E+00 -0.8325302755689034E+00 -0.6731552086680184E+00 -0.4340195590345608E+00 -0.2155354230656020E+00 -0.7846081635935397E-01  0.0000000000000000E+00
  0.0000000000000000E+00  0.1034855765882335E+00  0.2621794198739382E+00  0.4361273620140426E+00  0.5352385479332114E+00  0.5618877136934533E+00  0.5362919492789344E+00  0.4737727987732667E+00  0.3811210296240977E+00  0.2616196869442167E+00  0.1207361285193301E+00 -0.3865540753682651E-01 -0.2190840007916655E+00 -0.4509019562676737E+00 -0.7114591884252007E+00 -0.8702314558145575E+00 -0.8111519191429587E+00 -0.5951622184606236E+00 -0.3554209691655794E+00 -0.1655001987454745E+00  0.0000000000000000E+00
  0.0000000000000000E+00  0.4512893072450731E-01  0.1894897705467067E+00  0.3965500172356576E+00  0.5650935466812176E+00  0.6618797997966640E+00  0.6909636701924752E+00  0.6641146599711869E+00  0.5893857576686400E+00  0.4709806149131964E+00  0.3159416957218989E+00  0.1352922059160832E+00 -0.5509929889009089E-01 -0.2837665538388970E+00 -0.5773394336037184E+00 -0.8499019842434492E+00 -0.9271522746109665E+00 -0.7686668137930732E+00 -0.5240854349787857E+00 -0.2676352770310635E+00  0.0000000000000000E+00
  0.0000000000000000E+00 -0.1818832485433215E-01  0.8829120364551875E-01  0.2843852965054185E+00  0.4916499816467613E+00  0.6502096549379202E+00  0.7387726422885524E+00  0.7564815129925938E+00  0.7089355627402506E+00  0.6022480311540107E+00  0.4482283254379676E+00  0.2653241049448030E+00  0.8064747434517036E-01 -0.1235748768233394E+00 -0.4054039919389253E+00 -0.7517165622839471E+00 -0.9870680515315706E+00 -0.9337142504717665E+00 -0.7120358148379294E+00 -0.3819391353656474E+00  0.0000000000000000E+00
  0.0000000000000000E+00 -0.7343619433190277E-01 -0.2352387127143883E-01  0.1240121687981111E+00  0.3240457110428929E+00  0.5110597534781509E+00  0.6439698335495065E+00  0.7054880303608431E+00  0.6939702130371254E+00  0.6161051095738070E+00  0.4884486541942086E+00  0.3338135844347156E+00  0.1800822246707517E+00  0.2153953145785897E-01 -0.2047799548968722E+00 -0.5573963585048857E+00 -0.9373000868844603E+00 -0.1040813148839158E+01 -0.8935155294323368E+00 -0.4977439498443999E+00  0.0000000000000000E+00
  0.0000000000000000E+00 -0.7644337936046018E-01 -0.7352532140742910E-01  0.1486916272563389E-01  0.1648364259619846E+00  0.3293042401176133E+00  0.4672492636209660E+00  0.5531221991472908E+00  0.5777433974467737E+00  0.5439436721583493E+00  0.4663886655465397E+00  0.3640914500031394E+00  0.2593636972806078E+00  0.1550482851842327E+00  0.1077522134832038E-01 -0.2670367374765087E+00 -0.7161819009734541E+00 -0.9949223500786910E+00 -0.9986121945594583E+00 -0.5762258190628304E+00  0.0000000000000000E+00
  0.0000000000000000E+00  0.2227403579277834E-01  0.8645553674350837E-01  0.1615914257529980E+00  0.2527930291460547E+00  0.3543107012711701E+00  0.4483594999068117E+00  0.5160062812140613E+00  0.5458798765734493E+00  0.5357156283076031E+00  0.4941072014966447E+00  0.4327927885749112E+00  0.3683429363916917E+00  0.3040023815378450E+00  0.2317153027597358E+00  0.8222620113532834E-01 -0.2939339894996971E+00 -0.6570325015656993E+00 -0.8693308497996199E+00 -0.5154361380182894E+00  0.0000000000000000E+00
  0.0000000000000000E+00  0.4264264240424338E+00  0.5526543516557881E+00  0.6117361872003724E+00  0.6367586370874264E+00  0.6550943898258580E+00  0.6720475490204140E+00  0.6818635052770901E+00  0.6785164955048901E+00  0.6591354507718172E+00  0.6279088436296212E+00  0.5883587859814939E+00  0.5512661687057301E+00  0.5125876551381148E+00  0.4883484212459501E+00  0.4418432205805588E+00  0.2962651548893666E+00  0.1217167219978515E+00 -0.1532323478706556E+00 -0.4510442780695923E-01  0.0000000000000000E+00
  0.3000000000000000E+01  0.1742994763665477E+01  0.1428492481776144E+01  0.1326382864151881E+01  0.1342517117883775E+01  0.1389027531793596E+01  0.1432216852845570E+01  0.1470415765382791E+01  0.1510330390058779E+01  0.1558309275992151E+01  0.1610380670607781E+01  0.1667716430630430E+01  0.1714544430274501E+01  0.1766239416123501E+01  0.1766670039021886E+01  0.1756696539393652E+01  0.1817270545832203E+01  0.1977817332440746E+01  0.2590366193812347E+01  0.2619877145402588E+01  0.3000000000000000E+01
