  0.0000000000000000E+00  0.5257097317901943E-02  0.2064855779882915E-01  0.7172689516025765E-01  0.1399903150451045E+00  0.1962386178994839E+00  0.1951688197794575E+00  0.9339847484927116E-01 -0.1047981899042804E+00 -0.3584325883083595E+00 -0.5999662934611695E+00 -0.7516824433092579E+00 -0.7578641164999950E+00 -0.6362238285341398E+00 -0.4638838534301916E+00 -0.2963791757301598E+00 -0.1569343455362941E+00 -0.5411067739351605E-01  0.7828982080908736E-02  0.1873142410945168E-01  0.0000000000000000E+00
  0.0000000000000000E+00 -0.2329670122196229E-01 -0.6489626611342418E-01 -0.1212365014393200E+00 -0.1793631128223112E+00 -0.2204645828891784E+00 -0.2263693378017213E+00 -0.1784318493012368E+00 -0.7838612541118838E-01  0.5840252239292203E-01  0.2024362814697127E+00  0.3201311096596894E+00  0.3827814147550960E+00  0.3863141850728616E+00  0.3486086660399274E+00  0.2857144954975504E+00  0.2083228827087472E+00  0.1295415059791921E+00  0.6135082306447497E-01  0.2182532609336851E-01  0.0000000000000000E+00
  0.0000000000000000E+00 -0.6463300634798493E-01 -0.1740402405414434E+00 -0.2919826091577025E+00 -0.3980990234218291E+00 -0.4651551307680513E+00 -0.4839391936257063E+00 -0.4418970730544393E+00 -0.3399565661378455E+00 -0.1832250211295934E+00  0.7342550947968776E-02  0.2087108856698104E+00  0.3904801277652928E+00  0.5227187266844452E+00  0.5819421446895906E+00  0.5607643107624914E+00  0.4680343025899477E+00  0.3345138405440603E+00  0.1918814512743336E+00  0.8420740238955719E-01  0.0000000000000000E+00
  0.0000000000000000E+00 -0.8190691157044513E-01 -0.2644284798650134E+00 -0.4200444965928444E+00 -0.5564965301215323E+00 -0.6424432628401181E+00 -0.6843186711172923E+00 -0.6696915594884599E+00 -0.6041306929013125E+00 -0.4838483194223342E+00 -0.3202902520735116E+00 -0.1223849166112532E+00  0.8560181605475686E-01  0.2743627918735181E+00  0.4142527479371627E+00  0.4846368135149992E+00  0.4719663337565489E+00  0.3852794974470425E+00  0.2478744091872257E+00  0.1110866283996059E+00  0.0000000000000000E+00
  0.0000000000000000E+00 -0.7592070167783133E-01 -0.3098046817542916E+00 -0.4819572367377677E+00 -0.6394020615594582E+00 -0.7423846515080079E+00 -0.8110435086643172E+00 -0.8290332136454375E+00 -0.8055490234071230E+00 -0.7299606989434182E+00 -0.6064507677563075E+00 -0.4342533024147792E+00 -0.2335431377186310E+00 -0.3705100650975657E-01  0.1247304574609710E+00  0.2392880967923606E+00  0.2945115484100987E+00  0.2807713931374218E+00  0.1962429125610100E+00  0.9419283662242137E-01  0.0000000000000000E+00
  0.0000000000000000E+00 -0.5918207253370383E-01 -0.3011428518866968E+00 -0.4709016133329083E+00 -0.6351608742449062E+00 -0.7459825658114555E+00 -0.8338848828880187E+00 -0.8803404406730145E+00 -0.8992664426992294E+00 -0.8780559597355583E+00 -0.8132585014474972E+00 -0.6885962314896446E+00 -0.5080638883874244E+00 -0.3073016469228507E+00 -0.1357220426633591E+00 -0.1005775152913458E-01  0.7587274800169801E-01  0.1145201725940485E+00  0.8977707018336695E-01  0.5217177317489748E-01  0.0000000000000000E+00
  0.0000000000000000E+00 -0.3670944845865456E-01 -0.2449406854022697E+00 -0.4025047350710104E+00 -0.5635950794747075E+00 -0.6781619195542743E+00 -0.7783894353793775E+00 -0.8449603060549939E+00 -0.8938415636704434E+00 -0.9184703190421690E+00 -0.9158924299729125E+00 -0.8598742033495965E+00 -0.7253067852334223E+00 -0.5272106726373881E+00 -0.3311466669767636E+00 -0.1889935473585074E+00 -0.9200843070846219E-01 -0.2702652790247530E-01 -0.3087669560474781E-02  0.1190450079967188E-01  0.0000000000000000E+00
  0.0000000000000000E+00 -0.1077348932518288E-02 -0.1498479595472602E+00 -0.2915700645096905E+00 -0.4446507999719927E+00 -0.5619611661197947E+00 -0.6701875381713737E+00 -0.7493403443039293E+00 -0.8131181973215333E+00 -0.8632026790979594E+00 -0.9067777830607736E+00 -0.9236606068305282E+00 -0.8656471201035209E+00 -0.7037574995436254E+00 -0.4840082462900026E+00 -0.2973187453300746E+00 -0.1749659235989625E+00 -0.9241593845000660E-01 -0.3801123653047753E-01  0.2207728992654157E-02  0.0000000000000000E+00
  0.0000000000000000E+00  0.5492195717115122E-01 -0.2900415182524564E-01 -0.1508924848016515E+00 -0.2941934019885092E+00 -0.4144716108668642E+00 -0.5299827984132067E+00 -0.6204285549820630E+00 -0.6923353430662637E+00 -0.7507290062337278E+00 -0.8134646853777531E+00 -0.8821722681802198E+00 -0.9100039344868678E+00 -0.8278058449652232E+00 -0.6256355812012768E+00 -0.3907694465551644E+00 -0.2114384238457657E+00 -0.9474355828118371E-01 -0.2113386951639121E-01  0.2277222765487519E-01  0.0000000000000000E+00
  0.0000000000000000E+00  0.1195150254000373E+00  0.9744983105244050E-01  0.7463551199775354E-02 -0.1204406890108793E+00 -0.2394827435983162E+00 -0.3589201879650589E+00 -0.4601810779263771E+00 -0.5422076380480249E+00 -0.6067279069810410E+00 -0.6728013043850969E+00 -0.7638615174529538E+00 -0.8587741586714509E+00 -0.8766278226420228E+00 -0.7484258863803031E+00 -0.5115491390426148E+00 -0.2775140390297907E+00 -0.1070998881105308E+00 -0.5029490761041456E-02  0.4346077255740887E-01  0.0000000000000000E+00
  0.0000000000000000E+00  0.1645838529526547E+00  0.2048896155403357E+00  0.1662550171208399E+00  0.6797538790923277E-01 -0.3896965534367960E-01 -0.1530841393525124E+00 -0.2597331501138470E+00 -0.3538106610507777E+00 -0.4322046104121932E+00 -0.5054208959998127E+00 -0.6037202215270244E+00 -0.7371432581578262E+00 -0.8452980983761242E+00 -0.8234089014265432E+00 -0.6418165627162410E+00 -0.3931735832100016E+00 -0.1772163727793987E+00 -0.3385581821097083E-01  0.3406191196559288E-01  0.0000000000000000E+00
  0.0000000000000000E+00  0.1741015880118661E+00  0.2739789014177386E+00  0.3052316396087925E+00  0.2568368649891110E+00  0.1771792458886604E+00  0.8004911343567347E-01 -0.2226204800348712E-01 -0.1242857423475487E+00 -0.2210508201143802E+00 -0.3133843259995205E+00 -0.4228833124900933E+00 -0.5755836415608501E+00 -0.7500707624417262E+00 -0.8400846213311373E+00 -0.7529264929102186E+00 -0.5310572097531491E+00 -0.2928594188605046E+00 -0.1077759648646338E+00 -0.9805948357678654E-02  0.0000000000000000E+00
  0.0000000000000000E+00  0.1503620341846303E+00  0.2939385731193165E+00  0.4024080169649442E+00  0.4229173381289535E+00  0.3879494589931255E+00  0.3200190896721011E+00  0.2326484231034535E+00  0.1309929022135292E+00  0.1907035896937007E-01 -0.9889727709666445E-01 -0.2308317722552192E+00 -0.3971624894926946E+00 -0.6117910645025880E+00 -0.8010658160436334E+00 -0.8326617118906940E+00 -0.6733726314505645E+00 -0.4343076909844813E+00 -0.2157761976085695E+00 -0.7861570429172715E-01  0.0000000000000000E+00
  0.0000000000000000E+00  0.1042034579500240E+00  0.2633724305497818E+00  0.4375697785308765E+00  0.5367479868959307E+00  0.5634491897256212E+00  0.5378968491710260E+00  0.4753562096326583E+00  0.3825801439034863E+00  0.2628300818643359E+00  0.1216455596819233E+00 -0.3811742898256797E-01 -0.2187706686500359E+00 -0.4505968745055213E+00 -0.7112852361342716E+00 -0.8702633584809815E+00 -0.8112604454143894E+00 -0.5953808186585517E+00 -0.3556407912687981E+00 -0.1656447819975910E+00  0.0000000000000000E+00
  0.0000000000000000E+00  0.4571299359740740E-01  0.1906030174741110E+00  0.3982082959461670E+00  0.5670969771652816E+00  0.6640995973642415E+00  0.6933195430429208E+00  0.6665120081423563E+00  0.5917002523466065E+00  0.4730535080551970E+00  0.3176243364685672E+00  0.1363878212243272E+00 -0.5455420606307516E-01 -0.2834604165282955E+00 -0.5772165469226234E+00 -0.8499692263211477E+00 -0.9272494038550889E+00 -0.7688396618670755E+00 -0.5242783323836200E+00 -0.2677591696796952E+00  0.0000000000000000E+00
  0.0000000000000000E+00 -0.1782737228637389E-01  0.8910377296218605E-01  0.2858629457110416E+00  0.4937228976135668E+00  0.6527179320956669E+00  0.7415624703112302E+00  0.7593881039871733E+00  0.7117913700296427E+00  0.6048333867479524E+00  0.4503234126574289E+00  0.2666707334505143E+00  0.8126797752276711E-01 -0.1233715983693784E+00 -0.4054329309012278E+00 -0.7519572213459289E+00 -0.9872630745383306E+00 -0.9339077747043676E+00 -0.7122090366295099E+00 -0.3820495133626623E+00  0.0000000000000000E+00
  0.0000000000000000E+00 -0.7338477039372139E-01 -0.2320759352656125E-01  0.1248776519690908E+00  0.3255766144243002E+00  0.5131978620921410E+00  0.6465525814798883E+00  0.7082942639498799E+00  0.6967439631537906E+00  0.6185630783141508E+00  0.4903189460150660E+00  0.3349084219048344E+00  0.1804701827988999E+00  0.2153577570295354E-01 -0.2049999480261447E+00 -0.5578434129600457E+00 -0.9376903661326088E+00 -0.1041084112369803E+01 -0.8937004982047513E+00 -0.4978461476977155E+00  0.0000000000000000E+00
  0.0000000000000000E+00 -0.7673820294052440E-01 -0.7386821283828346E-01  0.1475095112630695E-01  0.1651857886281227E+00  0.3301941118777678E+00  0.4686037344291372E+00  0.5547403310519819E+00  0.5793714180259212E+00  0.5452998700468262E+00  0.4672650533923056E+00  0.3643889928273428E+00  0.2592149528673580E+00  0.1547117679489305E+00  0.1041944238119094E-01 -0.2676123967786606E+00 -0.7167360686971271E+00 -0.9953270716126078E+00 -0.9988206936351649E+00 -0.5763413365352112E+00  0.0000000000000000E+00
  0.0000000000000000E+00  0.2186029302396085E-01  0.8589114931595253E-01  0.1608804402945843E+00  0.2521477438531069E+00  0.3539035125282000E+00  0.4482388566036366E+00  0.5161034931409316E+00  0.5460352195341247E+00  0.5357550991266635E+00  0.4938913893498349E+00  0.4322981061437818E+00  0.3676691816136431E+00  0.3033643558391502E+00  0.2312729062837369E+00  0.8172369786787434E-01 -0.2944901233215330E+00 -0.6574892458125127E+00 -0.8695917078043987E+00 -0.5155674947958873E+00  0.0000000000000000E+00
  0.0000000000000000E+00  0.4262678854159209E+00  0.5523087491052302E+00  0.6112277453222040E+00  0.6361734579590820E+00  0.6545237352322724E+00  0.6715525662117564E+00  0.6814430829531531E+00  0.6781285251831352E+00  0.6587072122369718E+00  0.6273989935492867E+00  0.5877528222040059E+00  0.5506264604340710E+00  0.5119918986028212E+00  0.4879508467972011E+00  0.4415114691202783E+00  0.2960151804718966E+00  0.1214452186199159E+00 -0.1533990197509106E+00 -0.4523948124497320E-01  0.0000000000000000E+00
  0.3000000000000000E+01  0.1743056636776198E+01  0.1428964902000262E+01  0.1327197204327972E+01  0.1343627369975861E+01  0.1390332306831383E+01  0.1433581157968367E+01  0.1471774244281472E+01  0.1511649643984719E+01  0.1559633462415748E+01  0.1611694408701975E+01  0.1669039639531764E+01  0.1715789800311430E+01  0.1767388660030687E+01  0.1767420365892133E+01  0.1757189290507040E+01  0.1817464335262777E+01  0.1978175098327740E+01  0.2590605351448333E+01  0.2620150948939032E+01  0.3000000000000000E+01
