  0.0000000000000000E+00  0.5256679709032472E-02  0.2066207995299144E-01  0.7189414637291364E-01  0.1403208634092448E+00  0.1968249182920948E+00  0.1959939792895297E+00  0.9439479689466518E-01 -0.1037651485885728E+00 -0.3574704922499720E+00 -0.5992079966018310E+00 -0.7512065665857073E+00 -0.7576974594435453E+00 -0.6362270422806247E+00 -0.4639304122865544E+00 -0.2964089190476250E+00 -0.1569356552410753E+00 -0.5407877687956941E-01  0.7880045751532117E-02  0.1877836764353250E-01  0.0000000000000000E+00
  0.0000000000000000E+00 -0.2331713318868944E-01 -0.6498707110133291E-01 -0.1214240723397003E+00 -0.1796370669569599E+00 -0.2208302065484171E+00 -0.2268142779137299E+00 -0.1789222028361472E+00 -0.7887023790597757E-01  0.5797326064342285E-01  0.2021113482173228E+00  0.3199364179855518E+00  0.3827183555344852E+00  0.3863306885975739E+00  0.3486582349463591E+00  0.2857707638320825E+00  0.2083705770003949E+00  0.1295647141157145E+00  0.6134974154796027E-01  0.2180769019583369E-01  0.0000000000000000E+00
  0.0000000000000000E+00 -0.6469471985703586E-01 -0.1742991333510073E+00 -0.2923780706461872E+00 -0.3985903374616350E+00 -0.4656657013531566E+00 -0.4844488544516602E+00 -0.4423718116137765E+00 -0.3403758623065055E+00 -0.1835507103197035E+00  0.7126048050137512E-02  0.2086026873709482E+00  0.3904576071599104E+00  0.5227650235120971E+00  0.5820442925525227E+00  0.5609033724486224E+00  0.4681760757601094E+00  0.3346153654675741E+00  0.1919292703954129E+00  0.8420143823103357E-01  0.0000000000000000E+00
  0.0000000000000000E+00 -0.8192355051948370E-01 -0.2646444125541322E+00 -0.4203133303464929E+00 -0.5567605667129937E+00 -0.6426583716581139E+00 -0.6844918145422602E+00 -0.6698297898168002E+00 -0.6042359402646900E+00 -0.4839162390086470E+00 -0.3203130571665084E+00 -0.1223732891877693E+00  0.8563171851539789E-01  0.2743942980510570E+00  0.4142990118484381E+00  0.4847148815993860E+00  0.4720753090415570E+00  0.3853775540130975E+00  0.2479355310374593E+00  0.1110775215230567E+00  0.0000000000000000E+00
  0.0000000000000000E+00 -0.7589370680263179E-01 -0.3099048274991392E+00 -0.4820236768466562E+00 -0.6394313838565604E+00 -0.7423516741080590E+00 -0.8109869456358066E+00 -0.8289669466239613E+00 -0.8055005591210683E+00 -0.7299323380415459E+00 -0.6064348336414030E+00 -0.4342376968735783E+00 -0.2335303492263868E+00 -0.3705978268433088E-01  0.1246996271857013E+00  0.2392680961750624E+00  0.2945260040701047E+00  0.2808015822109812E+00  0.1962637066307730E+00  0.9416744319735726E-01  0.0000000000000000E+00
  0.0000000000000000E+00 -0.5913329434247880E-01 -0.3010808470555342E+00 -0.4707448127347519E+00 -0.6349203694972325E+00 -0.7456593528322907E+00 -0.8335121080969785E+00 -0.8799595256683714E+00 -0.8989165685968572E+00 -0.8777754353936061E+00 -0.8130489405993113E+00 -0.6884484351164989E+00 -0.5079612711946703E+00 -0.3072613620092102E+00 -0.1357565281198449E+00 -0.1013461740022448E-01  0.7580293532836012E-01  0.1144690031374263E+00  0.8973745553612350E-01  0.5212241638971475E-01  0.0000000000000000E+00
  0.0000000000000000E+00 -0.3664136214031495E-01 -0.2447485956184192E+00 -0.4021925019014654E+00 -0.5631863328592523E+00 -0.6776660608121975E+00 -0.7778425711272573E+00 -0.8444099764929004E+00 -0.8933388700615583E+00 -0.9180651318356859E+00 -0.9155981723507213E+00 -0.8596673627244709E+00 -0.7251514075137495E+00 -0.5271100503378284E+00 -0.3311384726214857E+00 -0.1890735930621744E+00 -0.9212439247061609E-01 -0.2713488107396706E-01 -0.3168584106919271E-02  0.1184163923063676E-01  0.0000000000000000E+00
  0.0000000000000000E+00 -0.9748338969365670E-03 -0.1495720985844386E+00 -0.2911719996051777E+00 -0.4441469968239228E+00 -0.5613647128836757E+00 -0.6695164303057682E+00 -0.7486499946445005E+00 -0.8124613313565083E+00 -0.8626545152737631E+00 -0.9063761925573702E+00 -0.9233915871480508E+00 -0.8654479733440790E+00 -0.7035967008430448E+00 -0.4839175712361435E+00 -0.2973296927584819E+00 -0.1750484655053894E+00 -0.9251531265857510E-01 -0.3808110850097845E-01  0.2164598736323167E-02  0.0000000000000000E+00
  0.0000000000000000E+00  0.5504929504586246E-01 -0.2871917851008364E-01 -0.1504806829261854E+00 -0.2936818833740278E+00 -0.4138659785781735E+00 -0.5292943638137099E+00 -0.6197058141483374E+00 -0.6916285894091653E+00 -0.7501150995402507E+00 -0.8130108472038353E+00 -0.8818852946558610E+00 -0.9098126155413963E+00 -0.8276351514916477E+00 -0.6254845430283648E+00 -0.3906834521256939E+00 -0.2114169508406245E+00 -0.9475750049575780E-01 -0.2114026484772909E-01  0.2277671313772411E-01  0.0000000000000000E+00
  0.0000000000000000E+00  0.1195901779374280E+00  0.9765547588693926E-01  0.7806233543032382E-02 -0.1200019103243834E+00 -0.2389612585653597E+00 -0.3583172417663547E+00 -0.4595314267677116E+00 -0.5415425258125357E+00 -0.6061138714782396E+00 -0.6723231766068577E+00 -0.7635694225992390E+00 -0.8586176023529078E+00 -0.8765037271446215E+00 -0.7482831588495135E+00 -0.5114243087376027E+00 -0.2774196057087091E+00 -0.1070301529244768E+00 -0.4972731264794970E-02  0.4350954342829311E-01  0.0000000000000000E+00
  0.0000000000000000E+00  0.1645470314598443E+00  0.2049495136091435E+00  0.1664568150212622E+00  0.6827158811260461E-01 -0.3860768519337695E-01 -0.1526569792744714E+00 -0.2592555430325836E+00 -0.3532970811063524E+00 -0.4316930041346592E+00 -0.5049872164443877E+00 -0.6034438671466356E+00 -0.7370244446966683E+00 -0.8452425642014428E+00 -0.8233221951740901E+00 -0.6417145340288166E+00 -0.3930789012701922E+00 -0.1771303355390776E+00 -0.3378633537127462E-01  0.3411960061105718E-01  0.0000000000000000E+00
  0.0000000000000000E+00  0.1739643510744917E+00  0.2738789329447334E+00  0.3052510952749143E+00  0.2569473098066642E+00  0.1773392135080267E+00  0.8025233344379104E-01 -0.2201923415834270E-01 -0.1240022135379341E+00 -0.2207359013256242E+00 -0.3130844236378341E+00 -0.4226709183338317E+00 -0.5755065168540781E+00 -0.7500812418736229E+00 -0.8400708222065272E+00 -0.7528720441237946E+00 -0.5309942452384846E+00 -0.2927946502916391E+00 -0.1077236665835560E+00 -0.9763608704786304E-02  0.0000000000000000E+00
  0.0000000000000000E+00  0.1501723146485071E+00  0.2937105511550214E+00  0.4022439999927641E+00  0.4228265488828942E+00  0.3878980339133691E+00  0.3199930531200733E+00  0.2326481936457556E+00  0.1310285216492330E+00  0.1914908088998354E-01 -0.9879248430425629E-01 -0.2307385127912271E+00 -0.3971369716688973E+00 -0.6118515986920332E+00 -0.8011175522254290E+00 -0.8326617842012614E+00 -0.6733451825279529E+00 -0.4342681086415370E+00 -0.2157382091451915E+00 -0.7858796110357659E-01  0.0000000000000000E+00
  0.0000000000000000E+00  0.1040060800188297E+00  0.2630759180193268E+00  0.4372551863852844E+00  0.5364634682896396E+00  0.5631901224731980E+00  0.5376530509315904E+00  0.4751289788206650E+00  0.3823792935470454E+00  0.2626709086187306E+00  0.1215312935193492E+00 -0.3817986386978653E-01 -0.2188143013484826E+00 -0.4506844931793667E+00 -0.7113760318376477E+00 -0.8703046054991087E+00 -0.8112657420109139E+00 -0.5953624436552722E+00 -0.3556153224716386E+00 -0.1656254086639832E+00  0.0000000000000000E+00
  0.0000000000000000E+00  0.4553861514871177E-01  0.1903061336724370E+00  0.3978098135037637E+00  0.5666608435299143E+00  0.6636560003608141E+00  0.6928776274613340E+00  0.6660779675802387E+00  0.5912858711459715E+00  0.4726768963940645E+00  0.3173082861297310E+00  0.1361706172062752E+00 -0.5466910081585621E-01 -0.2835572347347384E+00 -0.5773075228724486E+00 -0.8500248619226259E+00 -0.9272707389681529E+00 -0.7688374275669375E+00 -0.5242634628292361E+00 -0.2677464187359608E+00  0.0000000000000000E+00
  0.0000000000000000E+00 -0.1795523662927901E-01  0.8885921855357207E-01  0.2854647850873498E+00  0.4932121208506222E+00  0.6521432078108318E+00  0.7409564807910316E+00  0.7587755608318000E+00  0.7111926368589926E+00  0.6042803015853242E+00  0.4498551632954451E+00  0.2663478930973381E+00  0.8110491928050588E-01 -0.1234541599633475E+00 -0.4054938262224907E+00 -0.7519904118905891E+00 -0.9872801932873920E+00 -0.9339062294724300E+00 -0.7122021612045328E+00 -0.3820404070524963E+00  0.0000000000000000E+00
  0.0000000000000000E+00 -0.7343740791229497E-01 -0.2334692034845824E-01  0.1245874656051552E+00  0.3251301200171081E+00  0.5126252950651445E+00  0.6458980237889285E+00  0.7076028271314766E+00  0.6960633065935542E+00  0.6179448854549504E+00  0.4898226450396378E+00  0.3345844704537606E+00  0.1803261486114168E+00  0.2149235802910780E-01 -0.2050087374683333E+00 -0.5578337475190430E+00 -0.9376786972544638E+00 -0.1041072597226749E+01 -0.8936918346180721E+00 -0.4978396132345472E+00  0.0000000000000000E+00
  0.0000000000000000E+00 -0.7668953283222539E-01 -0.7383324258049649E-01  0.1470122473315785E-01  0.1650032841042816E+00  0.3298751829735085E+00  0.4681758496467388E+00  0.5542533648645620E+00  0.5788817866235295E+00  0.5448706353817171E+00  0.4669473813828360E+00  0.3642169661414419E+00  0.2591748828060933E+00  0.1547443499878585E+00  0.1045945884207707E-01 -0.2675565175008020E+00 -0.7166932654461027E+00 -0.9952916189120229E+00 -0.9988076286037365E+00 -0.5763316020101655E+00  0.0000000000000000E+00
  0.0000000000000000E+00  0.2196008009101743E-01  0.8601973591142818E-01  0.1610226290456012E+00  0.2522478737820721E+00  0.3539240650060247E+00  0.4481759352451261E+00  0.5159790719217441E+00  0.5458913940685526E+00  0.5356358535672098E+00  0.4938366935714323E+00  0.4323214880699016E+00  0.3677596600070700E+00  0.3034725955528219E+00  0.2313526504007457E+00  0.8179176373500470E-01 -0.2944294752317255E+00 -0.6574424211210590E+00 -0.8695652157620136E+00 -0.5155553308944567E+00  0.0000000000000000E+00
  0.0000000000000000E+00  0.4263095695982386E+00  0.5523944838677306E+00  0.6113434348339457E+00  0.6362933139523922E+00  0.6546255143009285E+00  0.6716236813167203E+00  0.6814877760847690E+00  0.6781598578528412E+00  0.6587464712084549E+00  0.6274589400077035E+00  0.5878415744127657E+00  0.5507330109588775E+00  0.5121005175314111E+00  0.4880265753049501E+00  0.4415672086688129E+00  0.2960457607899997E+00  0.1214788903322626E+00 -0.1533812251339899E+00 -0.4522093217054800E-01  0.0000000000000000E+00
  0.3000000000000000E+01  0.1743031371296302E+01  0.1428836284308236E+01  0.1326992324543764E+01  0.1343367931924896E+01  0.1390047522103239E+01  0.1433304891294965E+01  0.1471515743667437E+01  0.1511411820510029E+01  0.1559396439941845E+01  0.1611459873548322E+01  0.1668796764831604E+01  0.1715560627130438E+01  0.1767171042958589E+01  0.1767272924485895E+01  0.1757090137728566E+01  0.1817433242398276E+01  0.1978120907882153E+01  0.2590578459639956E+01  0.2620107465617187E+01  0.3000000000000000E+01
