  0.0000000000000000E+00  0.5213159363923831E-02  0.2071004845684080E-01  0.7203340272433628E-01  0.1406563731422096E+00  0.1973312734982704E+00  0.1966982693050969E+00  0.9518195231508181E-01 -0.1029494575432581E+00 -0.3567296365278496E+00 -0.5985943879518926E+00 -0.7507883402188100E+00 -0.7574773012160561E+00 -0.6361455427646650E+00 -0.4638971741261143E+00 -0.2963908765148693E+00 -0.1569130352370056E+00 -0.5405080309874244E-01  0.7912125475376092E-02  0.1880513732711900E-01  0.0000000000000000E+00
  0.0000000000000000E+00 -0.2332842668426048E-01 -0.6509136824379534E-01 -0.1216041542933696E+00 -0.1799068656585928E+00 -0.2211603471368301E+00 -0.2272011487301236E+00 -0.1793198129567257E+00 -0.7925306868630021E-01  0.5764520917501712E-01  0.2018579728196244E+00  0.3197742726099438E+00  0.3826400713249580E+00  0.3863083266974660E+00  0.3486598738297934E+00  0.2857823836851448E+00  0.2083812988637932E+00  0.1295661255645467E+00  0.6134142700922605E-01  0.2179198732324283E-01  0.0000000000000000E+00
  0.0000000000000000E+00 -0.6477212068885760E-01 -0.1745640562745452E+00 -0.2927790601557727E+00 -0.3990642238335688E+00 -0.4661497679122200E+00 -0.4849051768852739E+00 -0.4427774865550951E+00 -0.3407086636021587E+00 -0.1837940090027982E+00  0.6979530506980500E-02  0.2085344776110215E+00  0.3904429127588179E+00  0.5227794373277328E+00  0.5820824473632656E+00  0.5609562745405652E+00  0.4682308613543741E+00  0.3346475735948977E+00  0.1919364065030542E+00  0.8418109929684750E-01  0.0000000000000000E+00
  0.0000000000000000E+00 -0.8194590061530245E-01 -0.2648874750136496E+00 -0.4205965835948581E+00 -0.5570474081775717E+00 -0.6428772436709006E+00 -0.6846605725898638E+00 -0.6699382712235948E+00 -0.6043020722867858E+00 -0.4839297632744344E+00 -0.3202810315706032E+00 -0.1223079037866532E+00  0.8569988473439191E-01  0.2744432590857518E+00  0.4143324695391932E+00  0.4847512046762744E+00  0.4721193634997261E+00  0.3854099384241231E+00  0.2479470651016454E+00  0.1110521714799814E+00  0.0000000000000000E+00
  0.0000000000000000E+00 -0.7586781738934126E-01 -0.3100265336695792E+00 -0.4821111067843371E+00 -0.6394760858210500E+00 -0.7423165084223469E+00 -0.8109041871238637E+00 -0.8288558625689091E+00 -0.8053877494250938E+00 -0.7298259806493437E+00 -0.6063243539566476E+00 -0.4341242291558730E+00 -0.2334268616817601E+00 -0.3700063734717472E-01  0.1247143429917644E+00  0.2392666645714864E+00  0.2945316446249444E+00  0.2808052558197063E+00  0.1962585090715103E+00  0.9413361625078626E-01  0.0000000000000000E+00
  0.0000000000000000E+00 -0.5907678324366229E-01 -0.3010346763541950E+00 -0.4705920024030290E+00 -0.6346830159389816E+00 -0.7453090987564717E+00 -0.8331026599326016E+00 -0.8795258356015963E+00 -0.8985138181122139E+00 -0.8774297881306065E+00 -0.8127571129854276E+00 -0.6881925854462355E+00 -0.5077431164136865E+00 -0.3071179879231163E+00 -0.1357099619048786E+00 -0.1014804873717601E-01  0.7577256078513155E-01  0.1144359335387613E+00  0.8970418998330590E-01  0.5207764239664527E-01  0.0000000000000000E+00
  0.0000000000000000E+00 -0.3656189982485471E-01 -0.2445523571287550E+00 -0.4018650205692219E+00 -0.5627455207287378E+00 -0.6771100869761817E+00 -0.7772174934844399E+00 -0.8437787594682972E+00 -0.8927637107278531E+00 -0.9176017160779567E+00 -0.9152391480474226E+00 -0.8593713193680311E+00 -0.7248792051658914E+00 -0.5268943526767809E+00 -0.3310363890803304E+00 -0.1890776280135048E+00 -0.9217962930833783E-01 -0.2720148964565727E-01 -0.3225241042041896E-02  0.1179082759126972E-01  0.0000000000000000E+00
  0.0000000000000000E+00 -0.8550242381433559E-03 -0.1492768334503209E+00 -0.2907366977785092E+00 -0.4435866320500998E+00 -0.5606752610723095E+00 -0.6687351668942891E+00 -0.7478450095253045E+00 -0.8117137377485990E+00 -0.8620497921277503E+00 -0.9059435547661072E+00 -0.9230783897030859E+00 -0.8651679171113833E+00 -0.7033312918631250E+00 -0.4837374603494845E+00 -0.2972759422336936E+00 -0.1750833281678048E+00 -0.9258238323269985E-01 -0.3813593028810115E-01  0.2124909512731590E-02  0.0000000000000000E+00
  0.0000000000000000E+00  0.5519586089034163E-01 -0.2840641270090621E-01 -0.1500257900237139E+00 -0.2931024670779745E+00 -0.4131593383129676E+00 -0.5284781805373514E+00 -0.6188500449394128E+00 -0.6908078831903824E+00 -0.7494366844616522E+00 -0.8125456191167596E+00 -0.8816082612141452E+00 -0.9096013695714634E+00 -0.8273992819080634E+00 -0.6252566023319032E+00 -0.3905442696962250E+00 -0.2113689122971352E+00 -0.9476503544534641E-01 -0.2115456906426253E-01  0.2276752849601153E-01  0.0000000000000000E+00
  0.0000000000000000E+00  0.1196755707252879E+00  0.9787821584494212E-01  0.8180280249790331E-02 -0.1195142172543447E+00 -0.2383617770878246E+00 -0.3576121368393000E+00 -0.4587660373646625E+00 -0.5407718128525917E+00 -0.6054330442360445E+00 -0.6718427962602054E+00 -0.7633262016374074E+00 -0.8585090586911388E+00 -0.8763782837664126E+00 -0.7480957690542981E+00 -0.5112533601502643E+00 -0.2773003844074575E+00 -0.1069609725921200E+00 -0.4932561111903101E-02  0.4353650094497692E-01  0.0000000000000000E+00
  0.0000000000000000E+00  0.1645003777587030E+00  0.2050013241977811E+00  0.1666557822020900E+00  0.6857267125801809E-01 -0.3822886063598994E-01 -0.1521976382389868E+00 -0.2587351430673233E+00 -0.3527384849088910E+00 -0.4311538212666721E+00 -0.5045702351604400E+00 -0.6032393325112357E+00 -0.7370037077005442E+00 -0.8452523919200994E+00 -0.8232436914601152E+00 -0.6415880139154753E+00 -0.3929587536671321E+00 -0.1770318806201892E+00 -0.3372144701868839E-01  0.3416433299749759E-01  0.0000000000000000E+00
  0.0000000000000000E+00  0.1738007987847467E+00  0.2737404123572701E+00  0.3052235756572375E+00  0.2570011486956641E+00  0.1774350993553303E+00  0.8038791008832763E-01 -0.2184194477234120E-01 -0.1237789570545861E+00 -0.2204783603645529E+00 -0.3128528889419954E+00 -0.4225542542442675E+00 -0.5755533182674418E+00 -0.7502046665427100E+00 -0.8401157119763331E+00 -0.7528289832961924E+00 -0.5309186968833719E+00 -0.2927122206184679E+00 -0.1076607930654431E+00 -0.9720103452420380E-02  0.0000000000000000E+00
  0.0000000000000000E+00  0.1499511248494322E+00  0.2934235710549752E+00  0.4019932424471436E+00  0.4226204242961177E+00  0.3877031107587495E+00  0.3198009627414154E+00  0.2324711342632486E+00  0.1308889544938135E+00  0.1906719095121239E-01 -0.9883252468553483E-01 -0.2307750686872302E+00 -0.3972474974137783E+00 -0.6120431463767037E+00 -0.8012617544702995E+00 -0.8327022812431981E+00 -0.6733274168050610E+00 -0.4342173080448616E+00 -0.2156861240547480E+00 -0.7855094119641309E-01  0.0000000000000000E+00
  0.0000000000000000E+00  0.1037832787175254E+00  0.2627194294626595E+00  0.4368355798661780E+00  0.5360263416410477E+00  0.5627318349763748E+00  0.5371714977216300E+00  0.4746403429804463E+00  0.3819144889438604E+00  0.2622657402177834E+00  0.1212066997487407E+00 -0.3840628141355273E-01 -0.2189916644984814E+00 -0.4508974883805039E+00 -0.7115636404165262E+00 -0.8704027237608600E+00 -0.8112938908286056E+00 -0.5953462904122229E+00 -0.3555780572929378E+00 -0.1655977022920960E+00  0.0000000000000000E+00
  0.0000000000000000E+00  0.4535151944958274E-01  0.1899687812975240E+00  0.3973212149369824E+00  0.5660735150325871E+00  0.6630010894019481E+00  0.6921725132589412E+00  0.6653495983377787E+00  0.5905687424028561E+00  0.4720204434232059E+00  0.3167561101163944E+00  0.1357859339129282E+00 -0.5490199556245405E-01 -0.2837479882705901E+00 -0.5774782122018653E+00 -0.8501290993338346E+00 -0.9273201323012793E+00 -0.7688425374539649E+00 -0.5242439165581280E+00 -0.2677275150469561E+00  0.0000000000000000E+00
  0.0000000000000000E+00 -0.1808151907954071E-01  0.8860654098283477E-01  0.2850250986969171E+00  0.4926044752612121E+00  0.6514066405403813E+00  0.7401316508345934E+00  0.7579059437829490E+00  0.7103289913290552E+00  0.6034840504186909E+00  0.4491956984254856E+00  0.2658992988824275E+00  0.8087087653880697E-01 -0.1235891584732315E+00 -0.4055945194859498E+00 -0.7520527775026818E+00 -0.9873111164866105E+00 -0.9339152946323719E+00 -0.7121911613655464E+00 -0.3820291873813263E+00  0.0000000000000000E+00
  0.0000000000000000E+00 -0.7347815035120467E-01 -0.2346287716069788E-01  0.1243185199932665E+00  0.3246771983608067E+00  0.5120024670343850E+00  0.6451447383166886E+00  0.7067807155091542E+00  0.6952414879495975E+00  0.6172078222441156E+00  0.4892462670191086E+00  0.3342312690399327E+00  0.1801780920972750E+00  0.2145247174987669E-01 -0.2050218672175509E+00 -0.5578191680728102E+00 -0.9376652666045139E+00 -0.1041059589729324E+01 -0.8936830532335178E+00 -0.4978299783727332E+00  0.0000000000000000E+00
  0.0000000000000000E+00 -0.7662995722126555E-01 -0.7376633269546320E-01  0.1470254839448390E-01  0.1648786109885121E+00  0.3296032108056153E+00  0.4677771737059475E+00  0.5537789659279151E+00  0.5784044752356919E+00  0.5444657289585543E+00  0.4666798739433611E+00  0.3641118376676807E+00  0.2592060800568813E+00  0.1548236132956173E+00  0.1052986739121621E-01 -0.2674798983778814E+00 -0.7166225069044488E+00 -0.9952479046165792E+00 -0.9987864177501909E+00 -0.5763217885915911E+00  0.0000000000000000E+00
  0.0000000000000000E+00  0.2205988767151195E-01  0.8615635992472470E-01  0.1611942156420181E+00  0.2524002452091895E+00  0.3540149361223060E+00  0.4481908285922303E+00  0.5159391689132711E+00  0.5458369679158424E+00  0.5356191540564331E+00  0.4938920362612946E+00  0.4324620717765496E+00  0.3679513061261990E+00  0.3036593372479477E+00  0.2314711429617479E+00  0.8189289830572921E-01 -0.2943428579159269E+00 -0.6573693387186088E+00 -0.8695350375057121E+00 -0.5155357395964527E+00  0.0000000000000000E+00
  0.0000000000000000E+00  0.4263527179278587E+00  0.5524858332611631E+00  0.6114748879202759E+00  0.6364441456963290E+00  0.6547710899378121E+00  0.6717509036019289E+00  0.6815948921004673E+00  0.6782621410458718E+00  0.6588597904493669E+00  0.6275997330233305E+00  0.5880078831601996E+00  0.5509145654126680E+00  0.5122663917693165E+00  0.4881427624314505E+00  0.4416427538985468E+00  0.2960977212191571E+00  0.1215174583185691E+00 -0.1533541273555776E+00 -0.4521221533406530E-01  0.0000000000000000E+00
  0.3000000000000000E+01  0.1743001733887936E+01  0.1428698860141235E+01  0.1326769551881190E+01  0.1343067808120202E+01  0.1389701666308870E+01  0.1432938117786443E+01  0.1471154492611869E+01  0.1511050544778227E+01  0.1559039782708332E+01  0.1611092837191303E+01  0.1668438422295951E+01  0.1715207609888195E+01  0.1766860161939998E+01  0.1767042855667396E+01  0.1756964636610089E+01  0.1817363978426602E+01  0.1978078286325684E+01  0.2590527344561020E+01  0.2620100906405743E+01  0.3000000000000000E+01
