  0.0000000000000000E+00  0.5337177520300634E-02  0.2076890859347844E-01  0.7224589884642491E-01  0.1408781596402003E+00  0.1976574388669878E+00  0.1969836601913635E+00  0.9546181254449798E-01 -0.1027362665631285E+00 -0.3565085098485912E+00 -0.5983804381517004E+00 -0.7505305621097722E+00 -0.7572273830907221E+00 -0.6359257786862884E+00 -0.4637460478594012E+00 -0.2962870417588690E+00 -0.1568594878753353E+00 -0.5402791928172063E-01  0.7907377471167432E-02  0.1879649320872409E-01  0.0000000000000000E+00
  0.0000000000000000E+00 -0.2339700556231830E-01 -0.6517839332277783E-01 -0.1217553393263485E+00 -0.1800683174758940E+00 -0.2213405959648944E+00 -0.2273543666050267E+00 -0.1794479400817467E+00 -0.7934221986937100E-01  0.5757177346523360E-01  0.2017945213552521E+00  0.3196971715756489E+00  0.3825543606962105E+00  0.3862180709530235E+00  0.3485781162794847E+00  0.2857096395731719E+00  0.2083254393877103E+00  0.1295280972657088E+00  0.6132372313197483E-01  0.2178682169829598E-01  0.0000000000000000E+00
  0.0000000000000000E+00 -0.6485383916665428E-01 -0.1747662713748551E+00 -0.2930201191326208E+00 -0.3993267927874816E+00 -0.4663643490276952E+00 -0.4850794396237166E+00 -0.4428820077007421E+00 -0.3407629261712415E+00 -0.1837931894528904E+00  0.7003125914056025E-02  0.2085609526171744E+00  0.3904356989979091E+00  0.5227284341727820E+00  0.5819883009790529E+00  0.5608418769606467E+00  0.4681168302877957E+00  0.3345563725154059E+00  0.1918785468670919E+00  0.8415695830361204E-01  0.0000000000000000E+00
  0.0000000000000000E+00 -0.8200030579796166E-01 -0.2650577584596227E+00 -0.4207828417552105E+00 -0.5571972445324261E+00 -0.6429761723204216E+00 -0.6847017787851516E+00 -0.6699359960190490E+00 -0.6042552349830400E+00 -0.4838512696675343E+00 -0.3201721893750035E+00 -0.1221986360714951E+00  0.8578501311202487E-01  0.2744726516480420E+00  0.4143081428685541E+00  0.4846815557619519E+00  0.4720264353929325E+00  0.3853162522014156E+00  0.2478767054634307E+00  0.1110244950956623E+00  0.0000000000000000E+00
  0.0000000000000000E+00 -0.7587401209250284E-01 -0.3101233372909496E+00 -0.4821633476365120E+00 -0.6394977428516906E+00 -0.7422700657164989E+00 -0.8108287806709287E+00 -0.8287469061343602E+00 -0.8052743789427265E+00 -0.7296968099582599E+00 -0.6061823631580652E+00 -0.4339702189013349E+00 -0.2332934575899573E+00 -0.3691442216387112E-01  0.1247467466811902E+00  0.2392610389558340E+00  0.2944944757998013E+00  0.2807521329212640E+00  0.1962100769369644E+00  0.9411310412810565E-01  0.0000000000000000E+00
  0.0000000000000000E+00 -0.5906095731344049E-01 -0.3010177984460269E+00 -0.4705097517114151E+00 -0.6345386902814322E+00 -0.7451002818269389E+00 -0.8328521571730435E+00 -0.8792707470045263E+00 -0.8982753021859389E+00 -0.8772226683010974E+00 -0.8125534731152735E+00 -0.6879828230016463E+00 -0.5075377046670477E+00 -0.3069647748197932E+00 -0.1356198621535629E+00 -0.1010135197799627E-01  0.7579007192501083E-01  0.1144294451365823E+00  0.8969079554370953E-01  0.5206794312483426E-01  0.0000000000000000E+00
  0.0000000000000000E+00 -0.3652474247440807E-01 -0.2444411217994913E+00 -0.4016660550776147E+00 -0.5624743962940288E+00 -0.6767544182773909E+00 -0.7768201274454578E+00 -0.8433804253187773E+00 -0.8924198002751089E+00 -0.9173335915707332E+00 -0.9150261786507368E+00 -0.8591585073368133E+00 -0.7246493652295291E+00 -0.5266866863555050E+00 -0.3308996843022398E+00 -0.1889969942159682E+00 -0.9213284405153559E-01 -0.2717770860073595E-01 -0.3215304764275759E-02  0.1179161385056584E-01  0.0000000000000000E+00
  0.0000000000000000E+00 -0.7915515945431056E-03 -0.1490964315576330E+00 -0.2904702748868033E+00 -0.4432249202091272E+00 -0.5602202795014651E+00 -0.6682066220385409E+00 -0.7473112556638213E+00 -0.8112353462724271E+00 -0.8616934103778561E+00 -0.9057033960467649E+00 -0.9228911237898305E+00 -0.8649584786184725E+00 -0.7031051738763286E+00 -0.4835579010968664E+00 -0.2971677141698915E+00 -0.1750233098530648E+00 -0.9255223171936977E-01 -0.3812255850236960E-01  0.2126327276567570E-02  0.0000000000000000E+00
  0.0000000000000000E+00  0.5527709692255205E-01 -0.2821823851769706E-01 -0.1497453227512021E+00 -0.2927283628192001E+00 -0.4126792851875256E+00 -0.5279097348936034E+00 -0.6182493297454752E+00 -0.6902478548947120E+00 -0.7489986490826953E+00 -0.8122747744259479E+00 -0.8814545427638658E+00 -0.9094607511739755E+00 -0.8272115909730611E+00 -0.6250638695432490E+00 -0.3904041946009201E+00 -0.2112855786978197E+00 -0.9472694014048927E-01 -0.2114211791655106E-01  0.2276630072778509E-01  0.0000000000000000E+00
  0.0000000000000000E+00  0.1197130422372086E+00  0.9800234917922490E-01  0.8395504767286338E-02 -0.1192111412979605E+00 -0.2379687540135327E+00 -0.3571262239775837E+00 -0.4582314010301632E+00 -0.5402357134103475E+00 -0.6049775941058640E+00 -0.6715446438337448E+00 -0.7631913060897926E+00 -0.8584437585212165E+00 -0.8762758690049903E+00 -0.7479435841988548E+00 -0.5111086824422829E+00 -0.2771905159068389E+00 -0.1068965146618363E+00 -0.4906235389383630E-02  0.4354274221031013E-01  0.0000000000000000E+00
  0.0000000000000000E+00  0.1644506943392185E+00  0.2050034525029060E+00  0.1667400479122061E+00  0.6872360153810825E-01 -0.3801725666409003E-01 -0.1519200825202317E+00 -0.2584046013491260E+00 -0.3523759548387534E+00 -0.4308052341266879E+00 -0.5043133368982019E+00 -0.6031245130426131E+00 -0.7369940601127359E+00 -0.8452397837266475E+00 -0.8231656516640522E+00 -0.6414820594863575E+00 -0.3928524060802483E+00 -0.1769490936608413E+00 -0.3367607547538046E-01  0.3418518100904620E-01  0.0000000000000000E+00
  0.0000000000000000E+00  0.1736777734046576E+00  0.2736125183081326E+00  0.3051412243436059E+00  0.2569582283531610E+00  0.1774128904230242E+00  0.8039437561922116E-01 -0.2180019489013559E-01 -0.1236928012727570E+00 -0.2203548498989444E+00 -0.3127378499700458E+00 -0.4224995976843945E+00 -0.5755852977676760E+00 -0.7502566257327808E+00 -0.8401100097900297E+00 -0.7527747812401795E+00 -0.5308455351773315E+00 -0.2926320358133385E+00 -0.1076073059658158E+00 -0.9687737211979184E-02  0.0000000000000000E+00
  0.0000000000000000E+00  0.1497986687036268E+00  0.2932008571243059E+00  0.4017571017977846E+00  0.4223835940808156E+00  0.3874525944980031E+00  0.3195419495026879E+00  0.2322233030330988E+00  0.1306811592993902E+00  0.1892104304466883E-01 -0.9892348188955243E-01 -0.2308329274035515E+00 -0.3973182791756229E+00 -0.6121307482171159E+00 -0.8012987330395658E+00 -0.8326898182196136E+00 -0.6732871659294768E+00 -0.4341541158719748E+00 -0.2156304233874223E+00 -0.7851554652117991E-01  0.0000000000000000E+00
  0.0000000000000000E+00  0.1036404522903376E+00  0.2624648968383758E+00  0.4364983184090022E+00  0.5356366112014996E+00  0.5622954737362428E+00  0.5366981333386286E+00  0.4741579431363319E+00  0.3814589583199208E+00  0.2618803260093062E+00  0.1209093275577252E+00 -0.3859149340694918E-01 -0.2191074424817044E+00 -0.4509867678954284E+00 -0.7116100428814923E+00 -0.8703980022947878E+00 -0.8112758294888701E+00 -0.5952956580657760E+00 -0.3555276940999189E+00 -0.1655633434860030E+00  0.0000000000000000E+00
  0.0000000000000000E+00  0.4524343677643213E-01  0.1897479023732160E+00  0.3969665253971248E+00  0.5656116941900543E+00  0.6624547395899781E+00  0.6915661183248115E+00  0.6647156517097804E+00  0.5899528010966525E+00  0.4714712463337346E+00  0.3163199204915852E+00  0.1355055858906523E+00 -0.5504223825470547E-01 -0.2838212604957398E+00 -0.5774928566280991E+00 -0.8501026374127326E+00 -0.9272925838455128E+00 -0.7688008781733008E+00 -0.5241956688123298E+00 -0.2676981884799786E+00  0.0000000000000000E+00
  0.0000000000000000E+00 -0.1813799729290793E-01  0.8846456510478415E-01  0.2847450020944771E+00  0.4921806035939119E+00  0.6508621102612563E+00  0.7394976294137818E+00  0.7572302907199486E+00  0.7096606057455527E+00  0.6028894960725192E+00  0.4487274749136586E+00  0.2656161711147996E+00  0.8074493628309602E-01 -0.1236183113732985E+00 -0.4055667380298350E+00 -0.7519693904248916E+00 -0.9872542217472513E+00 -0.9338605524768344E+00 -0.7121472738824346E+00 -0.3820002966161805E+00  0.0000000000000000E+00
  0.0000000000000000E+00 -0.7347097403929785E-01 -0.2349204065534740E-01  0.1241936582855143E+00  0.3244195264816307E+00  0.5116087537685048E+00  0.6446444712107376E+00  0.7062212043583380E+00  0.6946889775578556E+00  0.6167284354061765E+00  0.4889053700196601E+00  0.3340560654631533E+00  0.1801417813957628E+00  0.2147899161744087E-01 -0.2049445598475306E+00 -0.5576893067442622E+00 -0.9375506200651884E+00 -0.1040987406282793E+01 -0.8936298965941887E+00 -0.4978038909073649E+00  0.0000000000000000E+00
  0.0000000000000000E+00 -0.7656036853415009E-01 -0.7366984922310332E-01  0.1477701723168491E-01  0.1648761958522261E+00  0.3295017480739504E+00  0.4675822706506486E+00  0.5535323699969324E+00  0.5781564854325733E+00  0.5442809731642957E+00  0.4665933185502594E+00  0.3641413259237904E+00  0.2593006555279777E+00  0.1549331312649420E+00  0.1062504058224713E-01 -0.2673216523007891E+00 -0.7164757116718506E+00 -0.9951352463741209E+00 -0.9987319349648560E+00 -0.5762871597278616E+00  0.0000000000000000E+00
  0.0000000000000000E+00  0.2214503405507998E-01  0.8627777132273155E-01  0.1613598397024603E+00  0.2525733955440407E+00  0.3541574823375086E+00  0.4482908090775143E+00  0.5160030863465958E+00  0.5458982375818583E+00  0.5357053186169383E+00  0.4940318887898623E+00  0.4326452080188778E+00  0.3681551952966534E+00  0.3038235922075743E+00  0.2315822970141572E+00  0.8201419774992426E-01 -0.2941933151484173E+00 -0.6572541325862429E+00 -0.8694572569484287E+00 -0.5155026638066460E+00  0.0000000000000000E+00
  0.0000000000000000E+00  0.4263859431401648E+00  0.5525583157264079E+00  0.6115873238138564E+00  0.6365814416849872E+00  0.6549178578213963E+00  0.6718909510072479E+00  0.6817293040682780E+00  0.6783925297216266E+00  0.6590029668525622E+00  0.6277546323240891E+00  0.5881812524685949E+00  0.5510806577170755E+00  0.5124175563924559E+00  0.4882335638210980E+00  0.4417275550804318E+00  0.2961578538961426E+00  0.1215994440348662E+00 -0.1533130165612375E+00 -0.4515575387217231E-01  0.0000000000000000E+00
  0.3000000000000000E+01  0.1742987204634586E+01  0.1428602824143508E+01  0.1326597868260891E+01  0.1342829070489079E+01  0.1389403908873320E+01  0.1432617956055771E+01  0.1470815174141761E+01  0.1510720648416979E+01  0.1558696418059252E+01  0.1610767991817595E+01  0.1668101450613093E+01  0.1714913222145427E+01  0.1766570923030206E+01  0.1766881605550863E+01  0.1756831532508629E+01  0.1817333123163155E+01  0.1977947535309159E+01  0.2590481792735284E+01  0.2619964597809871E+01  0.3000000000000000E+01
