  0.0000000000000000E+00  0.2002675652096552E-01  0.2807758829941914E-01  0.3525462226488369E-01  0.4094529397827151E-01  0.4558179583850470E-01  0.4929536596196170E-01  0.5124063585399703E-01  0.5138130156576187E-01  0.4900609916661862E-01  0.4409345570652042E-01  0.3630562795277822E-01  0.2598260964385961E-01  0.1346510075564120E-01 -0.2692636989232063E-03 -0.1415024417614076E-01 -0.2659522275730903E-01 -0.3568363862537712E-01 -0.3730467821035668E-01 -0.2969576515010408E-01  0.0000000000000000E+00
  0.0000000000000000E+00 -0.1665229715281763E-01 -0.2138625046408986E-01 -0.2721272445264053E-01 -0.3183619892338870E-01 -0.3580583057696665E-01 -0.3887709231846170E-01 -0.4069380391855476E-01 -0.4107377980064279E-01 -0.3969284923673463E-01 -0.3643939405767282E-01 -0.3119497500738368E-01 -0.2411516514737209E-01 -0.1548981608679453E-01 -0.5915459685198163E-02  0.3851636796710413E-02  0.1279960331891000E-01  0.1973821736652322E-01  0.2220673590703717E-01  0.2003241041517590E-01  0.0000000000000000E+00
  0.0000000000000000E+00 -0.2993013493748736E-01 -0.3608116309285043E-01 -0.4638355109303788E-01 -0.5456330279189459E-01 -0.6183569589239526E-01 -0.6733591099342338E-01 -0.7084077590166725E-01 -0.7184003783616651E-01 -0.7007244854358526E-01 -0.6522472646649806E-01 -0.5727929706937281E-01 -0.4636288579825668E-01 -0.3300434750474240E-01 -0.1801564275451769E-01 -0.2595333786009524E-02  0.1180358719942098E-01  0.2353101347419254E-01  0.2931552951075482E-01  0.3040146609542363E-01  0.0000000000000000E+00
  0.0000000000000000E+00 -0.3597198244594730E-01 -0.4304815809242923E-01 -0.5547782517184938E-01 -0.6557177557522338E-01 -0.7456385816635379E-01 -0.8161681461667775E-01 -0.8621718656939634E-01 -0.8792981415565371E-01 -0.8623534527782847E-01 -0.8084093636429969E-01 -0.7152886441748654E-01 -0.5847526475902374E-01 -0.4220173314582878E-01 -0.2380857774048604E-01 -0.4851448145085912E-02  0.1266499786909737E-01  0.2671853375315173E-01  0.3352305100311416E-01  0.3535057914308545E-01  0.0000000000000000E+00
  0.0000000000000000E+00 -0.3845605773798697E-01 -0.4644409908448334E-01 -0.6065532041807740E-01 -0.7222959693633178E-01 -0.8281383873316149E-01 -0.9125693130986252E-01 -0.9716743533034511E-01 -0.9983832913569891E-01 -0.9872718530778571E-01 -0.9322416701293190E-01 -0.8299034492917701E-01 -0.6795277834109409E-01 -0.4869448077075173E-01 -0.2655585963483229E-01 -0.3805184379810015E-02  0.1666977110269349E-01  0.3207791320449866E-01  0.3826415665027139E-01  0.3876203034404949E-01  0.0000000000000000E+00
  0.0000000000000000E+00 -0.3995097926114879E-01 -0.4916808791519334E-01 -0.6521338573283310E-01 -0.7863003248054232E-01 -0.9106024551630004E-01 -0.1014163917468329E+00 -0.1091131327555828E+00 -0.1134260285653163E+00 -0.1134670212535501E+00 -0.1083928472709920E+00 -0.9737572820013406E-01 -0.8003415513018301E-01 -0.5674083007918234E-01 -0.2925184304050167E-01 -0.8971748520894769E-03  0.2378435280224260E-01  0.4070243784461831E-01  0.4527312627508394E-01  0.4289699126424547E-01  0.0000000000000000E+00
  0.0000000000000000E+00 -0.4133958094554493E-01 -0.5205872556287923E-01 -0.7035324491016430E-01 -0.8600075774912488E-01 -0.1008744940094035E+00 -0.1137127365336430E+00 -0.1240021526058435E+00 -0.1307518769394397E+00 -0.1328671183962545E+00 -0.1289329568671169E+00 -0.1175204165882036E+00 -0.9744733542967508E-01 -0.6866563899555306E-01 -0.3328292411207292E-01  0.3581854699758717E-02  0.3464339944695943E-01  0.5358665718618116E-01  0.5543384477379713E-01  0.4846221685228225E-01  0.0000000000000000E+00
  0.0000000000000000E+00 -0.4285761005768698E-01 -0.5541220796374959E-01 -0.7630498871583585E-01 -0.9469280756923353E-01 -0.1125293367843297E+00 -0.1286195409073812E+00 -0.1423742890457666E+00 -0.1527454913597609E+00 -0.1582233619478707E+00 -0.1568031252999433E+00 -0.1459506449418516E+00 -0.1231882855914453E+00 -0.8732923153916777E-01 -0.4078527194224640E-01  0.8649132549119290E-02  0.4921260944096179E-01  0.7116816119911290E-01  0.6915550489613032E-01  0.5568600035288434E-01  0.0000000000000000E+00
  0.0000000000000000E+00 -0.4455404912422451E-01 -0.5919414846319196E-01 -0.8305559839985904E-01 -0.1045480460829769E+00 -0.1259195850486326E+00 -0.1459738045234481E+00 -0.1643057165907521E+00 -0.1797685885684182E+00 -0.1906230280913836E+00 -0.1940449691234377E+00 -0.1860583758134812E+00 -0.1619372760116721E+00 -0.1183880075650906E+00 -0.5771879139665234E-01  0.8539808292025088E-02  0.6241537874488046E-01  0.8949873848765612E-01  0.8389484084062218E-01  0.6330508048954939E-01  0.0000000000000000E+00
  0.0000000000000000E+00 -0.4638452521045526E-01 -0.6332733699935539E-01 -0.9037793120457546E-01 -0.1152696837858884E+00 -0.1405615950921371E+00 -0.1652907674446514E+00 -0.1893190062728370E+00 -0.2117470547892367E+00 -0.2307544097267522E+00 -0.2428954229331302E+00 -0.2423844915524004E+00 -0.2213709457983324E+00 -0.1731045280165798E+00 -0.9904152466326988E-01 -0.1447600063982248E-01  0.5628906555081423E-01  0.9362770166299164E-01  0.8986729445777975E-01  0.6670566129791412E-01  0.0000000000000000E+00
  0.0000000000000000E+00 -0.4830168860137389E-01 -0.6765851385271211E-01 -0.9799563375532969E-01 -0.1263203761129642E+00 -0.1557043693552981E+00 -0.1855105723948386E+00 -0.2162282764995686E+00 -0.2475498330110300E+00 -0.2782126335544742E+00 -0.3046926900439571E+00 -0.3197400948880064E+00 -0.3119315057653475E+00 -0.2699143166631181E+00 -0.1924391662924095E+00 -0.9521873375048794E-01 -0.5083296288592236E-02  0.5336325452403421E-01  0.6717754802815859E-01  0.5600995860031632E-01  0.0000000000000000E+00
  0.0000000000000000E+00 -0.5026197640542274E-01 -0.7206509863463399E-01 -0.1055476214236896E+00 -0.1370303000527369E+00 -0.1701835683523040E+00 -0.2049150854555729E+00 -0.2426141660469989E+00 -0.2841685916162670E+00 -0.3297576185985965E+00 -0.3771022309352719E+00 -0.4188417382620457E+00 -0.4407259167757555E+00 -0.4258947740922567E+00 -0.3661432242975253E+00 -0.2693659905195672E+00 -0.1580904257238067E+00 -0.6226522309845643E-01 -0.5149174282998112E-02  0.1848690988715099E-01  0.0000000000000000E+00
  0.0000000000000000E+00 -0.5229026944778836E-01 -0.7648020492067704E-01 -0.1126992846390522E+00 -0.1465677745651670E+00 -0.1824686198824145E+00 -0.2209179824697068E+00 -0.2644300266773451E+00 -0.3155157806504379E+00 -0.3767415902916552E+00 -0.4487212900142645E+00 -0.5262107423453801E+00 -0.5939260937381130E+00 -0.6286283981399604E+00 -0.6097643500298733E+00 -0.5287452287554409E+00 -0.3977272108190369E+00 -0.2515432035313953E+00 -0.1280894531088406E+00 -0.5027353902531778E-01  0.0000000000000000E+00
  0.0000000000000000E+00 -0.5451757770023516E-01 -0.8096479693631023E-01 -0.1191192800497328E+00 -0.1539658832830415E+00 -0.1906122367926437E+00 -0.2300946786495240E+00 -0.2758739244086588E+00 -0.3319103782662422E+00 -0.4032608610387610E+00 -0.4942354237263257E+00 -0.6037762790131102E+00 -0.7183144232368798E+00 -0.8106473807239748E+00 -0.8491527408333427E+00 -0.8060601420843821E+00 -0.6729118444085436E+00 -0.4817606031927955E+00 -0.2856331143504415E+00 -0.1404099598328390E+00  0.0000000000000000E+00
  0.0000000000000000E+00 -0.5717803361688303E-01 -0.8555135794199280E-01 -0.1241962928698338E+00 -0.1577424231571211E+00 -0.1920108056922386E+00 -0.2282705003085378E+00 -0.2702000468609361E+00 -0.3220663244797978E+00 -0.3898759379655711E+00 -0.4806958036593249E+00 -0.5989642773025597E+00 -0.7386570849648192E+00 -0.8790971478040339E+00 -0.9893448870910926E+00 -0.1022208328053588E+01 -0.9318557408919426E+00 -0.7301162513881113E+00 -0.4750918551693309E+00 -0.2458970338332675E+00  0.0000000000000000E+00
  0.0000000000000000E+00 -0.6024319251425872E-01 -0.8947808913194660E-01 -0.1257595203401445E+00 -0.1543653984334221E+00 -0.1820236192237938E+00 -0.2099278228478260E+00 -0.2410152998323620E+00 -0.2780769020845358E+00 -0.3256090315761927E+00 -0.3909533174296714E+00 -0.4845630796516860E+00 -0.6146432586544567E+00 -0.7799156119231732E+00 -0.9633509726400787E+00 -0.1107296631859868E+01 -0.1121177496903339E+01 -0.9706870645559572E+00 -0.6944248962250137E+00 -0.3688273738091699E+00  0.0000000000000000E+00
  0.0000000000000000E+00 -0.6248251965999852E-01 -0.8813987377560185E-01 -0.1156749411404084E+00 -0.1333579391960841E+00 -0.1492254758413236E+00 -0.1643445714314997E+00 -0.1801037554380118E+00 -0.1967245265359511E+00 -0.2151880425228002E+00 -0.2401842992090571E+00 -0.2845507960672956E+00 -0.3698379480838531E+00 -0.5177378940299155E+00 -0.7376897356301048E+00 -0.9914816562051155E+00 -0.1160866635578461E+01 -0.1137082303995254E+01 -0.9079747772351897E+00 -0.4971034785503011E+00  0.0000000000000000E+00
  0.0000000000000000E+00 -0.5564724566212876E-01 -0.6764006662187085E-01 -0.7081964076687375E-01 -0.6692840799705456E-01 -0.6524637906557756E-01 -0.6557691563910113E-01 -0.6678302643271124E-01 -0.6629029652991611E-01 -0.6163303634326744E-01 -0.5292805127375234E-01 -0.4877380992163338E-01 -0.7180723508298355E-01 -0.1563021859242180E+00 -0.3394108624499634E+00 -0.6371780314073134E+00 -0.9561642609751341E+00 -0.1115590554994585E+01 -0.1031439734121025E+01 -0.5853030390434956E+00  0.0000000000000000E+00
  0.0000000000000000E+00 -0.3118573698601426E-01  0.3415867803168490E-01  0.7998515669917536E-01  0.1117527700864039E+00  0.1285830980021462E+00  0.1371171495077187E+00  0.1428257971589603E+00  0.1503190754066538E+00  0.1634304348912702E+00  0.1840947488724287E+00  0.2090898512835222E+00  0.2245582737241954E+00  0.2048248719570712E+00  0.1138343737411781E+00 -0.1081781949231583E+00 -0.4576008040793245E+00 -0.7536278966852605E+00 -0.8973242459977279E+00 -0.5216516483861223E+00  0.0000000000000000E+00
  0.0000000000000000E+00  0.2887760042956962E+00  0.3983662028514766E+00  0.4611245212127416E+00  0.4807344363985526E+00  0.4804915866754684E+00  0.4742334016370323E+00  0.4681847666841972E+00  0.4655506623522583E+00  0.4684069205578770E+00  0.4780650515380626E+00  0.4938615881679043E+00  0.5107170925988835E+00  0.5185476663557541E+00  0.5033091103534107E+00  0.4287492107743514E+00  0.2642278785864361E+00  0.9223382086561059E-01 -0.1614919026633082E+00 -0.4063904099207110E-01  0.0000000000000000E+00
  0.3000000000000000E+01  0.2102486250126897E+01  0.1839060069477255E+01  0.1696611593060951E+01  0.1669549460890746E+01  0.1687108337975741E+01  0.1714416944596622E+01  0.1738271497106369E+01  0.1753667088349879E+01  0.1758209673217639E+01  0.1749899594258241E+01  0.1727505086779809E+01  0.1692406995927545E+01  0.1649181872889809E+01  0.1603907042680946E+01  0.1605574172753788E+01  0.1749715560161367E+01  0.1969670640717907E+01  0.2587151461992196E+01  0.2600265474590091E+01  0.3000000000000000E+01
