  0.0000000000000000E+00  0.6126517223718930E-02  0.2098085125174082E-01  0.7040061473601328E-01  0.1356038130756856E+00  0.1872926715326723E+00  0.1803459290782736E+00  0.7392539357682631E-01 -0.1264511049461687E+00 -0.3788738705649660E+00 -0.6157411417456126E+00 -0.7600775815232491E+00 -0.7586418380391675E+00 -0.6331063306033666E+00 -0.4602938918094057E+00 -0.2935903949868141E+00 -0.1552452211215436E+00 -0.5345005649123874E-01  0.7703528269972004E-02  0.1826372153334700E-01  0.0000000000000000E+00
  0.0000000000000000E+00 -0.2340016619625162E-01 -0.6399113973554446E-01 -0.1190049024201187E+00 -0.1754573220353442E+00 -0.2146201612598849E+00 -0.2182564668186022E+00 -0.1685694190488267E+00 -0.6777493461504404E-01  0.6836218351243481E-01  0.2103274835657352E+00  0.3248811784281967E+00  0.3842342770731746E+00  0.3856966751224898E+00  0.3471232420168696E+00  0.2839861205743369E+00  0.2067626603480386E+00  0.1285007264926871E+00  0.6091269551259278E-01  0.2192644705747051E-01  0.0000000000000000E+00
  0.0000000000000000E+00 -0.6407398136503592E-01 -0.1709925679548926E+00 -0.2866140925243429E+00 -0.3907681530303471E+00 -0.4565678122469824E+00 -0.4744234713775329E+00 -0.4317828635696538E+00 -0.3297759087913009E+00 -0.1737873200276616E+00  0.1524130895159319E-01  0.2145659537613411E+00  0.3940609931803563E+00  0.5239836947641028E+00  0.5810758342412032E+00  0.5583679667361967E+00  0.4650427599225723E+00  0.3320521229868226E+00  0.1904416148077503E+00  0.8404306270575854E-01  0.0000000000000000E+00
  0.0000000000000000E+00 -0.8187958580555520E-01 -0.2617713444435651E+00 -0.4162624116852701E+00 -0.5521607844166877E+00 -0.6382275414085044E+00 -0.6800818242011605E+00 -0.6653474369732052E+00 -0.5995986864028836E+00 -0.4792584875892027E+00 -0.3158528263386032E+00 -0.1183374197600559E+00  0.8902270580689386E-01  0.2769116676180772E+00  0.4155916632247922E+00  0.4845187693326446E+00  0.4705777444238827E+00  0.3835902844683048E+00  0.2466332670485616E+00  0.1111663660810731E+00  0.0000000000000000E+00
  0.0000000000000000E+00 -0.7635740811942650E-01 -0.3085965848387766E+00 -0.4807879167783102E+00 -0.6385030573852482E+00 -0.7420171445627638E+00 -0.8108277359716081E+00 -0.8286541457784801E+00 -0.8046294646007431E+00 -0.7282107147153510E+00 -0.6038654584418630E+00 -0.4311144371217370E+00 -0.2303875367079251E+00 -0.3414002135201787E-01  0.1273006803542614E+00  0.2411763166028391E+00  0.2953220477334277E+00  0.2808605857410805E+00  0.1961742006592677E+00  0.9472826334970035E-01  0.0000000000000000E+00
  0.0000000000000000E+00 -0.5990674107113324E-01 -0.3019366569743611E+00 -0.4727145718313480E+00 -0.6379338432666352E+00 -0.7497485739098142E+00 -0.8382919629586431E+00 -0.8850071901181618E+00 -0.9036399506044280E+00 -0.8813736136899929E+00 -0.8149071555185814E+00 -0.6884074137224393E+00 -0.5066385996542537E+00 -0.3053196790196882E+00 -0.1333569503439783E+00 -0.7467090731193914E-02  0.7809894978040016E-01  0.1161482921561376E+00  0.9091863867604369E-01  0.5319754502495324E-01  0.0000000000000000E+00
  0.0000000000000000E+00 -0.3765540783391074E-01 -0.2473124437916275E+00 -0.4062217461087117E+00 -0.5683925732356132E+00 -0.6838427892149466E+00 -0.7847297478459175E+00 -0.8516674089435669E+00 -0.9005711413056908E+00 -0.9244697022452834E+00 -0.9203196564379399E+00 -0.8620842767694999E+00 -0.7255370036975932E+00 -0.5262603981565431E+00 -0.3295121736555874E+00 -0.1866878081701325E+00 -0.8941378304241125E-01 -0.2471240546354930E-01 -0.1425259433394739E-02  0.1307723435835686E-01  0.0000000000000000E+00
  0.0000000000000000E+00 -0.2433780748573980E-02 -0.1531885929531835E+00 -0.2963031598104675E+00 -0.4503707861542189E+00 -0.5684475596662005E+00 -0.6773676027954830E+00 -0.7570570719949546E+00 -0.8212070200332814E+00 -0.8710714881375080E+00 -0.9135302570686095E+00 -0.9283329586580735E+00 -0.8679688011429871E+00 -0.7042817132706631E+00 -0.4835042106179670E+00 -0.2960731979176449E+00 -0.1731815592271641E+00 -0.9062388793648189E-01 -0.3681941163516900E-01  0.2898450648280448E-02  0.0000000000000000E+00
  0.0000000000000000E+00  0.5323098261594367E-01 -0.3254427678777566E-01 -0.1558905826155872E+00 -0.3000556854939513E+00 -0.4209742682625059E+00 -0.5371074177116543E+00 -0.6280136242143119E+00 -0.7003313960239558E+00 -0.7587662581026795E+00 -0.8208658964621791E+00 -0.8880207837051929E+00 -0.9138142586198553E+00 -0.8297545038587352E+00 -0.6263516669061095E+00 -0.3907353218002976E+00 -0.2110279285711466E+00 -0.9425927030043980E-01 -0.2098989885950928E-01  0.2267747804794901E-01  0.0000000000000000E+00
  0.0000000000000000E+00  0.1183070208369359E+00  0.9460076726942239E-01  0.2876783688575106E-02 -0.1259745589990848E+00 -0.2456669099424329E+00 -0.3657243752261355E+00 -0.4674510949933241E+00 -0.5498763784404728E+00 -0.6145091738001776E+00 -0.6801307119049583E+00 -0.7699311819058371E+00 -0.8631286858592584E+00 -0.8793598714719575E+00 -0.7500251483058339E+00 -0.5123237094672676E+00 -0.2779456910321761E+00 -0.1075353607565676E+00 -0.5605453853193233E-02  0.4284437032944274E-01  0.0000000000000000E+00
  0.0000000000000000E+00  0.1645960438311325E+00  0.2034283811851140E+00  0.1627297487325955E+00  0.6318367779664623E-01 -0.4453626760410933E-01 -0.1593463029628620E+00 -0.2665209899680919E+00 -0.3609740136236684E+00 -0.4394714900550308E+00 -0.5122993907910836E+00 -0.6094694351244960E+00 -0.7413364180402900E+00 -0.8480527267632797E+00 -0.8253026480473318E+00 -0.6430098480240218E+00 -0.3938763580101957E+00 -0.1778195517267173E+00 -0.3446256010596796E-01  0.3345274490937033E-01  0.0000000000000000E+00
  0.0000000000000000E+00  0.1753350834895231E+00  0.2741924719476238E+00  0.3032964528606200E+00  0.2532598917392550E+00  0.1726014691493144E+00  0.7470883010244707E-01 -0.2814279479831617E-01 -0.1304977070684686E+00 -0.2273569746744728E+00 -0.3193727748460521E+00 -0.4279022443531638E+00 -0.5791928562192453E+00 -0.7523039358934387E+00 -0.8416768459060434E+00 -0.7541287618880341E+00 -0.5318231683230062E+00 -0.2933857734479580E+00 -0.1081990660443228E+00 -0.1018688297378773E-01  0.0000000000000000E+00
  0.0000000000000000E+00  0.1523911626960158E+00  0.2957289668891608E+00  0.4024168366499665E+00  0.4210893902927965E+00  0.3848604107435644E+00  0.3160756096373072E+00  0.2281612081859747E+00  0.1262126210484912E+00  0.1423783512627746E-01 -0.1034520588477648E+00 -0.2346653600979450E+00 -0.3999126102415274E+00 -0.6132568774934625E+00 -0.8019794971260282E+00 -0.8334889817329377E+00 -0.6740094363325557E+00 -0.4347438495722835E+00 -0.2161009112737887E+00 -0.7884743946177232E-01  0.0000000000000000E+00
  0.0000000000000000E+00  0.1065637280783448E+00  0.2663613791018988E+00  0.4396840460656311E+00  0.5372741762796459E+00  0.5625813035906432E+00  0.5360430505502061E+00  0.4729163596986287E+00  0.3798839768240473E+00  0.2601562516651179E+00  0.1192169124552716E+00 -0.4016819867496919E-01 -0.2203683762969105E+00 -0.4512523273577611E+00 -0.7114551490336140E+00 -0.8705196349079574E+00 -0.8116060540355564E+00 -0.5956592345948353E+00 -0.3558817050399715E+00 -0.1658006732677565E+00  0.0000000000000000E+00
  0.0000000000000000E+00  0.4802968247893345E-01  0.1941630122114228E+00  0.4021822355912684E+00  0.5703164307127976E+00  0.6661814412600625E+00  0.6944219026823589E+00  0.6669929561293917E+00  0.5919277681587662E+00  0.4732969930657367E+00  0.3179829239087414E+00  0.1366297400292757E+00 -0.5472629606480722E-01 -0.2833993422659791E+00 -0.5768387606204760E+00 -0.8497281478376985E+00 -0.9272682659971265E+00 -0.7689400644409166E+00 -0.5243979211732703E+00 -0.2678576965609121E+00  0.0000000000000000E+00
  0.0000000000000000E+00 -0.1589172626675033E-01  0.9259225146753207E-01  0.2910032127585164E+00  0.4994378864776671E+00  0.6581540217903279E+00  0.7464053672154981E+00  0.7637213633569445E+00  0.7158299819177959E+00  0.6087073778183758E+00  0.4538829533057748E+00  0.2693732599245000E+00  0.8255683090485844E-01 -0.1227802208820644E+00 -0.4048874155065252E+00 -0.7515068480041631E+00 -0.9870822587991094E+00 -0.9338874097325589E+00 -0.7122273347107175E+00 -0.3820947039976162E+00  0.0000000000000000E+00
  0.0000000000000000E+00 -0.7230689961545253E-01 -0.2059402801922846E-01  0.1297071847801247E+00  0.3322128045497469E+00  0.5208585351952345E+00  0.6545756490577045E+00  0.7162731249815918E+00  0.7044384987356910E+00  0.6256830548919319E+00  0.4963920590044346E+00  0.3392791190043926E+00  0.1826870107909458E+00  0.2227849757553698E-01 -0.2046774283424178E+00 -0.5575912877068836E+00 -0.9375202947725851E+00 -0.1041067683613266E+01 -0.8936690151878969E+00 -0.4978611962500791E+00  0.0000000000000000E+00
  0.0000000000000000E+00 -0.7702988239061213E-01 -0.7345060515410490E-01  0.1683776789917443E-01  0.1693156272278056E+00  0.3361071661423344E+00  0.4757215573781092E+00  0.5624264469411941E+00  0.5870072321561668E+00  0.5522716454502391E+00  0.4729474123306106E+00  0.3682742258630919E+00  0.2610642303224859E+00  0.1550492857598889E+00  0.1023788354001483E-01 -0.2678128940433159E+00 -0.7168025254034228E+00 -0.9954112842587846E+00 -0.9988265331349865E+00 -0.5763485800264203E+00  0.0000000000000000E+00
  0.0000000000000000E+00  0.2076974558977262E-01  0.8465307528710880E-01  0.1599655476639956E+00  0.2523253687140600E+00  0.3555091251022198E+00  0.4511530563351491E+00  0.5198975845564244E+00  0.5501459337995753E+00  0.5395669228104030E+00  0.4968664561761007E+00  0.4340679797091210E+00  0.3681748929752249E+00  0.3029221561669737E+00  0.2306199058011085E+00  0.8114270328128634E-01 -0.2947821562658004E+00 -0.6577116015312756E+00 -0.8696562217181888E+00 -0.5156141683944150E+00  0.0000000000000000E+00
  0.0000000000000000E+00  0.4258196140923912E+00  0.5514245899270434E+00  0.6102160910604622E+00  0.6354225405283485E+00  0.6543115574362158E+00  0.6719494305381172E+00  0.6823265669538402E+00  0.6792312156987155E+00  0.6597284840353993E+00  0.6280798507645794E+00  0.5879654752292556E+00  0.5503566790074194E+00  0.5114081216917146E+00  0.4873389949336450E+00  0.4410531134462848E+00  0.2957887282692814E+00  0.1213021169294520E+00 -0.1534830574425191E+00 -0.4525981821202371E-01  0.0000000000000000E+00
  0.3000000000000000E+01  0.1743310903312599E+01  0.1430379305505979E+01  0.1329317274482609E+01  0.1346057747129015E+01  0.1392574452793572E+01  0.1435304764720798E+01  0.1472917883694904E+01  0.1512452286703429E+01  0.1560381470704205E+01  0.1612626903882362E+01  0.1670171554021354E+01  0.1717104855952967E+01  0.1768697791091830E+01  0.1768602921000173E+01  0.1757983362942432E+01  0.1817851658926355E+01  0.1978382047680368E+01  0.2590792950609369E+01  0.2620165286241656E+01  0.3000000000000000E+01
