  0.0000000000000000E+00  0.5472097384796093E-02  0.2107389772968429E-01  0.7275464204414689E-01  0.1416964329077403E+00  0.1986640860725351E+00  0.1981650337679771E+00  0.9672923859061244E-01 -0.1013333845080447E+00 -0.3550254410335969E+00 -0.5968600989089173E+00 -0.7491371596280588E+00 -0.7561248490040040E+00 -0.6352262526998393E+00 -0.4633785564612593E+00 -0.2961770426003139E+00 -0.1569321330250601E+00 -0.5424108874159961E-01  0.7631170523924202E-02  0.1860073149438864E-01  0.0000000000000000E+00
  0.0000000000000000E+00 -0.2356090087566768E-01 -0.6546934164589351E-01 -0.1221638447090053E+00 -0.1805807758420768E+00 -0.2218964804794339E+00 -0.2279452768337361E+00 -0.1800543398763524E+00 -0.7999204664296157E-01  0.5688246926590071E-01  0.2010708051444444E+00  0.3189819867504267E+00  0.3818986828025333E+00  0.3856635780334514E+00  0.3481228819434637E+00  0.2853601712168687E+00  0.2080927485649194E+00  0.1294256494305585E+00  0.6133023596996368E-01  0.2183029200506777E-01  0.0000000000000000E+00
  0.0000000000000000E+00 -0.6521060524220694E-01 -0.1753341272079962E+00 -0.2937368920828689E+00 -0.4000458946184903E+00 -0.4670253553657667E+00 -0.4856707967332313E+00 -0.4434337810384447E+00 -0.3413095244369294E+00 -0.1843780332358947E+00  0.6352316524416025E-02  0.2078088006232214E+00  0.3895711994035958E+00  0.5217644814005149E+00  0.5809900893691321E+00  0.5599034710502924E+00  0.4673461126696981E+00  0.3340358595500758E+00  0.1916218784338152E+00  0.8409160750959195E-01  0.0000000000000000E+00
  0.0000000000000000E+00 -0.8227120050412592E-01 -0.2656028958727416E+00 -0.4213290727437638E+00 -0.5576594924126962E+00 -0.6432928751408746E+00 -0.6849279439812339E+00 -0.6700997534111940E+00 -0.6044211339277838E+00 -0.4840485593208214E+00 -0.3204367205184943E+00 -0.1225624259885475E+00  0.8528279620284926E-01  0.2738087451000780E+00  0.4134905697698342E+00  0.4837700438476300E+00  0.4711264763814424E+00  0.3845796084077501E+00  0.2473984014849654E+00  0.1108913695877397E+00  0.0000000000000000E+00
  0.0000000000000000E+00 -0.7599761803848447E-01 -0.3104131810879622E+00 -0.4823349162876558E+00 -0.6395229446046066E+00 -0.7421279937468418E+00 -0.8105773283638087E+00 -0.8284431231706443E+00 -0.8049790306719367E+00 -0.7294608211605798E+00 -0.6060221670808669E+00 -0.4339159161336559E+00 -0.2333588284466845E+00 -0.3711963732507959E-01  0.1244014812457043E+00  0.2387727708752960E+00  0.2939025592696026E+00  0.2801735695812742E+00  0.1957805134044849E+00  0.9399292519697375E-01  0.0000000000000000E+00
  0.0000000000000000E+00 -0.5908819133180233E-01 -0.3010089956966575E+00 -0.4703019261176359E+00 -0.6341532457718072E+00 -0.7445205548272504E+00 -0.8321507490643455E+00 -0.8785105762936386E+00 -0.8975359296033733E+00 -0.8765605843790585E+00 -0.8119872043516836E+00 -0.6875259208877507E+00 -0.5072057035215107E+00 -0.3067584791433445E+00 -0.1355139580110838E+00 -0.1009613952743004E-01  0.7566118332820918E-01  0.1142114552256155E+00  0.8950542654153079E-01  0.5201827195085966E-01  0.0000000000000000E+00
  0.0000000000000000E+00 -0.3649138667015840E-01 -0.2441744197779545E+00 -0.4011814481600685E+00 -0.5617676927342073E+00 -0.6758398463883044E+00 -0.7757434110846453E+00 -0.8422397201196394E+00 -0.8912967768501054E+00 -0.9163195352223207E+00 -0.9141327122154154E+00 -0.8583846133526236E+00 -0.7240013247817447E+00 -0.5261839589177909E+00 -0.3304989849368538E+00 -0.1886428442955523E+00 -0.9186808326324704E-01 -0.2703260358328284E-01 -0.3134461724946996E-02  0.1185065875405687E-01  0.0000000000000000E+00
  0.0000000000000000E+00 -0.6894064379875743E-03 -0.1486751784668615E+00 -0.2898324277246310E+00 -0.4423469682534384E+00 -0.5591139065289713E+00 -0.6669016059882739E+00 -0.7459108252995992E+00 -0.8098423088265043E+00 -0.8604253180402845E+00 -0.9046004938266236E+00 -0.9219222956227108E+00 -0.8641047360704734E+00 -0.7024028713843777E+00 -0.4830166703489553E+00 -0.2966968762748614E+00 -0.1745996341501625E+00 -0.9223260841674427E-01 -0.3792640270039537E-01  0.2221019645519591E-02  0.0000000000000000E+00
  0.0000000000000000E+00  0.5541459094934631E-01 -0.2778454710940673E-01 -0.1490974496147669E+00 -0.2918354261706126E+00 -0.4115519756556289E+00 -0.5265432525171480E+00 -0.6167480986850445E+00 -0.6887137841542712E+00 -0.7475830228617023E+00 -0.8110655618307093E+00 -0.8804252907063034E+00 -0.9085362378409911E+00 -0.8263989627708391E+00 -0.6244343900788425E+00 -0.3899366489243123E+00 -0.2109110207261065E+00 -0.9446409768004332E-01 -0.2101253407275134E-01  0.2279457437151085E-01  0.0000000000000000E+00
  0.0000000000000000E+00  0.1197475860405336E+00  0.9827409103574324E-01  0.8896754961701923E-02 -0.1184752283035614E+00 -0.2370068767342701E+00 -0.3559165136860118E+00 -0.4568460499658125E+00 -0.5387610097227933E+00 -0.6035573559747223E+00 -0.6703240395284955E+00 -0.7621948597712818E+00 -0.8575765604541841E+00 -0.8754715987017782E+00 -0.7472622324629921E+00 -0.5106130566207002E+00 -0.2768427425338709E+00 -0.1067047281551335E+00 -0.4860250426610611E-02  0.4350239610246031E-01  0.0000000000000000E+00
  0.0000000000000000E+00  0.1642830469330425E+00  0.2049888694291523E+00  0.1669480542533488E+00  0.6915221014748310E-01 -0.3740146198094937E-01 -0.1510851142058892E+00 -0.2573845440797318E+00 -0.3512137236404079E+00 -0.4296013118248608E+00 -0.5032210224810432E+00 -0.6022318405944630E+00 -0.7362544512018168E+00 -0.8445444329410393E+00 -0.8225180782729387E+00 -0.6409694675907540E+00 -0.3924658624453329E+00 -0.1767072256219583E+00 -0.3359759357874269E-01  0.3417162826406898E-01  0.0000000000000000E+00
  0.0000000000000000E+00  0.1733432693791188E+00  0.2732838290300897E+00  0.3049700239439814E+00  0.2569705181618524E+00  0.1775647250619756E+00  0.8070518127594986E-01 -0.2132734553414012E-01 -0.1230592090354991E+00 -0.2195982591052081E+00 -0.3119683643587863E+00 -0.4218134543630912E+00 -0.5750079419463531E+00 -0.7497076581445246E+00 -0.8395477178783020E+00 -0.7522975099794905E+00 -0.5304541148010418E+00 -0.2923153208613680E+00 -0.1074366906080805E+00 -0.9615648535966232E-02  0.0000000000000000E+00
  0.0000000000000000E+00  0.1493970285884368E+00  0.2926271417168555E+00  0.4011995872576738E+00  0.4219360178923759E+00  0.3870944561554471E+00  0.3192807785254911E+00  0.2320794741539445E+00  0.1306834970652046E+00  0.1908662578862939E-01 -0.9864370264821437E-01 -0.2304753626007007E+00 -0.3969444398000339E+00 -0.6117266064069006E+00 -0.8008217729109783E+00 -0.8322462695010407E+00 -0.6729309009328438E+00 -0.4338060798862937E+00 -0.2153901836343394E+00 -0.7837844893551034E-01  0.0000000000000000E+00
  0.0000000000000000E+00  0.1032641619090901E+00  0.2617800891881997E+00  0.4356317591035712E+00  0.5347464547918380E+00  0.5614276674173674E+00  0.5358740775088238E+00  0.4734077803138497E+00  0.3808263314387169E+00  0.2614161388698978E+00  0.1206281680608188E+00 -0.3864467031403025E-01 -0.2189674643978078E+00 -0.4507142628936665E+00 -0.7111874101814634E+00 -0.8699490263440004E+00 -0.8109386125511462E+00 -0.5949495979936361E+00 -0.3552540737371697E+00 -0.1654039006861492E+00  0.0000000000000000E+00
  0.0000000000000000E+00  0.4495961403492470E-01  0.1891123616851375E+00  0.3959595752998190E+00  0.5643935064452075E+00  0.6611458327171780E+00  0.6902329284745562E+00  0.6634133471184426E+00  0.5887353550797471E+00  0.4704206296305736E+00  0.3155055956566677E+00  0.1350552018508817E+00 -0.5513421178098496E-01 -0.2836493896361867E+00 -0.5770915912524303E+00 -0.8495850599050691E+00 -0.9269265147701329E+00 -0.7684532964641534E+00 -0.5239152562759531E+00 -0.2675378785060788E+00  0.0000000000000000E+00
  0.0000000000000000E+00 -0.1826925272308054E-01  0.8801890782014377E-01  0.2838357442604867E+00  0.4908688781401482E+00  0.6492848301801001E+00  0.7377801610323870E+00  0.7554775595775493E+00  0.7079703520404358E+00  0.6013829851195706E+00  0.4475397661040053E+00  0.2649043731548043E+00  0.8050849414347999E-01 -0.1235088656386968E+00 -0.4051621602236088E+00 -0.7513462221465521E+00 -0.9867841862735998E+00 -0.9334917623225492E+00 -0.7118635831115809E+00 -0.3818465134869999E+00  0.0000000000000000E+00
  0.0000000000000000E+00 -0.7339152604672475E-01 -0.2359788668583284E-01  0.1236939845352162E+00  0.3234320504555121E+00  0.5101944412974644E+00  0.6429337352537431E+00  0.7043790918720121E+00  0.6928809452658069E+00  0.6151448359479793E+00  0.4877134547587031E+00  0.3333888195601389E+00  0.1799414933535685E+00  0.2160591809297850E-01 -0.2045539200240678E+00 -0.5569742723959061E+00 -0.9369379088147349E+00 -0.1040550782841478E+01 -0.8933461011293012E+00 -0.4976521699487883E+00  0.0000000000000000E+00
  0.0000000000000000E+00 -0.7626951914422482E-01 -0.7332623336641347E-01  0.1496350332663880E-01  0.1647081187638639E+00  0.3289215064607584E+00  0.4666566265639251E+00  0.5524074146541346E+00  0.5770189322239042E+00  0.5433205542521485E+00  0.4659609092726752E+00  0.3638992100942779E+00  0.2593738491267580E+00  0.1551732453586161E+00  0.1098239280520147E-01 -0.2666321539348446E+00 -0.7157537122580496E+00 -0.9946148153922399E+00 -0.9984313189291689E+00 -0.5761382865844327E+00  0.0000000000000000E+00
  0.0000000000000000E+00  0.2247062333268787E-01  0.8672111872039773E-01  0.1619242906676658E+00  0.2530842580086028E+00  0.3544786373095913E+00  0.4483782040695532E+00  0.5159117935448134E+00  0.5457381217906704E+00  0.5356109753982258E+00  0.4940966331629840E+00  0.4329058979461897E+00  0.3685385563057401E+00  0.3042273520712906E+00  0.2318950108846906E+00  0.8253836308784285E-01 -0.2935623552447339E+00 -0.6567041480166104E+00 -0.8691531998899262E+00 -0.5153357426010026E+00  0.0000000000000000E+00
  0.0000000000000000E+00  0.4264853625174908E+00  0.5527965191627124E+00  0.6119520503285998E+00  0.6370075117845403E+00  0.6553280163548584E+00  0.6722395443542214E+00  0.6820091949443111E+00  0.6786412837032042E+00  0.6592667357734971E+00  0.6280771352553619E+00  0.5885647118053211E+00  0.5515009865254525E+00  0.5128100074349220E+00  0.4885113395723358E+00  0.4420059902697063E+00  0.2964249492443228E+00  0.1218748721062476E+00 -0.1531093935266930E+00 -0.4505273102035606E-01  0.0000000000000000E+00
  0.3000000000000000E+01  0.1743014535780216E+01  0.1428331561232260E+01  0.1326068139681866E+01  0.1342061722654982E+01  0.1388494588245016E+01  0.1431659571006889E+01  0.1469884208711880E+01  0.1509814270681058E+01  0.1557810768077734E+01  0.1609865227396898E+01  0.1667211762530227E+01  0.1714035596729382E+01  0.1765797329766525E+01  0.1766360992167683E+01  0.1756520392278724E+01  0.1817162797022298E+01  0.1977671235664647E+01  0.2590174980690153E+01  0.2619822450460066E+01  0.3000000000000000E+01
