  0.0000000000000000E+00  0.5485946868700450E-02  0.2073721330963579E-01  0.7135278092704012E-01  0.1387889422478318E+00  0.1938205412753339E+00  0.1912029128753113E+00  0.8821737369302024E-01 -0.1105348605012250E+00 -0.3638417984721247E+00 -0.6041601924233136E+00 -0.7539735728715109E+00 -0.7581837468176398E+00 -0.6355096046300869E+00 -0.4630221072024406E+00 -0.2957079581135156E+00 -0.1565347663246729E+00 -0.5396769375047594E-01  0.7778433857364403E-02  0.1859822689592704E-01  0.0000000000000000E+00
  0.0000000000000000E+00 -0.2331585710292471E-01 -0.6462263171764784E-01 -0.1205916925075383E+00 -0.1782615587227946E+00 -0.2188522254687647E+00 -0.2241706540752876E+00 -0.1757934300827454E+00 -0.7557368915842415E-01  0.6102330884493910E-01  0.2045038762675603E+00  0.3213775994522062E+00  0.3831721115988636E+00  0.3861649213353238E+00  0.3482328031245868E+00  0.2852755097322950E+00  0.2079270520116064E+00  0.1292822508215817E+00  0.6124780169819031E-01  0.2186575144576754E-01  0.0000000000000000E+00
  0.0000000000000000E+00 -0.6446162444007368E-01 -0.1731306818433077E+00 -0.2904222965955748E+00 -0.3959957339205521E+00 -0.4627361351309602E+00 -0.4813090493505515E+00 -0.4391629165552161E+00 -0.3372559279764974E+00 -0.1807718719373074E+00  0.9351436379367266E-02  0.2101592254851078E+00  0.3913325879789511E+00  0.5229851593758844E+00  0.5816763021713199E+00  0.5601185710833696E+00  0.4672463897101464E+00  0.3338790587142690E+00  0.1915218389519353E+00  0.8419548123322966E-01  0.0000000000000000E+00
  0.0000000000000000E+00 -0.8189993646765728E-01 -0.2636190208546494E+00 -0.4189239503242064E+00 -0.5552255839118209E+00 -0.6412511510406848E+00 -0.6831713407830213E+00 -0.6685762839799368E+00 -0.6030138735820204E+00 -0.4827653015051429E+00 -0.3192879066562781E+00 -0.1215102178260736E+00  0.8631529757546842E-01  0.2748819530553347E+00  0.4144978407222341E+00  0.4845366756608636E+00  0.4715604579157703E+00  0.3848229368554312E+00  0.2475545910219656E+00  0.1111427275538369E+00  0.0000000000000000E+00
  0.0000000000000000E+00 -0.7606190320587598E-01 -0.3094181158308253E+00 -0.4816044496227020E+00 -0.6391409951313533E+00 -0.7423402406231282E+00 -0.8110942081197803E+00 -0.8290958151776747E+00 -0.8054984757541045E+00 -0.7297208637625415E+00 -0.6060192750688063E+00 -0.4336967938410567E+00 -0.2329722962721498E+00 -0.3649236228254842E-01  0.1252633750813827E+00  0.2396884670406031E+00  0.2946619102352999E+00  0.2807647033175518E+00  0.1962198944386708E+00  0.9436661538646128E-01  0.0000000000000000E+00
  0.0000000000000000E+00 -0.5941561788019959E-01 -0.3013597561461269E+00 -0.4714464334553906E+00 -0.6360088072679484E+00 -0.7471852417806057E+00 -0.8353112778558424E+00 -0.8818732239721654E+00 -0.9007239492520430E+00 -0.8792304568464340E+00 -0.8140033721758823E+00 -0.6888820949548479E+00 -0.5080280270539811E+00 -0.3070575859038863E+00 -0.1352775168699930E+00 -0.9479098692828066E-02  0.7639955160146665E-01  0.1149225615665162E+00  0.9007717734124016E-01  0.5247254321685874E-01  0.0000000000000000E+00
  0.0000000000000000E+00 -0.3701395121991716E-01 -0.2456468830377568E+00 -0.4036441017126628E+00 -0.5650871939694535E+00 -0.6799830310378757E+00 -0.7804363384837624E+00 -0.8471231531645529E+00 -0.8959781794824162E+00 -0.9203559138577111E+00 -0.9173258785099481E+00 -0.8607412520294835E+00 -0.7256962233428821E+00 -0.5272690406000503E+00 -0.3309143689915997E+00 -0.1884722390013596E+00 -0.9134807206891996E-01 -0.2640849204758735E-01 -0.2624365933472803E-02  0.1225067853509503E-01  0.0000000000000000E+00
  0.0000000000000000E+00 -0.1506114014270796E-02 -0.1508605069420250E+00 -0.2930329598740956E+00 -0.4464514342168985E+00 -0.5640616266342785E+00 -0.6725345563115243E+00 -0.7518492675740505E+00 -0.8156816216887941E+00 -0.8656032070775643E+00 -0.9087727980650433E+00 -0.9250704236228983E+00 -0.8664972809112347E+00 -0.7041877417441355E+00 -0.4841026763048999E+00 -0.2970799792246751E+00 -0.1744876283292668E+00 -0.9189337700810085E-01 -0.3764217152233223E-01  0.2436646772773124E-02  0.0000000000000000E+00
  0.0000000000000000E+00  0.5439939492930921E-01 -0.3007460535032483E-01 -0.1524284097227008E+00 -0.2960297598139070E+00 -0.4165679413748270E+00 -0.5323137132356759E+00 -0.6229112456183959E+00 -0.6948947240949330E+00 -0.7531827704167259E+00 -0.8155779103183008E+00 -0.8837515841784432E+00 -0.9110696672028465E+00 -0.8285005461215191E+00 -0.6260527224845434E+00 -0.3908961663495525E+00 -0.2113529060050087E+00 -0.9457241882496852E-01 -0.2104174012716541E-01  0.2279008179757508E-01  0.0000000000000000E+00
  0.0000000000000000E+00  0.1191609548770711E+00  0.9661513406907600E-01  0.6096441585700873E-02 -0.1221153299594656E+00 -0.2413986242671156E+00 -0.3610640435854082E+00 -0.4624891934922663E+00 -0.5446221177003943E+00 -0.6090941442815470E+00 -0.6748727727391822E+00 -0.7654005516425874E+00 -0.8597911436189671E+00 -0.8773291101277361E+00 -0.7489809217943466E+00 -0.5119047985178024E+00 -0.2777103264407644E+00 -0.1072305969365626E+00 -0.5166547110654500E-02  0.4331708615071746E-01  0.0000000000000000E+00
  0.0000000000000000E+00  0.1646264417116429E+00  0.2045193680243607E+00  0.1652837326596360E+00  0.6663483483465818E-01 -0.4054915468472297E-01 -0.1548848487445623E+00 -0.2617074970084098E+00 -0.3559064266531065E+00 -0.4343080212462335E+00 -0.5073122511975852E+00 -0.6051193639090714E+00 -0.7379816175173067E+00 -0.8457955602785171E+00 -0.8238662155188204E+00 -0.6422123371965373E+00 -0.3934490579569379E+00 -0.1774368019116173E+00 -0.3404314730939521E-01  0.3389203894880910E-01  0.0000000000000000E+00
  0.0000000000000000E+00  0.1745282277821577E+00  0.2741559584548787E+00  0.3048221280124159E+00  0.2559891919468056E+00  0.1760731624832677E+00  0.7874270428234267E-01 -0.2372117384005176E-01 -0.1258527018742810E+00 -0.2226626305850311E+00 -0.3148872381028675E+00 -0.4240232488907769E+00 -0.5761975533032302E+00 -0.7502797536891986E+00 -0.8402802297165808E+00 -0.7532010882856922E+00 -0.5312955594030762E+00 -0.2930542367986935E+00 -0.1079324658533607E+00 -0.9932548515630227E-02  0.0000000000000000E+00
  0.0000000000000000E+00  0.1510240977771785E+00  0.2946065162017341E+00  0.4026401497337463E+00  0.4226993774232115E+00  0.3874416857308696E+00  0.3193240078390424E+00  0.2318289957108559E+00  0.1300905736898155E+00  0.1812241984519181E-01 -0.9980402139650577E-01 -0.2315504583126745E+00 -0.3975186226710859E+00 -0.6117295342751045E+00 -0.8009496918692316E+00 -0.8327127875122393E+00 -0.6734999369101208E+00 -0.4344370156603482E+00 -0.2158993958259716E+00 -0.7870437107736872E-01  0.0000000000000000E+00
  0.0000000000000000E+00  0.1049457555732535E+00  0.2643774035247508E+00  0.4384355033694433E+00  0.5372772402473106E+00  0.5636899872591981E+00  0.5379467096927157E+00  0.4752957582929747E+00  0.3824636925406922E+00  0.2626899577012071E+00  0.1215095915066729E+00 -0.3824252760554168E-01 -0.2188113904819846E+00 -0.4503348114849252E+00 -0.7109222094985904E+00 -0.8700761075638992E+00 -0.8112438276960410E+00 -0.5954191335491781E+00 -0.3557180256273431E+00 -0.1657028066294234E+00  0.0000000000000000E+00
  0.0000000000000000E+00  0.4641728935441698E-01  0.1917232714020286E+00  0.3995632040418330E+00  0.5683807775487870E+00  0.6652002549522257E+00  0.6942592647728594E+00  0.6673527765468560E+00  0.5924989547230403E+00  0.4738294880230423E+00  0.3183525989178114E+00  0.1369430425908871E+00 -0.5423675980340818E-01 -0.2830867175751660E+00 -0.5767496449553049E+00 -0.8496248460887824E+00 -0.9271095659537080E+00 -0.7687955317591552E+00 -0.5242977509630196E+00 -0.2677884173341808E+00  0.0000000000000000E+00
  0.0000000000000000E+00 -0.1725902694314656E-01  0.9013401655152170E-01  0.2874395782950646E+00  0.4955942115714757E+00  0.6546608937420824E+00  0.7434733571981748E+00  0.7612483091968754E+00  0.7136074143179630E+00  0.6065760445411483E+00  0.4518879328041802E+00  0.2678417308303680E+00  0.8189589988954959E-01 -0.1229822091112140E+00 -0.4050344360087617E+00 -0.7516009936662380E+00 -0.9870719744345376E+00 -0.9338208371333345E+00 -0.7121853432635431E+00 -0.3820546724719682E+00  0.0000000000000000E+00
  0.0000000000000000E+00 -0.7308207919801162E-01 -0.2249540874559491E-01  0.1262281523498698E+00  0.3275079036901712E+00  0.5155311541141289E+00  0.6491089157800211E+00  0.7109308064581495E+00  0.6993422748319629E+00  0.6209770466053651E+00  0.4923563157345972E+00  0.3363442183662456E+00  0.1811908616375766E+00  0.2181282314832704E-01 -0.2048072872809647E+00 -0.5576340483212298E+00 -0.9375414876412125E+00 -0.1041011270404604E+01 -0.8936611409092127E+00 -0.4978390772001886E+00  0.0000000000000000E+00
  0.0000000000000000E+00 -0.7683183789491499E-01 -0.7380715005915814E-01  0.1524508318605016E-01  0.1662522584728466E+00  0.3318002720914667E+00  0.4706099820463605E+00  0.5569608582968911E+00  0.5816027002320974E+00  0.5473268803294240E+00  0.4688775517301565E+00  0.3654302546903325E+00  0.2596410850296944E+00  0.1547273581945076E+00  0.1034580282903929E-01 -0.2676296629512844E+00 -0.7167106827305552E+00 -0.9953142934316479E+00 -0.9988016519115273E+00 -0.5763354759480931E+00  0.0000000000000000E+00
  0.0000000000000000E+00  0.2155606684106353E-01  0.8552527945925399E-01  0.1605580382203788E+00  0.2520822339960793E+00  0.3542094101888665E+00  0.4489056428632443E+00  0.5170215954079136E+00  0.5470411589567644E+00  0.5366620936227673E+00  0.4945373177476206E+00  0.4325821796659161E+00  0.3675978988385423E+00  0.3030678335285346E+00  0.2309899345561847E+00  0.8153217926230880E-01 -0.2945789740283555E+00 -0.6575505656610636E+00 -0.8696084196230413E+00 -0.5155821722201129E+00  0.0000000000000000E+00
  0.0000000000000000E+00  0.4261361582712466E+00  0.5520428157489693E+00  0.6108999320069307E+00  0.6358865795592965E+00  0.6543597127672827E+00  0.6715403971393409E+00  0.6815561393957597E+00  0.6782953557313330E+00  0.6588418898579290E+00  0.6274291619385260E+00  0.5876437401668407E+00  0.5503879124011081E+00  0.5116824453928684E+00  0.4876810486025436E+00  0.4413262654387041E+00  0.2959248666808943E+00  0.1213900756790856E+00 -0.1534300695089484E+00 -0.4525629707797657E-01  0.0000000000000000E+00
  0.3000000000000000E+01  0.1743147592027324E+01  0.1429396832212346E+01  0.1327858242199587E+01  0.1344422495318190E+01  0.1391130271887018E+01  0.1434284451445222E+01  0.1472353177220634E+01  0.1512155091762765E+01  0.1560136424048980E+01  0.1612249831932042E+01  0.1669650959165394E+01  0.1716434161635218E+01  0.1768020497349929E+01  0.1767946788748554E+01  0.1757553382946196E+01  0.1817646425928962E+01  0.1978279207301679E+01  0.2590681788903804E+01  0.2620186719013817E+01  0.3000000000000000E+01
