  0.0000000000000000E+00  0.5495166732705614E-02  0.2101240757429992E-01  0.7269264063381015E-01  0.1415390119029178E+00  0.1984905935732216E+00  0.1979275844156911E+00  0.9648242308274907E-01 -0.1016269160680068E+00 -0.3553225179184017E+00 -0.5971682057822593E+00 -0.7494008533960124E+00 -0.7563284537301707E+00 -0.6353425166968123E+00 -0.4634376411566385E+00 -0.2961864863771483E+00 -0.1569130195256529E+00 -0.5419604193806310E-01  0.7684370994555545E-02  0.1863813133482836E-01  0.0000000000000000E+00
  0.0000000000000000E+00 -0.2354670606279775E-01 -0.6541679543136042E-01 -0.1220990347876492E+00 -0.1804854908746242E+00 -0.2217965009925121E+00 -0.2278286642090638E+00 -0.1799343289155583E+00 -0.7985671027991421E-01  0.5702314420970844E-01  0.2012185612818777E+00  0.3191213708513652E+00  0.3820233080213498E+00  0.3857642600919594E+00  0.3482047795010292E+00  0.2854209341854957E+00  0.2081326963300023E+00  0.1294415524278880E+00  0.6132730886213235E-01  0.2182153198418534E-01  0.0000000000000000E+00
  0.0000000000000000E+00 -0.6514495145568763E-01 -0.1752379787197813E+00 -0.2936044637291375E+00 -0.3999174607209549E+00 -0.4668989094043147E+00 -0.4855584082115002E+00 -0.4433205636639259E+00 -0.3411970469077495E+00 -0.1842530852892765E+00  0.6487478063373848E-02  0.2079632591580833E+00  0.3897414703338788E+00  0.5219502635790658E+00  0.5811766973464492E+00  0.5600763161793388E+00  0.4674850694643538E+00  0.3341286153456010E+00  0.1916662975809526E+00  0.8410272728738438E-01  0.0000000000000000E+00
  0.0000000000000000E+00 -0.8222429604105908E-01 -0.2655034885345003E+00 -0.4212340227160740E+00 -0.5575744486652255E+00 -0.6432376196246868E+00 -0.6848836938968275E+00 -0.6700679081557418E+00 -0.6043833121272610E+00 -0.4840046392155688E+00 -0.3203759691657747E+00 -0.1224840556988236E+00  0.8538780806144498E-01  0.2739405246966168E+00  0.4136492947238494E+00  0.4839423713106473E+00  0.4712944025390847E+00  0.3847150363528093E+00  0.2474857985000666E+00  0.1109157475011042E+00  0.0000000000000000E+00
  0.0000000000000000E+00 -0.7597436903434289E-01 -0.3103643579610817E+00 -0.4823046265234213E+00 -0.6395238363576509E+00 -0.7421555000146696E+00 -0.8106277350943240E+00 -0.8284990043677756E+00 -0.8050344401978727E+00 -0.7295004308724778E+00 -0.6060464918885814E+00 -0.4339164397406583E+00 -0.2333379565371790E+00 -0.3707284719746462E-01  0.1244721033472300E+00  0.2388694633392070E+00  0.2940161019781493E+00  0.2802832472887687E+00  0.1958610980356255E+00  0.9401594123625259E-01  0.0000000000000000E+00
  0.0000000000000000E+00 -0.5908367282841651E-01 -0.3010116852145460E+00 -0.4703439318812310E+00 -0.6342260074244194E+00 -0.7446313541624460E+00 -0.8322817516380765E+00 -0.8786553062705442E+00 -0.8976755743209439E+00 -0.8766870881073325E+00 -0.8120914393547316E+00 -0.6876069460819632E+00 -0.5072597728947859E+00 -0.3067904789147259E+00 -0.1355277966479681E+00 -0.1009223453491682E-01  0.7568990861326602E-01  0.1142553739745706E+00  0.8954231708220900E-01  0.5202878804896756E-01  0.0000000000000000E+00
  0.0000000000000000E+00 -0.3649646415285030E-01 -0.2442249485433765E+00 -0.4012700933423857E+00 -0.5618991666168189E+00 -0.6760061420250355E+00 -0.7759417177124757E+00 -0.8424495282399495E+00 -0.8915083244333704E+00 -0.9165122955597255E+00 -0.9143041436397452E+00 -0.8585288484551133E+00 -0.7241183199000427E+00 -0.5262715883544989E+00 -0.3305694046053237E+00 -0.1887050090428795E+00 -0.9191409191566309E-01 -0.2705646619226903E-01 -0.3147431235319561E-02  0.1184090263303020E-01  0.0000000000000000E+00
  0.0000000000000000E+00 -0.7071309179808999E-03 -0.1487510340322773E+00 -0.2899486081487089E+00 -0.4425045212365896E+00 -0.5593125164716447E+00 -0.6671341352325435E+00 -0.7461639797180429E+00 -0.8100974832761438E+00 -0.8606647307624375E+00 -0.9048124389154134E+00 -0.9221090040613031E+00 -0.8642644583511637E+00 -0.7025306174168707E+00 -0.4831136438155129E+00 -0.2967821263004046E+00 -0.1746767216024144E+00 -0.9229079981681558E-01 -0.3796211487203483E-01  0.2203717996335225E-02  0.0000000000000000E+00
  0.0000000000000000E+00  0.5539140754971135E-01 -0.2786267389361124E-01 -0.1492129094347906E+00 -0.2919951269530632E+00 -0.4117502210216418E+00 -0.5267844199903940E+00 -0.6170135564922964E+00 -0.6889904280839795E+00 -0.7478443623108466E+00 -0.8112968034680383E+00 -0.8806257407197918E+00 -0.9087147853512428E+00 -0.8265512537537030E+00 -0.6245497101574069E+00 -0.3900215196493592E+00 -0.2109793704956414E+00 -0.9451262082933756E-01 -0.2103674848071147E-01  0.2278896386270229E-01  0.0000000000000000E+00
  0.0000000000000000E+00  0.1197423430892201E+00  0.9822574667910317E-01  0.8806487748978303E-02 -0.1186063646105223E+00 -0.2371775688660895E+00 -0.3561296074359000E+00 -0.4570918304533643E+00 -0.5390249873251433E+00 -0.6038174299953433E+00 -0.6705545933032544E+00 -0.7623896780913026E+00 -0.8577477233227864E+00 -0.8756267748662035E+00 -0.7473905569942346E+00 -0.5107043699217974E+00 -0.2769060459500747E+00 -0.1067393463030606E+00 -0.4868630871552377E-02  0.4350984470262969E-01  0.0000000000000000E+00
  0.0000000000000000E+00  0.1643136247315352E+00  0.2049906039413011E+00  0.1669092711168060E+00  0.6907237709928728E-01 -0.3751423160823261E-01 -0.1512376734556947E+00 -0.2575702844583962E+00 -0.3514265200225641E+00 -0.4298240585293054E+00 -0.5034279027947602E+00 -0.6024067520315323E+00 -0.7364027110890772E+00 -0.8446823597692277E+00 -0.8226427704912297E+00 -0.6410667478037751E+00 -0.3925370637742298E+00 -0.1767512590364590E+00 -0.3361123177242504E-01  0.3417448635709862E-01  0.0000000000000000E+00
  0.0000000000000000E+00  0.1734030885990634E+00  0.2733412782671371E+00  0.3049967588538302E+00  0.2569618239191095E+00  0.1775284499210890E+00  0.8063885511976612E-01 -0.2142399984188158E-01 -0.1231850092512585E+00 -0.2197461630222668E+00 -0.3121195473613550E+00 -0.4219500901545500E+00 -0.5751261808918058E+00 -0.7498183112088402E+00 -0.8396584978356418E+00 -0.7523892423110252E+00 -0.5305284262892259E+00 -0.2923734102387043E+00 -0.1074679143587317E+00 -0.9628380704975010E-02  0.0000000000000000E+00
  0.0000000000000000E+00  0.1494690030065680E+00  0.2927284157562466E+00  0.4012949058145844E+00  0.4220070331594116E+00  0.3871451455700223E+00  0.3193104515761398E+00  0.2320859814761641E+00  0.1306638801169548E+00  0.1903879405387635E-01 -0.9870935462741501E-01 -0.2305533304233381E+00 -0.3970231563240288E+00 -0.6118100753538155E+00 -0.8009149947668346E+00 -0.8323328152411054E+00 -0.6729985353335967E+00 -0.4338713973218786E+00 -0.2154341147835573E+00 -0.7840368484585504E-01  0.0000000000000000E+00
  0.0000000000000000E+00  0.1033320929331543E+00  0.2619026192176145E+00  0.4357839776763045E+00  0.5348977030882239E+00  0.5615693068739830E+00  0.5360027689840651E+00  0.4735206564032772E+00  0.3809174210251169E+00  0.2614799428178572E+00  0.1206620834191199E+00 -0.3864624784512120E-01 -0.2190023312260087E+00 -0.4507695174287998E+00 -0.7112696266793260E+00 -0.8700335018689366E+00 -0.8110036724580489E+00 -0.5950134311436613E+00 -0.3553050757568323E+00 -0.1654329327070942E+00  0.0000000000000000E+00
  0.0000000000000000E+00  0.4501155122227598E-01  0.1892282140469210E+00  0.3961407558548247E+00  0.5646086190679745E+00  0.6613712918082181E+00  0.6904578634792249E+00  0.6636289976950862E+00  0.5889361211734901E+00  0.4705931344864450E+00  0.3156411352461818E+00  0.1351286878728481E+00 -0.5512138184856286E-01 -0.2836843962465666E+00 -0.5771648338131098E+00 -0.8496813806715748E+00 -0.9269935161468186E+00 -0.7685184751278515E+00 -0.5239660696934426E+00 -0.2675676146109164E+00  0.0000000000000000E+00
  0.0000000000000000E+00 -0.1824434297220364E-01  0.8810240237397239E-01  0.2840045020752708E+00  0.4911085166057851E+00  0.6495690623849227E+00  0.7380848750889483E+00  0.7557865573510937E+00  0.7082669406548504E+00  0.6016499495733615E+00  0.4477516831450546E+00  0.2650352486003033E+00  0.8055177263020889E-01 -0.1235265125168338E+00 -0.4052354511810080E+00 -0.7514565832062138E+00 -0.9868707719905199E+00 -0.9335574067168256E+00 -0.7119160133357715E+00 -0.3818737868758018E+00  0.0000000000000000E+00
  0.0000000000000000E+00 -0.7340516940232215E-01 -0.2357500770285721E-01  0.1237915206122111E+00  0.3236205960342954E+00  0.5104598423162439E+00  0.6432522513735147E+00  0.7047194344336589E+00  0.6932163423676289E+00  0.6154398329018822E+00  0.4879408969097016E+00  0.3335196814751553E+00  0.1799871289762520E+00  0.2158605424893366E-01 -0.2046200005477722E+00 -0.5571029272269025E+00 -0.9370452249307630E+00 -0.1040630750187255E+01 -0.8933949397919680E+00 -0.4976799911417220E+00  0.0000000000000000E+00
  0.0000000000000000E+00 -0.7632265042143800E-01 -0.7338722110227647E-01  0.1493490646929559E-01  0.1647474348834043E+00  0.3290394231044353E+00  0.4668383721698848E+00  0.5526276064856345E+00  0.5772412936731111E+00  0.5435132732265089E+00  0.4660924797152527E+00  0.3639604881006738E+00  0.2593711102923724E+00  0.1551379441659768E+00  0.1091926567858837E-01 -0.2667519597736659E+00 -0.7158843377817308E+00 -0.9947039468932392E+00 -0.9984858563663629E+00 -0.5761619255116149E+00  0.0000000000000000E+00
  0.0000000000000000E+00  0.2241045281281409E-01  0.8664001624636106E-01  0.1618223479824879E+00  0.2529955230604508E+00  0.3544272037468724E+00  0.4483733225779130E+00  0.5159408543155881E+00  0.5457829381411144E+00  0.5356432855143379E+00  0.4941018985748309E+00  0.4328715189046868E+00  0.3684813849391884E+00  0.3041586114484063E+00  0.2318438366496671E+00  0.8244320518116255E-01 -0.2936704441757802E+00 -0.6568038091719423E+00 -0.8692002960855041E+00 -0.5153662587087156E+00  0.0000000000000000E+00
  0.0000000000000000E+00  0.4264674259504190E+00  0.5527530161624685E+00  0.6118863349391779E+00  0.6369313234530196E+00  0.6552571743648633E+00  0.6721808183559592E+00  0.6819657355589402E+00  0.6786032262267562E+00  0.6592282845781136E+00  0.6280258195686054E+00  0.5885041574381683E+00  0.5514292940201351E+00  0.5127455097880462E+00  0.4884617289570368E+00  0.4419615897126705E+00  0.2963769014663960E+00  0.1218360095313013E+00 -0.1531480833162261E+00 -0.4505194168304702E-01  0.0000000000000000E+00
  0.3000000000000000E+01  0.1743008174961557E+01  0.1428380967758955E+01  0.1326163343164954E+01  0.1342201552701392E+01  0.1388655680652283E+01  0.1431830867510035E+01  0.1470043647638767E+01  0.1509973259460846E+01  0.1557958431779997E+01  0.1610024439869015E+01  0.1667359046590182E+01  0.1714193502878783E+01  0.1765922082084268E+01  0.1766458649778557E+01  0.1756558436043151E+01  0.1817198851425032E+01  0.1977688162234153E+01  0.2590243953863174E+01  0.2619789566340426E+01  0.3000000000000000E+01
