  0.0000000000000000E+00  0.5300576950678801E-02  0.2085833465927764E-01  0.7232251884794816E-01  0.1410811709031366E+00  0.1978487697467727E+00  0.1972214606556318E+00  0.9565877108310306E-01 -0.1025060095534528E+00 -0.3562803510673159E+00 -0.5981037830101605E+00 -0.7502527180118360E+00 -0.7569579688179702E+00 -0.6357349247166930E+00 -0.4636225458061360E+00 -0.2962350307434494E+00 -0.1568528232897777E+00 -0.5406425840729540E-01  0.7852318422179372E-02  0.1875318477035688E-01  0.0000000000000000E+00
  0.0000000000000000E+00 -0.2341318713539328E-01 -0.6525048398492185E-01 -0.1218382346786249E+00 -0.1801882124366677E+00 -0.2214520159400316E+00 -0.2274693703440595E+00 -0.1795436951481294E+00 -0.7944256960600538E-01  0.5747063695051369E-01  0.2016739933315631E+00  0.3195653935121294E+00  0.3824133726982256E+00  0.3860892192599760E+00  0.3484639724574356E+00  0.2856188442770221E+00  0.2082602492406101E+00  0.1294956264076735E+00  0.6131892035700148E-01  0.2179489121899210E-01  0.0000000000000000E+00
  0.0000000000000000E+00 -0.6493898445550103E-01 -0.1748931172954879E+00 -0.2931921851879264E+00 -0.3994834664068665E+00 -0.4665072780733220E+00 -0.4851866503765466E+00 -0.4429723143612853E+00 -0.3408337183714690E+00 -0.1838684402157749E+00  0.6918196984528740E-02  0.2084434625245520E+00  0.3902821492767066E+00  0.5225327330632348E+00  0.5817693715661707E+00  0.5606215020876170E+00  0.4679279244320527E+00  0.3344226208157252E+00  0.1918090794931838E+00  0.8413785842733318E-01  0.0000000000000000E+00
  0.0000000000000000E+00 -0.8205789835634283E-01 -0.2651927068050076E+00 -0.4209071349525111E+00 -0.5573071726985842E+00 -0.6430382758807348E+00 -0.6847429306095769E+00 -0.6699477269927441E+00 -0.6042633930385061E+00 -0.4838526522776768E+00 -0.3201851870171594E+00 -0.1222285856026958E+00  0.8571698611826492E-01  0.2743601670943146E+00  0.4141470824453499E+00  0.4844878289241480E+00  0.4718229406846882E+00  0.3851440628004619E+00  0.2477614709596855E+00  0.1109927622367263E+00  0.0000000000000000E+00
  0.0000000000000000E+00 -0.7590064802120980E-01 -0.3101921200280450E+00 -0.4822071557133536E+00 -0.6395011280853480E+00 -0.7422359332931551E+00 -0.8107614017297285E+00 -0.8286677522914914E+00 -0.8051886115161568E+00 -0.7296200996439793E+00 -0.6061096775290021E+00 -0.4339162342573359E+00 -0.2332643183373167E+00 -0.3692578364855013E-01  0.1246976067240661E+00  0.2391718132987246E+00  0.2943746185331295E+00  0.2806273355160555E+00  0.1961152492001642E+00  0.9408740840266125E-01  0.0000000000000000E+00
  0.0000000000000000E+00 -0.5906212704019598E-01 -0.3010175274109294E+00 -0.4704556437408490E+00 -0.6344468898353165E+00 -0.7449544820565902E+00 -0.8326824534290702E+00 -0.8790853792838008E+00 -0.8981024063845857E+00 -0.8770639730996476E+00 -0.8124104326601708E+00 -0.6878485992422938E+00 -0.5074257183072528E+00 -0.3068839667165456E+00 -0.1355710098439683E+00 -0.1007833984845568E-01  0.7577837405384652E-01  0.1143932048835020E+00  0.8965682263918684E-01  0.5206098249306187E-01  0.0000000000000000E+00
  0.0000000000000000E+00 -0.3651216975720093E-01 -0.2443713579984461E+00 -0.4015429408919690E+00 -0.5622923501844825E+00 -0.6765199243270640E+00 -0.7765433526099570E+00 -0.8430976334813189E+00 -0.8921514306837062E+00 -0.9171055386180278E+00 -0.9148253223495008E+00 -0.8589738693533057E+00 -0.7244754994849523E+00 -0.5265427269460863E+00 -0.3307859244541060E+00 -0.1889007868795747E+00 -0.9205884935995787E-01 -0.2713351571200998E-01 -0.3189273709863687E-02  0.1180888918143401E-01  0.0000000000000000E+00
  0.0000000000000000E+00 -0.7593848400030129E-03 -0.1489860634200043E+00 -0.2903006976618250E+00 -0.4429934437835185E+00 -0.5599211377947791E+00 -0.6678577460549916E+00 -0.7469428881099625E+00 -0.8108885320646388E+00 -0.8613986553525672E+00 -0.9054664336263180E+00 -0.9226820365070248E+00 -0.8647588316258095E+00 -0.7029237785742611E+00 -0.4834143294306706E+00 -0.2970477012372751E+00 -0.1749196547453841E+00 -0.9247471250993253E-01 -0.3807553209464563E-01  0.2148556215553674E-02  0.0000000000000000E+00
  0.0000000000000000E+00  0.5531842766197166E-01 -0.2810138154104573E-01 -0.1495722601375534E+00 -0.2924863425696401E+00 -0.4123698074862844E+00 -0.5275322187794058E+00 -0.6178430262301550E+00 -0.6898474044771983E+00 -0.7486556441365018E+00 -0.8120093094955142E+00 -0.8812461222628601E+00 -0.9092668225290175E+00 -0.8270231898217295E+00 -0.6249059761626837E+00 -0.3902848835771665E+00 -0.2111933551959253E+00 -0.9466512992081892E-01 -0.2111335242739931E-01  0.2277128059462819E-01  0.0000000000000000E+00
  0.0000000000000000E+00  0.1197267919031959E+00  0.9807490200465466E-01  0.8529083830543885E-02 -0.1190158450390112E+00 -0.2377072810714938E+00 -0.3567975079058672E+00 -0.4578576781728577E+00 -0.5398497897530294E+00 -0.6046247229514894E+00 -0.6712697137524798E+00 -0.7629928194468184E+00 -0.8582791598872027E+00 -0.8761096310988733E+00 -0.7477877988602818E+00 -0.5109878344773778E+00 -0.2771022915605456E+00 -0.1068480174396181E+00 -0.4894202486662329E-02  0.4353324304127330E-01  0.0000000000000000E+00
  0.0000000000000000E+00  0.1644083858524022E+00  0.2049979105794339E+00  0.1667886961897237E+00  0.6882691217281238E-01 -0.3786626291405288E-01 -0.1517118205407726E+00 -0.2581508234937245E+00 -0.3520892480304261E+00 -0.4305174776893541E+00 -0.5040701383274823E+00 -0.6029490605019511E+00 -0.7368655495517793E+00 -0.8451123910761617E+00 -0.8230330286835752E+00 -0.6413675396781581E+00 -0.3927601037862321E+00 -0.1768875263840438E+00 -0.3365456870833393E-01  0.3418424000160226E-01  0.0000000000000000E+00
  0.0000000000000000E+00  0.1735899533525980E+00  0.2735207838618043E+00  0.3050829440952402E+00  0.2569370980653338E+00  0.1774198747827105E+00  0.8043523733553781E-01 -0.2172159239580951E-01 -0.1235741978092294E+00 -0.2202051579872370E+00 -0.3125872571703527E+00 -0.4223760333206115E+00 -0.5754941860783501E+00 -0.7501693684772295E+00 -0.8400048792218242E+00 -0.7526786936693918E+00 -0.5307587028967041E+00 -0.2925574373224884E+00 -0.1075647314984430E+00 -0.9668977827097233E-02  0.0000000000000000E+00
  0.0000000000000000E+00  0.1496932333587745E+00  0.2930450663188262E+00  0.4015940111165561E+00  0.4222329974365960E+00  0.3873091316530114E+00  0.3194101564033716E+00  0.2321141732921037E+00  0.1306083817120309E+00  0.1889583852525260E-01 -0.9891281728780466E-01 -0.2307935158282322E+00 -0.3972737842149001E+00 -0.6120734569894827E+00 -0.8012160144248184E+00 -0.8326035297342880E+00 -0.6732152128960281E+00 -0.4340749336260875E+00 -0.2155747536590214E+00 -0.7848224216982018E-01  0.0000000000000000E+00
  0.0000000000000000E+00  0.1035433596131976E+00  0.2622846553506940E+00  0.4362597500890424E+00  0.5353732319896128E+00  0.5620168713132011E+00  0.5364131740813021E+00  0.4738806145836383E+00  0.3812110974387052E+00  0.2616822826650489E+00  0.1207727721397325E+00 -0.3865552083857746E-01 -0.2191114622259663E+00 -0.4509541876376125E+00 -0.7115317387146615E+00 -0.8703098750064372E+00 -0.8112072160915240E+00 -0.5952208615109923E+00 -0.3554645327497212E+00 -0.1655266047576782E+00  0.0000000000000000E+00
  0.0000000000000000E+00  0.4517254164424082E-01  0.1895877220808912E+00  0.3967052776717576E+00  0.5652797255406594E+00  0.6620788832749722E+00  0.6911638702335323E+00  0.6643099507579310E+00  0.5895656473724915E+00  0.4711366003539854E+00  0.3160591933296874E+00  0.1353571168164833E+00 -0.5509290786620270E-01 -0.2837981448413047E+00 -0.5774120079689677E+00 -0.8499876438823313E+00 -0.9272170127079674E+00 -0.7687230967829757E+00 -0.5241335150100529E+00 -0.2676608365563177E+00  0.0000000000000000E+00
  0.0000000000000000E+00 -0.1816851801967570E-01  0.8836046881811901E-01  0.2845261787444773E+00  0.4918533421995708E+00  0.6504519398226363E+00  0.7390363711935719E+00  0.7567478437451580E+00  0.7091934695450031E+00  0.6024748124056527E+00  0.4484089863996381E+00  0.2654279171188459E+00  0.8068193673052945E-01 -0.1235997755710561E+00 -0.4054708796990237E+00 -0.7518241912377480E+00 -0.9871444568109040E+00 -0.9337797058859161E+00 -0.7120814610545765E+00 -0.3819663297047364E+00  0.0000000000000000E+00
  0.0000000000000000E+00 -0.7344906180442545E-01 -0.2350770249663230E-01  0.1240908391793810E+00  0.3241996339945196E+00  0.5112808341061005E+00  0.6442346266038183E+00  0.7057742798240016E+00  0.6942481041650165E+00  0.6163507202732381E+00  0.4886297920914701E+00  0.3339173113989878E+00  0.1801080141805931E+00  0.2151901489489693E-01 -0.2048498021522182E+00 -0.5575112338042045E+00 -0.9374068270030991E+00 -0.1040883330365475E+01 -0.8935679516788452E+00 -0.4977681876752371E+00  0.0000000000000000E+00
  0.0000000000000000E+00 -0.7648949986299873E-01 -0.7357897646580430E-01  0.1483991293963143E-01  0.1648641326860382E+00  0.3293951825871563E+00  0.4673957593769930E+00  0.5532972582900135E+00  0.5779228205153424E+00  0.5440918796207425E+00  0.4664894763290344E+00  0.3641261757367847E+00  0.2593541056630553E+00  0.1550044330192530E+00  0.1071904159621389E-01 -0.2671560772306151E+00 -0.7162970654988041E+00 -0.9950168881655386E+00 -0.9986600933688972E+00 -0.5762567596133595E+00  0.0000000000000000E+00
  0.0000000000000000E+00  0.2222290708724159E-01  0.8638552744259079E-01  0.1615034497667200E+00  0.2527128251746539E+00  0.3542621468300465E+00  0.4483458915106303E+00  0.5160231371217656E+00  0.5459044804839602E+00  0.5357334196307387E+00  0.4940954366396764E+00  0.4327550605886618E+00  0.3682787286857157E+00  0.3039408830927732E+00  0.2316571610011369E+00  0.8214327480865528E-01 -0.2940480642738251E+00 -0.6571199385954698E+00 -0.8693961891293327E+00 -0.5154626598391113E+00  0.0000000000000000E+00
  0.0000000000000000E+00  0.4264107383654295E+00  0.5526172969775623E+00  0.6116784953875379E+00  0.6366926198455620E+00  0.6550294365708030E+00  0.6719943653782749E+00  0.6818185127325698E+00  0.6784793836474287E+00  0.6590918603488685E+00  0.6278602790575095E+00  0.5882944284300138E+00  0.5512019234246326E+00  0.5125183669076827E+00  0.4883054484610702E+00  0.4417859431004432E+00  0.2962227363694386E+00  0.1216504546017111E+00 -0.1532636866673872E+00 -0.4515518315642828E-01  0.0000000000000000E+00
  0.3000000000000000E+01  0.1742990691990953E+01  0.1428533636509904E+01  0.1326467963604106E+01  0.1342634965637968E+01  0.1389173837117637E+01  0.1432362795375806E+01  0.1470567598924057E+01  0.1510466329541674E+01  0.1558457838584133E+01  0.1610514599467148E+01  0.1667871775298621E+01  0.1714672958411818E+01  0.1766385782369725E+01  0.1766740815617926E+01  0.1756785445507326E+01  0.1817283726617859E+01  0.1977928697599397E+01  0.2590394870872829E+01  0.2620002889630174E+01  0.3000000000000000E+01
