  0.0000000000000000E+00  0.5371730817917475E-02  0.2092916110070195E-01  0.7247532568568460E-01  0.1412822891158917E+00  0.1981205047263418E+00  0.1975243221280612E+00  0.9600434214053255E-01 -0.1021330180997997E+00 -0.3558756878464615E+00 -0.5977017262572706E+00 -0.7498844180042311E+00 -0.7566792228404311E+00 -0.6355597883451998E+00 -0.4635371645584060E+00 -0.2962118669089816E+00 -0.1568776492425463E+00 -0.5412225271845628E-01  0.7778166524482155E-02  0.1870183202577896E-01  0.0000000000000000E+00
  0.0000000000000000E+00 -0.2346723426359451E-01 -0.6532371492000363E-01 -0.1219491409230253E+00 -0.1803174231520211E+00 -0.2215988462928375E+00 -0.2276228803442558E+00 -0.1797081440822176E+00 -0.7961785473227022E-01  0.5728130306369800E-01  0.2014787147712397E+00  0.3193733684227297E+00  0.3822418814491386E+00  0.3859453169902446E+00  0.3483480232895183E+00  0.2855300956278374E+00  0.2082024574102215E+00  0.1294708798003043E+00  0.6132214987920189E-01  0.2180673405905336E-01  0.0000000000000000E+00
  0.0000000000000000E+00 -0.6502997197286604E-01 -0.1750419836593090E+00 -0.2933720970833914E+00 -0.3996699803401715E+00 -0.4666760341521708E+00 -0.4853443189047063E+00 -0.4431200901061201E+00 -0.3409865822966104E+00 -0.1840317786553675E+00  0.6734418056448332E-02  0.2082356872639580E+00  0.3900464215069847E+00  0.5222761626255339E+00  0.5815069053101488E+00  0.5603784199745305E+00  0.4677297229881181E+00  0.3342903866824567E+00  0.1917446161620878E+00  0.8412203420293904E-01  0.0000000000000000E+00
  0.0000000000000000E+00 -0.8213041689330079E-01 -0.2653295734628650E+00 -0.4210490782664928E+00 -0.5574242648589629E+00 -0.6431238945077918E+00 -0.6848038783305359E+00 -0.6699981167622113E+00 -0.6043142908475736E+00 -0.4839164926390960E+00 -0.3202667270995718E+00 -0.1223382050556425E+00  0.8557385067248764E-01  0.2741768183755242E+00  0.4139279424637674E+00  0.4842467552725776E+00  0.4715880635668006E+00  0.3849529890946144E+00  0.2476383819702422E+00  0.1109586933604993E+00  0.0000000000000000E+00
  0.0000000000000000E+00 -0.7593324386997925E-01 -0.3102675242506405E+00 -0.4822506951298848E+00 -0.6395108976993906E+00 -0.7422014159015812E+00 -0.8107024517803687E+00 -0.8285940355491482E+00 -0.8051201932953348E+00 -0.7295668838446305E+00 -0.6060799837740714E+00 -0.4339144676652669E+00 -0.2332945155280837E+00 -0.3698898552847633E-01  0.1245999071206692E+00  0.2390395016977101E+00  0.2942168671577979E+00  0.2804752143844967E+00  0.1960028066003432E+00  0.9405615634543654E-01  0.0000000000000000E+00
  0.0000000000000000E+00 -0.5907123323664116E-01 -0.3010159157895936E+00 -0.4704068636786674E+00 -0.6343514348491155E+00 -0.7448131957723994E+00 -0.8325082016618418E+00 -0.8788977281203817E+00 -0.8979171657043116E+00 -0.8768997935476911E+00 -0.8122711566791420E+00 -0.6877415882253288E+00 -0.5073516101202966E+00 -0.3068412769408761E+00 -0.1355504306086322E+00 -0.1008247358110245E-01  0.7574092648909299E-01  0.1143336135098190E+00  0.8960708779556574E-01  0.5204754128546249E-01  0.0000000000000000E+00
  0.0000000000000000E+00 -0.3650508445640500E-01 -0.2443071197254676E+00 -0.4014237544776950E+00 -0.5621196850461669E+00 -0.6762944893043711E+00 -0.7762786883892053E+00 -0.8428136532446867E+00 -0.8918701298200560E+00 -0.9168472852786254E+00 -0.9145979630080437E+00 -0.8587789528786369E+00 -0.7243177042026857E+00 -0.5264225017641068E+00 -0.3306891837916497E+00 -0.1888126678554313E+00 -0.9199287313172194E-01 -0.2709769085595688E-01 -0.3169413296857906E-02  0.1182395427539431E-01  0.0000000000000000E+00
  0.0000000000000000E+00 -0.7358236821529410E-03 -0.1488828178582879E+00 -0.2901454066369677E+00 -0.4427780902358809E+00 -0.5596516835305050E+00 -0.6675378777365858E+00 -0.7465987838087330E+00 -0.8105410665158644E+00 -0.8610777337209820E+00 -0.9051817053103022E+00 -0.9224318677624539E+00 -0.8645420301909105E+00 -0.7027504994654278E+00 -0.4832814530316524E+00 -0.2969294869064631E+00 -0.1748109673668651E+00 -0.9239201944297135E-01 -0.3802442729613512E-01  0.2173505232004538E-02  0.0000000000000000E+00
  0.0000000000000000E+00  0.5535106859107718E-01 -0.2799580413343490E-01 -0.1494136542736547E+00 -0.2922686455063128E+00 -0.4120947354701262E+00 -0.5271995135157607E+00 -0.6174749381693920E+00 -0.6894684070691851E+00 -0.7482993326544530E+00 -0.8116981291638283E+00 -0.8809757776963363E+00 -0.9090254429088425E+00 -0.8268161644102082E+00 -0.6247495107724996E+00 -0.3901687397540443E+00 -0.2110984593180911E+00 -0.9459725811353940E-01 -0.2107928656919191E-01  0.2277910123147230E-01  0.0000000000000000E+00
  0.0000000000000000E+00  0.1197341498508215E+00  0.9814153020778063E-01  0.8651822880738548E-02 -0.1188346578904331E+00 -0.2374717141333548E+00 -0.3565004278889295E+00 -0.4575170988019335E+00 -0.5394844292072499E+00 -0.6042689426059664E+00 -0.6709567719668175E+00 -0.7627299577934458E+00 -0.8580472703221643E+00 -0.8758982851087901E+00 -0.7476139012070897E+00 -0.5108637503011697E+00 -0.2770159647292202E+00 -0.1068002670025772E+00 -0.4883174264733183E-02  0.4352252640091383E-01  0.0000000000000000E+00
  0.0000000000000000E+00  0.1643666959716210E+00  0.2049945807872388E+00  0.1668413591462028E+00  0.6893479708523112E-01 -0.3771114076138404E-01 -0.1515022133564355E+00 -0.2578943037432441E+00 -0.3517967429008472E+00 -0.4302125508308212E+00 -0.5037892446705162E+00 -0.6027128482562231E+00 -0.7366639931424254E+00 -0.8449241713622876E+00 -0.8228624138416468E+00 -0.6412361870498769E+00 -0.3926625463192144E+00 -0.1768277587699914E+00 -0.3363586976293877E-01  0.3417958146562613E-01  0.0000000000000000E+00
  0.0000000000000000E+00  0.1735074381857775E+00  0.2734409404094694E+00  0.3050435922886681E+00  0.2569457398504673E+00  0.1774650984488468E+00  0.8052199234194606E-01 -0.2159340554363264E-01 -0.1234055347850845E+00 -0.2200057649177486E+00 -0.3123842042292926E+00 -0.4221914155371819E+00 -0.5753341563993365E+00 -0.7500157660939829E+00 -0.8398528215966843E+00 -0.7525524749619098E+00 -0.5306579940556251E+00 -0.2924768244178124E+00 -0.1075222846865565E+00 -0.9651343241504844E-02  0.0000000000000000E+00
  0.0000000000000000E+00  0.1495942117707321E+00  0.2929046159098051E+00  0.4014600545281944E+00  0.4221298043125373E+00  0.3872317977268833E+00  0.3193601016243786E+00  0.2320952029645293E+00  0.1306264973920417E+00  0.1895341014027973E-01 -0.9882786411116624E-01 -0.2306909373866347E+00 -0.3971656426597812E+00 -0.6119576301199733E+00 -0.8010833137417612E+00 -0.8324844914885864E+00 -0.6731207025267901E+00 -0.4339854054447609E+00 -0.2155131201172765E+00 -0.7844768468129372E-01  0.0000000000000000E+00
  0.0000000000000000E+00  0.1034502981229694E+00  0.2621157399445145E+00  0.4360481627992983E+00  0.5351598055424481E+00  0.5618136834965570E+00  0.5362247162792128E+00  0.4737134410746440E+00  0.3810735046877381E+00  0.2615859765629597E+00  0.1207188522418272E+00 -0.3865491731262990E-01 -0.2190649420994813E+00 -0.4508729071362830E+00 -0.7114146344622828E+00 -0.8701876289998534E+00 -0.8111175581582687E+00 -0.5951297806046714E+00 -0.3553942653614242E+00 -0.1654854763474798E+00  0.0000000000000000E+00
  0.0000000000000000E+00  0.4510201828875147E-01  0.1894295149185492E+00  0.3964558440542147E+00  0.5649814311689887E+00  0.6617623807736623E+00  0.6908459921173522E+00  0.6640022047637841E+00  0.5892804960123017E+00  0.4708910508052787E+00  0.3158706526663399E+00  0.1352547434190630E+00 -0.5510652643963394E-01 -0.2837470327827349E+00 -0.5773012827517178E+00 -0.8498503099606861E+00 -0.9271184010488244E+00 -0.7686323730769535E+00 -0.5240599300334455E+00 -0.2676196600219160E+00  0.0000000000000000E+00
  0.0000000000000000E+00 -0.1820118255299824E-01  0.8824794357002821E-01  0.2842974868220763E+00  0.4915254973865901E+00  0.6500614830016362E+00  0.7386141671788846E+00  0.7563201239325077E+00  0.7087814893460271E+00  0.6021086009120992E+00  0.4481189235106820E+00  0.2652555189041114E+00  0.8062584884703933E-01 -0.1235666577817239E+00 -0.4053643784642010E+00 -0.7516598024418164E+00 -0.9870219687356949E+00 -0.9336816544001041E+00 -0.7120080417808746E+00 -0.3819257719963354E+00  0.0000000000000000E+00
  0.0000000000000000E+00 -0.7342888807308474E-01 -0.2353570892349148E-01  0.1239617513162379E+00  0.3239476162258709E+00  0.5109221101505825E+00  0.6438039216311410E+00  0.7053115280189307E+00  0.6937954208219550E+00  0.6159526313387067E+00  0.4883300123699724E+00  0.3337467206383720E+00  0.1800572941006464E+00  0.2155057597057863E-01 -0.2047472791648376E+00 -0.5573278993822325E+00 -0.9372462325539738E+00 -0.1040770531791446E+01 -0.8934922147603442E+00 -0.4977291290576051E+00  0.0000000000000000E+00
  0.0000000000000000E+00 -0.7641568206489532E-01 -0.7349337829655005E-01  0.1488402099859892E-01  0.1648163752702586E+00  0.3292427953916855E+00  0.4671553243019146E+00  0.5530074373239345E+00  0.5776286416389140E+00  0.5438430899306339E+00  0.4663214162538963E+00  0.3640586402174266E+00  0.2593658732657036E+00  0.1550642456346082E+00  0.1080852099636450E-01 -0.2669770788077979E+00 -0.7161125742612927E+00 -0.9948794726857662E+00 -0.9985830021791093E+00 -0.5762162045687923E+00  0.0000000000000000E+00
  0.0000000000000000E+00  0.2230543248182182E-01  0.8649760914569611E-01  0.1616446421652488E+00  0.2528389447198299E+00  0.3543378027115006E+00  0.4483616451533466E+00  0.5159917290211763E+00  0.5458559714900111E+00  0.5356996173654770E+00  0.4941034057713337E+00  0.4328113780013274E+00  0.3683704477000228E+00  0.3040382758406340E+00  0.2317381608565249E+00  0.8227629854938268E-01 -0.2938823447783036E+00 -0.6569797010297499E+00 -0.8693127217258267E+00 -0.5154200756249060E+00  0.0000000000000000E+00
  0.0000000000000000E+00  0.4264356431966039E+00  0.5526770097599298E+00  0.6117700524490807E+00  0.6367983848225593E+00  0.6551307147769712E+00  0.6720783345922735E+00  0.6818853064570748E+00  0.6785366496782507E+00  0.6591541941048654E+00  0.6279359220141215E+00  0.5883882115174065E+00  0.5513036586322608E+00  0.5126177835221657E+00  0.4883741917467655E+00  0.4418610792500456E+00  0.2962905520637122E+00  0.1217284522137683E+00 -0.1532119902082789E+00 -0.4511773554879565E-01  0.0000000000000000E+00
  0.3000000000000000E+01  0.1742998502892010E+01  0.1428466579865907E+01  0.1326334484818007E+01  0.1342443790252152E+01  0.1388945658380587E+01  0.1432126641376526E+01  0.1470335809649952E+01  0.1510246022455259E+01  0.1558237035050881E+01  0.1610295639728969E+01  0.1667646743449108E+01  0.1714459471803240E+01  0.1766184925274137E+01  0.1766615585616228E+01  0.1756693060799246E+01  0.1817245999030559E+01  0.1977834942328945E+01  0.2590323248899010E+01  0.2619933131021481E+01  0.3000000000000000E+01
