  0.0000000000000000E+00  0.5406609382366770E-02  0.2096436809849725E-01  0.7255366100912780E-01  0.1413892524585862E+00  0.1982656489792261E+00  0.1976909659049455E+00  0.9619623980514347E-01 -0.1019241649502944E+00 -0.3556513954671751E+00 -0.5974817648186533E+00 -0.7496878664345706E+00 -0.7565347670165823E+00 -0.6354721863711277E+00 -0.4634962023393284E+00 -0.2962025907477920E+00 -0.1568922159769822E+00 -0.5415325542888655E-01  0.7739529402342987E-02  0.1867541825307795E-01  0.0000000000000000E+00
  0.0000000000000000E+00 -0.2349451114156531E-01 -0.6536131499295635E-01 -0.1220069692599817E+00 -0.1803861539547030E+00 -0.2216776674649236E+00 -0.2277072032074470E+00 -0.1797995621070130E+00 -0.7971598265274615E-01  0.5717613964737320E-01  0.2013717060704128E+00  0.3192703977004593E+00  0.3821520046215977E+00  0.3858713655671880E+00  0.3482891733004111E+00  0.2854855694623845E+00  0.2081738409460263E+00  0.1294590489467231E+00  0.6132433923464416E-01  0.2181290613375005E-01  0.0000000000000000E+00
  0.0000000000000000E+00 -0.6507692404232915E-01 -0.1751195768803718E+00 -0.2934672467708174E+00 -0.3997692094055228E+00 -0.4667673534155446E+00 -0.4854306437173955E+00 -0.4432024465158954E+00 -0.3410721129085329E+00 -0.1841229765250555E+00  0.6633353392584987E-02  0.2081233266668073E+00  0.3899212468482107E+00  0.5221419103304366E+00  0.5813713175619050E+00  0.5602541176393615E+00  0.4676293068610968E+00  0.3342238914112826E+00  0.1917125471062755E+00  0.8411413665432808E-01  0.0000000000000000E+00
  0.0000000000000000E+00 -0.8216782538249648E-01 -0.2654008861627147E+00 -0.4211231288945226E+00 -0.5574858616749631E+00 -0.6431691189805665E+00 -0.6848367180207349E+00 -0.6700258378116130E+00 -0.6043428983631473E+00 -0.4839522507221789E+00 -0.3203120623480802E+00 -0.1223980519448246E+00  0.8549690824169721E-01  0.2740796958150221E+00  0.4138130928570291E+00  0.4841216556925597E+00  0.4714671871765214E+00  0.3848552174991700E+00  0.2475756229360661E+00  0.1109410975109566E+00  0.0000000000000000E+00
  0.0000000000000000E+00 -0.7595008071472968E-01 -0.3103061705518887E+00 -0.4822728614314434E+00 -0.6395149738438295E+00 -0.7421826339710204E+00 -0.8106708146998903E+00 -0.8285551512470508E+00 -0.8050843523223268E+00 -0.7295398406015768E+00 -0.6060659652919848E+00 -0.4339156907291151E+00 -0.2333123666840921E+00 -0.3702380364761283E-01  0.1245474001755190E+00  0.2389694021405013E+00  0.2941343398329661E+00  0.2803961859950905E+00  0.1959445624386872E+00  0.9403963200701931E-01  0.0000000000000000E+00
  0.0000000000000000E+00 -0.5907592938379851E-01 -0.3010142358199003E+00 -0.4703801978287292E+00 -0.6343000791154610E+00 -0.7447377531676814E+00 -0.8324153978974110E+00 -0.8787975867116506E+00 -0.8978181288777134E+00 -0.8768120343289021E+00 -0.8121975728582705E+00 -0.6876861873340585E+00 -0.5073142695966242E+00 -0.3068204451501108E+00 -0.1355413197782791E+00 -0.1008641729513159E-01  0.7571986437624641E-01  0.1143014784684827E+00  0.8958042342363687E-01  0.5203987227757999E-01  0.0000000000000000E+00
  0.0000000000000000E+00 -0.3650152108423643E-01 -0.2442729413104604E+00 -0.4013608013538272E+00 -0.5620285703608546E+00 -0.6761762793817385E+00 -0.7761398195688600E+00 -0.8426642910065697E+00 -0.8917211120905381E+00 -0.9167097497433822E+00 -0.9144769160417856E+00 -0.8586763307724954E+00 -0.7242357909927594E+00 -0.5263608030136361E+00 -0.3306399634658936E+00 -0.1887684418889738E+00 -0.9196037398686703E-01 -0.2708071714120142E-01 -0.3160308909017138E-02  0.1183096221039261E-01  0.0000000000000000E+00
  0.0000000000000000E+00 -0.7238428194516617E-03 -0.1488288066268837E+00 -0.2900642310489137E+00 -0.4426659308309064E+00 -0.5595120400565509E+00 -0.6673722916320269E+00 -0.7464199321748661E+00 -0.8103590289657923E+00 -0.8609077718567903E+00 -0.9050299306267097E+00 -0.9222989046596093E+00 -0.8644280532902849E+00 -0.7026602623801258E+00 -0.4832127177488871E+00 -0.2968688976377481E+00 -0.1747557127165284E+00 -0.9235028755600901E-01 -0.3799873010163243E-01  0.2185979984521946E-02  0.0000000000000000E+00
  0.0000000000000000E+00  0.5536762809002024E-01 -0.2794092708899945E-01 -0.1493313192334265E+00 -0.2921560433470318E+00 -0.4119533962691732E+00 -0.5270288086206746E+00 -0.6172856128101498E+00 -0.6892719229041190E+00 -0.7481124907000856E+00 -0.8115329447485855E+00 -0.8808317013817805E+00 -0.9088975247285390E+00 -0.8267073642705713E+00 -0.6246676091402111E+00 -0.3901083871848380E+00 -0.2110495420428996E+00 -0.9456241194850316E-01 -0.2106176841410202E-01  0.2278319080979094E-01  0.0000000000000000E+00
  0.0000000000000000E+00  0.1197376535204813E+00  0.9817610405297136E-01  0.8715571524591344E-02 -0.1187409373417125E+00 -0.2373506481851604E+00 -0.3563481659677942E+00 -0.4573422370056697E+00 -0.5392957728128305E+00 -0.6040833549349396E+00 -0.6707914324398074E+00 -0.7625897920498392E+00 -0.8579237877684375E+00 -0.8757865511635456E+00 -0.7475221876756291E+00 -0.5107985029317588E+00 -0.2769709104446251E+00 -0.1067753607548391E+00 -0.4877222806859341E-02  0.4351725603911078E-01  0.0000000000000000E+00
  0.0000000000000000E+00  0.1643449636725773E+00  0.2049931466133852E+00  0.1668693217537937E+00  0.6899156964851150E-01 -0.3763016052121394E-01 -0.1513932642509491E+00 -0.2577610861356718E+00 -0.3516444728877777E+00 -0.4300528721500843E+00 -0.5036406675303069E+00 -0.6025867570224761E+00 -0.7365562499302070E+00 -0.8448243580582495E+00 -0.8227721632270493E+00 -0.6411666116733330E+00 -0.3926112438952328E+00 -0.1767964174730424E+00 -0.3362591672168858E-01  0.3417743531573605E-01  0.0000000000000000E+00
  0.0000000000000000E+00  0.1734647159251829E+00  0.2734001422105729E+00  0.3050246174364913E+00  0.2569525358995484E+00  0.1774914501010730E+00  0.8057026509986838E-01 -0.2152348767812448E-01 -0.1233146550693093E+00 -0.2198989238878248E+00 -0.3122752229449128E+00 -0.4220920967260025E+00 -0.5752481850400809E+00 -0.7499343111836421E+00 -0.8397725926226813E+00 -0.7524855743759253E+00 -0.5306047595819462E+00 -0.2924345860758190E+00 -0.1074999964759599E+00 -0.9642035837560282E-02  0.0000000000000000E+00
  0.0000000000000000E+00  0.1495428743139944E+00  0.2928324399162742E+00  0.4013924516652052E+00  0.4220796887502428E+00  0.3871965336193767E+00  0.3193400754204236E+00  0.2320918304571984E+00  0.1306421828866073E+00  0.1898890841047923E-01 -0.9877900900562607E-01 -0.2306340087851114E+00 -0.3971069407399077E+00 -0.6118963855045656E+00 -0.8010140422236502E+00 -0.8324218940248462E+00 -0.6730707826690379E+00 -0.4339385210457339E+00 -0.2154808920916570E+00 -0.7842961527715755E-01  0.0000000000000000E+00
  0.0000000000000000E+00  0.1034018262845892E+00  0.2620283611870765E+00  0.4359398851410525E+00  0.5350524731029257E+00  0.5617136444918347E+00  0.5361339935938807E+00  0.4736346078192620E+00  0.3810099119673191E+00  0.2615426971170358E+00  0.1206960433415394E+00 -0.3865128314166614E-01 -0.2190387617042951E+00 -0.4508303684059796E+00 -0.7113544734093700E+00 -0.8701244704344038E+00 -0.8110705578029012E+00 -0.5950823071126905E+00 -0.3553575836395578E+00 -0.1654640595276661E+00  0.0000000000000000E+00
  0.0000000000000000E+00  0.4506491807844790E-01  0.1893469150999232E+00  0.3963266403172044E+00  0.5648285350856516E+00  0.6616021413997332E+00  0.6906868805407099E+00  0.6638494275437214E+00  0.5891393313561015E+00  0.4707692610725573E+00  0.3157765244879350E+00  0.1352034577368911E+00 -0.5511278438911095E-01 -0.2837208335429265E+00 -0.5772453932813441E+00 -0.8497804253125419E+00 -0.9270675330327651E+00 -0.7685853800091301E+00 -0.5240217440554372E+00 -0.2675982239449914E+00  0.0000000000000000E+00
  0.0000000000000000E+00 -0.1821889330593983E-01  0.8818823585235713E-01  0.2841771961918829E+00  0.4913544667958619E+00  0.6498593988688147E+00  0.7383971890627815E+00  0.7561011835705875E+00  0.7085706806099383E+00  0.6019203556715154E+00  0.4479686236988479E+00  0.2651649038055332E+00  0.8059576508080495E-01 -0.1235506219306357E+00 -0.4053109777609931E+00 -0.7515767998229245E+00 -0.9869594742054008E+00 -0.9336312169863565E+00 -0.7119700618776383E+00 -0.3819047781557077E+00  0.0000000000000000E+00
  0.0000000000000000E+00 -0.7341911992934239E-01 -0.2355190362185995E-01  0.1238918821682891E+00  0.3238132507988529E+00  0.5107324439232174E+00  0.6435773550595696E+00  0.7050687000055232E+00  0.6935575840499782E+00  0.6157424444615364E+00  0.4881700099676306E+00  0.3336538053381916E+00  0.1800278792406377E+00  0.2156535273801052E-01 -0.2046957869248532E+00 -0.5572350429359899E+00 -0.9371645089402856E+00 -0.1040712718610400E+01 -0.8934531517239213E+00 -0.4977087961353526E+00  0.0000000000000000E+00
  0.0000000000000000E+00 -0.7637750534182275E-01 -0.7344979732605432E-01  0.1490476163362027E-01  0.1647880505269067E+00  0.3291590552857330E+00  0.4670252374162427E+00  0.5528511996584475E+00  0.5774697402452069E+00  0.5437072756289536E+00  0.4662275815509768E+00  0.3640176730400605E+00  0.2593681158860023E+00  0.1550934727126776E+00  0.1085416845851465E-01 -0.2668857409508447E+00 -0.7160183988957024E+00 -0.9948089349125310E+00 -0.9985426033165585E+00 -0.5761950902229255E+00  0.0000000000000000E+00
  0.0000000000000000E+00  0.2234856134202577E-01  0.8655599130090998E-01  0.1617175894731631E+00  0.2529029969157147E+00  0.3543744629040327E+00  0.4483660619123727E+00  0.5159708152479980E+00  0.5458254713138749E+00  0.5356764972257407E+00  0.4941020597343956E+00  0.4328360749531606E+00  0.3684149246073992E+00  0.3040876892576080E+00  0.2317801264712824E+00  0.8234502711154906E-01 -0.2937971862042743E+00 -0.6569067523404808E+00 -0.8692694797250050E+00 -0.5153974758876849E+00  0.0000000000000000E+00
  0.0000000000000000E+00  0.4264486392727374E+00  0.5527082103892211E+00  0.6118176244400984E+00  0.6368529436014311E+00  0.6551823247674353E+00  0.6721203798549824E+00  0.6819178570701455E+00  0.6785639635157583E+00  0.6591839375159126E+00  0.6279728228853900E+00  0.5884348395101695E+00  0.5513552369933827E+00  0.5126688213376352E+00  0.4884101530265587E+00  0.4419003332448999E+00  0.2963262649150115E+00  0.1217686191886750E+00 -0.1531841957075600E+00 -0.4509708223712647E-01  0.0000000000000000E+00
  0.3000000000000000E+01  0.1743002643523814E+01  0.1428431360133247E+01  0.1326264716152868E+01  0.1342344166111421E+01  0.1388827488601727E+01  0.1432004922347426E+01  0.1470217244037561E+01  0.1510133580766600E+01  0.1558124684678003E+01  0.1610183591078226E+01  0.1667531556422652E+01  0.1714349213627251E+01  0.1766081225244702E+01  0.1766549667391606E+01  0.1756644027376849E+01  0.1817224019050691E+01  0.1977787390093494E+01  0.2590283107397675E+01  0.2619893770823694E+01  0.3000000000000000E+01
