  0.0000000000000000E+00  0.5349297249935922E-02  0.2088412216707661E-01  0.7239980949970065E-01  0.1411612712387519E+00  0.1979684029226096E+00  0.1973409200672324E+00  0.9580123771438642E-01 -0.1023604615779815E+00 -0.3561162251248347E+00 -0.5979432097693004E+00 -0.7500992447181558E+00 -0.7568413130175975E+00 -0.6356575966571301E+00 -0.4635847850284243E+00 -0.2962224210707018E+00 -0.1568622804283240E+00 -0.5408734573138485E-01  0.7821263229744607E-02  0.1873172929385561E-01  0.0000000000000000E+00
  0.0000000000000000E+00 -0.2344218498962506E-01 -0.6528107791667191E-01 -0.1218889282692124E+00 -0.1802415389933982E+00 -0.2215147888041217E+00 -0.2275309653214619E+00 -0.1796106076403876E+00 -0.7951147989685049E-01  0.5739462997318563E-01  0.2015959066943437E+00  0.3194863888248744E+00  0.3823421500071705E+00  0.3860279725042765E+00  0.3484145342388137E+00  0.2855803237945209E+00  0.2082351141293342E+00  0.1294843801921896E+00  0.6131991217581131E-01  0.2179974966635369E-01  0.0000000000000000E+00
  0.0000000000000000E+00 -0.6497725771893927E-01 -0.1749591115829391E+00 -0.2932669753079366E+00 -0.3995633457414428E+00 -0.4665759634897555E+00 -0.4852519758971534E+00 -0.4430305852067764E+00 -0.3408949012685330E+00 -0.1839323352052777E+00  0.6844510313730670E-02  0.2083599217564673E+00  0.3901851370039140E+00  0.5224263208556992E+00  0.5816588176880169E+00  0.5605185503128609E+00  0.4678430619596785E+00  0.3343657948451840E+00  0.1917809997571785E+00  0.8413097829291669E-01  0.0000000000000000E+00
  0.0000000000000000E+00 -0.8208989778038048E-01 -0.2652502365168309E+00 -0.4209688867996269E+00 -0.5573558143977125E+00 -0.6430754458357694E+00 -0.6847673464272401E+00 -0.6699687691151917E+00 -0.6042826501803904E+00 -0.4838779450818859E+00 -0.3202165179167186E+00 -0.1222723865017245E+00  0.8565954808423926E-01  0.2742847876478806E+00  0.4140564000515286E+00  0.4843867746979373E+00  0.4717239929169016E+00  0.3850629760408622E+00  0.2477091553885892E+00  0.1109783433856440E+00  0.0000000000000000E+00
  0.0000000000000000E+00 -0.7591426029814040E-01 -0.3102254512189552E+00 -0.4822256098597984E+00 -0.6395071707333300E+00 -0.7422215077457681E+00 -0.8107381123940638E+00 -0.8286365090523751E+00 -0.8051604384722272E+00 -0.7295966023245811E+00 -0.6060962217843497E+00 -0.4339132007079916E+00 -0.2332752215541617E+00 -0.3695031473887273E-01  0.1246579446711901E+00  0.2391175775486238E+00  0.2943089449023924E+00  0.2805637337338321E+00  0.1960680080013116E+00  0.9407448123195530E-01  0.0000000000000000E+00
  0.0000000000000000E+00 -0.5906640589095813E-01 -0.3010172193710697E+00 -0.4704366870920679E+00 -0.6344073602331469E+00 -0.7448968709749713E+00 -0.8326098698348191E+00 -0.8790084040280038E+00 -0.8980255487853133E+00 -0.8769965906809830E+00 -0.8123519216727717E+00 -0.6878032097813350E+00 -0.5073929572495204E+00 -0.3068647969819245E+00 -0.1355609205104885E+00 -0.1007885365506028E-01  0.7576389246343841E-01  0.1143690060926219E+00  0.8963656379666973E-01  0.5205573886784697E-01  0.0000000000000000E+00
  0.0000000000000000E+00 -0.3650902167614369E-01 -0.2443451321534608E+00 -0.4014930297309302E+00 -0.5622208507131121E+00 -0.6764250702077237E+00 -0.7764329651085622E+00 -0.8429785878270705E+00 -0.8920350220555449E+00 -0.9169985737475734E+00 -0.9147317210160993E+00 -0.8588922854802306E+00 -0.7244087964490268E+00 -0.5264910145324424E+00 -0.3307444004432945E+00 -0.1888626642068602E+00 -0.9203009017429091E-01 -0.2711743831706024E-01 -0.3180218949811751E-02  0.1181568532723256E-01  0.0000000000000000E+00
  0.0000000000000000E+00 -0.7494306408547851E-03 -0.1489425577092555E+00 -0.2902357238139862E+00 -0.4429024075598423E+00 -0.5598074593735642E+00 -0.6677219782079713E+00 -0.7467979761648347E+00 -0.8107426283104237E+00 -0.8612657542572707E+00 -0.9053489226385331E+00 -0.9225789514085915E+00 -0.8646681764526878E+00 -0.7028506588166467E+00 -0.4833577756233418E+00 -0.2969974113646173E+00 -0.1748732915035444E+00 -0.9243934523268894E-01 -0.3805362833320332E-01  0.2159260702307310E-02  0.0000000000000000E+00
  0.0000000000000000E+00  0.5533249411889599E-01 -0.2805694879766659E-01 -0.1495050883243919E+00 -0.2923943140401357E+00 -0.4122524517554461E+00 -0.5273906144249578E+00 -0.6176862175213365E+00 -0.6896874222344666E+00 -0.7485063898871370E+00 -0.8118808302972902E+00 -0.8811348850657276E+00 -0.9091671695148505E+00 -0.8269366496908236E+00 -0.6248401047729319E+00 -0.3902357012538658E+00 -0.2111530927025300E+00 -0.9463637416294177E-01 -0.2109893905653521E-01  0.2277453199084832E-01  0.0000000000000000E+00
  0.0000000000000000E+00  0.1197300263450638E+00  0.9810310305226108E-01  0.8580769425555700E-02 -0.1189390088382902E+00 -0.2376072266470317E+00 -0.3566707391754398E+00 -0.4577128607186169E+00 -0.5396948440602919E+00 -0.6044753333112396E+00 -0.6711397067274005E+00 -0.7628849262384996E+00 -0.8581839779523109E+00 -0.8760221496018812E+00 -0.7477152757426176E+00 -0.5109356652730657E+00 -0.2770658227962439E+00 -0.1068277208817438E+00 -0.4889583762410306E-02  0.4352867415548977E-01  0.0000000000000000E+00
  0.0000000000000000E+00  0.1643907939410820E+00  0.2049961915410961E+00  0.1668105143735482E+00  0.6887177936107287E-01 -0.3780115135867090E-01 -0.1516237252150270E+00 -0.2580427513346280E+00 -0.3519663447104208E+00 -0.4303898320064035E+00 -0.5039536428100578E+00 -0.6028521326107029E+00 -0.7367832259264074E+00 -0.8450350519191713E+00 -0.8229622530187590E+00 -0.6413129327707455E+00 -0.3927190028737692E+00 -0.1768623314369125E+00 -0.3364653132201789E-01  0.3418225153283211E-01  0.0000000000000000E+00
  0.0000000000000000E+00  0.1735549509958409E+00  0.2734865662717454E+00  0.3050652138368519E+00  0.2569390991567440E+00  0.1774368203660671E+00  0.8046945724924436E-01 -0.2167005631282606E-01 -0.1235055538814172E+00 -0.2201234746963085E+00 -0.3125042328056189E+00 -0.4223007135847837E+00 -0.5754293001203922E+00 -0.7501063176918787E+00 -0.8399421417654775E+00 -0.7526261925392178E+00 -0.5307168077086502E+00 -0.2925233298847731E+00 -0.1075468914371535E+00 -0.9661434078024120E-02  0.0000000000000000E+00
  0.0000000000000000E+00  0.1496513174523207E+00  0.2929851658843970E+00  0.4015360388635205E+00  0.4221869737695011E+00  0.3872730171170282E+00  0.3193848359199113E+00  0.2321015079719028E+00  0.1306115806386010E+00  0.1891598336029480E-01 -0.9888029548905543E-01 -0.2307531223520652E+00 -0.3972301405943278E+00 -0.6120262186209847E+00 -0.8011606471335384E+00 -0.8325542139467248E+00 -0.6731755732561251E+00 -0.4340374765219944E+00 -0.2155485767340711E+00 -0.7846771928477614E-01  0.0000000000000000E+00
  0.0000000000000000E+00  0.1035041279872097E+00  0.2622130542898395E+00  0.4361692841716712E+00  0.5352806465697619E+00  0.5619273480707082E+00  0.5363286077221290E+00  0.4738046131381011E+00  0.3811474036693316E+00  0.2616370120570097E+00  0.1207460846302666E+00 -0.3865751812362204E-01 -0.2190937347895455E+00 -0.4509203484286755E+00 -0.7114827818236651E+00 -0.8702580656300182E+00 -0.8111699121336630E+00 -0.5951821343515383E+00 -0.3554350834605812E+00 -0.1655090708034086E+00  0.0000000000000000E+00
  0.0000000000000000E+00  0.4514303624297737E-01  0.1895212208846090E+00  0.3965996899574032E+00  0.5651524554074151E+00  0.6619423606191597E+00  0.6910257157045372E+00  0.6641750872211363E+00  0.5894406899380485E+00  0.4710287193296985E+00  0.3159771259574078E+00  0.1353121647005106E+00 -0.5509897559676040E-01 -0.2837769849428164E+00 -0.5773642262041502E+00 -0.8499294465946642E+00 -0.9271746822590945E+00 -0.7686849471465975E+00 -0.5241019197129176E+00 -0.2676435324999114E+00  0.0000000000000000E+00
  0.0000000000000000E+00 -0.1818184773013844E-01  0.8831377601922159E-01  0.2844307218818944E+00  0.4917154070812084E+00  0.6502867706714967E+00  0.7388564791189021E+00  0.7565653270993642E+00  0.7090171897826437E+00  0.6023191121349972E+00  0.4482858789782537E+00  0.2653561727010888E+00  0.8065852859292867E-01 -0.1235844766009175E+00 -0.4054253006737687E+00 -0.7517528434131103E+00 -0.9870924411068651E+00 -0.9337371597139651E+00 -0.7120505421398392E+00 -0.3819487042323805E+00  0.0000000000000000E+00
  0.0000000000000000E+00 -0.7344017087617746E-01 -0.2351840700110406E-01  0.1240381965301916E+00  0.3240957345407861E+00  0.5111316165421114E+00  0.6440550010628469E+00  0.7055804782683818E+00  0.6940591662927356E+00  0.6161846741672737E+00  0.4885065339858179E+00  0.3338478189274062E+00  0.1800894453790046E+00  0.2153319008271462E-01 -0.2048043852590687E+00 -0.5574328971828576E+00 -0.9373368212586126E+00 -0.1040835461235325E+01 -0.8935346129993227E+00 -0.4977517150536525E+00  0.0000000000000000E+00
  0.0000000000000000E+00 -0.7645827100343620E-01 -0.7354234981127532E-01  0.1486006329607920E-01  0.1648462801609276E+00  0.3293341870139467E+00  0.4672977102969339E+00  0.5531791397728313E+00  0.5778025955345196E+00  0.5439917989492520E+00  0.4664226768486166E+00  0.3641024118175346E+00  0.2593615418123422E+00  0.1550322731603894E+00  0.1075724915400466E-01 -0.2670779004527909E+00 -0.7162185233974083E+00 -0.9949564633424678E+00 -0.9986275728447749E+00 -0.5762383216765075E+00  0.0000000000000000E+00
  0.0000000000000000E+00  0.2225750890044949E-01  0.8643278773561754E-01  0.1615632363585294E+00  0.2527672244358122E+00  0.3542958042776174E+00  0.4483554448331356E+00  0.5160129214871126E+00  0.5458881384165459E+00  0.5357227920318277E+00  0.4941033225571877E+00  0.4327818184967666E+00  0.3683209028557350E+00  0.3039828525116564E+00  0.2316934369911419E+00  0.8219949028201599E-01 -0.2939750302567621E+00 -0.6570605710897088E+00 -0.8693576773229033E+00 -0.5154445031118441E+00  0.0000000000000000E+00
  0.0000000000000000E+00  0.4264212855961315E+00  0.5526423797994096E+00  0.6117173024946835E+00  0.6367374939659256E+00  0.6550731736035088E+00  0.6720308382027617E+00  0.6818486624133447E+00  0.6785051561021569E+00  0.6591207100242535E+00  0.6278937799619433E+00  0.5883365619095697E+00  0.5512457353431095E+00  0.5125624868692666E+00  0.4883343501755589E+00  0.4418201407859136E+00  0.2962510875709662E+00  0.1216870994367068E+00 -0.1532406932353717E+00 -0.4513565250863021E-01  0.0000000000000000E+00
  0.3000000000000000E+01  0.1742993652112055E+01  0.1428505648337389E+01  0.1326411328874479E+01  0.1342554742538035E+01  0.1389076283467091E+01  0.1432262930224851E+01  0.1470466934247078E+01  0.1510372670110075E+01  0.1558360661959067E+01  0.1610421982671358E+01  0.1667772132768057E+01  0.1714583696826407E+01  0.1766295391903856E+01  0.1766690386464465E+01  0.1756739067924275E+01  0.1817271707030339E+01  0.1977878130600171E+01  0.2590364402383212E+01  0.2619962454414046E+01  0.3000000000000000E+01
