  0.0000000000000000E+00  0.4259469981142204E-02  0.1589515211299075E-02  0.1971267786776745E-01  0.4117497972972722E-01  0.3295614968347693E-01 -0.4056174970355253E-01 -0.1953660940466844E+00 -0.4095443577957547E+00 -0.6287979665972968E+00 -0.7866898559450790E+00 -0.8234950630885538E+00 -0.7333716300272848E+00 -0.5742799491026709E+00 -0.4030120109371093E+00 -0.2498367502953763E+00 -0.1269156215931163E+00 -0.3892814262924682E-01  0.1143613635500471E-01  0.1622445814509116E-01  0.0000000000000000E+00
  0.0000000000000000E+00 -0.1935595969613469E-01 -0.4451404944943830E-01 -0.8081225447894172E-01 -0.1149822190656563E+00 -0.1276697220247844E+00 -0.1034494820870892E+00 -0.3342133933672897E-01  0.7349241492179867E-01  0.1966849504419798E+00  0.3070308492066057E+00  0.3777746116012543E+00  0.3973732715409501E+00  0.3764017178757836E+00  0.3279711253566663E+00  0.2620020230181532E+00  0.1868887321859340E+00  0.1145293914731925E+00  0.5398199643636140E-01  0.2114471085951477E-01  0.0000000000000000E+00
  0.0000000000000000E+00 -0.5380840910726186E-01 -0.1319526331370158E+00 -0.2227240855690577E+00 -0.3037716774672417E+00 -0.3500530163908763E+00 -0.3509101959648202E+00 -0.2956301120568713E+00 -0.1890671130303587E+00 -0.3874311527135737E-01  0.1344026916747382E+00  0.3098287717152090E+00  0.4587481845955657E+00  0.5549252045246800E+00  0.5809013651328897E+00  0.5361693187590831E+00  0.4337505749646858E+00  0.3046600317903309E+00  0.1733821256640889E+00  0.7965859072363546E-01  0.0000000000000000E+00
  0.0000000000000000E+00 -0.7920883908930197E-01 -0.2319668275424737E+00 -0.3725486978171087E+00 -0.4968087235458926E+00 -0.5742573850795275E+00 -0.6071441841642360E+00 -0.5830988696432464E+00 -0.5095017616730125E+00 -0.3831372590594718E+00 -0.2180207613172888E+00 -0.2424414127042561E-01  0.1711888120117477E+00  0.3395455096392522E+00  0.4537733978237940E+00  0.4977204911049011E+00  0.4639590402045657E+00  0.3691273969017088E+00  0.2343052440115385E+00  0.1097559700330034E+00  0.0000000000000000E+00
  0.0000000000000000E+00 -0.7848217762576629E-01 -0.2955470479661201E+00 -0.4634758292593757E+00 -0.6169586963180131E+00 -0.7171324522040253E+00 -0.7805583930456530E+00 -0.7899159330931022E+00 -0.7549637079687561E+00 -0.6642785711025128E+00 -0.5269910724803630E+00 -0.3469817613464388E+00 -0.1501815157029972E+00  0.3399886018887329E-01  0.1810011264926414E+00  0.2789536652730766E+00  0.3153338723635222E+00  0.2878152246259849E+00  0.1977025037481525E+00  0.9850589774221837E-01  0.0000000000000000E+00
  0.0000000000000000E+00 -0.6419688802525293E-01 -0.3108330088155758E+00 -0.4866780205215309E+00 -0.6571438987091439E+00 -0.7726210928968589E+00 -0.8634813506521050E+00 -0.9078722843127385E+00 -0.9194261895177782E+00 -0.8800040214103264E+00 -0.7891241950939090E+00 -0.6374601880675329E+00 -0.4437800322121233E+00 -0.2467401473028071E+00 -0.8440489268918143E-01  0.3420982295160176E-01  0.1102224999562332E+00  0.1375108209410176E+00  0.1037507634592160E+00  0.6152677013484768E-01  0.0000000000000000E+00
  0.0000000000000000E+00 -0.4357585195198194E-01 -0.2735537162687663E+00 -0.4409469951265072E+00 -0.6116290988591158E+00 -0.7313962687298784E+00 -0.8369908924262601E+00 -0.9060741877785370E+00 -0.9556417576884281E+00 -0.9708024347087661E+00 -0.9449761545741749E+00 -0.8530323429828466E+00 -0.6870406581353308E+00 -0.4787900902413718E+00 -0.2897691473946436E+00 -0.1536672387361948E+00 -0.6014179772350770E-01 -0.1524466997678611E-02  0.1343584798621174E-01  0.2177726356689700E-01  0.0000000000000000E+00
  0.0000000000000000E+00 -0.1327335718386512E-01 -0.1918607773921460E+00 -0.3438468001423147E+00 -0.5066539947928030E+00 -0.6278776594791883E+00 -0.7415777365837217E+00 -0.8253669726968536E+00 -0.8961556265409901E+00 -0.9485793501541702E+00 -0.9820595851750655E+00 -0.9682412896408858E+00 -0.8678000410476725E+00 -0.6753262963557909E+00 -0.4513873111667997E+00 -0.2730616798827424E+00 -0.1555387594058896E+00 -0.7690710481497122E-01 -0.2916933971283050E-01  0.6338142502301955E-02  0.0000000000000000E+00
  0.0000000000000000E+00  0.3541186940893528E-01 -0.7755854530232069E-01 -0.2105779168656117E+00 -0.3626626011823668E+00 -0.4853396954503571E+00 -0.6042329060540584E+00 -0.6970518594257913E+00 -0.7751902769308258E+00 -0.8412944049462380E+00 -0.9075378223921274E+00 -0.9626147721145349E+00 -0.9550365791158331E+00 -0.8309463314706872E+00 -0.6056090790834926E+00 -0.3720106016422589E+00 -0.2011371594059654E+00 -0.9061789784840057E-01 -0.2197380197608934E-01  0.1993173340172103E-01  0.0000000000000000E+00
  0.0000000000000000E+00  0.9986655309504955E-01  0.5138909007196659E-01 -0.5418602116812879E-01 -0.1927547193942575E+00 -0.3155842323228734E+00 -0.4386921109595451E+00 -0.5410947771698243E+00 -0.6254421396147808E+00 -0.6943300526010985E+00 -0.7666578401944689E+00 -0.8569574383310611E+00 -0.9324365627341872E+00 -0.9132537882900794E+00 -0.7502581700368600E+00 -0.4991883113951749E+00 -0.2680837926404713E+00 -0.1047131505121922E+00 -0.8039657220141057E-02  0.3848187237322991E-01  0.0000000000000000E+00
  0.0000000000000000E+00  0.1555576877576719E+00  0.1706170457055230E+00  0.1094832546798035E+00 -0.4981740437754678E-02 -0.1200240982431838E+00 -0.2409062347338446E+00 -0.3504073516712511E+00 -0.4446147342600244E+00 -0.5217208270506912E+00 -0.5952670495981112E+00 -0.6942156703311247E+00 -0.8199651065998066E+00 -0.9035691948444140E+00 -0.8484016331916950E+00 -0.6428243926852053E+00 -0.3865705044096112E+00 -0.1723683542479680E+00 -0.3315305292958481E-01  0.3191176038786381E-01  0.0000000000000000E+00
  0.0000000000000000E+00  0.1793463443568879E+00  0.2578284277611807E+00  0.2612961215118235E+00  0.1897016600588661E+00  0.9615715451794968E-01 -0.1138403219229516E-01 -0.1193222410929565E+00 -0.2220400942375440E+00 -0.3149581677242977E+00 -0.4014199777853213E+00 -0.5058475499211688E+00 -0.6538929886824947E+00 -0.8147106233941916E+00 -0.8795360737839625E+00 -0.7674502526401330E+00 -0.5318944475503636E+00 -0.2895242849585558E+00 -0.1050295276093202E+00 -0.9124381507588781E-02  0.0000000000000000E+00
  0.0000000000000000E+00  0.1669461061827892E+00  0.2981578793447917E+00  0.3789821363127577E+00  0.3710930161030865E+00  0.3163707680827763E+00  0.2346502013849769E+00  0.1391852023926860E+00  0.3514471282775369E-01 -0.7320247495659728E-01 -0.1828658065502371E+00 -0.3044728582369589E+00 -0.4637948439985826E+00 -0.6708231888503973E+00 -0.8444715305676901E+00 -0.8551449029862086E+00 -0.6807908899290029E+00 -0.4350224801827303E+00 -0.2139723536793954E+00 -0.7739367662547612E-01  0.0000000000000000E+00
  0.0000000000000000E+00  0.1271936507854958E+00  0.2863163467852684E+00  0.4409813163621332E+00  0.5119419313684135E+00  0.5147152961806080E+00  0.4719292650699959E+00  0.3989568250486200E+00  0.3021489314465202E+00  0.1847408957936834E+00  0.5123879649887026E-01 -0.9736581559939674E-01 -0.2695765250827434E+00 -0.4962918532828981E+00 -0.7496339404527238E+00 -0.8946913657545434E+00 -0.8218576168680379E+00 -0.5991464122928117E+00 -0.3555137147421337E+00 -0.1650364388477564E+00  0.0000000000000000E+00
  0.0000000000000000E+00  0.7055966167221592E-01  0.2262435611129529E+00  0.4298016239680567E+00  0.5787094342147520E+00  0.6525157789713975E+00  0.6625582675491032E+00  0.6231418440855935E+00  0.5424473468394065E+00  0.4241828288443138E+00  0.2738390822136406E+00  0.1001177809418548E+00 -0.8580858137253369E-01 -0.3124985969734408E+00 -0.6047900274106781E+00 -0.8713961723515319E+00 -0.9381601579150931E+00 -0.7737901825779034E+00 -0.5252715766549597E+00 -0.2677575228248834E+00  0.0000000000000000E+00
  0.0000000000000000E+00  0.4798042878033672E-02  0.1294886903483329E+00  0.3401619787458328E+00  0.5445068158195976E+00  0.6889502222716153E+00  0.7610643559845307E+00  0.7655959069929239E+00  0.7100282533303505E+00  0.6000551032832977E+00  0.4454110627880467E+00  0.2615269107309284E+00  0.7271118803025768E-01 -0.1357352799841236E+00 -0.4208493419244186E+00 -0.7676508364477825E+00 -0.9966821339209243E+00 -0.9387750672424275E+00 -0.7135885044197642E+00 -0.3823744687356162E+00  0.0000000000000000E+00
  0.0000000000000000E+00 -0.5864389690123682E-01  0.1210995472051790E-01  0.1857915476245220E+00  0.4015953929273086E+00  0.5914656362353171E+00  0.7185711199013380E+00  0.7709390838238713E+00  0.7501622084307248E+00  0.6636393342592947E+00  0.5268042315393285E+00  0.3607428340543593E+00  0.1928961792476538E+00  0.2248827824166661E-01 -0.2107513598388806E+00 -0.5677801696236426E+00 -0.9450773405296375E+00 -0.1045369532961666E+01 -0.8950390133947036E+00 -0.4982801371375342E+00  0.0000000000000000E+00
  0.0000000000000000E+00 -0.7681477288813796E-01 -0.6087944947340926E-01  0.5103541819779948E-01  0.2250890388415371E+00  0.4063444463089969E+00  0.5518126514274680E+00  0.6374664347021596E+00  0.6563717391613075E+00  0.6127018573461155E+00  0.5218720037679411E+00  0.4034887996725913E+00  0.2812409072706367E+00  0.1618493677667618E+00  0.9404840691168774E-02 -0.2736814227842361E+00 -0.7223193745381336E+00 -0.9990121424036339E+00 -0.9999850816858722E+00 -0.5767617181552186E+00  0.0000000000000000E+00
  0.0000000000000000E+00  0.1118084128062205E-01  0.7610021735527302E-01  0.1600878961473071E+00  0.2685254702281980E+00  0.3884431564331172E+00  0.4965706348215391E+00  0.5716717171275758E+00  0.6022790643150139E+00  0.5869523005293932E+00  0.5356814911810995E+00  0.4619824374056085E+00  0.3845119795462724E+00  0.3088189848187625E+00  0.2305769962432716E+00  0.7752281047442253E-01 -0.2983686279502593E+00 -0.6603024474269747E+00 -0.8704604496968050E+00 -0.5157932921407214E+00  0.0000000000000000E+00
  0.0000000000000000E+00  0.4222475600201943E+00  0.5449512157338114E+00  0.6052667308592647E+00  0.6363890039015094E+00  0.6632722390234550E+00  0.6883283484686050E+00  0.7035549864631604E+00  0.7019000798019959E+00  0.6807082926199557E+00  0.6452111191726135E+00  0.6003226705142295E+00  0.5577248381049397E+00  0.5145984546249879E+00  0.4876193733394729E+00  0.4398030638895676E+00  0.2946839513978273E+00  0.1202936956934738E+00 -0.1537746086003869E+00 -0.4520185567772062E-01  0.0000000000000000E+00
  0.3000000000000000E+01  0.1744438161220039E+01  0.1441246570153839E+01  0.1344287703569513E+01  0.1359358458523670E+01  0.1398626439362752E+01  0.1431585589415724E+01  0.1461006757738095E+01  0.1496578824909026E+01  0.1544827422669526E+01  0.1600048133663259E+01  0.1661014425862920E+01  0.1711337465231453E+01  0.1765023620943799E+01  0.1767718876224853E+01  0.1758113618805720E+01  0.1817579517856259E+01  0.1978816465492604E+01  0.2590863376104355E+01  0.2619812274892441E+01  0.3000000000000000E+01
