  0.0000000000000000E+00 -0.1223563771592775E-01 -0.4834459936291378E-01 -0.8202650595549060E-01 -0.1235994985694085E+00 -0.1991489384656214E+00 -0.3253734011067715E+00 -0.4935719778038967E+00 -0.6721880837995774E+00 -0.8066257524896827E+00 -0.8513722940428677E+00 -0.7891048610180567E+00 -0.6535524272584416E+00 -0.4917805387272686E+00 -0.3350579326718809E+00 -0.2000137936490131E+00 -0.9344139075814384E-01 -0.1866279430403039E-01  0.2094601315918668E-01  0.1790055119167051E-01  0.0000000000000000E+00
  0.0000000000000000E+00 -0.8745614081780697E-02 -0.1387556209140174E-01 -0.2308389059829675E-01 -0.2644852447882433E-01 -0.7590900563055913E-02  0.4129723469907787E-01  0.1201529487077495E+00  0.2156177750517411E+00  0.3072796861334153E+00  0.3732883753063908E+00  0.4013198896998281E+00  0.3939074661232773E+00  0.3599037024698564E+00  0.3060684886806690E+00  0.2394081439606375E+00  0.1669794425175941E+00  0.9978397469950440E-01  0.4536657493429528E-01  0.1904815205886683E-01  0.0000000000000000E+00
  0.0000000000000000E+00 -0.3847247996126984E-01 -0.8997128563711902E-01 -0.1512781777503809E+00 -0.2029450720058815E+00 -0.2219216401547892E+00 -0.2014816970095379E+00 -0.1331131316806482E+00 -0.2533475864435422E-01  0.1152133059105631E+00  0.2684928318763046E+00  0.4148548080814278E+00  0.5281699711113901E+00  0.5879305686823005E+00  0.5831475333701260E+00  0.5182106382328995E+00  0.4074969367946385E+00  0.2806891297944828E+00  0.1570457379620725E+00  0.7504500736827101E-01  0.0000000000000000E+00
  0.0000000000000000E+00 -0.6938322153322446E-01 -0.1978799578472670E+00 -0.3169734314507016E+00 -0.4225736380922421E+00 -0.4833767116398860E+00 -0.5030285619562657E+00 -0.4668092046304667E+00 -0.3852962901858248E+00 -0.2537789020873134E+00 -0.9013871177337021E-01  0.9383249798946693E-01  0.2695795540905779E+00  0.4114672339060430E+00  0.4971245339172228E+00  0.5153367129535288E+00  0.4627130967244402E+00  0.3598701729467466E+00  0.2252756989706894E+00  0.1095183277077504E+00  0.0000000000000000E+00
  0.0000000000000000E+00 -0.7494798110755432E-01 -0.2805429478580351E+00 -0.4382920104820850E+00 -0.5859767447657951E+00 -0.6785293095204231E+00 -0.7344598919804503E+00 -0.7313241125148099E+00 -0.6835544495299364E+00 -0.5780418516097896E+00 -0.4317122938632528E+00 -0.2510898170390934E+00 -0.6459035191332517E-01  0.1040318584137996E+00  0.2350146107030142E+00  0.3168916974523747E+00  0.3371588754744708E+00  0.2981676444763434E+00  0.2025646718095286E+00  0.1036727336679566E+00  0.0000000000000000E+00
  0.0000000000000000E+00 -0.6452232410718760E-01 -0.3198585301671432E+00 -0.4966017917466661E+00 -0.6742293399695900E+00 -0.7902579381070198E+00 -0.8812408757856335E+00 -0.9162744175509675E+00 -0.9135727511818973E+00 -0.8500633634036633E+00 -0.7349798657437770E+00 -0.5666960818958680E+00 -0.3735343555162772E+00 -0.1886075501364432E+00 -0.3809718579582144E-01  0.7277846293987457E-01  0.1403486930269755E+00  0.1590710971097321E+00  0.1181924012924238E+00  0.7071771931381858E-01  0.0000000000000000E+00
  0.0000000000000000E+00 -0.4634804372140174E-01 -0.3020378456568757E+00 -0.4764598602792932E+00 -0.6616524006585719E+00 -0.7862823092580208E+00 -0.8986267569472726E+00 -0.9659347149407529E+00 -0.1009265660869685E+01 -0.1003992379524021E+01 -0.9470194011854843E+00 -0.8205564107040738E+00 -0.6349305058460113E+00 -0.4291335741807576E+00 -0.2526464720015824E+00 -0.1239962040138693E+00 -0.3409302962731019E-01  0.2009622455454294E-01  0.2869039929824871E-01  0.3116597176694079E-01  0.0000000000000000E+00
  0.0000000000000000E+00 -0.2057295622266845E-01 -0.2326993306138653E+00 -0.3931079206145582E+00 -0.5710534515843200E+00 -0.6962235933651556E+00 -0.8176281672140985E+00 -0.9046723854191415E+00 -0.9791934636218447E+00 -0.1025405251255144E+01 -0.1037712230526016E+01 -0.9861718613056262E+00 -0.8472218437565227E+00 -0.6363753171991887E+00 -0.4177612294988389E+00 -0.2505400350390847E+00 -0.1385279383348163E+00 -0.6313495043111185E-01 -0.2012329478410064E-01  0.1147053038562186E-01  0.0000000000000000E+00
  0.0000000000000000E+00  0.2171348078219834E-01 -0.1230008331519377E+00 -0.2641064250627897E+00 -0.4280197005275126E+00 -0.5511818456131479E+00 -0.6744069153772650E+00 -0.7703955992306131E+00 -0.8562193153996926E+00 -0.9283779166057701E+00 -0.9915099205127200E+00 -0.1023970827775475E+01 -0.9770037329006382E+00 -0.8165539633151285E+00 -0.5776632844382822E+00 -0.3502354557419138E+00 -0.1883198485608853E+00 -0.8358187422677861E-01 -0.1922747105070592E-01  0.2054899642457369E-01  0.0000000000000000E+00
  0.0000000000000000E+00  0.8376583989181546E-01  0.8891468381032278E-02 -0.1066324110045948E+00 -0.2551999755461494E+00 -0.3773487019957387E+00 -0.5025075081156748E+00 -0.6062062357534003E+00 -0.6956176722615222E+00 -0.7719977843908948E+00 -0.8508126840826078E+00 -0.9361701622143119E+00 -0.9872845811650787E+00 -0.9315244077398791E+00 -0.7400864056275434E+00 -0.4808973106869137E+00 -0.2543949185199899E+00 -0.9772823430314267E-01 -0.6286538606764277E-02  0.3798700097624016E-01  0.0000000000000000E+00
  0.0000000000000000E+00  0.1455147711733922E+00  0.1376700128899473E+00  0.6197498329575335E-01 -0.6467116647632495E-01 -0.1817733217864226E+00 -0.3058011037489757E+00 -0.4168475006201786E+00 -0.5131037788336006E+00 -0.5931573640039324E+00 -0.6711193682262625E+00 -0.7716337064164247E+00 -0.8871477079257951E+00 -0.9451190703820148E+00 -0.8604240630669238E+00 -0.6366385066688665E+00 -0.3761785343620634E+00 -0.1647494937833229E+00 -0.2997739140055481E-01  0.3255934504010371E-01  0.0000000000000000E+00
  0.0000000000000000E+00  0.1794791662467052E+00  0.2385303260069403E+00  0.2226761633356928E+00  0.1340175640416226E+00  0.3321772161987790E-01 -0.8022113358265345E-01 -0.1915027410146894E+00 -0.2954449692931857E+00 -0.3877176062760147E+00 -0.4729875200868839E+00 -0.5761255890815016E+00 -0.7195746559063647E+00 -0.8651713827477288E+00 -0.9063498034654993E+00 -0.7741573743085485E+00 -0.5289474493875226E+00 -0.2847014742879864E+00 -0.1020780153521977E+00 -0.7935699112033640E-02  0.0000000000000000E+00
  0.0000000000000000E+00  0.1759040469350317E+00  0.2938620182459603E+00  0.3534860721737919E+00  0.3237747115117933E+00  0.2558758991731544E+00  0.1651789404613103E+00  0.6467897443592446E-01 -0.4070948951577410E-01 -0.1469380442537054E+00 -0.2518130991325344E+00 -0.3672918138940222E+00 -0.5214092804135649E+00 -0.7196571188737536E+00 -0.8771004865689046E+00 -0.8698276361153137E+00 -0.6841280269474519E+00 -0.4338537769263683E+00 -0.2121849364595062E+00 -0.7643130511505598E-01  0.0000000000000000E+00
  0.0000000000000000E+00  0.1417101231072224E+00  0.2963639552004634E+00  0.4331828389609194E+00  0.4805914808325336E+00  0.4650877589214644E+00  0.4098228975690703E+00  0.3299592315092460E+00  0.2313196203545941E+00  0.1165522266907804E+00 -0.1076962639038538E-01 -0.1507442851004740E+00 -0.3159368637574757E+00 -0.5364411566472688E+00 -0.7804014714562441E+00 -0.9122764461382075E+00 -0.8285304391016413E+00 -0.6005059846421366E+00 -0.3547470803370021E+00 -0.1643698370798917E+00  0.0000000000000000E+00
  0.0000000000000000E+00  0.8765340573301837E-01  0.2476468755560459E+00  0.4424501246612981E+00  0.5714426952304891E+00  0.6251391836820116E+00  0.6197662108511869E+00  0.5712287129348148E+00  0.4876955650297212E+00  0.3719218734938143E+00  0.2276951404098585E+00  0.6189189342208414E-01 -0.1183361486881867E+00 -0.3408842720722397E+00 -0.6284646563492119E+00 -0.8875195216857860E+00 -0.9456767495751539E+00 -0.7762989972893046E+00 -0.5252102408451925E+00 -0.2673188934066944E+00  0.0000000000000000E+00
  0.0000000000000000E+00  0.2210522179383620E-01  0.1577235040422820E+00  0.3726422689175291E+00  0.5670455159360565E+00  0.6949530100228244E+00  0.7514392578464163E+00  0.7454170268657442E+00  0.6855438799492097E+00  0.5765429119875464E+00  0.4258451716251527E+00  0.2458986015598699E+00  0.5742826794727260E-01 -0.1516639920476567E+00 -0.4359503818444469E+00 -0.7797728479816843E+00 -0.1003244539866101E+01 -0.9413761083718173E+00 -0.7138202056794684E+00 -0.3820975734486929E+00  0.0000000000000000E+00
  0.0000000000000000E+00 -0.4495918827343767E-01  0.4081525140926791E-01  0.2303205227579233E+00  0.4509189179554610E+00  0.6354212887504054E+00  0.7525564490140313E+00  0.7955167406924428E+00  0.7686077358433501E+00  0.6791642813416208E+00  0.5406209712300548E+00  0.3710283267236950E+00  0.1957205007587117E+00  0.1774046327826811E-01 -0.2187715709156247E+00 -0.5759191141104153E+00 -0.9501061601876125E+00 -0.1047575056174068E+01 -0.8952883029581981E+00 -0.4981003290329682E+00  0.0000000000000000E+00
  0.0000000000000000E+00 -0.7327323779037566E-01 -0.4538663993838638E-01  0.8440919889359869E-01  0.2733379868851823E+00  0.4619885095458393E+00  0.6081242359458117E+00  0.6905976330194979E+00  0.7049232141951355E+00  0.6558731085983448E+00  0.5581557682394043E+00  0.4300761685502966E+00  0.2953790264633818E+00  0.1638985211661002E+00  0.5073268970889383E-02 -0.2795247728006474E+00 -0.7261820100978081E+00 -0.1000793798938080E+01 -0.1000173519013592E+01 -0.5766471660873339E+00  0.0000000000000000E+00
  0.0000000000000000E+00  0.4895336461655490E-02  0.7208974493364551E-01  0.1656070615504477E+00  0.2881142307674892E+00  0.4206614715682624E+00  0.5369517805882829E+00  0.6154434567359078E+00  0.6455481707311107E+00  0.6263824785821168E+00  0.5683680646875936E+00  0.4852713773883399E+00  0.3971203032305820E+00  0.3112234016956704E+00  0.2269481744613779E+00  0.7242191607371964E-01 -0.3014605936444085E+00 -0.6616207009907386E+00 -0.8704799836889601E+00 -0.5156040407599625E+00  0.0000000000000000E+00
  0.0000000000000000E+00  0.4188027047045702E+00  0.5400626542161165E+00  0.6031829315450978E+00  0.6404146644102718E+00  0.6743449013684004E+00  0.7052437051992044E+00  0.7238254974189487E+00  0.7227750957595428E+00  0.6997749211926825E+00  0.6608279718239366E+00  0.6115274142275380E+00  0.5642900739774175E+00  0.5169745652410194E+00  0.4869166459999032E+00  0.4380673248790442E+00  0.2934510251955565E+00  0.1197152781223122E+00 -0.1537085471242594E+00 -0.4491916079676892E-01  0.0000000000000000E+00
  0.3000000000000000E+01  0.1748487222347945E+01  0.1451901782285296E+01  0.1356058266915154E+01  0.1366870237536674E+01  0.1397626767463061E+01  0.1421220664990669E+01  0.1443966964479062E+01  0.1477222883452483E+01  0.1527057715004070E+01  0.1585884149215784E+01  0.1650689134705726E+01  0.1704250081298329E+01  0.1760299705972612E+01  0.1766198236461668E+01  0.1758219941436587E+01  0.1818186330768922E+01  0.1979233464642325E+01  0.2590645657683818E+01  0.2619153441630345E+01  0.3000000000000000E+01
