  0.0000000000000000E+00  0.0000000000000000E+00  0.0000000000000000E+00  0.0000000000000000E+00  0.0000000000000000E+00  0.0000000000000000E+00  0.0000000000000000E+00  0.0000000000000000E+00  0.0000000000000000E+00  0.0000000000000000E+00  0.0000000000000000E+00  0.0000000000000000E+00  0.0000000000000000E+00  0.0000000000000000E+00  0.0000000000000000E+00  0.0000000000000000E+00  0.0000000000000000E+00  0.0000000000000000E+00  0.0000000000000000E+00  0.0000000000000000E+00  0.0000000000000000E+00
  0.3610307268103224E-01 -0.1945835012946930E-01 -0.2227197770737566E-01 -0.2139068903866128E-01 -0.3762389869679298E-01 -0.6462806226595146E-01 -0.8731132807648399E-01 -0.9516322717530230E-01 -0.9358698454525073E-01 -0.8596895154259880E-01 -0.6878492362021595E-01 -0.2829098171162890E-01  0.3689493119642380E-01  0.9956066591098185E-01  0.1300047900413517E+00  0.1219944390356744E+00  0.8562246859147954E-01  0.3433376582056340E-01 -0.1271166215551253E-01 -0.2702002536274572E-01  0.6834841393272462E-01
  0.7202417684762173E-02  0.7492837969315306E-02  0.2968093159270809E-01  0.3709005338616150E-01  0.4412906456093586E-02 -0.5991253195438121E-01 -0.1412382310307148E+00 -0.2184612055034085E+00 -0.2773427467092847E+00 -0.2981200669155954E+00 -0.2681601393680936E+00 -0.1812678220570672E+00 -0.5760471965627528E-01  0.6643944928766926E-01  0.1566904711513439E+00  0.1954005623828024E+00  0.1822909930158133E+00  0.1292930616195648E+00  0.5936696030246848E-01  0.5331073779538132E-02  0.4337373896385409E-01
 -0.1296018814524565E+00  0.8849931340506265E-01  0.1358960587627314E+00  0.1348755027178496E+00  0.6925306087266349E-01 -0.3940708976678258E-01 -0.1722024456351866E+00 -0.3022505502779415E+00 -0.4138849040656454E+00 -0.4805209625396652E+00 -0.4845197404170540E+00 -0.4083128375649732E+00 -0.2636042111071005E+00 -0.8661633923930995E-01  0.7837877002483024E-01  0.1983765765159313E+00  0.2545628550380404E+00  0.2415226416498886E+00  0.1751798239877597E+00  0.9194169002538417E-01 -0.1006452460883928E+00
 -0.3619604169557095E+00  0.2172943356717252E+00  0.2899225900594659E+00  0.2670692651121892E+00  0.1637239393458263E+00  0.9997428562287393E-02 -0.1738241646791013E+00 -0.3568862209965707E+00 -0.5222342999480718E+00 -0.6371315731946637E+00 -0.6796095081793109E+00 -0.6245518456107765E+00 -0.4772130494115974E+00 -0.2721545098952792E+00 -0.5914824789192191E-01  0.1245850282526268E+00  0.2525639717709395E+00  0.3021113327758219E+00  0.2720337415677996E+00  0.1817235437361538E+00 -0.2731368896406618E+00
 -0.6234746917918794E+00  0.3637816106847629E+00  0.4678701402624095E+00  0.4161341103209420E+00  0.2763792594435132E+00  0.8365971148047699E-01 -0.1414180641708019E+00 -0.3671099485844867E+00 -0.5802932076769738E+00 -0.7482108171910421E+00 -0.8451915532146731E+00 -0.8327337123959534E+00 -0.6975020604446602E+00 -0.4702678486823492E+00 -0.2179174897890908E+00  0.1012918307131430E-01  0.1913780104827201E+00  0.3003097583510904E+00  0.3171898264289094E+00  0.2254532376702933E+00 -0.3591698865819705E+00
 -0.8363922290167196E+00  0.4935798788132447E+00  0.6443474074230144E+00  0.5670971795687021E+00  0.3972260634387316E+00  0.1735502222800494E+00 -0.8194694064648242E-01 -0.3378263006922405E+00 -0.5840998239322512E+00 -0.7944163934872046E+00 -0.9483853390114309E+00 -0.1002828922231086E+01 -0.9148235358237393E+00 -0.6853816338793743E+00 -0.3917034164119552E+00 -0.1202732749757422E+00  0.9911256479735263E-01  0.2513712169266131E+00  0.3051093787999393E+00  0.2135831158149585E+00 -0.3356399686449362E+00
 -0.9404981176637149E+00  0.5796908262943729E+00  0.7985743612194037E+00  0.7088921532741209E+00  0.5161955335511963E+00  0.2685678467531384E+00 -0.1036107582021895E-01 -0.2883222054663529E+00 -0.5545188400942140E+00 -0.7881343571574726E+00 -0.9816381001615087E+00 -0.1106960441534897E+01 -0.1104316263834309E+01 -0.9208968796051560E+00 -0.6017718457372638E+00 -0.2737145234193750E+00 -0.1139309400326196E-01  0.1714609856318852E+00  0.2493319701084373E+00  0.1722053075769042E+00 -0.2672839526222752E+00
 -0.9073968065738206E+00  0.6088876543123114E+00  0.9192661563631136E+00  0.8376455867967293E+00  0.6314111284676205E+00  0.3670423514351245E+00  0.6940363315077053E-01 -0.2286917642699240E+00 -0.5100207859454856E+00 -0.7519369479293923E+00 -0.9558235262125541E+00 -0.1125459629750025E+01 -0.1219151739781324E+01 -0.1140169898986694E+01 -0.8543241261892920E+00 -0.4795264933327821E+00 -0.1557191185945492E+00  0.6826488464939644E-01  0.1737515621356380E+00  0.1282938716489104E+00 -0.2111300528110931E+00
 -0.7561717938631489E+00  0.5844132759833510E+00  0.9970680340869043E+00  0.9496425808094069E+00  0.7413188893298565E+00  0.4677013987007784E+00  0.1555349539056454E+00 -0.1630593746256618E+00 -0.4631637273555778E+00 -0.7126657613124401E+00 -0.9073487427227739E+00 -0.1078663968931986E+01 -0.1236415683064211E+01 -0.1284796043975607E+01 -0.1103820671645660E+01 -0.7370008382263020E+00 -0.3555681389968879E+00 -0.6800562100651299E-01  0.8868464344934290E-01  0.9188539062480643E-01 -0.1869715284250764E+00
 -0.5539570537229406E+00  0.5248384145242724E+00  0.1020558189849877E+01  0.1035053064840428E+01  0.8409878964179461E+00  0.5670332733072313E+00  0.2484680866087237E+00 -0.8515944592314696E-01 -0.4046576080184552E+00 -0.6687278901744212E+00 -0.8550978568033231E+00 -0.9998807926130746E+00 -0.1171140573467526E+01 -0.1325052571538338E+01 -0.1290705178613922E+01 -0.1002131567706188E+01 -0.6019569597129503E+00 -0.2493325769003644E+00 -0.1821974491408798E-01  0.5213572869909613E-01 -0.1746269310113764E+00
 -0.3550921117942798E+00  0.4438344561974776E+00  0.9764112567981531E+00  0.1073068223166986E+01  0.9158224741303920E+00  0.6539995874101060E+00  0.3393367037884389E+00  0.1410893700647812E-02 -0.3294724734171292E+00 -0.6083911534145277E+00 -0.7954169766012875E+00 -0.9081947717039012E+00 -0.1050433450688751E+01 -0.1262090020580704E+01 -0.1378158953598745E+01 -0.1225901230298758E+01 -0.8640441641573906E+00 -0.4718209835097213E+00 -0.1609229730328104E+00 -0.7384072493582841E-02 -0.1387707555520619E+00
 -0.1827913859309508E+00  0.3480249348896050E+00  0.8612834187378643E+00  0.1044442999747876E+01  0.9491635825885114E+00  0.7158477786490407E+00  0.4161601832845756E+00  0.8664112089056521E-01 -0.2412008624864721E+00 -0.5243568043519267E+00 -0.7147490150745570E+00 -0.8047890118957378E+00 -0.8979442537525334E+00 -0.1113660739800098E+01 -0.1350750679667289E+01 -0.1368904171151079E+01 -0.1106910325797370E+01 -0.7198086202881624E+00 -0.3448763688277885E+00 -0.9275614860347704E-01 -0.6660792301735735E-01
 -0.4471524073201849E-01  0.2428720021240199E+00  0.6839007656400412E+00  0.9324434498469290E+00  0.9170488000515142E+00  0.7348040684595923E+00  0.4666818369358777E+00  0.1601760554220865E+00 -0.1489982313971533E+00 -0.4199751456642261E+00 -0.6052570919707860E+00 -0.6815850711796299E+00 -0.7278204795493334E+00 -0.9062789700043599E+00 -0.1211544850109633E+01 -0.1402661596251534E+01 -0.1295123884333820E+01 -0.9676864333765398E+00 -0.5633752932487287E+00 -0.2020834746683952E+00  0.4287513075645688E-01
  0.5959687388208912E-01  0.1385126730809697E+00  0.4751348931249982E+00  0.7469604759571065E+00  0.8100105117315004E+00  0.6973810754113891E+00  0.4800142164065175E+00  0.2129470203433767E+00 -0.6187752192927606E-01 -0.3038579489114009E+00 -0.4701484911952085E+00 -0.5350552068913338E+00 -0.5483708921547706E+00 -0.6690240834526788E+00 -0.9798221907385696E+00 -0.1308915671082081E+01 -0.1392188639907768E+01 -0.1182627288020439E+01 -0.7978745772155911E+00 -0.3306262613934503E+00  0.1940042069647598E+00
  0.1262570786768172E+00  0.4763608418254578E-01  0.2691653312244546E+00  0.5091892765594727E+00  0.6228519306671796E+00  0.5861958403781681E+00  0.4393763585048850E+00  0.2323499000699437E+00  0.9917747267817445E-02 -0.1873612734704981E+00 -0.3220741412626781E+00 -0.3739278541831393E+00 -0.3708238514105563E+00 -0.4333602337388759E+00 -0.6914309408393752E+00 -0.1086451026027186E+01 -0.1360003913749344E+01 -0.1322783277419802E+01 -0.1017822337579168E+01 -0.4723530133568609E+00  0.3992367024914145E+00
  0.1252401426350980E+00 -0.4249586737846295E-02  0.1124913824215591E+00  0.2776351945785337E+00  0.3929375409857219E+00  0.4112028106860722E+00  0.3387566613295393E+00  0.2065584768747832E+00  0.5208830991070146E-01 -0.8837328501643796E-01 -0.1840202564059464E+00 -0.2210833975614405E+00 -0.2142141696369496E+00 -0.2324203098331105E+00 -0.3978813566886950E+00 -0.7608898017140640E+00 -0.1170326273609156E+01 -0.1337795581866986E+01 -0.1181175859003010E+01 -0.6207351061311293E+00  0.6810294593903781E+00
  0.3678460099264033E-01 -0.7821310833768207E-02  0.1332066849133571E-01  0.8780295493829390E-01  0.1675507945361226E+00  0.2061894248132228E+00  0.1894941845082880E+00  0.1281435862409868E+00  0.4523771711979111E-01 -0.3351523771563913E-01 -0.8718285579112986E-01 -0.1072370559701034E+00 -0.1006207044339575E+00 -0.9401173962706437E-01 -0.1599555870134630E+00 -0.3960525100908776E+00 -0.8263708142085642E+00 -0.1176207991482185E+01 -0.1224869857548385E+01 -0.7678107237091605E+00  0.1078562313579097E+01
 -0.1651300046545481E+00  0.4531760335542686E-01 -0.2917719458826748E-01 -0.2974140330591445E-01  0.8940180457808341E-02  0.4348914613528181E-01  0.5452149717316281E-01  0.4102970818962213E-01  0.1264180501408881E-01 -0.1726877127639896E-01 -0.3763302761283727E-01 -0.4297341442427009E-01 -0.3644943508598310E-01 -0.2317227490458157E-01 -0.2512689837349167E-01 -0.9530155097002539E-01 -0.4073576095688566E+00 -0.8216656662024963E+00 -0.1050087560453284E+01 -0.8465715902162170E+00  0.1489627210195366E+01
  0.4128272692573343E+00 -0.2179503836606045E+00 -0.2410238817244793E+00 -0.1738594687743880E+00 -0.1073522390813645E+00 -0.5900297945956351E-01 -0.2957709854816724E-01 -0.1603690761904278E-01 -0.1318714231697976E-01 -0.1458404890411970E-01 -0.1484823735231110E-01 -0.1055250508043462E-01 -0.3221607375735683E-02  0.7026054826222744E-02  0.1075617413775384E-01  0.9246323785750365E-02 -0.1340859321192504E+00 -0.3915112687986890E+00 -0.5671608797599669E+00 -0.5441792109043700E+00  0.1065376752953143E+01
  0.0000000000000000E+00  0.0000000000000000E+00  0.0000000000000000E+00  0.0000000000000000E+00  0.0000000000000000E+00  0.0000000000000000E+00  0.0000000000000000E+00  0.0000000000000000E+00  0.0000000000000000E+00  0.0000000000000000E+00  0.0000000000000000E+00  0.0000000000000000E+00  0.0000000000000000E+00  0.0000000000000000E+00  0.0000000000000000E+00  0.0000000000000000E+00  0.0000000000000000E+00  0.0000000000000000E+00  0.0000000000000000E+00  0.0000000000000000E+00  0.0000000000000000E+00
