  0.0000000000000000E+00  0.0000000000000000E+00  0.0000000000000000E+00  0.0000000000000000E+00  0.0000000000000000E+00  0.0000000000000000E+00  0.0000000000000000E+00  0.0000000000000000E+00  0.0000000000000000E+00  0.0000000000000000E+00  0.0000000000000000E+00  0.0000000000000000E+00  0.0000000000000000E+00  0.0000000000000000E+00  0.0000000000000000E+00  0.0000000000000000E+00  0.0000000000000000E+00  0.0000000000000000E+00  0.0000000000000000E+00  0.0000000000000000E+00  0.0000000000000000E+00
  0.3700806381152849E-01 -0.1514332009806251E-01 -0.8421896482659050E-02  0.2255677643011988E-02 -0.8965269603324930E-02 -0.3844910201572521E-01 -0.6856699586491710E-01 -0.8167067958855921E-01 -0.8121066553911813E-01 -0.7422748892995912E-01 -0.6187771940208755E-01 -0.3121036882806894E-01  0.2682119097769493E-01  0.9361635058912086E-01  0.1336760967766556E+00  0.1327057950862698E+00  0.9860580161999513E-01  0.4558117420472683E-01 -0.6221256411531514E-02 -0.2516382062746056E-01  0.6927020547085018E-01
  0.6196619109459789E-03  0.1758911214733701E-01  0.5338699835295702E-01  0.7159413858981147E-01  0.4272374895091469E-01 -0.2540010453404201E-01 -0.1164524570424065E+00 -0.2061684586527425E+00 -0.2792910109008670E+00 -0.3162136427032853E+00 -0.3026956270602658E+00 -0.2264251080580503E+00 -0.1014131050188600E+00  0.3610313201506542E-01  0.1450268643683750E+00  0.2001102751148666E+00  0.1967248306594300E+00  0.1456671416744462E+00  0.7136855514606320E-01  0.1079787173493031E-01  0.3897493994127227E-01
 -0.1550218950697068E+00  0.1094551523136566E+00  0.1733435618712629E+00  0.1815043456779048E+00  0.1172619948101473E+00  0.3850839411137626E-02 -0.1375054054102077E+00 -0.2783024588796729E+00 -0.4034216148342361E+00 -0.4869447376197221E+00 -0.5098605433104250E+00 -0.4491195151264237E+00 -0.3093043098057360E+00 -0.1244874734599826E+00  0.5612183274110029E-01  0.1937059675582528E+00  0.2646376814716203E+00  0.2594830434594637E+00  0.1926988526946941E+00  0.1029705659545252E+00 -0.1162128451688816E+00
 -0.4002281825154185E+00  0.2449156567476735E+00  0.3345187877276019E+00  0.3160129450270239E+00  0.2102950111844111E+00  0.5035768055961319E-01 -0.1420860900483209E+00 -0.3362594654422305E+00 -0.5164176532329459E+00 -0.6503531479268629E+00 -0.7138779900957232E+00 -0.6754557361440489E+00 -0.5327370296166594E+00 -0.3193624752187142E+00 -0.9121688547003932E-01  0.1097894147531924E+00  0.2547598937949019E+00  0.3168031377450963E+00  0.2908763862579805E+00  0.1946680583753783E+00 -0.2931277888681544E+00
 -0.6598192880174556E+00  0.3910805371645515E+00  0.5134223234761988E+00  0.4638451277853448E+00  0.3220003674300088E+00  0.1255728293557860E+00 -0.1043264107746456E+00 -0.3366988565810420E+00 -0.5600257412576972E+00 -0.7439793231392279E+00 -0.8630118333833852E+00 -0.8733673859517351E+00 -0.7502296203088178E+00 -0.5186259984370976E+00 -0.2524765434720362E+00 -0.9239805057720160E-02  0.1876124731894677E+00  0.3103320893914567E+00  0.3337578996964022E+00  0.2354666879698557E+00 -0.3726421642131648E+00
 -0.8565619501516732E+00  0.5136961970631356E+00  0.6845266410377338E+00  0.6087367365817129E+00  0.4361046231075663E+00  0.2084734950871285E+00 -0.5174828710893547E-01 -0.3130242989808832E+00 -0.5656625584036065E+00 -0.7856473981198266E+00 -0.9554923549700062E+00 -0.1031906921638302E+01 -0.9618864034811851E+00 -0.7340492507418119E+00 -0.4273481621427171E+00 -0.1404687725408704E+00  0.9278799449381882E-01  0.2574297173050525E+00  0.3171338442661304E+00  0.2187898644414023E+00 -0.3392357490580765E+00
 -0.9364668681394421E+00  0.5888757202516713E+00  0.8301602926155718E+00  0.7440575241133207E+00  0.5498748495358424E+00  0.2998133053659271E+00  0.1735514376725922E-01 -0.2648771415908053E+00 -0.5348669246011134E+00 -0.7726739866568182E+00 -0.9742466581691519E+00 -0.1116490605644622E+01 -0.1135515302481302E+01 -0.9637061481125434E+00 -0.6379449732433912E+00 -0.2946244653174265E+00 -0.1878582201935618E-01  0.1741509337936790E+00  0.2562713885168613E+00  0.1739855301453805E+00 -0.2656852019192803E+00
 -0.8789298608446323E+00  0.6065893181109127E+00  0.9408380934881055E+00  0.8665582968555460E+00  0.6603103301134335E+00  0.3939012931766770E+00  0.9201437791849654E-01 -0.2116171102362174E+00 -0.4971153061057453E+00 -0.7404908309846607E+00 -0.9448301141073012E+00 -0.1121283448781304E+01 -0.1231892671304817E+01 -0.1169789528296721E+01 -0.8870752167243521E+00 -0.5020042988370917E+00 -0.1651358578143756E+00  0.6813659288081975E-01  0.1771105385286734E+00  0.1287503585140440E+00 -0.2091405370134586E+00
 -0.7146078989825146E+00  0.5739563700142024E+00  0.1007261211060093E+01  0.9717965274730612E+00  0.7658798232134301E+00  0.4914533949622544E+00  0.1759986123934244E+00 -0.1477481245280577E+00 -0.4523380094331900E+00 -0.7033519933261096E+00 -0.8957399752687041E+00 -0.1066770906248614E+01 -0.1234301280230525E+01 -0.1298611148584248E+01 -0.1127091754863785E+01 -0.7579311476489767E+00 -0.3671634013689836E+00 -0.7090385644684945E-01  0.8987835895946100E-01  0.9245191278178762E-01 -0.1874773793859019E+00
 -0.5121316508063725E+00  0.5099324807809401E+00  0.1017665791536448E+01  0.1048086601420382E+01  0.8600831307599938E+00  0.5869209724818506E+00  0.2661378403760256E+00 -0.7175550135767383E-01 -0.3950911165159930E+00 -0.6602973191501355E+00 -0.8433322525909519E+00 -0.9839103811621638E+00 -0.1159297364542115E+01 -0.1325904301187086E+01 -0.1302712692347496E+01 -0.1017446910378280E+01 -0.6132477929957784E+00 -0.2540655692784702E+00 -0.1857105016652207E-01  0.5280021935736517E-01 -0.1769717082386176E+00
 -0.3188791723935961E+00  0.4261727904244911E+00  0.9596391988798773E+00  0.1073665379142663E+01  0.9268395941115406E+00  0.6682539255124661E+00  0.3530694416961025E+00  0.1288799042463674E-01 -0.3196928976566774E+00 -0.5981173818377883E+00 -0.7809396438558961E+00 -0.8880032604841328E+00 -0.1031649576284112E+01 -0.1253538400764024E+01 -0.1380339869999316E+01 -0.1234029886779956E+01 -0.8724410877628784E+00 -0.4765923152359959E+00 -0.1620792677266729E+00 -0.7033803794338110E-02 -0.1409778563436585E+00
 -0.1538521105186487E+00  0.3286635579010941E+00  0.8321385631846338E+00  0.1030246120717278E+01  0.9493464482330142E+00  0.7229789392902476E+00  0.4252396850533806E+00  0.9569351012978346E-01 -0.2315206697161330E+00 -0.5118256276316464E+00 -0.6961639742253790E+00 -0.7792564119508857E+00 -0.8731868677577416E+00 -0.1098841840319686E+01 -0.1346052411824742E+01 -0.1370675628718932E+01 -0.1111368727975442E+01 -0.7232293844438211E+00 -0.3460430963180042E+00 -0.9265093667925253E-01 -0.6809028628024660E-01
 -0.2289299108373344E-01  0.2233255254571153E+00  0.6470835852876125E+00  0.9039302710977993E+00  0.9039993633939247E+00  0.7325596267458840E+00  0.4699519454021755E+00  0.1663972952144165E+00 -0.1395083650012242E+00 -0.4051697272315097E+00 -0.5824634117365839E+00 -0.6506272246548981E+00 -0.6974708706787524E+00 -0.8871247296492256E+00 -0.1202976395819835E+01 -0.1400218142991430E+01 -0.1296267421143755E+01 -0.9694020760905084E+00 -0.5641062994510634E+00 -0.2020280216199689E+00  0.4197776540884346E-01
  0.7497086334410136E-01  0.1209637966314652E+00  0.4378622532384970E+00  0.7089265469280122E+00  0.7843678327776730E+00  0.6847367431555588E+00  0.4765444286882584E+00  0.2158507746652457E+00 -0.5288142204807374E-01 -0.2873502455205518E+00 -0.4443754194855369E+00 -0.5007173960827983E+00 -0.5144110826341323E+00 -0.6473112905875110E+00 -0.9698254137382877E+00 -0.1304561697662919E+01 -0.1391260683666699E+01 -0.1183056246166402E+01 -0.7981789938066400E+00 -0.3305571219051406E+00  0.1934923719087817E+00
  0.1344210568961353E+00  0.3491226290462233E-01  0.2391578456100023E+00  0.4704208549943991E+00  0.5888517202979067E+00  0.5633289953843758E+00  0.4278297638387880E+00  0.2305470424004046E+00  0.1709367669557198E-01 -0.1708920685475988E+00 -0.2960299998660691E+00 -0.3402718011350700E+00 -0.3374353151071703E+00 -0.4116437565905998E+00 -0.6818639438907153E+00 -0.1082095408475234E+01 -0.1358309056861216E+01 -0.1322494079342359E+01 -0.1017884293035972E+01 -0.4722946924282989E+00  0.3989997842489250E+00
  0.1224165030854619E+00 -0.9094447862910285E-02  0.9513315949673104E-01  0.2488122947424744E+00  0.3613165914054874E+00  0.3845887773944396E+00  0.3209990320430376E+00  0.1988200831083579E+00  0.5459433315538637E-01 -0.7570789606160669E-01 -0.1623404731854964E+00 -0.1936292990829372E+00 -0.1869822807186041E+00 -0.2141167078586364E+00 -0.3901265329553875E+00 -0.7575225879250755E+00 -0.1168696901278728E+01 -0.1337243573979665E+01 -0.1181153057389972E+01 -0.6207181512166964E+00  0.6810013962601169E+00
  0.2760230912782982E-01 -0.6831241261280776E-02  0.7108585343987494E-02  0.7239607497019962E-01  0.1469243571620358E+00  0.1860765481895319E+00  0.1742419605343293E+00  0.1201959891054613E+00  0.4554994508574658E-01 -0.2524373538024009E-01 -0.7269881435316232E-01 -0.8960100691159537E-01 -0.8334864620591888E-01 -0.8190860357462235E-01 -0.1548933278862660E+00 -0.3938867250530639E+00 -0.8249760878824313E+00 -0.1175532266941405E+01 -0.1224800349437639E+01 -0.7678552686376148E+00  0.1078765456475205E+01
 -0.1672930418169466E+00  0.4575640468166954E-01 -0.3002382777193794E-01 -0.3553352117581736E-01 -0.8201621462864297E-03  0.3263577382596130E-01  0.4541784747355156E-01  0.3562522539166374E-01  0.1177920604349028E-01 -0.1381515168276059E-01 -0.3100437595931379E-01 -0.3493732583523392E-01 -0.2866532705597126E-01 -0.1745671614771796E-01 -0.2277201226031331E-01 -0.9412031885083147E-01 -0.4060738766483387E+00 -0.8208797873708364E+00 -0.1049937420208463E+01 -0.8466820229773541E+00  0.1490108648723599E+01
  0.4136409147034602E+00 -0.2191688255349201E+00 -0.2438655619013000E+00 -0.1774968133003266E+00 -0.1113229421257749E+00 -0.6294978130857896E-01 -0.3292599241088125E-01 -0.1814319089264086E-01 -0.1361960282948168E-01 -0.1330963943655095E-01 -0.1227961414119136E-01 -0.7426801659226657E-02 -0.2573994299489943E-03  0.9298391667949988E-02  0.1169270708907862E-01  0.9824742261453970E-02 -0.1332452719790135E+00 -0.3909627614116731E+00 -0.5670220037594701E+00 -0.5442566562228703E+00  0.1065747964909141E+01
  0.0000000000000000E+00  0.0000000000000000E+00  0.0000000000000000E+00  0.0000000000000000E+00  0.0000000000000000E+00  0.0000000000000000E+00  0.0000000000000000E+00  0.0000000000000000E+00  0.0000000000000000E+00  0.0000000000000000E+00  0.0000000000000000E+00  0.0000000000000000E+00  0.0000000000000000E+00  0.0000000000000000E+00  0.0000000000000000E+00  0.0000000000000000E+00  0.0000000000000000E+00  0.0000000000000000E+00  0.0000000000000000E+00  0.0000000000000000E+00  0.0000000000000000E+00
