  0.0000000000000000E+00  0.0000000000000000E+00  0.0000000000000000E+00  0.0000000000000000E+00  0.0000000000000000E+00  0.0000000000000000E+00  0.0000000000000000E+00  0.0000000000000000E+00  0.0000000000000000E+00  0.0000000000000000E+00  0.0000000000000000E+00  0.0000000000000000E+00  0.0000000000000000E+00  0.0000000000000000E+00  0.0000000000000000E+00  0.0000000000000000E+00  0.0000000000000000E+00  0.0000000000000000E+00  0.0000000000000000E+00  0.0000000000000000E+00  0.0000000000000000E+00
  0.3711817251989351E-01 -0.1519653511246389E-01 -0.8471432817498150E-02  0.2237071163670516E-02 -0.8970498236698770E-02 -0.3844984413737144E-01 -0.6856470358622550E-01 -0.8166520632392597E-01 -0.8120520511890458E-01 -0.7422419946748525E-01 -0.6188040792239017E-01 -0.3122649804564797E-01  0.2678264692152837E-01  0.9355827657737649E-01  0.1336142743143492E+00  0.1326542973683978E+00  0.9857351368091366E-01  0.4557595078922741E-01 -0.6194998578312059E-02 -0.2513277235224797E-01  0.6920331847843186E-01
  0.7467314519614895E-03  0.1753457136917705E-01  0.5335044555949262E-01  0.7158039284785545E-01  0.4271215742590406E-01 -0.2541080392395289E-01 -0.1164578541613718E+00 -0.2061639914165142E+00 -0.2792773592234059E+00 -0.3161962643481335E+00 -0.3026850751959353E+00 -0.2264347896368868E+00 -0.1014506467994637E+00  0.3603947781921076E-01  0.1449471486476770E+00  0.2000276584046029E+00  0.1966541335628982E+00  0.1456248655224247E+00  0.7137149426072585E-01  0.1083065115187484E-01  0.3887954080510134E-01
 -0.1549754407758336E+00  0.1094305847513560E+00  0.1733163134782344E+00  0.1814764446022860E+00  0.1172220793316657E+00  0.3816504519678842E-02 -0.1375242609045378E+00 -0.2782987523664200E+00 -0.4033988227388309E+00 -0.4869100460997011E+00 -0.5098247843973983E+00 -0.4490964222809071E+00 -0.3093047395229355E+00 -0.1245172733436126E+00  0.5606360855774666E-01  0.1936242892893679E+00  0.2645442004166994E+00  0.2593994651448135E+00  0.1926572905831191E+00  0.1029706465415887E+00 -0.1162546490416469E+00
 -0.4002536234406992E+00  0.2449142458195475E+00  0.3344891140179434E+00  0.3159540880069594E+00  0.2102199722725435E+00  0.5029581201746589E-01 -0.1421189067287248E+00 -0.3362556176995742E+00 -0.5163815948351027E+00 -0.6502972981393912E+00 -0.7138158976327613E+00 -0.6754032058607347E+00 -0.5327039051776591E+00 -0.3193555505300186E+00 -0.9123894898565993E-01  0.1097343476829783E+00  0.2546716575651427E+00  0.3166995712819412E+00  0.2907940980011853E+00  0.1946212581799710E+00 -0.2930696765387277E+00
 -0.6598595240519811E+00  0.3910767889968349E+00  0.5133708429385235E+00  0.4637472125913495E+00  0.3218861331581374E+00  0.1254815441502269E+00 -0.1043748015159433E+00 -0.3366944218518175E+00 -0.5599742554344070E+00 -0.7438979732243800E+00 -0.8629185137696189E+00 -0.8732816667314801E+00 -0.7501645881881427E+00 -0.5185892978625002E+00 -0.2524667298855093E+00 -0.9260260231476606E-02  0.1875500807254949E+00  0.3102339264275983E+00  0.3336554311329008E+00  0.2353926707558646E+00 -0.3725225811346930E+00
 -0.8565421761622052E+00  0.5136598226649888E+00  0.6844372918327613E+00  0.6085938838909363E+00  0.4359491822724635E+00  0.2083489957573735E+00 -0.5181421499122756E-01 -0.3130204987843694E+00 -0.5655935760153874E+00 -0.7855370823577157E+00 -0.9553640197485536E+00 -0.1031783467693992E+01 -0.9617844645547771E+00 -0.7339835252958783E+00 -0.4273170726739113E+00 -0.1404621746318216E+00  0.9275713575407685E-01  0.2573538138988912E+00  0.3170372654645154E+00  0.2187243675900971E+00 -0.3391358373057760E+00
 -0.9363525115650800E+00  0.5887915280281821E+00  0.8300220725194664E+00  0.7438691981117209E+00  0.5496746340723115E+00  0.2996507990855116E+00  0.1726488870381196E-01 -0.2648785559405648E+00 -0.5347824603979860E+00 -0.7725327334247403E+00 -0.9740818956616165E+00 -0.1116328519205193E+01 -0.1135370332305575E+01 -0.9635993864372382E+00 -0.6378896084301013E+00 -0.2946009653526925E+00 -0.1879008730250979E-01  0.1741071080354578E+00  0.2562048590987252E+00  0.1739455512910039E+00 -0.2656317947742865E+00
 -0.8787224660701493E+00  0.6064570934238828E+00  0.9406488142014992E+00  0.8663260183865090E+00  0.6600664521822012E+00  0.3936979147882231E+00  0.9189625589483162E-01 -0.2116274790657201E+00 -0.4970158896386750E+00 -0.7403147938300317E+00 -0.9446248680515614E+00 -0.1121086289747135E+01 -0.1231710699750540E+01 -0.1169634092355518E+01 -0.8869764890236662E+00 -0.5019543624469089E+00 -0.1651138723680353E+00  0.6812804269346709E-01  0.1770817356735687E+00  0.1287349869152858E+00 -0.2091232250722887E+00
 -0.7143794054588033E+00  0.5738000016393873E+00  0.1007020599459359E+01  0.9715231808674352E+00  0.7655947971372267E+00  0.4912085709063359E+00  0.1758467326618200E+00 -0.1477754072297955E+00 -0.4522315346003168E+00 -0.7031411717295992E+00 -0.8954859592724441E+00 -0.1066534926683426E+01 -0.1234093360036272E+01 -0.1298419797432274E+01 -0.1126945003447417E+01 -0.7578412380185786E+00 -0.3671055992827685E+00 -0.7087603234183211E-01  0.8988248183460455E-01  0.9245185194382444E-01 -0.1874730739968687E+00
 -0.5119417448486201E+00  0.5097737086092065E+00  0.1017379380978999E+01  0.1047771265422332E+01  0.8597618767903622E+00  0.5866374916582994E+00  0.2659495867445135E+00 -0.7180974368660285E-01 -0.3949931782984657E+00 -0.6600660472499893E+00 -0.8430309356131911E+00 -0.9836279083194378E+00 -0.1159066043506739E+01 -0.1325692436798581E+01 -0.1302530361227177E+01 -0.1017319162315748E+01 -0.6131530593922769E+00 -0.2539985289514674E+00 -0.1853684719981085E-01  0.5281244532612304E-01 -0.1769741831781800E+00
 -0.3187494624212772E+00  0.4260240098640141E+00  0.9593225671707653E+00  0.1073312077688986E+01  0.9264882612763234E+00  0.6679407256908414E+00  0.3528482458597639E+00  0.1280258704657392E-01 -0.3196183614710742E+00 -0.5978887177023785E+00 -0.7806103477655654E+00 -0.8876786865218118E+00 -0.1031396594404611E+01 -0.1253318977222801E+01 -0.1380137650194922E+01 -0.1233876498176327E+01 -0.8723203906366702E+00 -0.4764917789466699E+00 -0.1620153709915265E+00 -0.7007576295103985E-02 -0.1409926421062145E+00
 -0.1537799883462835E+00  0.3285335609903909E+00  0.8318206946248893E+00  0.1029866531797746E+01  0.9489721701407977E+00  0.7226467092638024E+00  0.4249964634664672E+00  0.9558158569573327E-01 -0.2314742840409826E+00 -0.5116175787276939E+00 -0.6958339515664248E+00 -0.7789095707137573E+00 -0.8729211121266347E+00 -0.1098626680614929E+01 -0.1345845812514009E+01 -0.1370508329371952E+01 -0.1111238250520278E+01 -0.7231084608803522E+00 -0.3459550133395288E+00 -0.9261116683685386E-01 -0.6812151282896722E-01
 -0.2287312439588518E-01  0.2232253365414929E+00  0.6468028852285934E+00  0.9035533538072781E+00  0.9036147013028175E+00  0.7322176666742306E+00  0.4696960739795158E+00  0.1662666646113505E+00 -0.1394879066392511E+00 -0.4049911515840585E+00 -0.5821573282896333E+00 -0.6502892056200839E+00 -0.6972122029323891E+00 -0.8869293881551906E+00 -0.1202780213848744E+01 -0.1400045480677856E+01 -0.1296137016744719E+01 -0.9692776057497116E+00 -0.5640043424504310E+00 -0.2019802082251120E+00  0.4193628222490509E-01
  0.7494267887952538E-01  0.1209039051096297E+00  0.4376543942084143E+00  0.7085923658453874E+00  0.7839968581234841E+00  0.6843977847963444E+00  0.4762861269605127E+00  0.2157099139024439E+00 -0.5288193289974365E-01 -0.2872046955381988E+00 -0.4441123983482224E+00 -0.5004211105347570E+00 -0.5141877605693885E+00 -0.6471548726243301E+00 -0.9696572987039759E+00 -0.1304391032822907E+01 -0.1391133675836219E+01 -0.1182938098570222E+01 -0.7980757222275372E+00 -0.3305054348068687E+00  0.1934405821930688E+00
  0.1343395930724317E+00  0.3490101358002622E-01  0.2390426338125104E+00  0.4701744040612914E+00  0.5885328186819916E+00  0.5630131625657634E+00  0.4275767831014015E+00  0.2303986208311962E+00  0.1707136700639809E-01 -0.1707865323212107E+00 -0.2958279894730086E+00 -0.3400471181407850E+00 -0.3372746062935876E+00 -0.4115454445601803E+00 -0.6817417420621854E+00 -0.1081937248083093E+01 -0.1358182694664321E+01 -0.1322386716801768E+01 -0.1017786599142966E+01 -0.4722440983008120E+00  0.3989456957594704E+00
  0.1222909652745966E+00 -0.9062846480850805E-02  0.9510242583204422E-01  0.2486784533314684E+00  0.3611001837389007E+00  0.3843447911009779E+00  0.3207847335730248E+00  0.1986801619350912E+00  0.5455259532193950E-01 -0.7565065724702115E-01 -0.1622154817500123E+00 -0.1934948328645903E+00 -0.1868988116573633E+00 -0.2140841203622700E+00 -0.3900655881012018E+00 -0.7573921667604625E+00 -0.1168569629797837E+01 -0.1337142572737793E+01 -0.1181066392643748E+01 -0.6206691829081795E+00  0.6809411560807901E+00
  0.2752417340325081E-01 -0.6802275570498924E-02  0.7117346691754040E-02  0.7234704127770782E-01  0.1468127420387010E+00  0.1859301623949247E+00  0.1741001378213188E+00  0.1200941114666604E+00  0.4550747853832922E-01 -0.2522747698746257E-01 -0.7264691845014828E-01 -0.8954893291709239E-01 -0.8332966267215010E-01 -0.8192686724856700E-01 -0.1548939181425578E+00 -0.3938055847236936E+00 -0.8248539265293667E+00 -0.1175434250265623E+01 -0.1224724757253985E+01 -0.7678122445717304E+00  0.1078711976461206E+01
 -0.1672752719203556E+00  0.4575644094262547E-01 -0.3000594909247919E-01 -0.3553546237005607E-01 -0.8551542448653605E-03  0.3257479319550798E-01  0.4534856696504143E-01  0.3556671512144077E-01  0.1174341727192544E-01 -0.1382658801823874E-01 -0.3100093753171500E-01 -0.3493334054406979E-01 -0.2867542368828543E-01 -0.1748721043519866E-01 -0.2280878857293667E-01 -0.9410062507854243E-01 -0.4059781182943085E+00 -0.8207883004600671E+00 -0.1049878462221652E+01 -0.8466500995639973E+00  0.1490071836470340E+01
  0.4136482332856080E+00 -0.2191794161113935E+00 -0.2438900150485726E+00 -0.1775294367874346E+00 -0.1113600468715199E+00 -0.6299001549392413E-01 -0.3296693699291224E-01 -0.1818018504243936E-01 -0.1364867955605472E-01 -0.1332965250394434E-01 -0.1229366264775693E-01 -0.7439564477318194E-02 -0.2738658265302249E-03  0.9277453261610792E-02  0.1166567765192842E-01  0.9818672947479580E-02 -0.1331970938030272E+00 -0.3909073972194519E+00 -0.5669874557261885E+00 -0.5442439220725053E+00  0.1065744310491327E+01
  0.0000000000000000E+00  0.0000000000000000E+00  0.0000000000000000E+00  0.0000000000000000E+00  0.0000000000000000E+00  0.0000000000000000E+00  0.0000000000000000E+00  0.0000000000000000E+00  0.0000000000000000E+00  0.0000000000000000E+00  0.0000000000000000E+00  0.0000000000000000E+00  0.0000000000000000E+00  0.0000000000000000E+00  0.0000000000000000E+00  0.0000000000000000E+00  0.0000000000000000E+00  0.0000000000000000E+00  0.0000000000000000E+00  0.0000000000000000E+00  0.0000000000000000E+00
