  0.0000000000000000E+00  0.0000000000000000E+00  0.0000000000000000E+00  0.0000000000000000E+00  0.0000000000000000E+00  0.0000000000000000E+00  0.0000000000000000E+00  0.0000000000000000E+00  0.0000000000000000E+00  0.0000000000000000E+00  0.0000000000000000E+00  0.0000000000000000E+00  0.0000000000000000E+00  0.0000000000000000E+00  0.0000000000000000E+00  0.0000000000000000E+00  0.0000000000000000E+00  0.0000000000000000E+00  0.0000000000000000E+00  0.0000000000000000E+00  0.0000000000000000E+00
  0.7398896144299777E-01 -0.5558990434299960E-01 -0.9278075158600105E-01 -0.9599199559114985E-01 -0.9940931216292850E-01 -0.1076749657582214E+00 -0.1161010122703585E+00 -0.1160863800756884E+00 -0.1029620111290801E+00 -0.6892154754613081E-01 -0.1482177510572062E-01  0.4608634739393781E-01  0.9263233267608521E-01  0.1123615976159267E+00  0.1054705966926643E+00  0.7863684291686657E-01  0.4044694996763638E-01 -0.7836611644897535E-03 -0.3137669562061386E-01 -0.3243096217587765E-01  0.6591619090701907E-01
  0.1255805068830138E+00 -0.7992318893779753E-01 -0.1141890599303788E+00 -0.1119614513952857E+00 -0.1268063376560878E+00 -0.1595253667613249E+00 -0.1973268942471783E+00 -0.2182652000649561E+00 -0.2103578607700347E+00 -0.1633623517951280E+00 -0.8632935477067238E-01  0.4404628062592064E-02  0.8705131002457032E-01  0.1453202479152502E+00  0.1714231018309582E+00  0.1645369199700509E+00  0.1302467914759603E+00  0.7837793575441404E-01  0.2412300165728704E-01 -0.1119039903526768E-01  0.5769419876309007E-01
  0.1197181548138947E+00 -0.6531153946303789E-01 -0.7621646357521895E-01 -0.7127594391546321E-01 -0.1131720126570721E+00 -0.1861613432172308E+00 -0.2723014202178869E+00 -0.3405173075249630E+00 -0.3759056855056173E+00 -0.3565411370760732E+00 -0.2857759072431027E+00 -0.1731490262862595E+00 -0.4435997065503759E-01  0.7590521251475747E-01  0.1687888777277418E+00  0.2214207028604560E+00  0.2279361635526654E+00  0.1909772737424490E+00  0.1262846483702406E+00  0.5998087305058986E-01 -0.5365797078152898E-01
 -0.1562695310915172E-01  0.1805088638184547E-01  0.3852570603638470E-01  0.3027515932838862E-01 -0.5100223280406658E-01 -0.1693480649951333E+00 -0.3054066977548698E+00 -0.4208120313483354E+00 -0.5012637374422699E+00 -0.5166318416790524E+00 -0.4677316895165281E+00 -0.3562875397151732E+00 -0.2080370185810020E+00 -0.5005920383593990E-01  0.9424787965615576E-01  0.2060737480416815E+00  0.2692852544460376E+00  0.2736759266142212E+00  0.2270082493011227E+00  0.1474411409310545E+00 -0.2153151734920407E+00
 -0.2625051672946174E+00  0.1567681084764565E+00  0.2077991581347520E+00  0.1698856703837884E+00  0.4313648390815478E-01 -0.1228399196948628E+00 -0.3118241823214964E+00 -0.4800114357456028E+00 -0.6154188400556888E+00 -0.6777121428883774E+00 -0.6605232027028763E+00 -0.5565304584832917E+00 -0.3931797208202057E+00 -0.2055860651969056E+00 -0.2391863234058242E-01  0.1330902417963145E+00  0.2478969682471373E+00  0.3018521507907473E+00  0.2895965990093284E+00  0.2045645706692268E+00 -0.3240971129983520E+00
 -0.5426963047129092E+00  0.3165557658510449E+00  0.4069709928402256E+00  0.3339854810977667E+00  0.1679951624751895E+00 -0.3670778338314792E-01 -0.2673055028931327E+00 -0.4808929708627150E+00 -0.6711737649929925E+00 -0.7946237916532360E+00 -0.8328350632048920E+00 -0.7615445864676103E+00 -0.5964325628315276E+00 -0.3809408330021590E+00 -0.1640320777281128E+00  0.2783088024631216E-01  0.1814556812274652E+00  0.2790265725133496E+00  0.3004821443951661E+00  0.2107567719298464E+00 -0.3317881713943732E+00
 -0.7705778087466649E+00  0.4582523408063526E+00  0.6041792136723930E+00  0.5009137208826974E+00  0.3023401578784984E+00  0.6778711107398058E-01 -0.1910983683769433E+00 -0.4352468054247884E+00 -0.6664993935664588E+00 -0.8491705314517209E+00 -0.9597953734873207E+00 -0.9564389922204527E+00 -0.8233227828120774E+00 -0.5917233252491112E+00 -0.3316624028579634E+00 -0.9857665875479037E-01  0.8843668876703610E-01  0.2181346110821267E+00  0.2643364908735180E+00  0.1798217473654722E+00 -0.2751287512228985E+00
 -0.8823081089486036E+00  0.5524582371209520E+00  0.7750666024142525E+00  0.6564546363162147E+00  0.4338238675664012E+00  0.1784524810010629E+00 -0.9593800848694926E-01 -0.3542815290638295E+00 -0.6030570410427255E+00 -0.8220637662713206E+00 -0.9978409677850445E+00 -0.1088264525344529E+01 -0.1041560700297899E+01 -0.8423410719938241E+00 -0.5515217439075565E+00 -0.2628584713898837E+00 -0.3059335921576863E-01  0.1298777559778352E+00  0.1984956583738312E+00  0.1365431918987561E+00 -0.2111339173224371E+00
 -0.8519760719837846E+00  0.5855232057540858E+00  0.9045935452784728E+00  0.7934590826764838E+00  0.5548946268670920E+00  0.2831485707449699E+00 -0.3516196012139938E-02 -0.2712496968058650E+00 -0.5226231870484164E+00 -0.7465391593973765E+00 -0.9478869561459147E+00 -0.1112637680109448E+01 -0.1183207398334262E+01 -0.1086508513928819E+01 -0.8231801480106683E+00 -0.4916622855279151E+00 -0.1968052255440733E+00  0.1399817937124484E-01  0.1201376827586178E+00  0.9718616000154168E-01 -0.1714207972460072E+00
 -0.7055344426836085E+00  0.5636323925786003E+00  0.9853627350521923E+00  0.9104527125610103E+00  0.6678737023134830E+00  0.3847712471385341E+00  0.8681460873783574E-01 -0.1946937810661810E+00 -0.4518824606873184E+00 -0.6689387799833497E+00 -0.8567009330632128E+00 -0.1040411337438591E+01 -0.1202034628304143E+01 -0.1246007900856718E+01 -0.1088599389140722E+01 -0.7718125779365521E+00 -0.4259713833673016E+00 -0.1460501853906250E+00  0.2484010787795767E-01  0.6004130253798998E-01 -0.1552837997360123E+00
 -0.5095238927036234E+00  0.5050981672522763E+00  0.1005770609053205E+01  0.9970552272518318E+00  0.7704932281967821E+00  0.4856912124054266E+00  0.1806439468378715E+00 -0.1166537172244930E+00 -0.3885878290093482E+00 -0.6075494284663567E+00 -0.7707099087309922E+00 -0.9235899621791910E+00 -0.1111884475527684E+01 -0.1276199208448320E+01 -0.1274344500777184E+01 -0.1048661691256967E+01 -0.6992507981686588E+00 -0.3594012305040110E+00 -0.1056668326357827E+00  0.8149243131202322E-02 -0.1301145620293896E+00
 -0.3170213774737843E+00  0.4247907022277445E+00  0.9573507292094491E+00  0.1037176845598311E+01  0.8531425111240025E+00  0.5796116533814930E+00  0.2752329421852348E+00 -0.3095434815788056E-01 -0.3165732690661384E+00 -0.5468831968284773E+00 -0.6979949889400187E+00 -0.8039365233999266E+00 -0.9573209808287728E+00 -0.1179987627078275E+01 -0.1333626967388192E+01 -0.1261477650792845E+01 -0.9762678667323542E+00 -0.6156899860383143E+00 -0.2843596634760800E+00 -0.7174313492966942E-01 -0.6913025868707179E-01
 -0.1516610061427501E+00  0.3283553367458003E+00  0.8334050040946506E+00  0.1003022206326298E+01  0.8884964359501724E+00  0.6465042895060238E+00  0.3566136655354678E+00  0.5552722280164531E-01 -0.2313643522942643E+00 -0.4680061916588476E+00 -0.6185981727569823E+00 -0.6912122973652669E+00 -0.7812751522536755E+00 -0.9904079912709546E+00 -0.1252599065431629E+01 -0.1361068660673580E+01 -0.1207707735670437E+01 -0.8849649690848608E+00 -0.5071459912491313E+00 -0.1802097433178171E+00  0.3348323870431991E-01
 -0.2010387496825916E-01  0.2232594567876186E+00  0.6496744953945968E+00  0.8862376599408228E+00  0.8591103994098909E+00  0.6729955239763353E+00  0.4147372239952322E+00  0.1326158793480683E+00 -0.1406159530395389E+00 -0.3681283836340055E+00 -0.5140921333468313E+00 -0.5711572637641368E+00 -0.6065045131474965E+00 -0.7531025046135795E+00 -0.1047620991316762E+01 -0.1317036864357896E+01 -0.1346254459037369E+01 -0.1125146654091225E+01 -0.7521141534638184E+00 -0.3108718401745241E+00  0.1805013670597541E+00
  0.7500044461819844E-01  0.1181039761296875E+00  0.4293123730072609E+00  0.6815834779242277E+00  0.7353053989029520E+00  0.6246845717079219E+00  0.4217212662899052E+00  0.1813640169651544E+00 -0.5659114886857761E-01 -0.2557423171406647E+00 -0.3844544174097578E+00 -0.4327745593556389E+00 -0.4380646538040812E+00 -0.5110561143624052E+00 -0.7607929929627086E+00 -0.1121058624784635E+01 -0.1347307285638388E+01 -0.1288929421299032E+01 -0.9845077781745077E+00 -0.4559124068716255E+00  0.3832294424403688E+00
  0.1169660473117558E+00  0.3595195768260968E-01  0.2248219203595848E+00  0.4342150077813949E+00  0.5355595149762280E+00  0.5051817281441252E+00  0.3786741636488139E+00  0.2019934691682386E+00  0.1637492564267565E-01 -0.1419837407043072E+00 -0.2447961964358491E+00 -0.2842429517284806E+00 -0.2807917552294124E+00 -0.2988237175924044E+00 -0.4542593700845848E+00 -0.8000597441455531E+00 -0.1177896600634682E+01 -0.1322599248593998E+01 -0.1159407980240471E+01 -0.6076243519112269E+00  0.6634650754932101E+00
  0.7394535363348145E-01 -0.2918935465177891E-02  0.6518854723794779E-01  0.1841753808689194E+00  0.2762842703723210E+00  0.2965709723814285E+00  0.2460410504174181E+00  0.1486140012201684E+00  0.3502485155395699E-01 -0.6521686761367892E-01 -0.1303197427280347E+00 -0.1546706285159986E+00 -0.1498604884405311E+00 -0.1414178390007563E+00 -0.1974912183037921E+00 -0.4257768808674425E+00 -0.8415300806377662E+00 -0.1173498261170744E+01 -0.1212509892834081E+01 -0.7576174139288615E+00  0.1060342348952503E+01
 -0.1626241347229452E+00  0.5209199337085286E-01 -0.6348154610386595E-02  0.2133428182846418E-01  0.7512531842171022E-01  0.1064767665800149E+00  0.1011446685869402E+00  0.6579424255595351E-01  0.1655456083118014E-01 -0.2903860843711556E-01 -0.5821261706792157E-01 -0.6686967918374967E-01 -0.6075155988185459E-01 -0.4695023888271364E-01 -0.4373214458292132E-01 -0.1118489510190770E+00 -0.4212286376784259E+00 -0.8252208073449434E+00 -0.1044799326040246E+01 -0.8399023310919097E+00  0.1474907667235483E+01
  0.4023784447610057E+00 -0.2079878435539449E+00 -0.2215850859008291E+00 -0.1513102594626224E+00 -0.8408578247329310E-01 -0.3738147218858243E-01 -0.1284568581648420E-01 -0.6565326424376178E-02 -0.1143668406053841E-01 -0.1928140462398562E-01 -0.2341895129415328E-01 -0.2059210619898637E-01 -0.1279190144308752E-01 -0.1827461598863732E-02  0.4810984113301726E-02  0.3018546684273033E-02 -0.1419016536498951E+00 -0.3952769345186490E+00 -0.5657053366248224E+00 -0.5414741287152937E+00  0.1058717049521059E+01
  0.0000000000000000E+00  0.0000000000000000E+00  0.0000000000000000E+00  0.0000000000000000E+00  0.0000000000000000E+00  0.0000000000000000E+00  0.0000000000000000E+00  0.0000000000000000E+00  0.0000000000000000E+00  0.0000000000000000E+00  0.0000000000000000E+00  0.0000000000000000E+00  0.0000000000000000E+00  0.0000000000000000E+00  0.0000000000000000E+00  0.0000000000000000E+00  0.0000000000000000E+00  0.0000000000000000E+00  0.0000000000000000E+00  0.0000000000000000E+00  0.0000000000000000E+00
