  0.0000000000000000E+00  0.0000000000000000E+00  0.0000000000000000E+00  0.0000000000000000E+00  0.0000000000000000E+00  0.0000000000000000E+00  0.0000000000000000E+00  0.0000000000000000E+00  0.0000000000000000E+00  0.0000000000000000E+00  0.0000000000000000E+00  0.0000000000000000E+00  0.0000000000000000E+00  0.0000000000000000E+00  0.0000000000000000E+00  0.0000000000000000E+00  0.0000000000000000E+00  0.0000000000000000E+00  0.0000000000000000E+00  0.0000000000000000E+00  0.0000000000000000E+00
  0.3715152439249697E-01 -0.1521474703394515E-01 -0.8492716709338478E-02  0.2231030245477970E-02 -0.8971486764464867E-02 -0.3844843730289049E-01 -0.6856278335356374E-01 -0.8166198623714252E-01 -0.8120223891304168E-01 -0.7422208734371191E-01 -0.6188118067766738E-01 -0.3123365053181102E-01  0.2676504370291610E-01  0.9353204832520341E-01  0.1335868171910141E+00  0.1326317933297332E+00  0.9855976073571160E-01  0.4557419147283268E-01 -0.6182887360640080E-02 -0.2511881796575489E-01  0.6917356653662458E-01
  0.8050722626856549E-03  0.1751094573744973E-01  0.5333790947503483E-01  0.7157561685709224E-01  0.4270981275225638E-01 -0.2541398545637907E-01 -0.1164584786990083E+00 -0.2061612947709810E+00 -0.2792709388493721E+00 -0.3161892122234149E+00 -0.3026817855573827E+00 -0.2264412375165345E+00 -0.1014695377871093E+00  0.3600950342525631E-01  0.1449108639825487E+00  0.1999909449809107E+00  0.1966232090203125E+00  0.1456068702456109E+00  0.7137341793825523E-01  0.1084565519969831E-01  0.3883645233916030E-01
 -0.1549663015767465E+00  0.1094238880301398E+00  0.1733053625136728E+00  0.1814675826321735E+00  0.1172061514337156E+00  0.3804014876399026E-02 -0.1375310376104300E+00 -0.2782953324495518E+00 -0.4033878960968179E+00 -0.4868943193371901E+00 -0.5098097082154276E+00 -0.4490876857798318E+00 -0.3093068523987889E+00 -0.1245322045165029E+00  0.5603667455634877E-01  0.1935875650871286E+00  0.2645030095067147E+00  0.2593629881942168E+00  0.1926397581283686E+00  0.1029712377417157E+00 -0.1162739550967785E+00
 -0.4002633295154742E+00  0.2449142398195678E+00  0.3344793899432291E+00  0.3159293123154603E+00  0.2101894750939972E+00  0.5026976220970351E-01 -0.1421313667134860E+00 -0.3362528391843714E+00 -0.5163645610052096E+00 -0.6502726818566249E+00 -0.7137893082968755E+00 -0.6753818597037055E+00 -0.5326913581220064E+00 -0.3193542678132846E+00 -0.9125007098145173E-01  0.1097092806991036E+00  0.2546323516688506E+00  0.3166542043356708E+00  0.2907582827107069E+00  0.1946012279119768E+00 -0.2930454010252235E+00
 -0.6598844249799468E+00  0.3910777556947408E+00  0.5133488421042757E+00  0.4637063469089993E+00  0.3218365624700722E+00  0.1254433719883165E+00 -0.1043948146755171E+00 -0.3366903963451064E+00 -0.5599500757564005E+00 -0.7438607590875342E+00 -0.8628772158981296E+00 -0.8732447344736113E+00 -0.7501374403110828E+00 -0.5185745333313572E+00 -0.2524633447960329E+00 -0.9270069516350572E-02  0.1875223395302857E+00  0.3101905816589322E+00  0.3336107724067577E+00  0.2353600722208958E+00 -0.3724694442559297E+00
 -0.8565315268163675E+00  0.5136436940722195E+00  0.6843995554002912E+00  0.6085309530380254E+00  0.4358820542545619E+00  0.2082946074970746E+00 -0.5184176486439104E-01 -0.3130178928465734E+00 -0.5655615891980648E+00 -0.7854872753307227E+00 -0.9553065492375812E+00 -0.1031729277304971E+01 -0.9617405388039043E+00 -0.7339554983205174E+00 -0.4273040858886750E+00 -0.1404595167352259E+00  0.9274322795813664E-01  0.2573205967700377E+00  0.3169947236998957E+00  0.2186956616346219E+00 -0.3390922612039699E+00
 -0.9363048628941649E+00  0.5887551245905303E+00  0.8299605108774258E+00  0.7437869021359103E+00  0.5495862392411281E+00  0.2995802684030035E+00  0.1722556864429929E-01 -0.2648780776551037E+00 -0.5347443423138715E+00 -0.7724688810641693E+00 -0.9740078211937873E+00 -0.1116256223767524E+01 -0.1135306520072433E+01 -0.9635527995487241E+00 -0.6378652604915199E+00 -0.2945907709683424E+00 -0.1879168570262913E-01  0.1740877579537024E+00  0.2561759021053595E+00  0.1739276198471147E+00 -0.2656069574359847E+00
 -0.8786275758020663E+00  0.6063976056078235E+00  0.9405652410214043E+00  0.8662227711925471E+00  0.6599595144547634E+00  0.3936083235388492E+00  0.9184487509645509E-01 -0.2116322072596653E+00 -0.4969717363527028E+00 -0.7402365150226317E+00 -0.9445328234495165E+00 -0.1120997920093032E+01 -0.1231629862918553E+01 -0.1169565189400169E+01 -0.8869326761855467E+00 -0.5019317326742511E+00 -0.1651040240814570E+00  0.6812485263167159E-01  0.1770689448138081E+00  0.1287284714790276E+00 -0.2091164696232748E+00
 -0.7142790873811034E+00  0.5737306141758393E+00  0.1006912755146414E+01  0.9714023702070101E+00  0.7654687299836505E+00  0.4911013326227401E+00  0.1757796953948032E+00 -0.1477876123128847E+00 -0.4521853140817635E+00 -0.7030480612861193E+00 -0.8953726969740443E+00 -0.1066429031838644E+01 -0.1234000332443327E+01 -0.1298334760900982E+01 -0.1126879101476538E+01 -0.7578008199403635E+00 -0.3670790971132484E+00 -0.7086353568392359E-01  0.8988491294140399E-01  0.9245150637561747E-01 -0.1874696061854484E+00
 -0.5118550029996911E+00  0.5097022096156026E+00  0.1017251625847117E+01  0.1047630684321763E+01  0.8596202945824672E+00  0.5865124897575714E+00  0.2658668422151059E+00 -0.7183455459106210E-01 -0.3949510615344920E+00 -0.6599647510240109E+00 -0.8428971259805363E+00 -0.9835011036012289E+00 -0.1158962311525623E+01 -0.1325597735554353E+01 -0.1302448830930906E+01 -0.1017261045376153E+01 -0.6131104313764854E+00 -0.2539677776271682E+00 -0.1852173175922405E-01  0.5281836803768956E-01 -0.1769768358722927E+00
 -0.3186925058063017E+00  0.4259575842900081E+00  0.9591802470637225E+00  0.1073154782441671E+01  0.9263323480324972E+00  0.6678027875204856E+00  0.3527503396418041E+00  0.1276415328686472E-01 -0.3195870034611428E+00 -0.5977888090418049E+00 -0.7804643471411670E+00 -0.8875330647837719E+00 -0.1031282412315227E+01 -0.1253220995466190E+01 -0.1380046818636755E+01 -0.1233807391765393E+01 -0.8722652524063017E+00 -0.4764467627170806E+00 -0.1619860850095067E+00 -0.6996346110224230E-02 -0.1409970466788340E+00
 -0.1537462957830384E+00  0.3284747671033241E+00  0.8316780055269337E+00  0.1029696334804586E+01  0.9488058622993883E+00  0.7224993775096363E+00  0.4248888009349824E+00  0.9553106828551693E-01 -0.2314552268338288E+00 -0.5115267906719614E+00 -0.6956876208597857E+00 -0.7787534807510270E+00 -0.8728008278863074E+00 -0.1098529785379095E+01 -0.1345753699986306E+01 -0.1370432465289878E+01 -0.1111179481545932E+01 -0.7230533326368213E+00 -0.3459159436623876E+00 -0.9259279731888910E-01 -0.6813755170572028E-01
 -0.2286487493973899E-01  0.2231802715090661E+00  0.6466759395874592E+00  0.9033840688649306E+00  0.9034424655992844E+00  0.7320655067752482E+00  0.4695819937317331E+00  0.1662078647739046E+00 -0.1394802554328039E+00 -0.4049130931475549E+00 -0.5820211224127242E+00 -0.6501367647597122E+00 -0.6970939512384303E+00 -0.8868412551407596E+00 -0.1202692223437623E+01 -0.1399968340872304E+01 -0.1296077481599163E+01 -0.9692220454927600E+00 -0.5639578864125411E+00 -0.2019596378738253E+00  0.4192102720893498E-01
  0.7493103777436660E-01  0.1208763935232696E+00  0.4375602183441755E+00  0.7084411813425414E+00  0.7838301172793871E+00  0.6842457616227722E+00  0.4761705034498966E+00  0.2156462322240381E+00 -0.5288332756037090E-01 -0.2871407350778262E+00 -0.4439949361824818E+00 -0.5002865358160599E+00 -0.5140850467250769E+00 -0.6470829814367133E+00 -0.9695825142087588E+00 -0.1304314365062945E+01 -0.1391077040538184E+01 -0.1182884306648094E+01 -0.7980302577814767E+00 -0.3304817164697723E+00  0.1934148916278402E+00
  0.1343026147053042E+00  0.3489569755208592E-01  0.2389897073615620E+00  0.4700624705363765E+00  0.5883883554020458E+00  0.5628707505093005E+00  0.4274626640733455E+00  0.2303313688698206E+00  0.1706045248738188E-01 -0.1707399647216373E+00 -0.2957370344258348E+00 -0.3399445544149874E+00 -0.3371992692442476E+00 -0.4114996741020758E+00 -0.6816865776197886E+00 -0.1081867472883867E+01 -0.1358125656505783E+01 -0.1322339444792769E+01 -0.1017742240926006E+01 -0.4722229059649447E+00  0.3989264769688279E+00
  0.1222348998371211E+00 -0.9048952920336440E-02  0.9508804107611182E-01  0.2486170320325459E+00  0.3610016892463956E+00  0.3842339052107637E+00  0.3206874866226221E+00  0.1986163546409991E+00  0.5453301816878681E-01 -0.7562529378005628E-01 -0.1621589106041994E+00 -0.1934325464078551E+00 -0.1868588597312587E+00 -0.2140672034950433E+00 -0.3900383801993685E+00 -0.7573339847327746E+00 -0.1168513862463491E+01 -0.1337096996235827E+01 -0.1181029211353861E+01 -0.6206464764670052E+00  0.6809102180471545E+00
  0.2748833062064678E-01 -0.6789114052861559E-02  0.7120988462062105E-02  0.7232443068570212E-01  0.1467615978541254E+00  0.1858634411783679E+00  0.1740354759995072E+00  0.1200475778445825E+00  0.4548789189691017E-01 -0.2522029924825815E-01 -0.7262295410375426E-01 -0.8952437172945732E-01 -0.8331913313161989E-01 -0.8193374189411469E-01 -0.1548934404441531E+00 -0.3937703150222581E+00 -0.8247994734695897E+00 -0.1175391987676381E+01 -0.1224690018906590E+01 -0.7677954238712246E+00  0.1078696252707083E+01
 -0.1672673670994144E+00  0.4575651224664853E-01 -0.2999783035946887E-01 -0.3553659852151114E-01 -0.8712788633069618E-03  0.3254683189316041E-01  0.4531694399200453E-01  0.3554001631184490E-01  0.1172709506677640E-01 -0.1383166039909278E-01 -0.3099909642980538E-01 -0.3493080478104479E-01 -0.2867922080859389E-01 -0.1749990332348023E-01 -0.2282519959230937E-01 -0.9409174839938769E-01 -0.4059365925386526E+00 -0.8207469303440018E+00 -0.1049854357611721E+01 -0.8466350932238885E+00  0.1490050922059944E+01
  0.4136513612137587E+00 -0.2191841359484818E+00 -0.2439010466316867E+00 -0.1775441267392381E+00 -0.1113768246334677E+00 -0.6300819281651801E-01 -0.3298545400508744E-01 -0.1819689122278830E-01 -0.1366175413336545E-01 -0.1333858168361562E-01 -0.1229973358626472E-01 -0.7445036724847447E-02 -0.2808287611287459E-03  0.9268271203463022E-02  0.1165384899340076E-01  0.9815593649273386E-02 -0.1331755570386771E+00 -0.3908837351447210E+00 -0.5669714117852287E+00 -0.5442423250769356E+00  0.1065755563445578E+01
  0.0000000000000000E+00  0.0000000000000000E+00  0.0000000000000000E+00  0.0000000000000000E+00  0.0000000000000000E+00  0.0000000000000000E+00  0.0000000000000000E+00  0.0000000000000000E+00  0.0000000000000000E+00  0.0000000000000000E+00  0.0000000000000000E+00  0.0000000000000000E+00  0.0000000000000000E+00  0.0000000000000000E+00  0.0000000000000000E+00  0.0000000000000000E+00  0.0000000000000000E+00  0.0000000000000000E+00  0.0000000000000000E+00  0.0000000000000000E+00  0.0000000000000000E+00
