  0.0000000000000000E+00  0.0000000000000000E+00  0.0000000000000000E+00  0.0000000000000000E+00  0.0000000000000000E+00  0.0000000000000000E+00  0.0000000000000000E+00  0.0000000000000000E+00  0.0000000000000000E+00  0.0000000000000000E+00  0.0000000000000000E+00  0.0000000000000000E+00  0.0000000000000000E+00  0.0000000000000000E+00  0.0000000000000000E+00  0.0000000000000000E+00  0.0000000000000000E+00  0.0000000000000000E+00  0.0000000000000000E+00  0.0000000000000000E+00  0.0000000000000000E+00
  0.3665505737028753E-01 -0.1501561154844658E-01 -0.8391777275052211E-02  0.2125271089804712E-02 -0.9142042740417826E-02 -0.3860896731263642E-01 -0.6870926760196759E-01 -0.8183132733125054E-01 -0.8138935609786223E-01 -0.7441599435483634E-01 -0.6205296188856322E-01 -0.3133880420013590E-01  0.2678256442370643E-01  0.9367091662698021E-01  0.1337750222493078E+00  0.1327997669391892E+00  0.9866589970038980E-01  0.4559043977706202E-01 -0.6266233829649326E-02 -0.2521803308340781E-01  0.6938786542057408E-01
  0.3816567515789807E-03  0.1762425433214663E-01  0.5325441974801887E-01  0.7136939868117492E-01  0.4257653567565145E-01 -0.2542909789568186E-01 -0.1163736070727182E+00 -0.2060358996038045E+00 -0.2791350890999221E+00 -0.3160693625472181E+00 -0.3025693082986667E+00 -0.2263039510853565E+00 -0.1012716380799198E+00  0.3628072280105804E-01  0.1452221207423325E+00  0.2002874334917785E+00  0.1968544023545239E+00  0.1457318453840538E+00  0.7135966982773247E-01  0.1074750366818612E-01  0.3911715882317409E-01
 -0.1546882150300323E+00  0.1092346900618175E+00  0.1730158551554202E+00  0.1812489183600470E+00  0.1171998468733382E+00  0.3921985017797051E-02 -0.1373593174443667E+00 -0.2781573178657359E+00 -0.4032987673374051E+00 -0.4868796876798737E+00 -0.5098735510367502E+00 -0.4492060149415006E+00 -0.3094129033091235E+00 -0.1245376651362395E+00  0.5615793155939839E-01  0.1938016917189744E+00  0.2647525698434608E+00  0.2595804319095573E+00  0.1927449967356424E+00  0.1029839906942415E+00 -0.1162069753470821E+00
 -0.3994331951482034E+00  0.2445157311904474E+00  0.3341139984231389E+00  0.3158889106423726E+00  0.2104591027457172E+00  0.5066676246830105E-01 -0.1417216108246873E+00 -0.3359233134808999E+00 -0.5161192935183990E+00 -0.6501181747931182E+00 -0.7137529562429046E+00 -0.6754793311064127E+00 -0.5328836872916491E+00 -0.3195090332130114E+00 -0.9128074863320652E-01  0.1098043409287636E+00  0.2548282375335240E+00  0.3168967550165611E+00  0.2909639443669081E+00  0.1947622538597684E+00 -0.2933228172123970E+00
 -0.6590031471927348E+00  0.3906935729003251E+00  0.5130775715082404E+00  0.4638989468019658E+00  0.3223476488905067E+00  0.1260004655271678E+00 -0.1039459474492290E+00 -0.3364525415422641E+00 -0.5598920920578813E+00 -0.7439174898045888E+00 -0.8630417086444659E+00 -0.8735479035534650E+00 -0.7505732007353385E+00 -0.5189811132069218E+00 -0.2527022253286442E+00 -0.9341231263213290E-02  0.1875978598642741E+00  0.3103808405244070E+00  0.3338527205093041E+00  0.2356009736584811E+00 -0.3729502004661393E+00
 -0.8562080567370622E+00  0.5135337938425920E+00  0.6843933247907139E+00  0.6090535522732234E+00  0.4367288925987201E+00  0.2091420011755141E+00 -0.5122152015817445E-01 -0.3127476818587042E+00 -0.5655992066998262E+00 -0.7856750588031048E+00 -0.9555701280027715E+00 -0.1032118030017125E+01 -0.9623399608592396E+00 -0.7346137504247287E+00 -0.4277759172019749E+00 -0.1407185083621093E+00  0.9266635425919954E-01  0.2574081534361551E+00  0.3172005177595048E+00  0.2189047223441302E+00 -0.3395136492728859E+00
 -0.9368492394916466E+00  0.5890610263733292E+00  0.8303338396283411E+00  0.7446608863739610E+00  0.5507845650102414E+00  0.3006993634012221E+00  0.1794957466818815E-01 -0.2647227841878420E+00 -0.5351055627806046E+00 -0.7730707535417159E+00 -0.9746017270817593E+00 -0.1116820512668238E+01 -0.1136049329317861E+01 -0.9644629978820006E+00 -0.6386194272978764E+00 -0.2950692577623146E+00 -0.1904015461194819E-01  0.1740460773207188E+00  0.2562874390129440E+00  0.1740597589384111E+00 -0.2658918378022892E+00
 -0.8800474615509748E+00  0.6071359819315406E+00  0.9413604842436472E+00  0.8674519592881134E+00  0.6615280535534354E+00  0.3950724555820492E+00  0.9277995803099555E-01 -0.2114760296082019E+00 -0.4975926683695083E+00 -0.7412946950676432E+00 -0.9455716439570141E+00 -0.1121788464438584E+01 -0.1232432163976493E+01 -0.1170620940644856E+01 -0.8879624088028319E+00 -0.5026734194293069E+00 -0.1655674296530336E+00  0.6792066550013659E-01  0.1770623886951669E+00  0.1287849783812519E+00 -0.2092925464485889E+00
 -0.7159815698616165E+00  0.5747094829440125E+00  0.1008146878970421E+01  0.9729678716511073E+00  0.7673811153984268E+00  0.4929077031307198E+00  0.1769554968698231E+00 -0.1475861999595572E+00 -0.4530280409217092E+00 -0.7046174369227515E+00 -0.8970418344190710E+00 -0.1067637557464144E+01 -0.1234879239513506E+01 -0.1299391807476577E+01 -0.1128061430507548E+01 -0.7587670496418176E+00 -0.3677767020358265E+00 -0.7126713803825914E-01  0.8973794914011146E-01  0.9243782790899280E-01 -0.1875755345868669E+00
 -0.5133076920212034E+00  0.5107312446108512E+00  0.1018886041811350E+01  0.1049525699327784E+01  0.8618088225802174E+00  0.5886141670907503E+00  0.2673107040810330E+00 -0.7145493658691490E-01 -0.3957946753710495E+00 -0.6618284053589152E+00 -0.8451438509250445E+00 -0.9852588094921249E+00 -0.1160021422606105E+01 -0.1326592197106499E+01 -0.1303632292452797E+01 -0.1018336591816090E+01 -0.6139730181198397E+00 -0.2545706977351000E+00 -0.1882317378763614E-01  0.5272121338963445E-01 -0.1769868139565395E+00
 -0.3197058749655179E+00  0.4269313732935133E+00  0.9610882449150220E+00  0.1075331918162757E+01  0.9287086245649427E+00  0.6700853115725701E+00  0.3544043054544760E+00  0.1334775076298868E-01 -0.3202872815139595E+00 -0.5996896055417307E+00 -0.7830468984331244E+00 -0.8897914334405652E+00 -0.1032598679786309E+01 -0.1254153684242559E+01 -0.1381130198731613E+01 -0.1234865692947333E+01 -0.8731802372154059E+00 -0.4771881686185021E+00 -0.1624367819496560E+00 -0.7175425089654313E-02 -0.1409105066806931E+00
 -0.1543379482856387E+00  0.3293213629916541E+00  0.8336261406893236E+00  0.1032041749804839E+01  0.9512753539239476E+00  0.7248345750096122E+00  0.4266345170030892E+00  0.9626841913848525E-01 -0.2319583715192610E+00 -0.5132649169022977E+00 -0.6982895593282312E+00 -0.7812733823508176E+00 -0.8743298454624570E+00 -0.1099411097480240E+01 -0.1346685822715947E+01 -0.1371390323380226E+01 -0.1112028606668753E+01 -0.7238318011540539E+00 -0.3464646876740879E+00 -0.9283391007249898E-01 -0.6796295745659098E-01
 -0.2308924654008715E-01  0.2238212331517108E+00  0.6483744529150453E+00  0.9056735107007707E+00  0.9058887885854382E+00  0.7343517388765888E+00  0.4713198713259898E+00  0.1670248396304947E+00 -0.1398038437445110E+00 -0.4064031062653017E+00 -0.5843970106078665E+00 -0.6525941744718913E+00 -0.6986563720743761E+00 -0.8876292594489257E+00 -0.1203454198511283E+01 -0.1400793941261544E+01 -0.1296803817799264E+01 -0.9699357399445830E+00 -0.5645354163294126E+00 -0.2022252394813984E+00  0.4214030211478259E-01
  0.7502505978302082E-01  0.1212448818249611E+00  0.4387597052579041E+00  0.7103873497206535E+00  0.7860734651150278E+00  0.6863792596606209E+00  0.4778149150749842E+00  0.2164744476482749E+00 -0.5306324136725981E-01 -0.2883504859450677E+00 -0.4459843632214300E+00 -0.5023887199011106E+00 -0.5154324510352309E+00 -0.6476776218910831E+00 -0.9701452838286632E+00 -0.1305014217257478E+01 -0.1391675605693448E+01 -0.1183484172397547E+01 -0.7985653762347017E+00 -0.3307481581411255E+00  0.1936790981886748E+00
  0.1347300707139795E+00  0.3495272674344851E-01  0.2395882509443250E+00  0.4714003512040616E+00  0.5901928501073126E+00  0.5647214800619249E+00  0.4289573361035791E+00  0.2311466379803872E+00  0.1702433193821093E-01 -0.1716292002696023E+00 -0.2972270018241621E+00 -0.3414809960968107E+00 -0.3381210632424109E+00 -0.4117851384407415E+00 -0.6820078164790967E+00 -0.1082449888730201E+01 -0.1358648742964014E+01 -0.1322822450941918E+01 -0.1018206130991592E+01 -0.4724665167203032E+00  0.3991934191693174E+00
  0.1229448006040140E+00 -0.9255224707294936E-02  0.9517912648212919E-01  0.2492555203040350E+00  0.3621165361679185E+00  0.3855388165991523E+00  0.3218367190581984E+00  0.1993100382239520E+00  0.5460679548117504E-01 -0.7616628532146061E-01 -0.1630814302618614E+00 -0.1943194905937956E+00 -0.1872757666259689E+00 -0.2140056103318090E+00 -0.3900718071183710E+00 -0.7577779137627395E+00 -0.1169012616045887E+01 -0.1337514283081005E+01 -0.1181411085710646E+01 -0.6208686940275104E+00  0.6811949963718851E+00
  0.2792921351669200E-01 -0.6969720241093679E-02  0.7020052793410963E-02  0.7250919076700325E-01  0.1472811388056199E+00  0.1865818596983200E+00  0.1747310748935608E+00  0.1205053144802244E+00  0.4558981655073330E-01 -0.2545738175403784E-01 -0.7303316742553455E-01 -0.8986229823196608E-01 -0.8335397487317225E-01 -0.8163859980014340E-01 -0.1546636486947855E+00 -0.3940030086760421E+00 -0.8252812449228162E+00 -0.1175790697847410E+01 -0.1225008421003068E+01 -0.7679830839147060E+00  0.1078940830741050E+01
 -0.1673929919936693E+00  0.4575504991501708E-01 -0.3012784224861812E-01 -0.3558755030285634E-01 -0.7562694595620768E-03  0.3280253470690385E-01  0.4562094410292714E-01  0.3578420550471455E-01  0.1184408245747322E-01 -0.1384394517542966E-01 -0.3107302340966894E-01 -0.3496875348684538E-01 -0.2858486772665763E-01 -0.1722865087501349E-01 -0.2249474483956352E-01 -0.9406437005456561E-01 -0.4063115491713972E+00 -0.8211292825451852E+00 -0.1050100842506054E+01 -0.8467673358062039E+00  0.1490201164912557E+01
  0.4135675559283627E+00 -0.2191013121231964E+00 -0.2437363804412266E+00 -0.1773455487949308E+00 -0.1111687935888780E+00 -0.6279645731733013E-01 -0.3277983964422657E-01 -0.1802049967401841E-01 -0.1353345602317991E-01 -0.1325919104293466E-01 -0.1224494292298104E-01 -0.7381603225643196E-02 -0.1783055404042060E-03  0.9419210919759878E-02  0.1184939867107730E-01  0.9912423556399746E-02 -0.1333511785448587E+00 -0.3911151055592257E+00 -0.5671189414619358E+00 -0.5442917269905045E+00  0.1065756239509578E+01
  0.0000000000000000E+00  0.0000000000000000E+00  0.0000000000000000E+00  0.0000000000000000E+00  0.0000000000000000E+00  0.0000000000000000E+00  0.0000000000000000E+00  0.0000000000000000E+00  0.0000000000000000E+00  0.0000000000000000E+00  0.0000000000000000E+00  0.0000000000000000E+00  0.0000000000000000E+00  0.0000000000000000E+00  0.0000000000000000E+00  0.0000000000000000E+00  0.0000000000000000E+00  0.0000000000000000E+00  0.0000000000000000E+00  0.0000000000000000E+00  0.0000000000000000E+00
