  0.0000000000000000E+00  0.0000000000000000E+00  0.0000000000000000E+00  0.0000000000000000E+00  0.0000000000000000E+00  0.0000000000000000E+00  0.0000000000000000E+00  0.0000000000000000E+00  0.0000000000000000E+00  0.0000000000000000E+00  0.0000000000000000E+00  0.0000000000000000E+00  0.0000000000000000E+00  0.0000000000000000E+00  0.0000000000000000E+00  0.0000000000000000E+00  0.0000000000000000E+00  0.0000000000000000E+00  0.0000000000000000E+00  0.0000000000000000E+00  0.0000000000000000E+00
  0.2465546347737201E-01 -0.2020152121200144E-01 -0.3594910015863232E-01 -0.4413881758286286E-01 -0.4855855695816802E-01 -0.5261410830374205E-01 -0.5729158866469271E-01 -0.6262132066315865E-01 -0.6807717606096167E-01 -0.7273180969353450E-01 -0.7542766271195230E-01 -0.7503914586050657E-01 -0.7091660607569193E-01 -0.6326578798279654E-01 -0.5318345227653783E-01 -0.4220624887948198E-01 -0.3139320546249631E-01 -0.2100258597747312E-01 -0.9378405689696797E-02 -0.7920805544769804E-03 -0.7002164026265856E-02
  0.3095959374073472E-01 -0.2324849957354404E-01 -0.3878590497989741E-01 -0.4819495924056981E-01 -0.5486804110527358E-01 -0.6235853128283851E-01 -0.7150844303650532E-01 -0.8227916528360064E-01 -0.9367653085002893E-01 -0.1039868497013996E+00 -0.1108076135209775E+00 -0.1116470177571659E+00 -0.1048794968979832E+00 -0.9076545339697495E-01 -0.7158322982365031E-01 -0.5061338887886887E-01 -0.3040833700883916E-01 -0.1195612897629851E-01  0.5774681062685966E-02  0.1393447516185947E-01 -0.3602874442289244E-01
  0.3354550917508006E-01 -0.2613537421699531E-01 -0.4486061347590587E-01 -0.5731173479142367E-01 -0.6811872499415489E-01 -0.8101703801721900E-01 -0.9714643199926500E-01 -0.1162604423719304E+00 -0.1369186772877321E+00 -0.1562627691277647E+00 -0.1701427649324276E+00 -0.1738729830881469E+00 -0.1641795807283063E+00 -0.1412318582106409E+00 -0.1090020015309961E+00 -0.7336379147472956E-01 -0.3905342543735487E-01 -0.8083827668278273E-02  0.2039695047965097E-01  0.3309041437699493E-01 -0.7887429265133383E-01
  0.3042204409894159E-01 -0.2522922850420731E-01 -0.4526564141368033E-01 -0.6018441452891544E-01 -0.7478973971023367E-01 -0.9334135127441043E-01 -0.1170781500677840E+00 -0.1459742394194874E+00 -0.1781778676591645E+00 -0.2096706056487057E+00 -0.2337071792969553E+00 -0.2421049639664684E+00 -0.2287957124937152E+00 -0.1939651176616143E+00 -0.1445351435391278E+00 -0.9051136955476041E-01 -0.3997539592478971E-01  0.3683627347736012E-02  0.4173813407460120E-01  0.5705461963508957E-01 -0.1294257248306675E+00
  0.2276485058388440E-01 -0.2151862694153239E-01 -0.4179103024071278E-01 -0.5866634993799254E-01 -0.7702053529646161E-01 -0.1013728237391453E+00 -0.1337185903300186E+00 -0.1745525632656668E+00 -0.2222449620337264E+00 -0.2713391420693346E+00 -0.3111990371767523E+00 -0.3276543339043378E+00 -0.3100541520543516E+00 -0.2588443413028521E+00 -0.1856802056197864E+00 -0.1068232801027686E+00 -0.3541319350754899E-01  0.2283806525731240E-01  0.6992540067739489E-01  0.8524781872810706E-01 -0.1858180555069263E+00
  0.9997933244153066E-02 -0.1428466880364036E-01 -0.3285607316676800E-01 -0.5073107951241215E-01 -0.7179511899888869E-01 -0.1013031726672062E+00 -0.1422084819508673E+00 -0.1966129732560385E+00 -0.2637792211781033E+00 -0.3369355283439111E+00 -0.3996006126967594E+00 -0.4286532027843973E+00 -0.4071560661239886E+00 -0.3365348758357534E+00 -0.2345334491856425E+00 -0.1248969841336217E+00 -0.2745084468567078E-01  0.4833499164212143E-01  0.1042014104354771E+00  0.1160499065161657E+00 -0.2439483091130198E+00
 -0.9248010741901454E-02 -0.2860482872973216E-02 -0.1782945936082110E-01 -0.3504521949539512E-01 -0.5712255172828774E-01 -0.8978042673599249E-01 -0.1377836545093939E+00 -0.2057392415737908E+00 -0.2952334632746053E+00 -0.3982389167716427E+00 -0.4906877073770666E+00 -0.5379461387685002E+00 -0.5164329947694462E+00 -0.4291797683540022E+00 -0.2991124334055383E+00 -0.1564575742393886E+00 -0.2817644848603614E-01  0.7035114719018187E-01  0.1372537551240273E+00  0.1428604412294108E+00 -0.2913275685642050E+00
 -0.3494994371673087E-01  0.1293379924814909E-01  0.3851454027716384E-02 -0.1060377364832543E-01 -0.3068776065209396E-01 -0.6265121823886956E-01 -0.1132550491338340E+00 -0.1909767217305009E+00 -0.3012613217495401E+00 -0.4360704646709021E+00 -0.5632867672253958E+00 -0.6365212529096543E+00 -0.6262241859258458E+00 -0.5352004274705414E+00 -0.3872055367106065E+00 -0.2162066300646725E+00 -0.5570444540655278E-01  0.7158834490394533E-01  0.1546288530750840E+00  0.1541824713266705E+00 -0.3079185609049275E+00
 -0.6645707106227566E-01  0.3271172117229988E-01  0.3167809245462398E-01  0.2268373506993873E-01  0.8561195872226516E-02 -0.1661835389563502E-01 -0.6188696712359747E-01 -0.1406584518913092E+00 -0.2651622394931212E+00 -0.4303443724760509E+00 -0.5979780704718903E+00 -0.7110135472700646E+00 -0.7328787307076854E+00 -0.6594618663629419E+00 -0.5089647424051394E+00 -0.3177992695313336E+00 -0.1264106748294711E+00  0.3388227111163138E-01  0.1390542787837034E+00  0.1388882912710012E+00 -0.2776105950293001E+00
 -0.1008510456151936E+00  0.5494831237996125E-01  0.6399389152469012E-01  0.6297454183305758E-01  0.5914820154048325E-01  0.4766992239527248E-01  0.1752297578164238E-01 -0.5138328023874984E-01 -0.1816901439530693E+00 -0.3750619708451947E+00 -0.5889345767983677E+00 -0.7575657912233056E+00 -0.8355601987699295E+00 -0.8044618248335595E+00 -0.6706408763217713E+00 -0.4699433115352269E+00 -0.2504545864072431E+00 -0.5479693854710285E-01  0.7894057202275424E-01  0.9594821569418409E-01 -0.2089040750597980E+00
 -0.1341028753429822E+00  0.7720245725196662E-01  0.9750449641291768E-01  0.1060077143792394E+00  0.1151714423735846E+00  0.1222849496404006E+00  0.1144049987663562E+00  0.6401100862870016E-01 -0.6346426358657802E-01 -0.2766924171710673E+00 -0.5310909724977314E+00 -0.7589170149966844E+00 -0.9096363707961276E+00 -0.9483235456959613E+00 -0.8620047861782758E+00 -0.6747973876554016E+00 -0.4367485330958510E+00 -0.2033165407341097E+00 -0.2758367970909225E-01  0.3433877195004741E-01 -0.1305999955592345E+00
 -0.1611585963052283E+00  0.9632489546124015E-01  0.1278160900784922E+00  0.1451740759826737E+00  0.1665831739964735E+00  0.1919279159292672E+00  0.2074007230593331E+00  0.1800909675360645E+00  0.6691210689173564E-01 -0.1465275203332006E+00 -0.4193756388613395E+00 -0.6918672963744250E+00 -0.9163546693277788E+00 -0.1047094384240603E+01 -0.1047731624631854E+01 -0.9149151305943662E+00 -0.6855777200221103E+00 -0.4193419297644341E+00 -0.1826237154540551E+00 -0.4230110399238523E-01 -0.5572040347689938E-01
 -0.1781375916761278E+00  0.1094742243574582E+00  0.1502850813962468E+00  0.1734047442155107E+00  0.2022240222530412E+00  0.2396729785065442E+00  0.2729983647720177E+00  0.2689389455428836E+00  0.1816994997041657E+00 -0.8264564707129784E-02 -0.2692378269655256E+00 -0.5541466793808635E+00 -0.8265329315888850E+00 -0.1045460806654706E+01 -0.1160441463394005E+01 -0.1131340031518037E+01 -0.9605750465851076E+00 -0.6931528567384126E+00 -0.3932607597032570E+00 -0.1429031097974431E+00  0.3544856968907228E-01
 -0.1838064578193573E+00  0.1152094053619585E+00  0.1618217582665182E+00  0.1856699718794236E+00  0.2144659089424188E+00  0.2541521034832306E+00  0.2951745360495315E+00  0.3091260441060881E+00  0.2537167034054557E+00  0.1050335898749599E+00 -0.1166038385956984E+00 -0.3748827256669724E+00 -0.6469462927039964E+00 -0.9134244290429236E+00 -0.1134956522411382E+01 -0.1244324239843445E+01 -0.1190648021639407E+01 -0.9806038777942940E+00 -0.6507101927192589E+00 -0.2729877237541507E+00  0.1682529785431932E+00
 -0.1778821771951440E+00  0.1126588478029569E+00  0.1600943662137266E+00  0.1796483416487520E+00  0.2014225240373151E+00  0.2339132917429139E+00  0.2715435816149337E+00  0.2939152967201539E+00  0.2673691225582667E+00  0.1665411471962041E+00 -0.4914653258174229E-03 -0.2054501228581880E+00 -0.4308836596138470E+00 -0.6791283294714645E+00 -0.9501478729207451E+00 -0.1189931816261274E+01 -0.1295361471070067E+01 -0.1208704556939001E+01 -0.9144623353987383E+00 -0.4253579761214280E+00  0.3616115929655456E+00
 -0.1736685350474066E+00  0.1075330812303285E+00  0.1489307086435790E+00  0.1579773997854273E+00  0.1670739782289155E+00  0.1859587000526489E+00  0.2119334080852380E+00  0.2322175308407783E+00  0.2242804828342235E+00  0.1668050901269259E+00  0.5765201461012279E-01 -0.8547746222347180E-01 -0.2436112069856617E+00 -0.4190676543938995E+00 -0.6498804931287916E+00 -0.9506194576032704E+00 -0.1214754051377836E+01 -0.1301628238886041E+01 -0.1123723491332614E+01 -0.5871720778566624E+00  0.6377927422373735E+00
 -0.1289368147338290E+00  0.7912343009099702E-01  0.1084334755391621E+00  0.1100993528004579E+00  0.1113960038014377E+00  0.1204839244691885E+00  0.1358913973851340E+00  0.1501438528426010E+00  0.1501564858284923E+00  0.1220844432848411E+00  0.6092421643002718E-01 -0.2519543422157495E-01 -0.1205769074078209E+00 -0.2146839973936470E+00 -0.3381971991931589E+00 -0.5809269644105418E+00 -0.9314554427724193E+00 -0.1197190971912776E+01 -0.1205190019942262E+01 -0.7468069567945829E+00  0.1035230850441486E+01
 -0.2787212576486560E+00  0.1208403199564293E+00  0.8379970222063181E-01  0.4998735073151321E-01  0.3942195056358826E-01  0.4332149804487154E-01  0.5400845763722367E-01  0.6497715454929411E-01  0.6912140536639887E-01  0.5959205718391281E-01  0.3343615699383510E-01 -0.5964821186783771E-02 -0.4967704846126152E-01 -0.8904452286737119E-01 -0.1213984246253977E+00 -0.2220081827168906E+00 -0.5181266470181827E+00 -0.8702684097454997E+00 -0.1053903818970130E+01 -0.8382093149220192E+00  0.1460724125795928E+01
  0.3142109295045472E+00 -0.1623846735886897E+00 -0.1729430912615220E+00 -0.1218314837068156E+00 -0.7167070266539573E-01 -0.3373408529953276E-01 -0.6361309982159706E-02  0.1278808221176953E-01  0.2413118836674514E-01  0.2679886454997162E-01  0.2070122957355724E-01  0.7512758217426038E-02 -0.7740706050890774E-02 -0.2227936164738576E-01 -0.3073816936185637E-01 -0.5654563833364305E-01 -0.2053716701318029E+00 -0.4311991670445824E+00 -0.5750446011595860E+00 -0.5438102059981795E+00  0.1056386016834953E+01
  0.0000000000000000E+00  0.0000000000000000E+00  0.0000000000000000E+00  0.0000000000000000E+00  0.0000000000000000E+00  0.0000000000000000E+00  0.0000000000000000E+00  0.0000000000000000E+00  0.0000000000000000E+00  0.0000000000000000E+00  0.0000000000000000E+00  0.0000000000000000E+00  0.0000000000000000E+00  0.0000000000000000E+00  0.0000000000000000E+00  0.0000000000000000E+00  0.0000000000000000E+00  0.0000000000000000E+00  0.0000000000000000E+00  0.0000000000000000E+00  0.0000000000000000E+00
