  0.0000000000000000E+00  0.0000000000000000E+00  0.0000000000000000E+00  0.0000000000000000E+00  0.0000000000000000E+00  0.0000000000000000E+00  0.0000000000000000E+00  0.0000000000000000E+00  0.0000000000000000E+00  0.0000000000000000E+00  0.0000000000000000E+00  0.0000000000000000E+00  0.0000000000000000E+00  0.0000000000000000E+00  0.0000000000000000E+00  0.0000000000000000E+00  0.0000000000000000E+00  0.0000000000000000E+00  0.0000000000000000E+00  0.0000000000000000E+00  0.0000000000000000E+00
  0.5298714912317802E-01 -0.4373251106771964E-01 -0.7821038407998089E-01 -0.1019937005325400E+00 -0.1177200282254423E+00 -0.1249043072267273E+00 -0.1222250136822796E+00 -0.1110387672649761E+00 -0.9120520039836658E-01 -0.6067646068066336E-01 -0.1949574474517497E-01  0.2466887050131225E-01  0.5915949905880332E-01  0.7484995216755909E-01  0.7091438314477004E-01  0.5227773542095896E-01  0.2670064622283287E-01  0.1135210468765525E-02 -0.1590716191411418E-01 -0.1909402394105608E-01  0.4137490990905407E-01
  0.8280378387786319E-01 -0.6185330191673653E-01 -0.1027561218723464E+00 -0.1394867696803670E+00 -0.1746613956693698E+00 -0.2039280947232552E+00 -0.2188297932392598E+00 -0.2138688357330697E+00 -0.1850625575119855E+00 -0.1329628752901585E+00 -0.6388432782170349E-01  0.9249803684145177E-02  0.7185942388138866E-01  0.1127720531878438E+00  0.1276364111496695E+00  0.1183465164709836E+00  0.9244880634970727E-01  0.5922945053696189E-01  0.2931702235411108E-01  0.4936570896259769E-02  0.1450730966533177E-01
  0.9990647304774788E-01 -0.7454959933385640E-01 -0.1237423249538213E+00 -0.1741199336535129E+00 -0.2270252798590734E+00 -0.2758730270647737E+00 -0.3114482942645899E+00 -0.3260095776105384E+00 -0.3117150697353168E+00 -0.2655030256265866E+00 -0.1898273816516988E+00 -0.9547378446368075E-01  0.2171459156785272E-02  0.8688848996179428E-01  0.1462758627150504E+00  0.1735276971047416E+00  0.1697257902539413E+00  0.1428646598822223E+00  0.1064664988864479E+00  0.6366858606615824E-01 -0.8453925931202683E-01
  0.6796205178077196E-01 -0.5616825190408950E-01 -0.1005427039314965E+00 -0.1530056438731298E+00 -0.2152482801273668E+00 -0.2845049479869670E+00 -0.3506435412517938E+00 -0.3987380468771708E+00 -0.4130612617374965E+00 -0.3862107314493750E+00 -0.3177472269530077E+00 -0.2175603491764624E+00 -0.1004736554041886E+00  0.1582715682472621E-01  0.1149885018974729E+00  0.1836685075344722E+00  0.2147678494493458E+00  0.2104484664631650E+00  0.1819311011950804E+00  0.1278976780942795E+00 -0.2017619330877583E+00
 -0.4621529645107530E-01  0.8623311313400181E-02 -0.2034536251087476E-01 -0.6687069601613292E-01 -0.1416101561361740E+00 -0.2464202725839718E+00 -0.3619649493307887E+00 -0.4610322963867650E+00 -0.5204040512614343E+00 -0.5270418902218853E+00 -0.4758389106001422E+00 -0.3756521881696409E+00 -0.2429568293932512E+00 -0.9956702122115717E-01  0.3471390510533130E-01  0.1432347978842800E+00  0.2136385633365557E+00  0.2418540953972631E+00  0.2317863148002979E+00  0.1694541505414963E+00 -0.2765761368241911E+00
 -0.2616249406530407E+00  0.1279490265413581E+00  0.1222221389710337E+00  0.8081255960950880E-01 -0.1612746810562787E-01 -0.1674510526869545E+00 -0.3378890037749963E+00 -0.4942343021215667E+00 -0.6089401544866866E+00 -0.6636207258708803E+00 -0.6456844956477411E+00 -0.5582344450891747E+00 -0.4168569308879698E+00 -0.2496183519330670E+00 -0.8359843153538241E-01  0.6084483255661044E-01  0.1692012509373767E+00  0.2329133770767774E+00  0.2451574427475698E+00  0.1772239954690368E+00 -0.2865145436595406E+00
 -0.5447934575388965E+00  0.2841148086556621E+00  0.3075509684280897E+00  0.2637540582204591E+00  0.1375531744171491E+00 -0.6087143443016049E-01 -0.2833671588768306E+00 -0.4957365250449861E+00 -0.6690050032022441E+00 -0.7831082172432882E+00 -0.8179592492159135E+00 -0.7640100340098157E+00 -0.6271063540360284E+00 -0.4377211627902630E+00 -0.2360254053931373E+00 -0.5385820014585836E-01  0.9108805547714269E-01  0.1883428061249434E+00  0.2226814349995227E+00  0.1578391470413173E+00 -0.2508360061244294E+00
 -0.8163384843800504E+00  0.4401347793373236E+00  0.5040658536319204E+00  0.4537207858432370E+00  0.3006891691520851E+00  0.6413096571650391E-01 -0.1976037078245880E+00 -0.4511239024379141E+00 -0.6707043245455662E+00 -0.8432484018067694E+00 -0.9485284194525461E+00 -0.9622914409516216E+00 -0.8659894498112769E+00 -0.6741247560602759E+00 -0.4352720345406663E+00 -0.2045901521465329E+00 -0.1630242500328392E-01  0.1151083207889712E+00  0.1731849528465622E+00  0.1253996570363471E+00 -0.2030140182624790E+00
 -0.9874696000408242E+00  0.5550420640385965E+00  0.6776565920749652E+00  0.6242103217499201E+00  0.4515856266261177E+00  0.1880775668096771E+00 -0.9900755526048184E-01 -0.3731452387434946E+00 -0.6120520170496413E+00 -0.8158116159679254E+00 -0.9811599776972137E+00 -0.1084450027777709E+01 -0.1080434690746594E+01 -0.9413791017330093E+00 -0.6948630626890475E+00 -0.4139080189171868E+00 -0.1663314686107661E+00  0.1368110640282426E-01  0.1076928543337439E+00  0.9210696124071756E-01 -0.1686280293884088E+00
 -0.1000079922507993E+01  0.6018314037186347E+00  0.8054142886479110E+00  0.7592399001091302E+00  0.5757043934569457E+00  0.2947269800544454E+00 -0.1019747256660436E-01 -0.2943721044802360E+00 -0.5315815506921878E+00 -0.7289773215662984E+00 -0.9088268739178323E+00 -0.1075805488630853E+01 -0.1184968431561708E+01 -0.1163578101695446E+01 -0.9797701255713590E+00 -0.6863789344614030E+00 -0.3802388808425102E+00 -0.1314586257050059E+00  0.2350429204154591E-01  0.5899024384922450E-01 -0.1534664395061276E+00
 -0.8532342436316368E+00  0.5751373872643977E+00  0.8721779181615562E+00  0.8505220791597677E+00  0.6685051862287327E+00  0.3826798770048658E+00  0.6666538545820311E-01 -0.2263911351507703E+00 -0.4615689222602605E+00 -0.6384737545125074E+00 -0.7909030570813113E+00 -0.9615345996526959E+00 -0.1144725859412442E+01 -0.1259934488087298E+01 -0.1208955296536719E+01 -0.9760736460040583E+00 -0.6499562480157627E+00 -0.3352189077956913E+00 -0.9819340900643379E-01  0.1075939962360040E-01 -0.1304716078772350E+00
 -0.6337774064301629E+00  0.5021246750858509E+00  0.8725966188273897E+00  0.8953586431205293E+00  0.7304118838010183E+00  0.4547748305720503E+00  0.1416363367351317E+00 -0.1529855378108519E+00 -0.3897120618630348E+00 -0.5557918652191137E+00 -0.6750081986628343E+00 -0.8065388350235311E+00 -0.9971001738971019E+00 -0.1208987588721581E+01 -0.1316445756053432E+01 -0.1216199921572761E+01 -0.9364321130838190E+00 -0.5914757691227669E+00 -0.2733975288959519E+00 -0.6781655323626916E-01 -0.6994786918714441E-01
 -0.4220076801338700E+00  0.4065218267439851E+00  0.7975578000980853E+00  0.8722403789704740E+00  0.7436767918354592E+00  0.4983329647758022E+00  0.2080544227330217E+00 -0.7214254486097578E-01 -0.3023527730020715E+00 -0.4630325080304391E+00 -0.5634939116495761E+00 -0.6512888484934328E+00 -0.7992575755143487E+00 -0.1037769771375260E+01 -0.1275461240031905E+01 -0.1348342343242391E+01 -0.1185736980427711E+01 -0.8698475274437693E+00 -0.4991958028636848E+00 -0.1775609284119664E+00  0.3348698237221426E-01
 -0.2495434172708920E+00  0.3055482844097643E+00  0.6671014359584010E+00  0.7868096286887317E+00  0.7087437675548205E+00  0.5083567418983789E+00  0.2550032034006240E+00  0.3246151459581965E-02 -0.2072153849839089E+00 -0.3559010897422479E+00 -0.4461191025749935E+00 -0.5067680061241814E+00 -0.5986444518751489E+00 -0.7974701924983364E+00 -0.1095218279370909E+01 -0.1335100544965134E+01 -0.1344355278527811E+01 -0.1122495107215959E+01 -0.7506602290238077E+00 -0.3107821376978426E+00  0.1816861840697200E+00
 -0.1228405795530911E+00  0.2040965126887459E+00  0.4894489585131466E+00  0.6216686453920578E+00  0.5934281857652175E+00  0.4531387080049306E+00  0.2572542541915256E+00  0.5421067357544516E-01 -0.1198714880560060E+00 -0.2458768665727636E+00 -0.3245143684290792E+00 -0.3720603512195773E+00 -0.4219249137887049E+00 -0.5468213237202546E+00 -0.8163928720176752E+00 -0.1161846350845094E+01 -0.1365254215244469E+01 -0.1299471992802728E+01 -0.9909835398074215E+00 -0.4590272244613565E+00  0.3860981335766481E+00
 -0.5093170000373992E-01  0.1257780748150181E+00  0.3264025244413143E+00  0.4446743674112090E+00  0.4507030999480274E+00  0.3661180642659334E+00  0.2300301486633373E+00  0.8101576292830776E-01 -0.5087529366530111E-01 -0.1494017574568769E+00 -0.2132995758847973E+00 -0.2513927066237066E+00 -0.2776481646284585E+00 -0.3327297469190748E+00 -0.5077662824494376E+00 -0.8504923841759607E+00 -0.1209771015238269E+01 -0.1343461562080630E+01 -0.1172816495345679E+01 -0.6139743995653069E+00  0.6691067033502411E+00
 -0.1254814709174584E-01  0.5317041706721709E-01  0.1469631041099054E+00  0.2221934476003257E+00  0.2461386016112280E+00  0.2147602655954881E+00  0.1442559029461296E+00  0.5772355150040218E-01 -0.2399137831208317E-01 -0.8804885363693954E-01 -0.1306903834894344E+00 -0.1548336841294935E+00 -0.1661580703848932E+00 -0.1776265292735650E+00 -0.2449241932313518E+00 -0.4759011520382825E+00 -0.8800290626361883E+00 -0.1199486861777888E+01 -0.1229555757610355E+01 -0.7665758922415242E+00  0.1070171919114218E+01
 -0.1793734010242949E+00  0.8474489889462605E-01  0.7486129565958329E-01  0.8970505916644088E-01  0.1024003527442590E+00  0.9281947565312647E-01  0.6161797486958714E-01  0.1916967693339584E-01 -0.2260030856740410E-01 -0.5526130332605204E-01 -0.7537077196611128E-01 -0.8358903320351942E-01 -0.8322389284084017E-01 -0.7779009675164328E-01 -0.8015721267484262E-01 -0.1559300540892880E+00 -0.4603467040777289E+00 -0.8504966302071066E+00 -0.1060356126804400E+01 -0.8495447550802866E+00  0.1488278138436460E+01
  0.3858767855466217E+00 -0.2034484276641067E+00 -0.2244684974456984E+00 -0.1639437269803291E+00 -0.1052712128842169E+00 -0.6650878855716238E-01 -0.4712798849356159E-01 -0.4131093120342058E-01 -0.4218493897404949E-01 -0.4405999141920187E-01 -0.4346689568994436E-01 -0.3926452207206188E-01 -0.3235564659423652E-01 -0.2402680954918283E-01 -0.1936826250692857E-01 -0.2846352154493618E-01 -0.1708099647446002E+00 -0.4126367412992330E+00 -0.5743971652725228E+00 -0.5473813566158036E+00  0.1067746904574888E+01
  0.0000000000000000E+00  0.0000000000000000E+00  0.0000000000000000E+00  0.0000000000000000E+00  0.0000000000000000E+00  0.0000000000000000E+00  0.0000000000000000E+00  0.0000000000000000E+00  0.0000000000000000E+00  0.0000000000000000E+00  0.0000000000000000E+00  0.0000000000000000E+00  0.0000000000000000E+00  0.0000000000000000E+00  0.0000000000000000E+00  0.0000000000000000E+00  0.0000000000000000E+00  0.0000000000000000E+00  0.0000000000000000E+00  0.0000000000000000E+00  0.0000000000000000E+00
