  0.0000000000000000E+00  0.0000000000000000E+00  0.0000000000000000E+00  0.0000000000000000E+00  0.0000000000000000E+00  0.0000000000000000E+00  0.0000000000000000E+00  0.0000000000000000E+00  0.0000000000000000E+00  0.0000000000000000E+00  0.0000000000000000E+00  0.0000000000000000E+00  0.0000000000000000E+00  0.0000000000000000E+00  0.0000000000000000E+00  0.0000000000000000E+00  0.0000000000000000E+00  0.0000000000000000E+00  0.0000000000000000E+00  0.0000000000000000E+00  0.0000000000000000E+00
  0.7415332224709999E-01 -0.5848281824349187E-01 -0.1012951324833756E+00 -0.1098975259357971E+00 -0.1081275055808403E+00 -0.1058459783780615E+00 -0.1039712971991988E+00 -0.9750456180629186E-01 -0.8019636045795829E-01 -0.4668003660025809E-01  0.3888458991939738E-03  0.4843100854789235E-01  0.8241956497463337E-01  0.9441923566069743E-01  0.8524935044639688E-01  0.6018594863163567E-01  0.2664726092388904E-01 -0.7878198899977566E-02 -0.3133267881202385E-01 -0.3047733649608279E-01  0.6009933067622451E-01
  0.1310333861391993E+00 -0.9098867264972976E-01 -0.1419326318099900E+00 -0.1531966693830978E+00 -0.1616152131920152E+00 -0.1755746025147861E+00 -0.1904235479269589E+00 -0.1930112901020148E+00 -0.1730747930411875E+00 -0.1256387234363818E+00 -0.5739913812200165E-01  0.1771516017991016E-01  0.8386763429130971E-01  0.1289856447543349E+00  0.1472511537678536E+00  0.1381281910623520E+00  0.1069660273688584E+00  0.6288602655134123E-01  0.1976294815244361E-01 -0.8726499262647697E-02  0.4594244594038670E-01
  0.1634132398639953E+00 -0.1018400246733766E+00 -0.1421068341561345E+00 -0.1465548073388352E+00 -0.1698375003674071E+00 -0.2131457147655028E+00 -0.2659274400220331E+00 -0.3066051737598129E+00 -0.3198813875437303E+00 -0.2921939407933508E+00 -0.2243094032016054E+00 -0.1266506616681432E+00 -0.1820366870272392E-01  0.8155304388176934E-01  0.1571965653043864E+00  0.1978579197797569E+00  0.1994253365398401E+00  0.1660824851322914E+00  0.1134257918385441E+00  0.5950556590915235E-01 -0.6509090588891299E-01
  0.9390367946136537E-01 -0.5148313425857876E-01 -0.6054572331437090E-01 -0.6274779268372349E-01 -0.1159376621049291E+00 -0.2030228079956189E+00 -0.3052154055537788E+00 -0.3926012137044100E+00 -0.4475156221983040E+00 -0.4499207369436782E+00 -0.3972243247476955E+00 -0.2954035601296972E+00 -0.1639728833158321E+00 -0.2571571465499085E-01  0.9906409625484450E-01  0.1934018053464965E+00  0.2440179470254742E+00  0.2451325486445825E+00  0.2067553123888636E+00  0.1418738453505687E+00 -0.2188662236628424E+00
 -0.1109214444884408E+00  0.6728070468307780E-01  0.9092066956079260E-01  0.7359800196093853E-01 -0.2293035686796155E-01 -0.1613329306037561E+00 -0.3200174047188066E+00 -0.4622367826502207E+00 -0.5698350995090605E+00 -0.6141661984398136E+00 -0.5867719906600494E+00 -0.4874935218225862E+00 -0.3381450320125463E+00 -0.1687369409162288E+00 -0.5476587823034593E-02  0.1332261150225454E+00  0.2314079197805213E+00  0.2761147819788830E+00  0.2666332697387128E+00  0.1963081971885883E+00 -0.3222913218270523E+00
 -0.4009078853758338E+00  0.2307114246542701E+00  0.2912263885869767E+00  0.2451961981837333E+00  0.1042572580791910E+00 -0.8211748560834672E-01 -0.2918279886804001E+00 -0.4862163924773285E+00 -0.6507055722574964E+00 -0.7518385017515947E+00 -0.7709589007994970E+00 -0.6939398032161903E+00 -0.5364004661586355E+00 -0.3370546365729412E+00 -0.1371962776317729E+00  0.3818080787983506E-01  0.1751171142210630E+00  0.2603175531279177E+00  0.2805474913583807E+00  0.2051541040745371E+00 -0.3349148208652306E+00
 -0.6838135387377497E+00  0.3966395550633931E+00  0.5061051264524297E+00  0.4268433443503142E+00  0.2455046557162802E+00  0.1912342352551654E-01 -0.2288443925078762E+00 -0.4621289899980189E+00 -0.6741707853289052E+00 -0.8366265347440071E+00 -0.9241381686154908E+00 -0.9033561977827763E+00 -0.7655652534471189E+00 -0.5441933318354728E+00 -0.3003705118063559E+00 -0.8228420019472844E-01  0.9050730194585403E-01  0.2084417508319594E+00  0.2523782340478586E+00  0.1800387502902499E+00 -0.2877380168228911E+00
 -0.8730980129083074E+00  0.5254846411839892E+00  0.7033559106436603E+00  0.5990410603796658E+00  0.3858534823968067E+00  0.1294621104811504E+00 -0.1414485886703498E+00 -0.3938195284707764E+00 -0.6285146891190075E+00 -0.8336582297004628E+00 -0.9921770588887153E+00 -0.1061966169068757E+01 -0.9974542934814217E+00 -0.7954877862275515E+00 -0.5166568298284853E+00 -0.2427584736765594E+00 -0.2245676046878596E-01  0.1291750863953809E+00  0.1961112957766543E+00  0.1419880161613977E+00 -0.2298527527075389E+00
 -0.9140840932653036E+00  0.5910833034190619E+00  0.8591658169918821E+00  0.7489795913808931E+00  0.5119791448807250E+00  0.2304307177495723E+00 -0.5810745928821250E-01 -0.3192519067932290E+00 -0.5533864453752853E+00 -0.7636251559261537E+00 -0.9570988765143474E+00 -0.1111556978537374E+01 -0.1162356433865578E+01 -0.1048932317105704E+01 -0.7863306480554687E+00 -0.4670327292214801E+00 -0.1836613770669621E+00  0.1995422676244155E-01  0.1245181569573304E+00  0.1049437176507240E+00 -0.1903129959948416E+00
 -0.8052889883998525E+00  0.5898312890832933E+00  0.9642048788500274E+00  0.8756546226574016E+00  0.6258837602393410E+00  0.3242689046219631E+00  0.1791069911601882E-01 -0.2562142855230978E+00 -0.4880079380039354E+00 -0.6803366006214351E+00 -0.8601034321412964E+00 -0.1048019651992667E+01 -0.1202812170491021E+01 -0.1226335117090505E+01 -0.1056439449712948E+01 -0.7440553295233321E+00 -0.4081507805560912E+00 -0.1354118302233437E+00  0.3241520205502769E-01  0.6703203023332885E-01 -0.1686808886449589E+00
 -0.6055584136650829E+00  0.5370379008158435E+00  0.1005555288782447E+01  0.9713398861690501E+00  0.7291218748112701E+00  0.4193528693541314E+00  0.9846812813009873E-01 -0.1942707967582191E+00 -0.4357851750115955E+00 -0.6149899019432946E+00 -0.7571528897283845E+00 -0.9203850466620268E+00 -0.1121766885139624E+01 -0.1275822523282178E+01 -0.1254794269648927E+01 -0.1023407533455856E+01 -0.6796495832920382E+00 -0.3461205177182528E+00 -0.9700748425576167E-01  0.1329548156218138E-01 -0.1368939289423058E+00
 -0.3953847340425024E+00  0.4570736005167668E+00  0.9758360675077981E+00  0.1025374489058529E+01  0.8180050811488149E+00  0.5142028401364271E+00  0.1873150085414728E+00 -0.1194951044862911E+00 -0.3758532707004972E+00 -0.5569373019271892E+00 -0.6693728530298839E+00 -0.7786695759166306E+00 -0.9606535284560910E+00 -0.1192540711823653E+01 -0.1330766171005329E+01 -0.1245440778818901E+01 -0.9601033786085167E+00 -0.6034652656093482E+00 -0.2763724714766579E+00 -0.6807692894639857E-01 -0.7214168463746223E-01
 -0.2134308970208993E+00  0.3589178842415544E+00  0.8633227557037637E+00  0.1002368294697171E+01  0.8587430107647924E+00  0.5852527232213283E+00  0.2712612958924109E+00 -0.3438877265624954E-01 -0.2967153673156721E+00 -0.4832827187373986E+00 -0.5841591881467115E+00 -0.6465552798134454E+00 -0.7685309810526105E+00 -0.1005586559589308E+01 -0.1264703544569983E+01 -0.1358200142602269E+01 -0.1199292314124888E+01 -0.8775743249226488E+00 -0.5018206905157993E+00 -0.1779557980530327E+00  0.3204670364329898E-01
 -0.6882703631831943E-01  0.2522416771618947E+00  0.6878979951673645E+00  0.9006768711397565E+00  0.8439430128454277E+00  0.6259918013443099E+00  0.3420052294335286E+00  0.5167896945592867E-01 -0.2022916705140062E+00 -0.3848141708380993E+00 -0.4814237148149161E+00 -0.5197608777953716E+00 -0.5806941152302355E+00 -0.7638735081296837E+00 -0.1069093508670049E+01 -0.1327701015871455E+01 -0.1347690401078037E+01 -0.1124825591167407E+01 -0.7511228710721732E+00 -0.3104345549243540E+00  0.1801807937008888E+00
  0.3579006889723402E-01  0.1438823834350565E+00  0.4674372192024034E+00  0.7000287137290031E+00  0.7242672569506396E+00  0.5846878409435773E+00  0.3605273185959650E+00  0.1144878738134718E+00 -0.1069594414479933E+00 -0.2690861164953148E+00 -0.3575328244274145E+00 -0.3883633127411831E+00 -0.4112070878676548E+00 -0.5178561538920813E+00 -0.7855613164713621E+00 -0.1141919391996672E+01 -0.1358199853437581E+01 -0.1295748238603528E+01 -0.9883797543428792E+00 -0.4575529060638706E+00  0.3842789638487325E+00
  0.8895163918380636E-01  0.5964232385909719E-01  0.2678786107610979E+00  0.4705522286352976E+00  0.5475164630899265E+00  0.4885678017727020E+00  0.3399655336720592E+00  0.1552103764280001E+00 -0.1999090345714355E-01 -0.1520541822217754E+00 -0.2275413974650536E+00 -0.2565392553302653E+00 -0.2650684391082687E+00 -0.3070942545114496E+00 -0.4789162492498587E+00 -0.8258988731574223E+00 -0.1195600474220079E+01 -0.1334836169962472E+01 -0.1167278786139912E+01 -0.6112491204027879E+00  0.6664685750684520E+00
  0.7200863755186895E-01  0.6798428585464252E-02  0.9240392330826171E-01  0.2144685010804142E+00  0.2940875085344465E+00  0.2949111160964968E+00  0.2274891883790777E+00  0.1226888995418949E+00  0.1425676543373732E-01 -0.7151397517585871E-01 -0.1231715998900316E+00 -0.1447031308779068E+00 -0.1484294459328378E+00 -0.1541273914270792E+00 -0.2205210721215852E+00 -0.4519283259267249E+00 -0.8624262117153960E+00 -0.1188270047959654E+01 -0.1222418112554365E+01 -0.7628042224824233E+00  0.1065994554892905E+01
 -0.1716725019527235E+00  0.6470338578817304E-01  0.2243765541179562E-01  0.5723475219010859E-01  0.1067389519977762E+00  0.1266084734798456E+00  0.1085152417946755E+00  0.6420820966866507E-01  0.1231964003811070E-01 -0.3089866946806634E-01 -0.5723705217404992E-01 -0.6687086879118001E-01 -0.6569901219770198E-01 -0.5924821098057400E-01 -0.6214751110252039E-01 -0.1355985173046137E+00 -0.4424167611327228E+00 -0.8392545167762038E+00 -0.1053739291997019E+01 -0.8454966019326727E+00  0.1482750513800999E+01
  0.3921830970320156E+00 -0.2025323862329271E+00 -0.2154140616667658E+00 -0.1475961325277788E+00 -0.8249940223443164E-01 -0.3840067134455419E-01 -0.1678654624402993E-01 -0.1256141450305648E-01 -0.1776538797308256E-01 -0.2447400484335346E-01 -0.2745344524911455E-01 -0.2506693840250138E-01 -0.1921341342386873E-01 -0.1142542325954608E-01 -0.7754534431073392E-02 -0.1445823466468490E-01 -0.1578372989959958E+00 -0.4048614617296761E+00 -0.5706419825781982E+00 -0.5448813783746664E+00  0.1064002152545801E+01
  0.0000000000000000E+00  0.0000000000000000E+00  0.0000000000000000E+00  0.0000000000000000E+00  0.0000000000000000E+00  0.0000000000000000E+00  0.0000000000000000E+00  0.0000000000000000E+00  0.0000000000000000E+00  0.0000000000000000E+00  0.0000000000000000E+00  0.0000000000000000E+00  0.0000000000000000E+00  0.0000000000000000E+00  0.0000000000000000E+00  0.0000000000000000E+00  0.0000000000000000E+00  0.0000000000000000E+00  0.0000000000000000E+00  0.0000000000000000E+00  0.0000000000000000E+00
