  0.0000000000000000E+00  0.0000000000000000E+00  0.0000000000000000E+00  0.0000000000000000E+00  0.0000000000000000E+00  0.0000000000000000E+00  0.0000000000000000E+00  0.0000000000000000E+00  0.0000000000000000E+00  0.0000000000000000E+00  0.0000000000000000E+00  0.0000000000000000E+00  0.0000000000000000E+00  0.0000000000000000E+00  0.0000000000000000E+00  0.0000000000000000E+00  0.0000000000000000E+00  0.0000000000000000E+00  0.0000000000000000E+00  0.0000000000000000E+00  0.0000000000000000E+00
  0.3713095591494276E-01 -0.1519307806939316E-01 -0.8448278293236723E-02  0.2240326056394235E-02 -0.8969012185747041E-02 -0.3845215966582308E-01 -0.6856646855987354E-01 -0.8166901337292143E-01 -0.8120818630354863E-01 -0.7422648164967305E-01 -0.6187935794983542E-01 -0.3121882783392707E-01  0.2680153717601885E-01  0.9358648709895157E-01  0.1336439808460951E+00  0.1326788793637493E+00  0.9858863387790930E-01  0.4557823531715627E-01 -0.6207910578861152E-02 -0.2514760229526792E-01  0.6923489630694261E-01
  0.6755399419722322E-03  0.1755997409023981E-01  0.5335546221269167E-01  0.7158565165662019E-01  0.4271182535374976E-01 -0.2540704051634590E-01 -0.1164583472476755E+00 -0.2061668277650807E+00 -0.2792851326590000E+00 -0.3162042909448449E+00 -0.3026896734261794E+00 -0.2264287429984974E+00 -0.1014312569405494E+00  0.3607117710395689E-01  0.1449861199805461E+00  0.2000673536617973E+00  0.1966880487007222E+00  0.1456446881816768E+00  0.7137004426389236E-01  0.1081464224080199E-01  0.3892611754148638E-01
 -0.1549522973361400E+00  0.1094267934299250E+00  0.1733280829536349E+00  0.1814807568223144E+00  0.1172395451494507E+00  0.3827736541338173E-02 -0.1375166386130574E+00 -0.2783034904159566E+00 -0.4034105258540277E+00 -0.4869277914507617E+00 -0.5098414866647477E+00 -0.4491067694008858E+00 -0.3093031866981168E+00 -0.1245017217336487E+00  0.5609235069905061E-01  0.1936641588081059E+00  0.2645889555501302E+00  0.2594397274735774E+00  0.1926767279083575E+00  0.1029708607414066E+00 -0.1162358543158623E+00
 -0.4002493181167150E+00  0.2449140523292824E+00  0.3344928388711321E+00  0.3159808815755208E+00  0.2102491646260733E+00  0.5032401022964096E-01 -0.1421073822452721E+00 -0.3362586075669245E+00 -0.5164011358709493E+00 -0.6503242696102705E+00 -0.7138457601071334E+00 -0.6754271712837631E+00 -0.5327184109169651E+00 -0.3193575965739498E+00 -0.9122712470097520E-01  0.1097612869412301E+00  0.2547147538635158E+00  0.3167490312391139E+00  0.2908339817018156E+00  0.1946433741890622E+00 -0.2930961408653711E+00
 -0.6598117070652867E+00  0.3910687618223422E+00  0.5133945784017400E+00  0.4637866071984482E+00  0.3219396038748642E+00  0.1255200533669646E+00 -0.1043530583151406E+00 -0.3367000825331787E+00 -0.5600001782438728E+00 -0.7439388514796602E+00 -0.8629633839145944E+00 -0.8733223491715337E+00 -0.7501945662337660E+00 -0.5186055373603007E+00 -0.2524706545708205E+00 -0.9249263829006768E-02  0.1875802105827710E+00  0.3102819116388812E+00  0.3337042739026283E+00  0.2354292027862446E+00 -0.3725833344561054E+00
 -0.8565577362988783E+00  0.5136768910073453E+00  0.6844729367231575E+00  0.6086615632757767E+00  0.4360181117955135E+00  0.2084075449411024E+00 -0.5178656389829949E-01 -0.3130233817581916E+00 -0.5656291659924707E+00 -0.7855908603172428E+00 -0.9554266101171890E+00 -0.1031842404852281E+01 -0.9618323150071023E+00 -0.7340140845993097E+00 -0.4273306648367777E+00 -0.1404649708428083E+00  0.9277320662442122E-01  0.2573901606574959E+00  0.3170848178081470E+00  0.2187557985041664E+00 -0.3391825777043524E+00
 -0.9363890306300685E+00  0.5888257089458525E+00  0.8300880962074889E+00  0.7439540889256391E+00  0.5497697525262195E+00  0.2997243641626451E+00  0.1730718074766350E-01 -0.2648806155376169E+00 -0.5348236647257467E+00 -0.7726021898900822E+00 -0.9741617275379340E+00 -0.1116406664029845E+01 -0.1135439492339366E+01 -0.9636493143699956E+00 -0.6379156969475939E+00 -0.2946108218693190E+00 -0.1878797321275380E-01  0.1741296751796770E+00  0.2562366959077941E+00  0.1739666774706888E+00 -0.2656633365042723E+00
 -0.8788267680399993E+00  0.6065205755048444E+00  0.9407349584745339E+00  0.8664369848959420E+00  0.6601789850257876E+00  0.3937944128754871E+00  0.9194977305970722E-01 -0.2116228022732824E+00 -0.4970648364218359E+00 -0.7403994306724386E+00 -0.9447242621637677E+00 -0.1121181531624433E+01 -0.1231797627751402E+01 -0.1169708397358929E+01 -0.8870224846802701E+00 -0.5019782444443122E+00 -0.1651226879061378E+00  0.6813207271837718E-01  0.1770976582528356E+00  0.1287424553952269E+00 -0.2091297079328450E+00
 -0.7144767136630257E+00  0.5738709763593784E+00  0.1007136215415110E+01  0.9716504491546020E+00  0.7657306000876986E+00  0.4913223196343669E+00  0.1759188235578912E+00 -0.1477638852899626E+00 -0.4522820804356108E+00 -0.7032424558245186E+00 -0.8956080562532649E+00 -0.1066648609823796E+01 -0.1234193625958405E+01 -0.1298510587249395E+01 -0.1127015549762336E+01 -0.7578827535243230E+00 -0.3671334758049476E+00 -0.7088711047000056E-01  0.8988046464216501E-01  0.9245472191266497E-01 -0.1874837010958299E+00
 -0.5120362748564786E+00  0.5098500783242331E+00  0.1017513960116221E+01  0.1047922373085682E+01  0.8599125157002108E+00  0.5867723237636069E+00  0.2660373859652692E+00 -0.7178358908783869E-01 -0.3950401110747501E+00 -0.6601760062830323E+00 -0.8431752437340587E+00 -0.9837641698376555E+00 -0.1159176891064008E+01 -0.1325794455809098E+01 -0.1302616411375178E+01 -0.1017380946600333E+01 -0.6131963084269643E+00 -0.2540309223265774E+00 -0.1855020863878680E-01  0.5280662632432780E-01 -0.1769700876117702E+00
 -0.3188032700223361E+00  0.4260927901817396E+00  0.9594751005228827E+00  0.1073479242542523E+01  0.9266561791874712E+00  0.6680881306287939E+00  0.3529536829622840E+00  0.1284267616958623E-01 -0.3196531087781901E+00 -0.5979974307738178E+00 -0.7807678734131932E+00 -0.8878344916457320E+00 -0.1031519072118902E+01 -0.1253423211012741E+01 -0.1380235180227408E+01 -0.1233948176488268E+01 -0.8723788901797813E+00 -0.4765369646206852E+00 -0.1620462122423162E+00 -0.7016125106884025E-02 -0.1409978369216641E+00
 -0.1538168544029156E+00  0.3285962589464521E+00  0.8319719224364407E+00  0.1030049207726447E+01  0.9491497571341273E+00  0.7228054507605725E+00  0.4251114829310040E+00  0.9563551905450375E-01 -0.2314960351604048E+00 -0.5117162340711939E+00 -0.6959914736276782E+00 -0.7790769052304121E+00 -0.8730487365874299E+00 -0.1098730778500292E+01 -0.1345943016886879E+01 -0.1370589362031297E+01 -0.1111298011428352E+01 -0.7231670191576645E+00 -0.3459930732321790E+00 -0.9263030535177225E-01 -0.6810215717686224E-01
 -0.2287699776368413E-01  0.2232718891228947E+00  0.6469386696050000E+00  0.9037336156986013E+00  0.9037996943430303E+00  0.7323804286135590E+00  0.4698187402109174E+00  0.1663290455474182E+00 -0.1394968757699891E+00 -0.4050758291508260E+00 -0.5823040230564001E+00 -0.6504516045972837E+00 -0.6973382057674765E+00 -0.8870221997906799E+00 -0.1202874889736508E+01 -0.1400125550162907E+01 -0.1296200375078993E+01 -0.9693331232469721E+00 -0.5640536641732515E+00 -0.2019972451938633E+00  0.4193807140833827E-01
  0.7495488575180648E-01  0.1209330023759576E+00  0.4377538928796792E+00  0.7087541550458197E+00  0.7841747770297570E+00  0.6845609846235305E+00  0.4764096909660283E+00  0.2157780104261409E+00 -0.5288113441033990E-01 -0.2872739673900755E+00 -0.4442381950676421E+00 -0.5005647884293198E+00 -0.5142955124736021E+00 -0.6472314001226424E+00 -0.9697355693819923E+00 -0.1304473417829580E+01 -0.1391190586089889E+01 -0.1182995440595988E+01 -0.7981192355033269E+00 -0.3305303895193343E+00  0.1934719330546759E+00
  0.1343824506171601E+00  0.3490547876735380E-01  0.2390988869192215E+00  0.4702931946919833E+00  0.5886873729064643E+00  0.5631651639964208E+00  0.4276990379509289E+00  0.2304702473394130E+00  0.1708267978617610E-01 -0.1708366399271039E+00 -0.2959254597011162E+00 -0.3401554384493901E+00 -0.3373539949692257E+00 -0.4115919656064300E+00 -0.6818009375491799E+00 -0.1082009417656776E+01 -0.1358243863738304E+01 -0.1322432286740616E+01 -0.1017834005995970E+01 -0.4722591722494831E+00  0.3989435107524792E+00
  0.1223509083382089E+00 -0.9078013674328766E-02  0.9511686731522265E-01  0.2487438351777473E+00  0.3612048469331516E+00  0.3844632955316031E+00  0.3208883923579930E+00  0.1987482545956987E+00  0.5457328848352534E-01 -0.7567799443863485E-01 -0.1622754109783704E+00 -0.1935607707749994E+00 -0.1869391992869289E+00 -0.2141012227294488E+00 -0.3900924138984727E+00 -0.7574548952701001E+00 -0.1168625529418572E+01 -0.1337191622169378E+01 -0.1181099090738349E+01 -0.6206928895372187E+00  0.6809795778733068E+00
  0.2756420502815464E-01 -0.6816982680817422E-02  0.7113256985702373E-02  0.7237060116023683E-01  0.1468672339223148E+00  0.1860010988297319E+00  0.1741691728657122E+00  0.1201436729969193E+00  0.4552832010778041E-01 -0.2523494595953997E-01 -0.7267229174511990E-01 -0.8957393447239655E-01 -0.8333998928458111E-01 -0.8191721798358520E-01 -0.1548940527437681E+00 -0.3938408794309328E+00 -0.8249127335295015E+00 -0.1175473908179923E+01 -0.1224761379133125E+01 -0.7678175475378515E+00  0.1078691263480429E+01
 -0.1672839605142389E+00  0.4575632307322412E-01 -0.3001499129456649E-01 -0.3553436805191935E-01 -0.8382574264659851E-03  0.3260458858568140E-01  0.4538220126971637E-01  0.3559523011001541E-01  0.1176092895714122E-01 -0.1382106716421910E-01 -0.3100237568281175E-01 -0.3493566292197345E-01 -0.2867010428734637E-01 -0.1747305018932473E-01 -0.2278929452437230E-01 -0.9411007730318120E-01 -0.4060196619935305E+00 -0.8208322539717040E+00 -0.1049895486794156E+01 -0.8466668196924684E+00  0.1490104972283249E+01
  0.4136454196168617E+00 -0.2191745457319648E+00 -0.2438782175790326E+00 -0.1775138335273047E+00 -0.1113420874824925E+00 -0.6297062916611866E-01 -0.3294709798888618E-01 -0.1816227980210727E-01 -0.1363462329864260E-01 -0.1331990111937188E-01 -0.1228700302853135E-01 -0.7433228879771779E-02 -0.2661484891356211E-03  0.9288119027635787E-02  0.1167859324764443E-01  0.9823261321029574E-02 -0.1332201714072697E+00 -0.3909293946505936E+00 -0.5670039998955605E+00 -0.5442274209211583E+00  0.1065678262867914E+01
  0.0000000000000000E+00  0.0000000000000000E+00  0.0000000000000000E+00  0.0000000000000000E+00  0.0000000000000000E+00  0.0000000000000000E+00  0.0000000000000000E+00  0.0000000000000000E+00  0.0000000000000000E+00  0.0000000000000000E+00  0.0000000000000000E+00  0.0000000000000000E+00  0.0000000000000000E+00  0.0000000000000000E+00  0.0000000000000000E+00  0.0000000000000000E+00  0.0000000000000000E+00  0.0000000000000000E+00  0.0000000000000000E+00  0.0000000000000000E+00  0.0000000000000000E+00
