  0.0000000000000000E+00  0.0000000000000000E+00  0.0000000000000000E+00  0.0000000000000000E+00  0.0000000000000000E+00  0.0000000000000000E+00  0.0000000000000000E+00  0.0000000000000000E+00  0.0000000000000000E+00  0.0000000000000000E+00  0.0000000000000000E+00  0.0000000000000000E+00  0.0000000000000000E+00  0.0000000000000000E+00  0.0000000000000000E+00  0.0000000000000000E+00  0.0000000000000000E+00  0.0000000000000000E+00  0.0000000000000000E+00  0.0000000000000000E+00  0.0000000000000000E+00
  0.3737276511187743E-01 -0.1531434181855905E-01 -0.8570260343799730E-02  0.2202471842323983E-02 -0.8974283828056860E-02 -0.3844551155340026E-01 -0.6855530267480475E-01 -0.8165098818281354E-01 -0.8119078759868734E-01 -0.7421429874420855E-01 -0.6188329057758433E-01 -0.3125928357364666E-01  0.2670126357601672E-01  0.9343649742171753E-01  0.1334864116102966E+00  0.1325494920099113E+00  0.9850920496528262E-01  0.4556776948390800E-01 -0.6138823106628493E-02 -0.2506766861766136E-01  0.6906418274635559E-01
  0.1000264091509988E-02  0.1742526144021950E-01  0.5327604841216848E-01  0.7155978312266605E-01  0.4269486984026741E-01 -0.2542521628970770E-01 -0.1164643728324691E+00 -0.2061518448524809E+00 -0.2792495950880911E+00 -0.3161637899954367E+00 -0.3026705121371061E+00 -0.2264646273428305E+00 -0.1015383823526001E+00  0.3590010698071845E-01  0.1447784040190084E+00  0.1998564619267710E+00  0.1965102287095059E+00  0.1455406598508523E+00  0.7138061675652407E-01  0.1090009396318188E-01  0.3868033486697844E-01
 -0.1548703778798702E+00  0.1093793515013257E+00  0.1732676766241069E+00  0.1814249489314796E+00  0.1171488159634847E+00  0.3752270609951514E-02 -0.1375560803363543E+00 -0.2782864815256865E+00 -0.4033483327983826E+00 -0.4868384955161188E+00 -0.5097542311746578E+00 -0.4490553162454951E+00 -0.3093133235345571E+00 -0.1245855017661327E+00  0.5593884373913997E-01  0.1934540856243869E+00  0.2643522240541012E+00  0.2592300763296649E+00  0.1925750835584398E+00  0.1029737101410209E+00 -0.1163460468646230E+00
 -0.4003187044726689E+00  0.2449169020404068E+00  0.3344320016485515E+00  0.3158400221597868E+00  0.2100694447150141E+00  0.5017410522673706E-01 -0.1421827464905429E+00 -0.3362436510460959E+00 -0.5163059188632353E+00 -0.6501834439109927E+00 -0.7136934052411599E+00 -0.6753031147708494E+00 -0.5326441105567348E+00 -0.3193480547880124E+00 -0.9128908474795490E-01  0.1096180981040445E+00  0.2544897493451594E+00  0.3164880088934758E+00  0.2906280585834680E+00  0.1945271037056589E+00 -0.2929532525335087E+00
 -0.6599403796100174E+00  0.3910702090457318E+00  0.5132702475271780E+00  0.4635475162869436E+00  0.3216550899055981E+00  0.1252966187681925E+00 -0.1044687351444899E+00 -0.3366801946403379E+00 -0.5598622271376316E+00 -0.7437270457672234E+00 -0.8627261755591304E+00 -0.8731092734783662E+00 -0.7500361339367587E+00 -0.5185177980036184E+00 -0.2524494132377979E+00 -0.9304020269831563E-02  0.1874211049774492E+00  0.3100335219078750E+00  0.3334468787982732E+00  0.2352418039878449E+00 -0.3722785331652615E+00
 -0.8565064240036205E+00  0.5135864058490599E+00  0.6842527935435593E+00  0.6083007190436255E+00  0.4356282612402884E+00  0.2080945298770072E+00 -0.5194843810069168E-01 -0.3130091685677793E+00 -0.5654478868092065E+00 -0.7853055850437828E+00 -0.9550977716560320E+00 -0.1031530539115888E+01 -0.9615777014263091E+00 -0.7338500267272566E+00 -0.4272531465760264E+00 -0.1404486792531372E+00  0.9269455090351240E-01  0.2571989904467613E+00  0.3168408384596461E+00  0.2185896604370241E+00 -0.3389281428514263E+00
 -0.9361065252415619E+00  0.5886140449826962E+00  0.8297356097065267E+00  0.7434776617172959E+00  0.5492614287865973E+00  0.2993152787953436E+00  0.1708061097129965E-01 -0.2648802531799702E+00 -0.5346047566357568E+00 -0.7722366876268830E+00 -0.9737367555204395E+00 -0.1115991855959704E+01 -0.1135071563347531E+01 -0.9633782441356841E+00 -0.6377729632384989E+00 -0.2945497437187919E+00 -0.1879692373445609E-01  0.1740194764179429E+00  0.2560693135872842E+00  0.1738638337094461E+00 -0.2655221875410541E+00
 -0.8782884594429818E+00  0.6061801933011464E+00  0.9402521204604573E+00  0.8658436687373928E+00  0.6595606619778737E+00  0.3932784955031279E+00  0.9165149051273820E-01 -0.2116500870075081E+00 -0.4968119154099909E+00 -0.7399489720609683E+00 -0.9441958936676670E+00 -0.1120674456216364E+01 -0.1231332919798325E+01 -0.1169310553465051E+01 -0.8867669215116666E+00 -0.5018462797173967E+00 -0.1650640419808157E+00  0.6811316462918046E-01  0.1770247957478534E+00  0.1287032763118077E+00 -0.2090850331875698E+00
 -0.7138947716179271E+00  0.5734705910218151E+00  0.1006517001447518E+01  0.9709531278839062E+00  0.7650049541651481E+00  0.4907023636745187E+00  0.1755325241722165E+00 -0.1478356622820310E+00 -0.4520155229755290E+00 -0.7027065254308563E+00 -0.8949561145084561E+00 -0.1066040379814921E+01 -0.1233659925510974E+01 -0.1298020724181231E+01 -0.1126634815939596E+01 -0.7576470617545128E+00 -0.3669804659898563E+00 -0.7081367540754674E-01  0.8989299199265025E-01  0.9245322339307374E-01 -0.1874666781865710E+00
 -0.5115436712269275E+00  0.5094404244939510E+00  0.1016777602254926E+01  0.1047113928333033E+01  0.8590954052363050E+00  0.5860522188409556E+00  0.2655589904126945E+00 -0.7192655291031780E-01 -0.3947980448843121E+00 -0.6595919472477753E+00 -0.8424043957584452E+00 -0.9830349603095556E+00 -0.1158581305946467E+01 -0.1325250997400377E+01 -0.1302145785923712E+01 -0.1017045623270071E+01 -0.6129485618941822E+00 -0.2538547054792019E+00 -0.1846203700022958E-01  0.5283862311116549E-01 -0.1769779063337261E+00
 -0.3184730653052488E+00  0.4257101916777638E+00  0.9586575097280425E+00  0.1072572791840620E+01  0.9257587566929896E+00  0.6672921734796958E+00  0.3523895570050474E+00  0.1262029880615064E-01 -0.3194723028170794E+00 -0.5974217067733082E+00 -0.7799265010355863E+00 -0.8869959406716427E+00 -0.1030863756292398E+01 -0.1252860542131807E+01 -0.1379713622888891E+01 -0.1233548582313390E+01 -0.8720618061046524E+00 -0.4762759315240710E+00 -0.1618794287019829E+00 -0.6950219904340031E-02 -0.1410287689889628E+00
 -0.1536283194526101E+00  0.3282596404786153E+00  0.8311506019832356E+00  0.1029070704329580E+01  0.9481914081869145E+00  0.7219571417013931E+00  0.4244904389368520E+00  0.9534450801949813E-01 -0.2313865199857766E+00 -0.5111930796459958E+00 -0.6951481076959487E+00 -0.7781783761652341E+00 -0.8723570030121721E+00 -0.1098175854098430E+01 -0.1345413298771709E+01 -0.1370153782955525E+01 -0.1110957799608089E+01 -0.7228511214397486E+00 -0.3457663090084862E+00 -0.9252698716720811E-01 -0.6818534750686184E-01
 -0.2282802664720651E-01  0.2230126817612559E+00  0.6462100186365614E+00  0.9027594395976813E+00  0.9028090775973862E+00  0.7315038207897613E+00  0.4691619529462464E+00  0.1659900731501079E+00 -0.1394527809813411E+00 -0.4046260696179386E+00 -0.5815196835330914E+00 -0.6495735079308864E+00 -0.6966590635273046E+00 -0.8865160825729267E+00 -0.1202371267347492E+01 -0.1399680921886865E+01 -0.1295859091323833E+01 -0.9690113148932170E+00 -0.5637885357300985E+00 -0.2018768925734697E+00  0.4184214199031056E-01
  0.7488400307312659E-01  0.1207762215244161E+00  0.4372126676463748E+00  0.7078859293883806E+00  0.7832153956321137E+00  0.6836865629625363E+00  0.4757438854939122E+00  0.2154114965047624E+00 -0.5288909337008910E-01 -0.2869058106783883E+00 -0.4435615967459181E+00 -0.4997907626162554E+00 -0.5137045469954414E+00 -0.6468202889179031E+00 -0.9693057899425553E+00 -0.1304034627838653E+01 -0.1390863201888080E+01 -0.1182687976168086E+01 -0.7978548760652402E+00 -0.3303965726347100E+00  0.1933348418388896E+00
  0.1341707071811119E+00  0.3487513893889194E-01  0.2387961239977877E+00  0.4696501221330956E+00  0.5878576320728498E+00  0.5623460678103321E+00  0.4270428219561331E+00  0.2300833382934842E+00  0.1701990417899350E-01 -0.1705683526924833E+00 -0.2954024058580045E+00 -0.3395650740954335E+00 -0.3369220302468976E+00 -0.4113290417384614E+00 -0.6814863544964125E+00 -0.1081607516264256E+01 -0.1357917943734241E+01 -0.1322158008629999E+01 -0.1017581105872905E+01 -0.4721341160932880E+00  0.3988212424069595E+00
  0.1220261854491266E+00 -0.8997176755663970E-02  0.9503465518213465E-01  0.2483920562953430E+00  0.3606391201939326E+00  0.3838265268990066E+00  0.3203294495821181E+00  0.1983816055326794E+00  0.5446102711697219E-01 -0.7553216199201772E-01 -0.1619497136183679E+00 -0.1932033165900661E+00 -0.1867094925434056E+00 -0.2140059849164533E+00 -0.3899357256126197E+00 -0.7571227528408624E+00 -0.1168302978290163E+01 -0.1336931539260993E+01 -0.1180880304068736E+01 -0.6205659556741411E+00  0.6808175629536868E+00
  0.2735886155468303E-01 -0.6741298968954799E-02  0.7134964647818638E-02  0.7224107422740939E-01  0.1465741535383523E+00  0.1856179827491310E+00  0.1737979752392046E+00  0.1198764768041121E+00  0.4541586070624425E-01 -0.2519337481975215E-01 -0.7253485028855364E-01 -0.8943258507164191E-01 -0.8328062609776136E-01 -0.8195671586943722E-01 -0.1548931968280300E+00 -0.3936367208267188E+00 -0.8246014943748332E+00 -0.1175226825674211E+01 -0.1224565287013051E+01 -0.7677165490194128E+00  0.1078584360045187E+01
 -0.1672395537054109E+00  0.4575709587771955E-01 -0.2996826607225221E-01 -0.3554035605851159E-01 -0.9306253604996073E-03  0.3244437421637595E-01  0.4520071040755081E-01  0.3544198881765212E-01  0.1166732075552534E-01 -0.1385031285995923E-01 -0.3099162029922101E-01 -0.3492158831515955E-01 -0.2869178808271741E-01 -0.1754708315208300E-01 -0.2288305441562439E-01 -0.9406053094719535E-01 -0.4057780571005329E+00 -0.8205979814465418E+00 -0.1049750498053432E+01 -0.8465794981323669E+00  0.1489987996343669E+01
  0.4136635432578719E+00 -0.2192016882710199E+00 -0.2439415215551879E+00 -0.1775983308312465E+00 -0.1114384038582415E+00 -0.6307510074791488E-01 -0.3305343809481174E-01 -0.1825825394887678E-01 -0.1370977187137013E-01 -0.1337115880805840E-01 -0.1232204888811736E-01 -0.7464610814523902E-02 -0.3065440931068065E-03  0.9235524287864300E-02  0.1160996227894101E-01  0.9806549850632661E-02 -0.1330976231310706E+00 -0.3907900087906797E+00 -0.5669146969642669E+00 -0.5442099070585175E+00  0.1065715024211285E+01
  0.0000000000000000E+00  0.0000000000000000E+00  0.0000000000000000E+00  0.0000000000000000E+00  0.0000000000000000E+00  0.0000000000000000E+00  0.0000000000000000E+00  0.0000000000000000E+00  0.0000000000000000E+00  0.0000000000000000E+00  0.0000000000000000E+00  0.0000000000000000E+00  0.0000000000000000E+00  0.0000000000000000E+00  0.0000000000000000E+00  0.0000000000000000E+00  0.0000000000000000E+00  0.0000000000000000E+00  0.0000000000000000E+00  0.0000000000000000E+00  0.0000000000000000E+00
