  0.0000000000000000E+00  0.0000000000000000E+00  0.0000000000000000E+00  0.0000000000000000E+00  0.0000000000000000E+00  0.0000000000000000E+00  0.0000000000000000E+00  0.0000000000000000E+00  0.0000000000000000E+00  0.0000000000000000E+00  0.0000000000000000E+00  0.0000000000000000E+00  0.0000000000000000E+00  0.0000000000000000E+00  0.0000000000000000E+00  0.0000000000000000E+00  0.0000000000000000E+00  0.0000000000000000E+00  0.0000000000000000E+00  0.0000000000000000E+00  0.0000000000000000E+00
  0.1072470495908699E-01 -0.7423507638640309E-02 -0.1154581795683394E-01 -0.1309529280229372E-01 -0.1402831473643603E-01 -0.1483349127755300E-01 -0.1567530477816666E-01 -0.1658520638098990E-01 -0.1758795163969808E-01 -0.1867523070637783E-01 -0.1983872013419433E-01 -0.2105184860688925E-01 -0.2228117683422215E-01 -0.2347811441158008E-01 -0.2457922381860670E-01 -0.2549536158514438E-01 -0.2606055686822809E-01 -0.2583176030802351E-01 -0.2334723920342369E-01 -0.1409467062759444E-01  0.1893677267935964E-01
  0.1552784918402215E-01 -0.9858560462344200E-02 -0.1404783220301045E-01 -0.1573911274408850E-01 -0.1703329389646343E-01 -0.1843920461540479E-01 -0.1999785825148193E-01 -0.2176796207334436E-01 -0.2373736891048314E-01 -0.2591008180677945E-01 -0.2824976119627042E-01 -0.3071666321442892E-01 -0.3323920654818553E-01 -0.3572787260383363E-01 -0.3806518241771929E-01 -0.4010114284106568E-01 -0.4160981738912335E-01 -0.4201433168159426E-01 -0.3917451882305230E-01 -0.2529696365966490E-01  0.3671637215594241E-01
  0.1926885133635920E-01 -0.1204959756829144E-01 -0.1687994136851512E-01 -0.1873533702150981E-01 -0.2054086053829512E-01 -0.2264465465353675E-01 -0.2513488529458498E-01 -0.2798216834344076E-01 -0.3120500136545783E-01 -0.3476117444788750E-01 -0.3861650714709217E-01 -0.4268791218540545E-01 -0.4687253823610717E-01 -0.5102309279883015E-01 -0.5495656014929558E-01 -0.5844747591756520E-01 -0.6116277241831135E-01 -0.6228982993506344E-01 -0.5867564481858906E-01 -0.3846469885491539E-01  0.5671845174615711E-01
  0.2246171292227429E-01 -0.1384989517940654E-01 -0.1908797261594534E-01 -0.2118852059616704E-01 -0.2341263252693492E-01 -0.2623894860033419E-01 -0.2961807292254122E-01 -0.3357377166349105E-01 -0.3805857479449396E-01 -0.4305729232605712E-01 -0.4849281999034172E-01 -0.5427549470973165E-01 -0.6025406120462130E-01 -0.6623237598739468E-01 -0.7195592757774523E-01 -0.7710482732550997E-01 -0.8122730539611127E-01 -0.8320480115685942E-01 -0.7877439818323384E-01 -0.5180507069427946E-01  0.7664081389960453E-01
  0.2467518577082796E-01 -0.1514600399301774E-01 -0.2076282620822527E-01 -0.2304282680044175E-01 -0.2576945829147329E-01 -0.2927976180169866E-01 -0.3359745653759244E-01 -0.3865895705501803E-01 -0.4446964556692757E-01 -0.5096930399579758E-01 -0.5810348534562034E-01 -0.6574621704558557E-01 -0.7372528775688117E-01 -0.8178518027308368E-01 -0.8958690868278182E-01 -0.9669973462667125E-01 -0.1024841365276694E+00 -0.1054500418528769E+00 -0.1000337260627350E+00 -0.6565289872176620E-01  0.9692497010256361E-01
  0.2618110499956115E-01 -0.1593178504439254E-01 -0.2161425013361646E-01 -0.2414000666636394E-01 -0.2732732915637496E-01 -0.3158396099522739E-01 -0.3681649447763283E-01 -0.4303280497157512E-01 -0.5018876038340575E-01 -0.5827619696911630E-01 -0.6721808626292461E-01 -0.7690593840321069E-01 -0.8713556328199729E-01 -0.9760277333633721E-01 -0.1078773127961483E+00 -0.1173658474913434E+00 -0.1251961878314534E+00 -0.1293491148818212E+00 -0.1227927306185054E+00 -0.8017033665480913E-01  0.1177182793459220E+00
  0.2649972381368828E-01 -0.1601193531365580E-01 -0.2153608212727913E-01 -0.2421448362308650E-01 -0.2793385491979518E-01 -0.3290837913701807E-01 -0.3910158749411858E-01 -0.4646024058948604E-01 -0.5501413541980189E-01 -0.6474284366385087E-01 -0.7562671738957270E-01 -0.8756058297913338E-01 -0.1003497858145293E+00 -0.1136508664445939E+00 -0.1269248292150635E+00 -0.1393953347533678E+00 -0.1498215605398943E+00 -0.1555074339950763E+00 -0.1475887086224839E+00 -0.9560676517462728E-01  0.1392315869013979E+00
  0.2570880010075961E-01 -0.1532953774039775E-01 -0.2027981312043365E-01 -0.2312323451272765E-01 -0.2734366819989034E-01 -0.3308655663468518E-01 -0.4020688896603242E-01 -0.4872753313082686E-01 -0.5866710262670129E-01 -0.7009274032818642E-01 -0.8301889808966080E-01 -0.9741393644981261E-01 -0.1131174320570637E+00 -0.1297780527783776E+00 -0.1467750048124122E+00 -0.1630729690500168E+00 -0.1769608215064069E+00 -0.1847026370719093E+00 -0.1751638513293638E+00 -0.1121912411482337E+00  0.1614098721153373E+00
  0.2337706960252795E-01 -0.1369537257232011E-01 -0.1770904811443237E-01 -0.2062880979747747E-01 -0.2541069095181776E-01 -0.3189179897220194E-01 -0.3994474409433463E-01 -0.4956288805158478E-01 -0.6086308857935055E-01 -0.7396113017266048E-01 -0.8899341021228022E-01 -0.1060293012657027E+00 -0.1250177181495081E+00 -0.1456790546325764E+00 -0.1673343471336827E+00 -0.1887050076041379E+00 -0.2073559595897361E+00 -0.2180725286293490E+00 -0.2065158434002383E+00 -0.1302092087033684E+00  0.1841117827098670E+00
  0.1942782941802882E-01 -0.1100361398603129E-01 -0.1358301254006504E-01 -0.1659253614169004E-01 -0.2193692505955289E-01 -0.2918458716910947E-01 -0.3809174144161138E-01 -0.4872956372484109E-01 -0.6125576592327836E-01 -0.7592653435643569E-01 -0.9301264790417380E-01 -0.1127785521896118E+00 -0.1353866857013575E+00 -0.1607439207953438E+00 -0.1882807735392987E+00 -0.2164701294440727E+00 -0.2419839439043904E+00 -0.2572110857913246E+00 -0.2431709183567081E+00 -0.1499311389043093E+00  0.2066224983562200E+00
  0.1338146807623434E-01 -0.7037803622137890E-02 -0.7731942790179326E-02 -0.1082507264226194E-01 -0.1683226051603392E-01 -0.2481893709265984E-01 -0.3450771005737202E-01 -0.4597453867941604E-01 -0.5950542287028033E-01 -0.7548331404223986E-01 -0.9439796130252216E-01 -0.1167902925013711E+00 -0.1431780711266286E+00 -0.1739063441073533E+00 -0.2087592139187497E+00 -0.2462621567825486E+00 -0.2819241152432551E+00 -0.3044987683380446E+00 -0.2874034534661101E+00 -0.1718001671047556E+00  0.2279970478481567E+00
  0.4877895045947003E-02 -0.1593894420883897E-02  0.9621178329531251E-04 -0.3243683034554579E-02 -0.1002999803909118E-01 -0.1878085857460315E-01 -0.2909121299806787E-01 -0.4112737642274415E-01 -0.5527021680299098E-01 -0.7209275783877993E-01 -0.9232925467408387E-01 -0.1168918978272378E+00 -0.1468548623469234E+00 -0.1833067354872436E+00 -0.2269892409919149E+00 -0.2770619812009930E+00 -0.3280999626943449E+00 -0.3631243569205703E+00 -0.3428523911930214E+00 -0.1967382151584966E+00  0.2473622542824684E+00
 -0.6985623973476067E-02  0.5698427120667629E-02  0.1010965738852682E-01  0.6193324930020819E-02 -0.1646651208986401E-02 -0.1116077207893662E-01 -0.2190223008137745E-01 -0.3410430223096354E-01 -0.4830214363278704E-01 -0.6523555975783758E-01 -0.8590372701813850E-01 -0.1116467280085514E+00 -0.1442396617067013E+00 -0.1859862685714895E+00 -0.2394146727018188E+00 -0.3058364160823732E+00 -0.3798598004271379E+00 -0.4365329356883954E+00 -0.4148538982048499E+00 -0.2276743240767863E+00  0.2681690740255090E+00
 -0.2362408590751951E-01  0.1539320898340600E-01  0.2255554104269848E-01  0.1729549807604536E-01  0.7997584220113591E-02 -0.2310340118438349E-02 -0.1318147154050062E-01 -0.2503019903978767E-01 -0.3852693367090538E-01 -0.5456238566027742E-01 -0.7432999281647082E-01 -0.9952043762866439E-01 -0.1326668331641776E+00 -0.1775856417839343E+00 -0.2398121208417143E+00 -0.3252195152264673E+00 -0.4316664226745762E+00 -0.5247798597426667E+00 -0.5097540385333502E+00 -0.2718802490001956E+00  0.3058867084672366E+00
 -0.4765109320842474E-01  0.2833835661486965E-01  0.3736397663618420E-01  0.2940544123511150E-01  0.1807678761057583E-01  0.7054530724600746E-02 -0.3520009712567816E-02 -0.1434040684902870E-01 -0.2624506030122613E-01 -0.4017638654410433E-01 -0.5734426134921258E-01 -0.7954158886061992E-01 -0.1097088777629198E+00 -0.1531043330296566E+00 -0.2190238569533175E+00 -0.3212957413491725E+00 -0.4670841011951538E+00 -0.6161913848686833E+00 -0.6285337774394810E+00 -0.3410513196338031E+00  0.3946201814619281E+00
 -0.8555310173081018E-01  0.4654658349121601E-01  0.5408664874283786E-01  0.4083393199996947E-01  0.2687161939555860E-01  0.1550533331960791E-01  0.5951134829851296E-02 -0.3029496438966347E-02 -0.1242763398034786E-01 -0.2310560731020947E-01 -0.3602699060901145E-01 -0.5259609745991690E-01 -0.7540590431592026E-01 -0.1099888083272698E+00 -0.1687778152675892E+00 -0.2758113011174985E+00 -0.4567476023794063E+00 -0.6780238520487706E+00 -0.7535820003481768E+00 -0.4427860201542567E+00  0.5747760601145933E+00
 -0.1271164199894093E+00  0.6427688911971111E-01  0.6571424736972399E-01  0.4579068003488744E-01  0.3032222812740528E-01  0.2025779950063947E-01  0.1308906179429374E-01  0.6939271218032629E-02  0.7735939744596283E-03 -0.6002870269334793E-02 -0.1385146775891862E-01 -0.2336272245806053E-01 -0.3576672272969361E-01 -0.5482155925064028E-01 -0.9245389802429456E-01 -0.1806864516186535E+00 -0.3707197871217742E+00 -0.6582096955612660E+00 -0.8333009525027110E+00 -0.5720302485742280E+00  0.8827897932199730E+00
 -0.2878561925029175E+00  0.1179527731632259E+00  0.6600212698676032E-01  0.3299935409646247E-01  0.2059306869552166E-01  0.1665889018486713E-01  0.1484381868090286E-01  0.1297339223999232E-01  0.1056978396092574E-01  0.7665036069958471E-02  0.4426202243725646E-02  0.1137411589418549E-02 -0.1815748130210805E-02 -0.4830619536888481E-02 -0.1399983281252729E-01 -0.5830171511938907E-01 -0.2073011781682844E+00 -0.5037641492965018E+00 -0.7639558588965926E+00 -0.6688244481805705E+00  0.1242517485645119E+01
  0.1146966820726059E+00 -0.4965533867201926E-01 -0.3426933394345186E-01 -0.1142721085815137E-01  0.3381128795128824E-02  0.1053121882707914E-01  0.1334973290800952E-01  0.1398887106870636E-01  0.1354047364617469E-01  0.1256121865291856E-01  0.1139683664194471E-01  0.1036524928726536E-01  0.9870870838976253E-02  0.1004051242115503E-01  0.8836788951665720E-02 -0.7245810118088459E-02 -0.8007779394484979E-01 -0.2539382734890962E+00 -0.4247045580168013E+00 -0.4406334815587953E+00  0.8971958866595846E+00
  0.0000000000000000E+00  0.0000000000000000E+00  0.0000000000000000E+00  0.0000000000000000E+00  0.0000000000000000E+00  0.0000000000000000E+00  0.0000000000000000E+00  0.0000000000000000E+00  0.0000000000000000E+00  0.0000000000000000E+00  0.0000000000000000E+00  0.0000000000000000E+00  0.0000000000000000E+00  0.0000000000000000E+00  0.0000000000000000E+00  0.0000000000000000E+00  0.0000000000000000E+00  0.0000000000000000E+00  0.0000000000000000E+00  0.0000000000000000E+00  0.0000000000000000E+00
