  0.0000000000000000E+00  0.0000000000000000E+00  0.0000000000000000E+00  0.0000000000000000E+00  0.0000000000000000E+00  0.0000000000000000E+00  0.0000000000000000E+00  0.0000000000000000E+00  0.0000000000000000E+00  0.0000000000000000E+00  0.0000000000000000E+00  0.0000000000000000E+00  0.0000000000000000E+00  0.0000000000000000E+00  0.0000000000000000E+00  0.0000000000000000E+00  0.0000000000000000E+00  0.0000000000000000E+00  0.0000000000000000E+00  0.0000000000000000E+00  0.0000000000000000E+00
  0.3670437367037166E-01 -0.1500961489655691E-01 -0.8324471019299080E-02  0.2279822175991046E-02 -0.8960702047034240E-02 -0.3844286602007421E-01 -0.6857754519116978E-01 -0.8171019139132132E-01 -0.8126386185177158E-01 -0.7428310748933908E-01 -0.6193062068581393E-01 -0.3125151793453992E-01  0.2682125274302680E-01  0.9368434799020182E-01  0.1337926688486664E+00  0.1328297355789249E+00  0.9870244343214410E-01  0.4562307043239038E-01 -0.6249495081185674E-02 -0.2521467430066179E-01  0.6939452782079968E-01
  0.3825889347128381E-03  0.1768215593477972E-01  0.5342905673905201E-01  0.7159566037544914E-01  0.4277475661810520E-01 -0.2530604248604511E-01 -0.1163383845608971E+00 -0.2060752163391797E+00 -0.2792345104758835E+00 -0.3162106466777560E+00 -0.3027392106520991E+00 -0.2264831080143619E+00 -0.1014346664855201E+00  0.3615767724845014E-01  0.1451566554363868E+00  0.2002829998974548E+00  0.1968949397213985E+00  0.1457879290011020E+00  0.7139804479927254E-01  0.1075879207589980E-01  0.3912166857157316E-01
 -0.1549947509139801E+00  0.1094370240320767E+00  0.1733163211822500E+00  0.1815427144057907E+00  0.1174027545889536E+00  0.4038797437262115E-02 -0.1373228550796273E+00 -0.2781692962739469E+00 -0.4033536625940224E+00 -0.4869589590081372E+00 -0.5099631977875128E+00 -0.4492861999546943E+00 -0.3094733364770766E+00 -0.1245822430286246E+00  0.5613502752173925E-01  0.1938180491116971E+00  0.2648144655056410E+00  0.2596674078600406E+00  0.1928177766938846E+00  0.1030116642695026E+00 -0.1162172161146231E+00
 -0.3999180472658048E+00  0.2447996908639195E+00  0.3344810253259536E+00  0.3161398744749835E+00  0.2105669915221175E+00  0.5066326403983610E-01 -0.1418041653467584E+00 -0.3360562973437200E+00 -0.5162998180957975E+00 -0.6503347023409053E+00 -0.7139728769394098E+00 -0.6756554974920895E+00 -0.5329850366050746E+00 -0.3195606735446453E+00 -0.9130908356066497E-01  0.1098128229972662E+00  0.2548900303659403E+00  0.3169998253742812E+00  0.2910621478378514E+00  0.1948018801437602E+00 -0.2933434925934292E+00
 -0.6594982722254217E+00  0.3909755281077456E+00  0.5134283120978151E+00  0.4640886139320999E+00  0.3223840497156700E+00  0.1259634177081006E+00 -0.1040134967652529E+00 -0.3365121899138306E+00 -0.5599602249700303E+00 -0.7440131198072621E+00 -0.8631569067417607E+00 -0.8736345626517266E+00 -0.7505811646544517E+00 -0.5189404539454558E+00 -0.2526711427372421E+00 -0.9311306503643086E-02  0.1876661331193168E+00  0.3104919920552091E+00  0.3339642891981247E+00  0.2356385002614386E+00 -0.3729512115861911E+00
 -0.8564520659623731E+00  0.5137020501007227E+00  0.6846540843397950E+00  0.6091209470833192E+00  0.4366347322764880E+00  0.2089782572740205E+00 -0.5137802193124377E-01 -0.3128525372294334E+00 -0.5656639917279743E+00 -0.7857507675023021E+00 -0.9556725367688771E+00 -0.1032198126604709E+01 -0.9623068222899368E+00 -0.7344779753399786E+00 -0.4276460454320352E+00 -0.1406272695418225E+00  0.9275883578803461E-01  0.2575277624581261E+00  0.3173092194087401E+00  0.2189308257404921E+00 -0.3394832578127361E+00
 -0.9367444517746600E+00  0.5890645000093860E+00  0.8304490482534982E+00  0.7446016683918998E+00  0.5505618809887862E+00  0.3004464264674964E+00  0.1776928923894829E-01 -0.2647640424440200E+00 -0.5350263283306268E+00 -0.7729628267028346E+00 -0.9745532991042349E+00 -0.1116824172664388E+01 -0.1135973962813487E+01 -0.9642408654966458E+00 -0.6383649411418676E+00 -0.2948780920504233E+00 -0.1889707765350298E-01  0.1741708611303426E+00  0.2563793573102398E+00  0.1740699857604668E+00 -0.2658305999711605E+00
 -0.8795698463086551E+00  0.6069612052424864E+00  0.9413137694188042E+00  0.8672597725496891E+00  0.6611725056428505E+00  0.3946922926691921E+00  0.9251819173073533E-01 -0.2115303601526328E+00 -0.4974308967704347E+00 -0.7410246979835122E+00 -0.9453509450923432E+00 -0.1121701592079086E+01 -0.1232351432561318E+01 -0.1170375477978958E+01 -0.8876164101871414E+00 -0.5023750767015503E+00 -0.1653513633294367E+00  0.6806656865013365E-01  0.1771386032695721E+00  0.1287878485513496E+00 -0.2092249423844768E+00
 -0.7153708471317033E+00  0.5744314371016011E+00  0.1007923464173100E+01  0.9726518479884230E+00  0.7669026254869442E+00  0.4924122477413260E+00  0.1766171077439023E+00 -0.1476437129080253E+00 -0.4527744800715659E+00 -0.7041464708330237E+00 -0.8965664621443309E+00 -0.1067371586612869E+01 -0.1234772572435449E+01 -0.1299183339559504E+01 -0.1127694616496998E+01 -0.7584037542211066E+00 -0.3674924680994584E+00 -0.7108200052088133E-01  0.8982668791529339E-01  0.9244984805197332E-01 -0.1875228562406266E+00
 -0.5127594384601961E+00  0.5104188739801528E+00  0.1018497183480263E+01  0.1049082458236400E+01  0.8612352585246308E+00  0.5880201643492130E+00  0.2668873618988051E+00 -0.7157001880596169E-01 -0.3955377834776857E+00 -0.6612482969282351E+00 -0.8444423494132497E+00 -0.9847599825807689E+00 -0.1159833779459496E+01 -0.1326436537768906E+01 -0.1303314249729137E+01 -0.1017964347772506E+01 -0.6136585023792244E+00 -0.2543459457585283E+00 -0.1870811255747069E-01  0.5275857220054268E-01 -0.1769838291590987E+00
 -0.3193077700241833E+00  0.4266260127511579E+00  0.9605702682292903E+00  0.1074773714738201E+01  0.9280659364082836E+00  0.6694343579714467E+00  0.3539171416255570E+00  0.1317439770258530E-01 -0.3200683335977408E+00 -0.5990855553314125E+00 -0.7822082880929977E+00 -0.8890749254900202E+00 -0.1032281528174580E+01 -0.1254031319428100E+01 -0.1380896419854840E+01 -0.1234540291533327E+01 -0.8728735531122763E+00 -0.4769464552981962E+00 -0.1622918714545204E+00 -0.7120338413145480E-02 -0.1409308562150839E+00
 -0.1540783898294511E+00  0.3290460880414330E+00  0.8330598742948478E+00  0.1031400436750985E+01  0.9505945111858778E+00  0.7241685389178240E+00  0.4261262406758735E+00  0.9605536168482040E-01 -0.2317930483202782E+00 -0.5127063452847473E+00 -0.6974313512159817E+00 -0.7804304305951760E+00 -0.8738880268682886E+00 -0.1099291778216925E+01 -0.1346545149402377E+01 -0.1371144269899436E+01 -0.1111772271210169E+01 -0.7236022510885932E+00 -0.3463106862137247E+00 -0.9276734066106285E-01 -0.6800866423053620E-01
 -0.2295597954975204E-01  0.2236047286267504E+00  0.6478582063304992E+00  0.9050217929949910E+00  0.9052010944305705E+00  0.7337017565616516E+00  0.4708210729342470E+00  0.1667976513207409E+00 -0.1396838747598227E+00 -0.4059140647524863E+00 -0.5836035442788052E+00 -0.6517479480241576E+00 -0.6981509874668965E+00 -0.8875053394062173E+00 -0.1203389588383932E+01 -0.1400641205322942E+01 -0.1296615700728892E+01 -0.9697510927894664E+00 -0.5643888033797599E+00 -0.2021626906960489E+00  0.4209926870838676E-01
  0.7505925974072919E-01  0.1211087796483606E+00  0.4383855986858110E+00  0.7098215405374748E+00  0.7854373645292912E+00  0.6857752299212755E+00  0.4773516223505806E+00  0.2162530156650680E+00 -0.5297736985259902E-01 -0.2879401086305377E+00 -0.4453093580302515E+00 -0.5016474828159974E+00 -0.5149602338986252E+00 -0.6475680556142632E+00 -0.9701405399819347E+00 -0.1304939493714757E+01 -0.1391563165703550E+01 -0.1183353421426310E+01 -0.7984503447466230E+00 -0.3306905646047856E+00  0.1936213490677338E+00
  0.1346580145311351E+00  0.3491236895142932E-01  0.2393951213854230E+00  0.4710100185065912E+00  0.5896807289575685E+00  0.5642014707975103E+00  0.4285429212029717E+00  0.2309359268281812E+00  0.1707375099924356E-01 -0.1713114720385839E+00 -0.2967064149895636E+00 -0.3409226227812214E+00 -0.3377674751584449E+00 -0.4117297794440133E+00 -0.6820479113439851E+00 -0.1082431507708962E+01 -0.1358588208431048E+01 -0.1322747065688187E+01 -0.1018121739460929E+01 -0.4724252929731522E+00  0.3991541394585276E+00
  0.1227708691240488E+00 -0.9208291768741319E-02  0.9514599381782489E-01  0.2490744894404975E+00  0.3618087139749012E+00  0.3851818131435162E+00  0.3215289349128647E+00  0.1991400852176599E+00  0.5462685466687781E-01 -0.7595277779690537E-01 -0.1627398860781705E+00 -0.1939759300021617E+00 -0.1870849998115349E+00 -0.2140259277187376E+00 -0.3901561372228591E+00 -0.7577893824713847E+00 -0.1168982423842892E+01 -0.1337469053824246E+01 -0.1181361418323263E+01 -0.6208346239254042E+00  0.6811424534529495E+00
  0.2780197876249111E-01 -0.6917674253486611E-02  0.7048956002031280E-02  0.7246133142682024E-01  0.1471443989182615E+00  0.1863948472428894E+00  0.1745562727603095E+00  0.1204055020465939E+00  0.4560067457843127E-01 -0.2533977098171578E-01 -0.7285765912042490E-01 -0.8970669942784139E-01 -0.8329681238762980E-01 -0.8171696985394067E-01 -0.1547780437729010E+00 -0.3940404419824874E+00 -0.8252551525558983E+00 -0.1175760798385864E+01 -0.1224974109418366E+01 -0.7679658276963706E+00  0.1078923373670746E+01
 -0.1673654925100436E+00  0.4576006866189667E-01 -0.3008528652435356E-01 -0.3556535699421605E-01 -0.7775139184354853E-03  0.3274514127259712E-01  0.4555398331290603E-01  0.3573862471747591E-01  0.1183945384576659E-01 -0.1380760921920810E-01 -0.3101695493640676E-01 -0.3492476179771182E-01 -0.2858565507135170E-01 -0.1729659127349326E-01 -0.2260225197508411E-01 -0.9412412765436803E-01 -0.4062975091256565E+00 -0.8210959204945620E+00 -0.1050082934150648E+01 -0.8467571153281657E+00  0.1490188411833848E+01
  0.4136010064046887E+00 -0.2191298182155310E+00 -0.2437884482419042E+00 -0.1774034628910243E+00 -0.1112249953401723E+00 -0.6284935699811110E-01 -0.3282712914611585E-01 -0.1805598695937823E-01 -0.1355223985930597E-01 -0.1326206720616156E-01 -0.1223989062057847E-01 -0.7380773867289617E-02 -0.1915795358040047E-03  0.9384144534208766E-02  0.1179484162840005E-01  0.9865107672046312E-02 -0.1333517345044118E+00 -0.3910986375248176E+00 -0.5671046180814978E+00 -0.5442997549204600E+00  0.1065794646679882E+01
  0.0000000000000000E+00  0.0000000000000000E+00  0.0000000000000000E+00  0.0000000000000000E+00  0.0000000000000000E+00  0.0000000000000000E+00  0.0000000000000000E+00  0.0000000000000000E+00  0.0000000000000000E+00  0.0000000000000000E+00  0.0000000000000000E+00  0.0000000000000000E+00  0.0000000000000000E+00  0.0000000000000000E+00  0.0000000000000000E+00  0.0000000000000000E+00  0.0000000000000000E+00  0.0000000000000000E+00  0.0000000000000000E+00  0.0000000000000000E+00  0.0000000000000000E+00
