  0.0000000000000000E+00  0.0000000000000000E+00  0.0000000000000000E+00  0.0000000000000000E+00  0.0000000000000000E+00  0.0000000000000000E+00  0.0000000000000000E+00  0.0000000000000000E+00  0.0000000000000000E+00  0.0000000000000000E+00  0.0000000000000000E+00  0.0000000000000000E+00  0.0000000000000000E+00  0.0000000000000000E+00  0.0000000000000000E+00  0.0000000000000000E+00  0.0000000000000000E+00  0.0000000000000000E+00  0.0000000000000000E+00  0.0000000000000000E+00  0.0000000000000000E+00
  0.3736421064116978E-01 -0.1530404415893663E-01 -0.8547921835640102E-02  0.2206361409036500E-02 -0.8973640212434065E-02 -0.3844798896215882E-01 -0.6855762469993612E-01 -0.8165499143005141E-01 -0.8119428245034771E-01 -0.7421696418445628E-01 -0.6188273929925026E-01 -0.3125190402170431E-01  0.2672005822182933E-01  0.9346470639055257E-01  0.1335161459999562E+00  0.1325739918425518E+00  0.9852425228666409E-01  0.4556990012235372E-01 -0.6151789471635086E-02 -0.2508257597178689E-01  0.6909593844372558E-01
  0.9353918202128012E-03  0.1744933645447048E-01  0.5328340118362423E-01  0.7156377548023182E-01  0.4269503728918982E-01 -0.2542218912219247E-01 -0.1164644762348216E+00 -0.2061547570055060E+00 -0.2792568314383469E+00 -0.3161714309493005E+00 -0.3026744148221527E+00 -0.2264579075605174E+00 -0.1015183338351878E+00  0.3593235042152070E-01  0.1448176626760782E+00  0.1998963062853729E+00  0.1965440291132792E+00  0.1455603824784910E+00  0.7137896880602937E-01  0.1088410134980907E-01  0.3872666475660215E-01
 -0.1548577696746805E+00  0.1093785381658446E+00  0.1732778448228532E+00  0.1814303190574352E+00  0.1171652099496436E+00  0.3764148810395906E-02 -0.1375489215280243E+00 -0.2782907845078078E+00 -0.4033601682133198E+00 -0.4868559025422043E+00 -0.5097708380079786E+00 -0.4490654456580204E+00 -0.3093116715053289E+00 -0.1245699089765797E+00  0.5596769332454877E-01  0.1934938817773316E+00  0.2643969441638058E+00  0.2592700421555904E+00  0.1925944082691960E+00  0.1029737272617798E+00 -0.1163267735161433E+00
 -0.4003084153593938E+00  0.2449151275920770E+00  0.3344369674168371E+00  0.3158656929162811E+00  0.2100998838218245E+00  0.5020197452831528E-01 -0.1421702127979227E+00 -0.3362465841157306E+00 -0.5163246497311275E+00 -0.6502100169115251E+00 -0.7137225454695076E+00 -0.6753267084076406E+00 -0.5326585009467557E+00 -0.3193501481509841E+00 -0.9127741275902815E-01  0.1096450583408741E+00  0.2545325785109610E+00  0.3165373557503303E+00  0.2906675465152641E+00  0.1945492745976470E+00 -0.2929802772776769E+00
 -0.6598976607323523E+00  0.3910634613241535E+00  0.5132927232401083E+00  0.4635883063694304E+00  0.3217082384381676E+00  0.1253363708905828E+00 -0.1044471871322864E+00 -0.3366852337065798E+00 -0.5598884051837401E+00 -0.7437676277655790E+00 -0.8627710679101488E+00 -0.8731498899532369E+00 -0.7500664612639137E+00 -0.5185346794341931E+00 -0.2524537003606852E+00 -0.9293421123200942E-02  0.1874511421275602E+00  0.3100810297639401E+00  0.3334956192168745E+00  0.2352780721399912E+00 -0.3723385972030990E+00
 -0.8565179930859049E+00  0.5136025693061155E+00  0.6842897148324415E+00  0.6083682798480052E+00  0.4356989641670457E+00  0.2081533436870807E+00 -0.5191954945378027E-01 -0.3130120249927826E+00 -0.5654830005347261E+00 -0.7853595228546739E+00 -0.9551601709755664E+00 -0.1031589583241159E+01 -0.9616261088417499E+00 -0.7338815801936101E+00 -0.4272678433609468E+00 -0.1404519191004010E+00  0.9271000370053852E-01  0.2572351656589825E+00  0.3168878395803724E+00  0.2186213045244039E+00 -0.3389760739928392E+00
 -0.9361474981603980E+00  0.5886496954903178E+00  0.8298015883105553E+00  0.7435644728240837E+00  0.5493571626157464E+00  0.2993905496957572E+00  0.1712320137337413E-01 -0.2648815561757266E+00 -0.5346463458504550E+00 -0.7723063594802829E+00 -0.9738171202216582E+00 -0.1116070253937170E+01 -0.1135141348656522E+01 -0.9634296927349257E+00 -0.6378005230506841E+00 -0.2945609307696733E+00 -0.1879526861590260E-01  0.1740412698829403E+00  0.2561011429724142E+00  0.1738846323461462E+00 -0.2655527540660244E+00
 -0.8783915301328852E+00  0.6062439056587291E+00  0.9403401868433022E+00  0.8659554795715576E+00  0.6596753278368023E+00  0.3933758596970435E+00  0.9170647740767263E-01 -0.2116451019046419E+00 -0.4968605936478961E+00 -0.7400343755205598E+00 -0.9442960348956717E+00 -0.1120770275813282E+01 -0.1231420456412405E+01 -0.1169386154563608E+01 -0.8868151931297846E+00 -0.5018716569981093E+00 -0.1650742786252136E+00  0.6811686131264709E-01  0.1770400264784024E+00  0.1287110969301770E+00 -0.2090932643121285E+00
 -0.7139960195608608E+00  0.5735432422509452E+00  0.1006633707191975E+01  0.9710826879499656E+00  0.7651420093958660E+00  0.4908180736141078E+00  0.1756054857679870E+00 -0.1478230225678736E+00 -0.4520661338849527E+00 -0.7028084704681268E+00 -0.8950796813491125E+00 -0.1066155211329201E+01 -0.1233760687403441E+01 -0.1298112762892192E+01 -0.1126707282177197E+01 -0.7576910696850780E+00 -0.3670095686729479E+00 -0.7082613326597789E-01  0.8989095990320289E-01  0.9245550390993298E-01 -0.1874755518265961E+00
 -0.5116374317076406E+00  0.5095173736003297E+00  0.1016914689093348E+01  0.1047266630354790E+01  0.8592483446320534E+00  0.5861883612339360E+00  0.2656484767635037E+00 -0.7189953767305397E-01 -0.3948443830071565E+00 -0.6597026820293140E+00 -0.8425505141496165E+00 -0.9831730578803860E+00 -0.1158693175581518E+01 -0.1325353583028112E+01 -0.1302233920414218E+01 -0.1017109410489329E+01 -0.6129941533745370E+00 -0.2538879212533517E+00 -0.1847663188032236E-01  0.5283308404989762E-01 -0.1769758840300152E+00
 -0.3185292248375571E+00  0.4257803684449264E+00  0.9588118804972221E+00  0.1072742674473389E+01  0.9259284314235950E+00  0.6674416545942446E+00  0.3524962786618923E+00  0.1266180204351181E-01 -0.3195065140181071E+00 -0.5975309008481514E+00 -0.7800860339241201E+00 -0.8871544716403021E+00 -0.1030987594486334E+01 -0.1252965614415017E+01 -0.1379812167356880E+01 -0.1233622827018201E+01 -0.8721218987887899E+00 -0.4763232670373841E+00 -0.1619106124435039E+00 -0.6959903870973221E-02 -0.1410309008305843E+00
 -0.1536640714294955E+00  0.3283228451213475E+00  0.8313044639345469E+00  0.1029255673541714E+01  0.9483716089977969E+00  0.7221176134364761E+00  0.4246072639391140E+00  0.9539962855763150E-01 -0.2314074614008458E+00 -0.5112921271193691E+00 -0.6953077430107645E+00 -0.7783487420944774E+00 -0.8724870796039363E+00 -0.1098280392070994E+01 -0.1345511689473257E+01 -0.1370236154987203E+01 -0.1111020106616248E+01 -0.7229107271882381E+00 -0.3458063200229520E+00 -0.9254596118748393E-01 -0.6816843646050025E-01
 -0.2283303072960496E-01  0.2230601942303771E+00  0.6463475519615263E+00  0.9029426635878460E+00  0.9029964415398363E+00  0.7316689564103068E+00  0.4692862570422875E+00  0.1660538919521954E+00 -0.1394610441107610E+00 -0.4047111524781005E+00 -0.5816682945323497E+00 -0.6497394286522780E+00 -0.6967876523865890E+00 -0.8866102275050699E+00 -0.1202466016374438E+01 -0.1399762763140806E+01 -0.1295923596532617E+01 -0.9690692116040990E+00 -0.5638382948681263E+00 -0.2018955565546946E+00  0.4184837479595760E-01
  0.7489754327687254E-01  0.1208054687661794E+00  0.4373139495754107E+00  0.7080499917257758E+00  0.7833961848900983E+00  0.6838520128679306E+00  0.4758694683187811E+00  0.2154809296111861E+00 -0.5288763174466683E-01 -0.2869754530121174E+00 -0.4436894264191201E+00 -0.4999374902649799E+00 -0.5138155629121165E+00 -0.6468977331991710E+00 -0.9693848228564154E+00 -0.1304117234127903E+01 -0.1390922135875210E+01 -0.1182745889348493E+01 -0.7979007535396295E+00 -0.3304212137527119E+00  0.1933628877185063E+00
  0.1342134801409734E+00  0.3487985812617190E-01  0.2388530545194891E+00  0.4697709929496898E+00  0.5880144977335977E+00  0.5625005989833052E+00  0.4271670225947394E+00  0.2301564050119527E+00  0.1703185810866717E-01 -0.1706189760829854E+00 -0.2955014491232623E+00 -0.3396763234278996E+00 -0.3370038485882801E+00 -0.4113772427842492E+00 -0.6815452915432634E+00 -0.1081680686979481E+01 -0.1357979268779428E+01 -0.1322205683659312E+01 -0.1017628480519046E+01 -0.4721513345279283E+00  0.3988255230647393E+00
  0.1220877827582751E+00 -0.9012781915390879E-02  0.9504943701210244E-01  0.2484583504724444E+00  0.3607456279827123E+00  0.3839469280701107E+00  0.3204349673632428E+00  0.1984510127155912E+00  0.5448229606833812E-01 -0.7555973393920440E-01 -0.1620110281885420E+00 -0.1932710146027883E+00 -0.1867520833701475E+00 -0.2140237704503516E+00 -0.3899632217228902E+00 -0.7571849847376537E+00 -0.1168360345061711E+01 -0.1336980290159631E+01 -0.1180915753757926E+01 -0.6205892542879683E+00  0.6808520091059791E+00
  0.2739919974486690E-01 -0.6756194166490375E-02  0.7130617245395779E-02  0.7226506051346659E-01  0.1466294270542449E+00  0.1856901507173631E+00  0.1738681476251351E+00  0.1199269401699037E+00  0.4543714355136971E-01 -0.2520109000524116E-01 -0.7256085319056013E-01 -0.8945881869697898E-01 -0.8329179845675024E-01 -0.8194796991228376E-01 -0.1548929510050290E+00 -0.3936727920102105E+00 -0.8246598151919180E+00 -0.1175268678234521E+01 -0.1224602070764763E+01 -0.7677240802956140E+00  0.1078570170122079E+01
 -0.1672478780027319E+00  0.4575680039547251E-01 -0.2997747681631442E-01 -0.3553938382778584E-01 -0.9134473439881406E-03  0.3247458220696763E-01  0.4523489690821639E-01  0.3547094700857143E-01  0.1168505121495570E-01 -0.1384477543867360E-01 -0.3099341304163145E-01 -0.3492421323366319E-01 -0.2868704864581685E-01 -0.1753291607133650E-01 -0.2286390434658800E-01 -0.9406944369668216E-01 -0.4058210062785952E+00 -0.8206415119503518E+00 -0.1049770048147685E+01 -0.8465984126427071E+00  0.1490025189780437E+01
  0.4136606953170259E+00 -0.2191967635451476E+00 -0.2439295953184170E+00 -0.1775824793907736E+00 -0.1114202282507973E+00 -0.6305542364008712E-01 -0.3303335048232191E-01 -0.1824011882304014E-01 -0.1369556833670835E-01 -0.1336138815307677E-01 -0.1231541751631298E-01 -0.7458442916164984E-02 -0.2988605680954058E-03  0.9246003409898441E-02  0.1162309610998020E-01  0.9810810938303943E-02 -0.1331204557657581E+00 -0.3908135779555475E+00 -0.5669310610947084E+00 -0.5441974061582359E+00  0.1065661157379999E+01
  0.0000000000000000E+00  0.0000000000000000E+00  0.0000000000000000E+00  0.0000000000000000E+00  0.0000000000000000E+00  0.0000000000000000E+00  0.0000000000000000E+00  0.0000000000000000E+00  0.0000000000000000E+00  0.0000000000000000E+00  0.0000000000000000E+00  0.0000000000000000E+00  0.0000000000000000E+00  0.0000000000000000E+00  0.0000000000000000E+00  0.0000000000000000E+00  0.0000000000000000E+00  0.0000000000000000E+00  0.0000000000000000E+00  0.0000000000000000E+00  0.0000000000000000E+00
