  0.0000000000000000E+00  0.0000000000000000E+00  0.0000000000000000E+00  0.0000000000000000E+00  0.0000000000000000E+00  0.0000000000000000E+00  0.0000000000000000E+00  0.0000000000000000E+00  0.0000000000000000E+00  0.0000000000000000E+00  0.0000000000000000E+00  0.0000000000000000E+00  0.0000000000000000E+00  0.0000000000000000E+00  0.0000000000000000E+00  0.0000000000000000E+00  0.0000000000000000E+00  0.0000000000000000E+00  0.0000000000000000E+00  0.0000000000000000E+00  0.0000000000000000E+00
  0.6037117741105379E-01 -0.4436157620041269E-01 -0.7271355119018429E-01 -0.8200218113758770E-01 -0.9442114945579512E-01 -0.1071034588824950E+00 -0.1158022711842445E+00 -0.1165562797480669E+00 -0.1099511168735663E+00 -0.8822493415489156E-01 -0.4546182477177577E-01  0.1565400135880638E-01  0.7350593814569764E-01  0.1071430773812575E+00  0.1103697660290720E+00  0.8819591749717820E-01  0.4989754095121134E-01  0.5003525239464810E-02 -0.3058379598198037E-01 -0.3359560067773403E-01  0.7020300605122172E-01
  0.7716564715248661E-01 -0.4524274936689783E-01 -0.5856260094820689E-01 -0.6375543599033147E-01 -0.9311544786428878E-01 -0.1386712725508662E+00 -0.1899656036083283E+00 -0.2284851125811637E+00 -0.2423709261832009E+00 -0.2155029793712304E+00 -0.1498263317950375E+00 -0.5632073681620784E-01  0.4041283913814988E-01  0.1179270472207985E+00  0.1622890792795470E+00  0.1686367904717087E+00  0.1406490393129430E+00  0.8822755914589617E-01  0.2865608252263519E-01 -0.1128969438626023E-01  0.6252516568141588E-01
  0.1149964836617310E-01 -0.1377582571467442E-02  0.7366900651770769E-02 -0.2728474949877395E-02 -0.6149200578869368E-01 -0.1482988861898264E+00 -0.2499262163122804E+00 -0.3391950265249937E+00 -0.4020120181682484E+00 -0.4125068382400778E+00 -0.3664638034079184E+00 -0.2637495049348583E+00 -0.1285405429995776E+00  0.1042228124290505E-01  0.1273485083049325E+00  0.2033907401109789E+00  0.2277106392600665E+00  0.1992821463981741E+00  0.1329899153968742E+00  0.6134091544678347E-01 -0.5103283094347624E-01
 -0.1737958098582088E+00  0.1041922614116470E+00  0.1387809743767322E+00  0.1127627838632425E+00  0.1970558593163512E-01 -0.1100935789632094E+00 -0.2618935848187822E+00 -0.4010616905306504E+00 -0.5132120168591852E+00 -0.5657545797726915E+00 -0.5516890769500815E+00 -0.4620533951287019E+00 -0.3168759812893311E+00 -0.1450335893526694E+00  0.2254784066257991E-01  0.1612149531351613E+00  0.2496591878758190E+00  0.2715351745861194E+00  0.2298267976063721E+00  0.1474558267581270E+00 -0.2125406826680090E+00
 -0.4347133123394000E+00  0.2492404019495493E+00  0.3130078935092478E+00  0.2592389886397757E+00  0.1271507160784981E+00 -0.4728530625586994E-01 -0.2493514131417102E+00 -0.4400635018100854E+00 -0.6075573111646290E+00 -0.7128519947916522E+00 -0.7419587564683547E+00 -0.6743808365987641E+00 -0.5240237220869750E+00 -0.3247810179679415E+00 -0.1189578733769546E+00  0.6543768788154189E-01  0.2078706889755054E+00  0.2846547651915168E+00  0.2832981150166957E+00  0.1992202625446138E+00 -0.3143626726171457E+00
 -0.6932768613544834E+00  0.3995485525339708E+00  0.5053687962474288E+00  0.4234772938682488E+00  0.2590241213991382E+00  0.4983894548014944E-01 -0.1891548255180780E+00 -0.4198201956634132E+00 -0.6352724946917430E+00 -0.7985851317812119E+00 -0.8898772915411439E+00 -0.8740595020221579E+00 -0.7423248538142149E+00 -0.5229791428262255E+00 -0.2779753689923036E+00 -0.5544214429198426E-01  0.1260065044990455E+00  0.2474871193918566E+00  0.2830273342820690E+00  0.1991229343893619E+00 -0.3143414688860166E+00
 -0.8731059279111467E+00  0.5198319767095998E+00  0.6863900022176527E+00  0.5838714237102224E+00  0.3920870334114711E+00  0.1550819499287102E+00 -0.1107587280671497E+00 -0.3684035237518625E+00 -0.6151331306703537E+00 -0.8227056099643526E+00 -0.9760773849883499E+00 -0.1036773626080704E+01 -0.9653141201427010E+00 -0.7549698381094054E+00 -0.4691697080395703E+00 -0.1965067869054869E+00  0.2250001699864694E-01  0.1759754338484964E+00  0.2378478206570806E+00  0.1652123072453205E+00 -0.2577891010788808E+00
 -0.9230412722203204E+00  0.5867443812500472E+00  0.8371918715298213E+00  0.7310477198871267E+00  0.5203452930820361E+00  0.2639968957437142E+00 -0.1978795859427332E-01 -0.2950704863462086E+00 -0.5574632736073142E+00 -0.7861390980717333E+00 -0.9777917435147968E+00 -0.1113367081223266E+01 -0.1142216279546650E+01 -0.1003999462084586E+01 -0.7140252334796084E+00 -0.3839187492767209E+00 -0.1094750754490032E+00  0.8063299350665339E-01  0.1688751150632634E+00  0.1236670615702732E+00 -0.2021260696475561E+00
 -0.8317404642483752E+00  0.5926414059660736E+00  0.9461837536498456E+00  0.8602587291570970E+00  0.6395463446358134E+00  0.3695730618627443E+00  0.7073574183211742E-01 -0.2219805929363576E+00 -0.4972044073310415E+00 -0.7317921984321799E+00 -0.9270117001408287E+00 -0.1095891485694360E+01 -0.1217762560886752E+01 -0.1203796571442237E+01 -0.9852830024161532E+00 -0.6340112343187084E+00 -0.2945694951050857E+00 -0.4449990233830106E-01  0.8996781227205279E-01  0.8814548000219555E-01 -0.1744686277345338E+00
 -0.6483788759430846E+00  0.5506496207352879E+00  0.1003569986262779E+01  0.9665264816490389E+00  0.7493734134684613E+00  0.4735593775682103E+00  0.1658887991910951E+00 -0.1429826959388766E+00 -0.4351513121115430E+00 -0.6793147176543139E+00 -0.8647593219987726E+00 -0.1022464588333913E+01 -0.1187100561435574E+01 -0.1296096564067255E+01 -0.1212436670731278E+01 -0.9120157447991840E+00 -0.5357589377996087E+00 -0.2157958762535167E+00 -0.9438370047274540E-02  0.5127382913033365E-01 -0.1632598574382755E+00
 -0.4438293516979098E+00  0.4799382904956942E+00  0.9959855197891728E+00  0.1034143828049153E+01  0.8415177024429370E+00  0.5705837334052035E+00  0.2627117459308435E+00 -0.5505845998880519E-01 -0.3618065632097236E+00 -0.6208770531183302E+00 -0.8030977822616139E+00 -0.9305309446621552E+00 -0.1083249295527413E+01 -0.1270677342777180E+01 -0.1341003424309391E+01 -0.1161049088490486E+01 -0.8043163417657414E+00 -0.4342484163628162E+00 -0.1458318019906829E+00 -0.4470676873861545E-02 -0.1324197713690983E+00
 -0.2573135411937849E+00  0.3910861182719838E+00  0.9159448136221663E+00  0.1043453718191865E+01  0.9012429502493990E+00  0.6489939278499059E+00  0.3501772813539267E+00  0.3466020341993980E-01 -0.2752887807965136E+00 -0.5437654206230418E+00 -0.7299230331246735E+00 -0.8317096753892536E+00 -0.9393689762517893E+00 -0.1144953108852953E+01 -0.1346637716616638E+01 -0.1331970651881321E+01 -0.1061473072432372E+01 -0.6850952214013096E+00 -0.3269266297302126E+00 -0.8747460715367844E-01 -0.6450280826917726E-01
 -0.1035800673004482E+00  0.2894443255674817E+00  0.7647529094019970E+00  0.9724401922761995E+00  0.9047760040043715E+00  0.6922754466217826E+00  0.4156806146148644E+00  0.1150506662931637E+00 -0.1836953965397841E+00 -0.4470086190522392E+00 -0.6326278826125530E+00 -0.7198915939987811E+00 -0.7777525864271245E+00 -0.9496226187227996E+00 -0.1228780470006148E+01 -0.1389403907329962E+01 -0.1265549333078083E+01 -0.9400051477051296E+00 -0.5459073095779219E+00 -0.1959997035848893E+00  0.4209180117674605E-01
  0.1495905214236948E-01  0.1836772751643767E+00  0.5659908776354995E+00  0.8202566261656147E+00  0.8361620722276636E+00  0.6856229044451426E+00  0.4493713892682965E+00  0.1780024251302839E+00 -0.9543628418734482E-01 -0.3373083076008894E+00 -0.5091909088877139E+00 -0.5859340670017991E+00 -0.6073947709060202E+00 -0.7187124541328861E+00 -0.1007452900187408E+01 -0.1311991906800270E+01 -0.1376779290432252E+01 -0.1163045128986047E+01 -0.7829599953896209E+00 -0.3246860151960357E+00  0.1910980501984861E+00
  0.9631331081663003E-01  0.8469974174727558E-01  0.3504125360584568E+00  0.5974827625031524E+00  0.6811926936963530E+00  0.6069722769793279E+00  0.4325430784531373E+00  0.2103810253870260E+00 -0.2001725689155112E-01 -0.2240572824000442E+00 -0.3683707963066096E+00 -0.4320881026346490E+00 -0.4343504026242908E+00 -0.4845679329274774E+00 -0.7211249275317706E+00 -0.1097272451956394E+01 -0.1354732978843400E+01 -0.1310549884817938E+01 -0.1006252561612845E+01 -0.4670005823423413E+00  0.3947491854141782E+00
  0.1188388042606336E+00  0.1604785979322453E-01  0.1669823836403072E+00  0.3537697123981140E+00  0.4626313808044907E+00  0.4573771910693752E+00  0.3590574808030844E+00  0.2058102059716390E+00  0.3519612133224868E-01 -0.1190133718212967E+00 -0.2277120390939118E+00 -0.2754423093587334E+00 -0.2718755509807560E+00 -0.2784841180276901E+00 -0.4241286461468446E+00 -0.7729736989413833E+00 -0.1170744646732966E+01 -0.1331121763300181E+01 -0.1172848904083361E+01 -0.6160717232873703E+00  0.6753662657787498E+00
  0.5398503691992277E-01 -0.5505260223468028E-02  0.3746925624951868E-01  0.1333140956180369E+00  0.2191118012167197E+00  0.2489547849998540E+00  0.2160528785498813E+00  0.1371866731782956E+00  0.3807517221290432E-01 -0.5487355639300992E-01 -0.1199896210993060E+00 -0.1469715285132940E+00 -0.1415908625314176E+00 -0.1275631423136896E+00 -0.1794039987812178E+00 -0.4058917973614982E+00 -0.8292341839483141E+00 -0.1173418205126256E+01 -0.1219423543191442E+01 -0.7638261291746138E+00  0.1072054844332399E+01
 -0.1595374062315407E+00  0.4635608289729978E-01 -0.2046915753964141E-01 -0.7747716174713225E-02  0.3806511373420160E-01  0.7101250341000319E-01  0.7413479854754572E-01  0.4995163030917527E-01  0.1075856575041196E-01 -0.2839260118723889E-01 -0.5535762605381511E-01 -0.6386105814922984E-01 -0.5731878533843469E-01 -0.4100403605391582E-01 -0.3663253515266340E-01 -0.1024709986227192E+00 -0.4109641846146500E+00 -0.8212865506365788E+00 -0.1047187140476786E+01 -0.8436996958449805E+00  0.1483911947058155E+01
  0.4100376711466038E+00 -0.2146444950375983E+00 -0.2338958139661911E+00 -0.1651479098943198E+00 -0.9817018829528093E-01 -0.5054233430015768E-01 -0.2343265839180186E-01 -0.1346465953766595E-01 -0.1469472708947605E-01 -0.1989729959251967E-01 -0.2294829113646028E-01 -0.1990264111846561E-01 -0.1231306248845402E-01 -0.8819325873728015E-03  0.5241506954040562E-02  0.5007339048591655E-02 -0.1367555090509681E+00 -0.3919164214745869E+00 -0.5660363950089016E+00 -0.5429015317270496E+00  0.1062668200172247E+01
  0.0000000000000000E+00  0.0000000000000000E+00  0.0000000000000000E+00  0.0000000000000000E+00  0.0000000000000000E+00  0.0000000000000000E+00  0.0000000000000000E+00  0.0000000000000000E+00  0.0000000000000000E+00  0.0000000000000000E+00  0.0000000000000000E+00  0.0000000000000000E+00  0.0000000000000000E+00  0.0000000000000000E+00  0.0000000000000000E+00  0.0000000000000000E+00  0.0000000000000000E+00  0.0000000000000000E+00  0.0000000000000000E+00  0.0000000000000000E+00  0.0000000000000000E+00
