  0.0000000000000000E+00  0.0000000000000000E+00  0.0000000000000000E+00  0.0000000000000000E+00  0.0000000000000000E+00  0.0000000000000000E+00  0.0000000000000000E+00  0.0000000000000000E+00  0.0000000000000000E+00  0.0000000000000000E+00  0.0000000000000000E+00  0.0000000000000000E+00  0.0000000000000000E+00  0.0000000000000000E+00  0.0000000000000000E+00  0.0000000000000000E+00  0.0000000000000000E+00  0.0000000000000000E+00  0.0000000000000000E+00  0.0000000000000000E+00  0.0000000000000000E+00
  0.3720376960467388E-01 -0.1523548969329911E-01 -0.8502699475223443E-02  0.2225561746113471E-02 -0.8971823841627945E-02 -0.3844866911179293E-01 -0.6856179440594860E-01 -0.8166085688261271E-01 -0.8120076197540314E-01 -0.7422123003670501E-01 -0.6188146996907912E-01 -0.3123704148523540E-01  0.2675677088860357E-01  0.9351970565232903E-01  0.1335738689650285E+00  0.1326212453288724E+00  0.9855326844403339E-01  0.4557345302334985E-01 -0.6177191423109390E-02 -0.2511214030480027E-01  0.6915922949129141E-01
  0.8256745139644042E-03  0.1749998735798066E-01  0.5332563658790638E-01  0.7157359961871641E-01  0.4270627019099198E-01 -0.2541533625632440E-01 -0.1164599249473122E+00 -0.2061599937948099E+00 -0.2792685114010448E+00 -0.3161859191097434E+00 -0.3026805290793814E+00 -0.2264443305644113E+00 -0.1014785332257992E+00  0.3599532898071985E-01  0.1448938125525313E+00  0.1999736099279390E+00  0.1966087787063672E+00  0.1455983621978778E+00  0.7137451700829120E-01  0.1085268644298052E-01  0.3881645767934965E-01
 -0.1549377784158792E+00  0.1094127553708599E+00  0.1733004876967004E+00  0.1814593714875974E+00  0.1171988850637662E+00  0.3796068669858710E-02 -0.1375341252258299E+00 -0.2782947967422709E+00 -0.4033827082095259E+00 -0.4868874341543177E+00 -0.5098025883048154E+00 -0.4490837292392172E+00 -0.3093078254682306E+00 -0.1245391682290293E+00  0.5602397449297557E-01  0.1935704524509430E+00  0.2644835636135732E+00  0.2593460720951813E+00  0.1926314453185911E+00  0.1029718212966501E+00 -0.1162840185713592E+00
 -0.4002737515019785E+00  0.2449145639072624E+00  0.3344699402198086E+00  0.3159179129563632E+00  0.2101721508967077E+00  0.5025761663279404E-01 -0.1421389320730709E+00 -0.3362514902582532E+00 -0.5163574626862850E+00 -0.6502611018554216E+00 -0.7137772031940002E+00 -0.6753718035172306E+00 -0.5326854500811973E+00 -0.3193536279455266E+00 -0.9125508677245921E-01  0.1096974478916395E+00  0.2546141757938089E+00  0.3166327695276873E+00  0.2907418206428054E+00  0.1945916914496350E+00 -0.2930332537060995E+00
 -0.6598818675018432E+00  0.3910735418808871E+00  0.5133387581408182E+00  0.4636836482430043E+00  0.3218133574053761E+00  0.1254231715114381E+00 -0.1044041475201171E+00 -0.3366897693668938E+00 -0.5599386145258091E+00 -0.7438438575551115E+00 -0.8628577278866987E+00 -0.8732274818199977E+00 -0.7501245642286467E+00 -0.5185673202821748E+00 -0.2524617050736384E+00 -0.9274282827119238E-02  0.1875092238182040E+00  0.3101706793901346E+00  0.3335896367103180E+00  0.2353452637423528E+00 -0.3724461545167403E+00
 -0.8565307294359316E+00  0.5136363568977885E+00  0.6843783412574339E+00  0.6085014397758138E+00  0.4358478443050976E+00  0.2082690458434852E+00 -0.5185640128292781E-01 -0.3130166003114816E+00 -0.5655474149547188E+00 -0.7854637566053546E+00 -0.9552798316178620E+00 -0.1031703704585468E+01 -0.9617196851910210E+00 -0.7339421469807578E+00 -0.4272974637564314E+00 -0.1404582509934528E+00  0.9273729204648291E-01  0.2573048671031305E+00  0.3169753857625007E+00  0.2186819817186276E+00 -0.3390705593933820E+00
 -0.9362729561009233E+00  0.5887348643038780E+00  0.8299316368107108E+00  0.7437454755851149E+00  0.5495446183394043E+00  0.2995451082876889E+00  0.1720708935560207E-01 -0.2648789939762089E+00 -0.5347262738736889E+00 -0.7724392801682602E+00 -0.9739728394645746E+00 -0.1116222198772628E+01 -0.1135276360740608E+01 -0.9635303305752062E+00 -0.6378536236043393E+00 -0.2945852184077175E+00 -0.1879246964714610E-01  0.1740794911894761E+00  0.2561621216470323E+00  0.1739200648412788E+00 -0.2655980728768041E+00
 -0.8785857235030269E+00  0.6063696980135045E+00  0.9405233705374866E+00  0.8661741320510924E+00  0.6599070747196470E+00  0.3935660876118061E+00  0.9181927439609583E-01 -0.2116343890340264E+00 -0.4969516103418175E+00 -0.7401994814388193E+00 -0.9444895594999790E+00 -0.1120956215295938E+01 -0.1231591482541099E+01 -0.1169532571869194E+01 -0.8869111630062857E+00 -0.5019209512924809E+00 -0.1650983646123056E+00  0.6812325989659787E-01  0.1770640148589212E+00  0.1287252001306259E+00 -0.2091115855329564E+00
 -0.7142253219688599E+00  0.5736957500596711E+00  0.1006861928210153E+01  0.9713434467375677E+00  0.7654092572999018E+00  0.4910492635734431E+00  0.1757480725561877E+00 -0.1477942799133206E+00 -0.4521634421362429E+00 -0.7030043949958988E+00 -0.8953191159092442E+00 -0.1066378889303217E+01 -0.1233956460915998E+01 -0.1298294015416869E+01 -0.1126847863040673E+01 -0.7577805864493089E+00 -0.3670665715391985E+00 -0.7085632345407225E-01  0.8988589832950838E-01  0.9245273229661846E-01 -0.1874722985603470E+00
 -0.5118161976720916E+00  0.5096685879659920E+00  0.1017189566225885E+01  0.1047564343621458E+01  0.8595520145322646E+00  0.5864534850497443E+00  0.2658267641436813E+00 -0.7184627995766062E-01 -0.3949316857120129E+00 -0.6599168497678324E+00 -0.8428338225414537E+00 -0.9834411356734228E+00 -0.1158912885702251E+01 -0.1325553085092948E+01 -0.1302409303527748E+01 -0.1017233514284017E+01 -0.6130888189572018E+00 -0.2539533401557366E+00 -0.1851293029726150E-01  0.5282094102244143E-01 -0.1769757533645858E+00
 -0.3186612989666714E+00  0.4259247897402310E+00  0.9591130702540217E+00  0.1073079145678277E+01  0.9262587302108858E+00  0.6677366231216770E+00  0.3527040942574680E+00  0.1274536082238026E-01 -0.3195722217905156E+00 -0.5977417344851786E+00 -0.7803952683147938E+00 -0.8874637914430142E+00 -0.1031228488476063E+01 -0.1253173947543702E+01 -0.1380003967756453E+01 -0.1233773276449109E+01 -0.8722392166399091E+00 -0.4764236061221812E+00 -0.1619724224780714E+00 -0.6988947064681836E-02 -0.1410055812840259E+00
 -0.1537319744293061E+00  0.3284471238379310E+00  0.8316093970844870E+00  0.1029615941617421E+01  0.9487263087898813E+00  0.7224297849207005E+00  0.4248372709278772E+00  0.9550716546330561E-01 -0.2314465230466691E+00 -0.5114839088395668E+00 -0.6956181857053321E+00 -0.7786795867311203E+00 -0.8727432173143643E+00 -0.1098484139768781E+01 -0.1345708974082944E+01 -0.1370396668737478E+01 -0.1111149757417834E+01 -0.7230273988676457E+00 -0.3458950536598759E+00 -0.9258435778845790E-01 -0.6814198029450219E-01
 -0.2285812096519702E-01  0.2231580416868013E+00  0.6466160040952070E+00  0.9033031574016329E+00  0.9033610788223875E+00  0.7319929349791086E+00  0.4695280734004251E+00  0.1661797073972354E+00 -0.1394766940975091E+00 -0.4048761564353485E+00 -0.5819567010161298E+00 -0.6500640252043033E+00 -0.6970379978687881E+00 -0.8867985547372866E+00 -0.1202650834071393E+01 -0.1399930125402943E+01 -0.1296049439078931E+01 -0.9691932121511302E+00 -0.5639361185440476E+00 -0.2019468332205712E+00  0.4190438111766615E-01
  0.7492442210037664E-01  0.1208635087901658E+00  0.4375149484708742E+00  0.7083697416591047E+00  0.7837506562342126E+00  0.6841738987477471E+00  0.4761154493068933E+00  0.2156160941031082E+00 -0.5288408121801467E-01 -0.2871105330045987E+00 -0.4439390043703578E+00 -0.5002228135563457E+00 -0.5140354941959199E+00 -0.6470490922468267E+00 -0.9695457218865922E+00 -0.1304278321439468E+01 -0.1391047837090536E+01 -0.1182859035055569E+01 -0.7980052659945773E+00 -0.3304707359687579E+00  0.1934069419116963E+00
  0.1342869255801094E+00  0.3489261068278405E-01  0.2389647576284615E+00  0.4700089940926323E+00  0.5883200602776255E+00  0.5628030069079457E+00  0.4274086891584396E+00  0.2302993985036648E+00  0.1705525108939663E-01 -0.1707177712997785E+00 -0.2956940107712840E+00 -0.3398953377089733E+00 -0.3371635838875188E+00 -0.4114767973555255E+00 -0.6816607083524951E+00 -0.1081832474190769E+01 -0.1358098866177771E+01 -0.1322313652866558E+01 -0.1017721413977341E+01 -0.4722081920310642E+00  0.3989031621158519E+00
  0.1222076883688678E+00 -0.9042289327930286E-02  0.9508082038507691E-01  0.2485880316367726E+00  0.3609547468593771E+00  0.3841814662938582E+00  0.3206412845402618E+00  0.1985861529173740E+00  0.5452378636166538E-01 -0.7561331859883932E-01 -0.1621317489039354E+00 -0.1934030516807115E+00 -0.1868390315523513E+00 -0.2140592586613450E+00 -0.3900239667745353E+00 -0.7573067013755063E+00 -0.1168484602813189E+01 -0.1337075571960227E+01 -0.1181006585103426E+01 -0.6206360020892021E+00  0.6809014211641800E+00
  0.2747234248338535E-01 -0.6783189802626060E-02  0.7122773075507173E-02  0.7231346233689337E-01  0.1467374361819914E+00  0.1858316853301721E+00  0.1740048919158025E+00  0.1200255174929496E+00  0.4547861420415490E-01 -0.2521671788687342E-01 -0.7261161690948599E-01 -0.8951220587472340E-01 -0.8331414988034971E-01 -0.8193593150034637E-01 -0.1548933377258809E+00 -0.3937516141600589E+00 -0.8247739037403238E+00 -0.1175367864171889E+01 -0.1224673711565867E+01 -0.7677802028239384E+00  0.1078666896905948E+01
 -0.1672639605944128E+00  0.4575659504452158E-01 -0.2999417546084809E-01 -0.3553709968668015E-01 -0.8790544517126365E-03  0.3253362240824467E-01  0.4530191273155245E-01  0.3552738825778036E-01  0.1171942862916674E-01 -0.1383406415538111E-01 -0.3099797081310222E-01 -0.3492961167133223E-01 -0.2868044926195038E-01 -0.1750594480296113E-01 -0.2283182858743397E-01 -0.9408767993774129E-01 -0.4059144110303513E+00 -0.8207276361133466E+00 -0.1049836830797623E+01 -0.8466273313081503E+00  0.1490045163126827E+01
  0.4136531285130938E+00 -0.2191864603074119E+00 -0.2439062524091419E+00 -0.1775511658741080E+00 -0.1113847492619972E+00 -0.6301684867371697E-01 -0.3299420630026731E-01 -0.1820479836301295E-01 -0.1366793654526299E-01 -0.1334272835460306E-01 -0.1230260495304332E-01 -0.7447419816189077E-02 -0.2841309383741408E-03  0.9264359286349213E-02  0.1164821791023951E-01  0.9815111371817332E-02 -0.1331654897943750E+00 -0.3908698775510809E+00 -0.5669639414502253E+00 -0.5442303796947948E+00  0.1065727197634159E+01
  0.0000000000000000E+00  0.0000000000000000E+00  0.0000000000000000E+00  0.0000000000000000E+00  0.0000000000000000E+00  0.0000000000000000E+00  0.0000000000000000E+00  0.0000000000000000E+00  0.0000000000000000E+00  0.0000000000000000E+00  0.0000000000000000E+00  0.0000000000000000E+00  0.0000000000000000E+00  0.0000000000000000E+00  0.0000000000000000E+00  0.0000000000000000E+00  0.0000000000000000E+00  0.0000000000000000E+00  0.0000000000000000E+00  0.0000000000000000E+00  0.0000000000000000E+00
