  0.0000000000000000E+00  0.0000000000000000E+00  0.0000000000000000E+00  0.0000000000000000E+00  0.0000000000000000E+00  0.0000000000000000E+00  0.0000000000000000E+00  0.0000000000000000E+00  0.0000000000000000E+00  0.0000000000000000E+00  0.0000000000000000E+00  0.0000000000000000E+00  0.0000000000000000E+00  0.0000000000000000E+00  0.0000000000000000E+00  0.0000000000000000E+00  0.0000000000000000E+00  0.0000000000000000E+00  0.0000000000000000E+00  0.0000000000000000E+00  0.0000000000000000E+00
  0.6703121817323562E-01 -0.4950070635567602E-01 -0.8147090089379244E-01 -0.8869528486312950E-01 -0.9897624042333113E-01 -0.1105937701896750E+00 -0.1183208748668727E+00 -0.1166689949447105E+00 -0.1048402561756318E+00 -0.7454778392007366E-01 -0.2303531064354922E-01  0.4004325964914764E-01  0.9141531559463303E-01  0.1152577975426561E+00  0.1103528480525255E+00  0.8350072686314432E-01  0.4365439638927358E-01 -0.4652326129818865E-03 -0.3413458062503789E-01 -0.3539462693948343E-01  0.7204930019341241E-01
  0.9847740057732435E-01 -0.5949315724333398E-01 -0.8000207115267757E-01 -0.8328871618031757E-01 -0.1110536021925143E+00 -0.1546924338948027E+00 -0.2006882194235047E+00 -0.2285679675911245E+00 -0.2274960407979950E+00 -0.1847113688100677E+00 -0.1077872305550030E+00 -0.1241316419662109E-01  0.7715630415516882E-01  0.1422472920055655E+00  0.1734123261425197E+00  0.1690402215385416E+00  0.1344153637788188E+00  0.7969550337415642E-01  0.2101864226712609E-01 -0.1646760539049346E-01  0.7042145843860646E-01
  0.5383134856739141E-01 -0.2597736281466453E-01 -0.2410073987660216E-01 -0.3257790800309371E-01 -0.9227408371465617E-01 -0.1779716445574672E+00 -0.2734739721050670E+00 -0.3498778392428282E+00 -0.3941979667245457E+00 -0.3828657414653694E+00 -0.3175965285418324E+00 -0.2050222271082643E+00 -0.7156032435565121E-01  0.5651262874586980E-01  0.1580961700783774E+00  0.2182738466297500E+00  0.2291898414893394E+00  0.1923097560437968E+00  0.1234091959739653E+00  0.5291168220880581E-01 -0.3532585065245214E-01
 -0.1160406149810794E+00  0.7191447190961786E-01  0.9970280074777417E-01  0.7296776367688197E-01 -0.2388865006963186E-01 -0.1522891185746857E+00 -0.2968460370322025E+00 -0.4211128970058119E+00 -0.5120096199580685E+00 -0.5384571481145809E+00 -0.4996837242192914E+00 -0.3940414698707066E+00 -0.2460978349853123E+00 -0.8302786236241654E-01  0.6983348727312053E-01  0.1915949123648555E+00  0.2632846486729707E+00  0.2718090722551618E+00  0.2231333491963916E+00  0.1392085918340839E+00 -0.1944924263058600E+00
 -0.3724220284993387E+00  0.2141394504877131E+00  0.2699963229638007E+00  0.2128111320236158E+00  0.7503790859817180E-01 -0.9810858627173445E-01 -0.2941789719373165E+00 -0.4713857591131055E+00 -0.6183191886624679E+00 -0.6948520564109671E+00 -0.6926192883559413E+00 -0.6002247699345302E+00 -0.4414746251876751E+00 -0.2505964239937847E+00 -0.6079641627789129E-01  0.1067951954088109E+00  0.2324308534089451E+00  0.2939320359047301E+00  0.2825218711171476E+00  0.1945413929223065E+00 -0.3011023076497719E+00
 -0.6380693099142536E+00  0.3671829170590729E+00  0.4634794412629651E+00  0.3757411234239770E+00  0.2049309541858263E+00 -0.3107530917139994E-02 -0.2380541227904752E+00 -0.4591007313561445E+00 -0.6595467408087238E+00 -0.7979608321368250E+00 -0.8554685850993785E+00 -0.8040895556742504E+00 -0.6515367968639710E+00 -0.4360460390755416E+00 -0.2107329662855478E+00 -0.7995258028327226E-02  0.1570554139875953E+00  0.2638619408453273E+00  0.2883704095375503E+00  0.1983900756221035E+00 -0.3067998173287601E+00
 -0.8352602577712809E+00  0.4950225978758815E+00  0.6498075358563635E+00  0.5389156957915030E+00  0.3406458338086967E+00  0.1053183321961911E+00 -0.1566786702033529E+00 -0.4073551174967336E+00 -0.6459633086147838E+00 -0.8391395703869043E+00 -0.9667208509190329E+00 -0.9882151171352187E+00 -0.8790620523518945E+00 -0.6561643147247889E+00 -0.3880213354684176E+00 -0.1417949925285653E+00  0.5721753421628599E-01  0.1962531250009076E+00  0.2469070840349461E+00  0.1660083871842732E+00 -0.2511180775178734E+00
 -0.9088580037919614E+00  0.5723039011722124E+00  0.8080536997246759E+00  0.6905364741776077E+00  0.4731206956983057E+00  0.2194946297099850E+00 -0.5811146335264536E-01 -0.3248052534270419E+00 -0.5813091270298998E+00 -0.8058223587293074E+00 -0.9888926626968066E+00 -0.1098585678918419E+01 -0.1083915252627783E+01 -0.9098444429603834E+00 -0.6193369572219829E+00 -0.3155701884844245E+00 -0.6815440377569536E-01  0.1030904061109217E+00  0.1781175050077201E+00  0.1233743099030669E+00 -0.1920054247014807E+00
 -0.8418358948357545E+00  0.5890635323553530E+00  0.9253547022303046E+00  0.8241808980005376E+00  0.5953927032825032E+00  0.3281742290866210E+00  0.3805712293690655E-01 -0.2418210810242262E+00 -0.5068122831612767E+00 -0.7380374389416439E+00 -0.9372113548629812E+00 -0.1103479370743323E+01 -0.1198003823438679E+01 -0.1139391419282382E+01 -0.8953010803612310E+00 -0.5551799843037586E+00 -0.2427440166902405E+00 -0.1702039909692210E-01  0.9963128663435517E-01  0.8674374111962657E-01 -0.1605999367245246E+00
 -0.6733460745711831E+00  0.5553964277229546E+00  0.9928432085976807E+00  0.9360927906035239E+00  0.7081511249658285E+00  0.4335333125461917E+00  0.1347100132366056E+00 -0.1597172150649810E+00 -0.4374790845483656E+00 -0.6725186382589682E+00 -0.8610823337474388E+00 -0.1030276384193886E+01 -0.1192019071398865E+01 -0.1268727977425916E+01 -0.1147300293191712E+01 -0.8377340346109563E+00 -0.4786232675380934E+00 -0.1820198108921667E+00  0.3811378134103592E-02  0.5186781281718165E-01 -0.1517920603174414E+00
 -0.4727557320389273E+00  0.4903190207319525E+00  0.9982013301569301E+00  0.1013359461669928E+01  0.8063036346447716E+00  0.5340064729663667E+00  0.2331722258650831E+00 -0.7222023436041289E-01 -0.3654488469018926E+00 -0.6126543023821104E+00 -0.7914806539682004E+00 -0.9299448406271491E+00 -0.1095093793942916E+01 -0.1269982449911622E+01 -0.1306154285862700E+01 -0.1103672418142452E+01 -0.7508710845814978E+00 -0.3976709655511098E+00 -0.1281364149744336E+00 -0.5578441581404024E-04 -0.1279690617269915E+00
 -0.2841735111745185E+00  0.4058125526607204E+00  0.9332641468076428E+00  0.1037582606433689E+01  0.8769905887636377E+00  0.6200298451615691E+00  0.3256438294440013E+00  0.1900771193983299E-01 -0.2816689788747508E+00 -0.5413670272426214E+00 -0.7216698627154936E+00 -0.8278517550569445E+00 -0.9499616687582919E+00 -0.1157853521023811E+01 -0.1336825912279324E+01 -0.1295889092120661E+01 -0.1018474930292313E+01 -0.6508223261463720E+00 -0.3069217224031984E+00 -0.8056138000147134E-01 -0.6523758239878441E-01
 -0.1256864950125662E+00  0.3072266221644707E+00  0.7959933714808458E+00  0.9852851680207703E+00  0.8964698140510997E+00  0.6745618723627846E+00  0.3984763670572478E+00  0.1028576234809788E+00 -0.1911935689822533E+00 -0.4509475495505987E+00 -0.6334972476190299E+00 -0.7211804807296059E+00 -0.7876663070620797E+00 -0.9665715002506852E+00 -0.1234672094723860E+01 -0.1372300712904577E+01 -0.1235212383540492E+01 -0.9117119732509776E+00 -0.5266077619425928E+00 -0.1884157537631810E+00  0.3863949934695021E-01
 -0.1580098754922821E-02  0.2023424953955136E+00  0.6054473874316181E+00  0.8509373639332921E+00  0.8466897445905068E+00  0.6825413767343774E+00  0.4416193575502598E+00  0.1701887843065704E+00 -0.1033123126767867E+00 -0.3462592570659025E+00 -0.5189982539431820E+00 -0.5962197778281420E+00 -0.6204927994585051E+00 -0.7356536500031252E+00 -0.1019826251155577E+01 -0.1308542893075713E+01 -0.1358150519001335E+01 -0.1141537501712560E+01 -0.7661410490279050E+00 -0.3173902202916207E+00  0.1860296118469570E+00
  0.8607503920432602E-01  0.1008884013313035E+00  0.3887402431982365E+00  0.6389274572281546E+00  0.7087508047356179E+00  0.6190451941378036E+00  0.4345807508323537E+00  0.2068928489254978E+00 -0.2775145384057505E-01 -0.2361237185449356E+00 -0.3840422703447875E+00 -0.4493640889777465E+00 -0.4515104425634014E+00 -0.5006848509961620E+00 -0.7333976787646764E+00 -0.1100455788801007E+01 -0.1345361630162157E+01 -0.1295467468644673E+01 -0.9926065312258097E+00 -0.4603694361576121E+00  0.3885017772470267E+00
  0.1182129231225263E+00  0.2540372889486193E-01  0.1944241098071121E+00  0.3927305739707102E+00  0.4989200390046789E+00  0.4832599908476153E+00  0.3737809557844825E+00  0.2109769442675742E+00  0.3201434064401153E-01 -0.1296797194433776E+00 -0.2439720234155529E+00 -0.2940628676727030E+00 -0.2896354278746191E+00 -0.2927865261842446E+00 -0.4332829837659142E+00 -0.7767734089427974E+00 -0.1166641849024393E+01 -0.1321170231462460E+01 -0.1162301051824727E+01 -0.6101428140488433E+00  0.6681273903218030E+00
  0.6351976158620212E-01 -0.4451757206911672E-02  0.5016448996546711E-01  0.1575303640160021E+00  0.2471480247143029E+00  0.2735924098791581E+00  0.2336098229022673E+00  0.1464236670868896E+00  0.3891257423831535E-01 -0.6162299254830124E-01 -0.1320539059034170E+00 -0.1610419679570362E+00 -0.1548776292160063E+00 -0.1379989118510537E+00 -0.1848920990272401E+00 -0.4072332465103095E+00 -0.8268473392688899E+00 -0.1167081960261956E+01 -0.1211719025342293E+01 -0.7585705111124729E+00  0.1063992507995126E+01
 -0.1578040129904028E+00  0.4747989570627602E-01 -0.1536432587157475E-01  0.4549767164462257E-02  0.5446404440739813E-01  0.8716730799138460E-01  0.8685313241232526E-01  0.5752447243070351E-01  0.1275803132855290E-01 -0.3132348930026656E-01 -0.6151162218871103E-01 -0.7112719530707043E-01 -0.6405505522537214E-01 -0.4644200173636650E-01 -0.3935483810253648E-01 -0.1013707307072492E+00 -0.4080299816174338E+00 -0.8172195451579509E+00 -0.1042294382927163E+01 -0.8396926977060788E+00  0.1476783710191073E+01
  0.4083126021537993E+00 -0.2126518547470310E+00 -0.2296429620872939E+00 -0.1598596599638673E+00 -0.9234839117763201E-01 -0.4476657725865075E-01 -0.1854244467044581E-01 -0.1021223428214641E-01 -0.1348031676939077E-01 -0.2069125539300013E-01 -0.2513253444565058E-01 -0.2259978430406042E-01 -0.1471356302919462E-01 -0.2611067141879560E-02  0.4875440119089317E-02  0.7257767107907803E-02 -0.1338447735292421E+00 -0.3895372693730478E+00 -0.5637956679915584E+00 -0.5409715224400921E+00  0.1059118899328718E+01
  0.0000000000000000E+00  0.0000000000000000E+00  0.0000000000000000E+00  0.0000000000000000E+00  0.0000000000000000E+00  0.0000000000000000E+00  0.0000000000000000E+00  0.0000000000000000E+00  0.0000000000000000E+00  0.0000000000000000E+00  0.0000000000000000E+00  0.0000000000000000E+00  0.0000000000000000E+00  0.0000000000000000E+00  0.0000000000000000E+00  0.0000000000000000E+00  0.0000000000000000E+00  0.0000000000000000E+00  0.0000000000000000E+00  0.0000000000000000E+00  0.0000000000000000E+00
