  0.0000000000000000E+00  0.0000000000000000E+00  0.0000000000000000E+00  0.0000000000000000E+00  0.0000000000000000E+00  0.0000000000000000E+00  0.0000000000000000E+00  0.0000000000000000E+00  0.0000000000000000E+00  0.0000000000000000E+00  0.0000000000000000E+00  0.0000000000000000E+00  0.0000000000000000E+00  0.0000000000000000E+00  0.0000000000000000E+00  0.0000000000000000E+00  0.0000000000000000E+00  0.0000000000000000E+00  0.0000000000000000E+00  0.0000000000000000E+00  0.0000000000000000E+00
  0.3658420687507750E-01 -0.1509696458150772E-01 -0.8706686869445654E-02  0.1529852601228482E-02 -0.9864117510899799E-02 -0.3927330337734329E-01 -0.6919927496815334E-01 -0.8221991720182309E-01 -0.8177896760083023E-01 -0.7483365004232126E-01 -0.6242205985142769E-01 -0.3154576608750862E-01  0.2675999366959097E-01  0.9366281310253341E-01  0.1336510328451017E+00  0.1325741692147320E+00  0.9841166643050414E-01  0.4538206306046304E-01 -0.6362534851292731E-02 -0.2522232625501689E-01  0.6930444391375794E-01
  0.4807089990177260E-03  0.1738602774797049E-01  0.5263879224292921E-01  0.7051117869829167E-01  0.4171187016877115E-01 -0.2610756612501538E-01 -0.1167590123400717E+00 -0.2061194853303828E+00 -0.2789323689369202E+00 -0.3155987901360507E+00 -0.3018553529641545E+00 -0.2254511422161717E+00 -0.1004690907901778E+00  0.3683973078542575E-01  0.1454380722661420E+00  0.2001840126471962E+00  0.1965517111044508E+00  0.1453942436570733E+00  0.7114218641271572E-01  0.1068906121120808E-01  0.3907500277909149E-01
 -0.1539082344462329E+00  0.1086427442360336E+00  0.1720199982618677E+00  0.1801320908396234E+00  0.1162240321002668E+00  0.3170277430808573E-02 -0.1378553082811576E+00 -0.2784284689658754E+00 -0.4033354828901620E+00 -0.4866798832724848E+00 -0.5094460945859970E+00 -0.4486299364734841E+00 -0.3088262156001751E+00 -0.1240771003557442E+00  0.5639213853861658E-01  0.1937499445233085E+00  0.2644385621857640E+00  0.2591362856642903E+00  0.1923656187941255E+00  0.1028046706756598E+00 -0.1160483932328540E+00
 -0.3982484474484154E+00  0.2437300375606775E+00  0.3329416652336172E+00  0.3148431869966074E+00  0.2097019722353734E+00  0.5018903983866875E-01 -0.1419462029511973E+00 -0.3359118842301238E+00 -0.5158380603676166E+00 -0.6495458024966947E+00 -0.7129375931661691E+00 -0.6745772285907210E+00 -0.5320993322142508E+00 -0.3189349210487960E+00 -0.9092892008395398E-01  0.1098833992329803E+00  0.2545990558867932E+00  0.3164421495869979E+00  0.2904905010988453E+00  0.1945066409606950E+00 -0.2930294217832395E+00
 -0.6578711565730065E+00  0.3899385470035766E+00  0.5119444844377233E+00  0.4629976885782093E+00  0.3217373923620596E+00  0.1255607163096149E+00 -0.1042714461659682E+00 -0.3366954322664820E+00 -0.5599893883156951E+00 -0.7437734760159621E+00 -0.8626147454099690E+00 -0.8729378770791913E+00 -0.7500107284160155E+00 -0.5185883959095366E+00 -0.2524435816118752E+00 -0.9243967176685628E-02  0.1874337282525333E+00  0.3099626881837395E+00  0.3333657989831816E+00  0.2353718284375244E+00 -0.3727496863293917E+00
 -0.8556878951406494E+00  0.5130594539985596E+00  0.6834904668550293E+00  0.6084397025427820E+00  0.4364203458907242E+00  0.2089947858826195E+00 -0.5130597225523668E-01 -0.3128237990503629E+00 -0.5656395811931355E+00 -0.7855691910200453E+00 -0.9552363150324272E+00 -0.1031607469139148E+01 -0.9618964662176426E+00 -0.7344041035614923E+00 -0.4277082893020627E+00 -0.1407242892185874E+00  0.9250173169191102E-01  0.2570330961821745E+00  0.3167796458398688E+00  0.2187686881369958E+00 -0.3395264185711187E+00
 -0.9371618127483046E+00  0.5889788181644861E+00  0.8297746417451537E+00  0.7443310430620511E+00  0.5507333898672155E+00  0.3007214373827165E+00  0.1791403094569897E-01 -0.2649006325198895E+00 -0.5354083301777791E+00 -0.7733534458135994E+00 -0.9746787366779659E+00 -0.1116626073241559E+01 -0.1135812655660446E+01 -0.9644597492625826E+00 -0.6387976815300281E+00 -0.2952700669602843E+00 -0.1927591445630902E-01  0.1737261782043008E+00  0.2559893252075748E+00  0.1740181668504597E+00 -0.2660651753438042E+00
 -0.8811888522505684E+00  0.6074551897928214E+00  0.9411767171278960E+00  0.8674009300222968E+00  0.6617286483975160E+00  0.3953329913736662E+00  0.9293461147103492E-01 -0.2115425942474708E+00 -0.4979279876827715E+00 -0.7417833461865923E+00 -0.9459687972810763E+00 -0.1121873027537430E+01 -0.1232343348182145E+01 -0.1170737302659175E+01 -0.8883273378546379E+00 -0.5030677472729633E+00 -0.1659159582331037E+00  0.6761957558812480E-01  0.1768704342537106E+00  0.1287938488729035E+00 -0.2095111123650000E+00
 -0.7174321739177385E+00  0.5752661206120524E+00  0.1008366187918419E+01  0.9731815636800973E+00  0.7678076979592551E+00  0.4933710693157575E+00  0.1772530997984536E+00 -0.1476130791915113E+00 -0.4534639915921421E+00 -0.7053951827977191E+00 -0.8978792257045328E+00 -0.1068125556831403E+01 -0.1234969128047509E+01 -0.1299538823860402E+01 -0.1128504147556200E+01 -0.7592790007732654E+00 -0.3682186257200718E+00 -0.7159470761978270E-01  0.8956780935089556E-01  0.9243147811039479E-01 -0.1877266249802888E+00
 -0.5146388844530081E+00  0.5113805689126740E+00  0.1019502822285014E+01  0.1050032391240526E+01  0.8624313097643341E+00  0.5892604773493861E+00  0.2677695097863058E+00 -0.7135151517995005E-01 -0.3961805590404710E+00 -0.6627270562200814E+00 -0.8463376168500996E+00 -0.9862045584845367E+00 -0.1160367796116663E+01 -0.1326741971169629E+01 -0.1304039953155703E+01 -0.1018883475169827E+01 -0.6144529022688946E+00 -0.2549333046405455E+00 -0.1901719100458469E-01  0.5266035217798327E-01 -0.1769982475385345E+00
 -0.3207370936066722E+00  0.4275963469036234E+00  0.9620519471041977E+00  0.1076149965500728E+01  0.9295205281805845E+00  0.6708733729336059E+00  0.3549972728577291E+00  0.1356458700547601E-01 -0.3205980286204769E+00 -0.6006131020233487E+00 -0.7844683419873320E+00 -0.8911615472618558E+00 -0.1033276466661699E+01 -0.1254340554922838E+01 -0.1381442537573684E+01 -0.1235362739099850E+01 -0.8736548138047341E+00 -0.4775659366256378E+00 -0.1626690558617523E+00 -0.7269816805765794E-02 -0.1408596054444549E+00
 -0.1550754590763685E+00  0.3299587537806837E+00  0.8348008022656825E+00  0.1033152581100315E+01  0.9522687728522596E+00  0.7257247996379015E+00  0.4273051722577860E+00  0.9656450514395652E-01 -0.2321861013371862E+00 -0.5141288626595086E+00 -0.6997699364541133E+00 -0.7829202875449517E+00 -0.8753292388656587E+00 -0.1099685734123570E+01 -0.1346882185851700E+01 -0.1371775950033227E+01 -0.1112438497982550E+01 -0.7241887549251957E+00 -0.3467070836308194E+00 -0.9294246750101393E-01 -0.6787968112777759E-01
 -0.2355705726511903E-01  0.2243743815607820E+00  0.6495660874172270E+00  0.9069692801961626E+00  0.9070530976289478E+00  0.7353347834216242E+00  0.4720437281611704E+00  0.1673646445046789E+00 -0.1399757998684316E+00 -0.4071971366667169E+00 -0.5858254453021767E+00 -0.6543183204855801E+00 -0.6998683945691395E+00 -0.8880063878317335E+00 -0.1203559473566523E+01 -0.1401030869048771E+01 -0.1297113020998062E+01 -0.9702259488219290E+00 -0.5647627551375960E+00 -0.2023238824204183E+00  0.4220889212365886E-01
  0.7477954647555418E-01  0.1216585670249571E+00  0.4397552475504256E+00  0.7116772281322598E+00  0.7873211829453753E+00  0.6874280214315344E+00  0.4785680417445071E+00  0.2168330048293327E+00 -0.5320230449869067E-01 -0.2890720797571046E+00 -0.4472833923342244E+00 -0.5039977283601940E+00 -0.5166660129081262E+00 -0.6481107861937067E+00 -0.9701857286811456E+00 -0.1305115796305405E+01 -0.1391858087350345E+01 -0.1183688907658307E+01 -0.7987404070622132E+00 -0.3308351782194025E+00  0.1937651275959943E+00
  0.1347305605091940E+00  0.3516947360252209E-01  0.2402389813167603E+00  0.4724530654819377E+00  0.5913742585979667E+00  0.5657860708656410E+00  0.4297435539362621E+00  0.2315374349825148E+00  0.1693692167391777E-01 -0.1722430992461354E+00 -0.2983182250814867E+00 -0.3428046443704768E+00 -0.3391721149874309E+00 -0.4121706741426053E+00 -0.6820024355277523E+00 -0.1082451652206129E+01 -0.1358731093506638E+01 -0.1322935759402013E+01 -0.1018328102143686E+01 -0.4725250792526328E+00  0.3992471356142122E+00
  0.1232425893782091E+00 -0.9266618694609279E-02  0.9544273329438122E-01  0.2498836661838354E+00  0.3629750261076484E+00  0.3864174857562806E+00  0.3225455173847228E+00  0.1997053952674501E+00  0.5459907987519277E-01 -0.7660423692602684E-01 -0.1638657816205457E+00 -0.1952319904498875E+00 -0.1879861664703073E+00 -0.2142461305240694E+00 -0.3900096663049484E+00 -0.7577319660013764E+00 -0.1169030226119922E+01 -0.1337571990317999E+01 -0.1181475279403540E+01 -0.6209146445807869E+00  0.6812686543388207E+00
  0.2824091968244040E-01 -0.7061769668958049E-02  0.7055610675566249E-02  0.7277656858652852E-01  0.1477506983141211E+00  0.1871260916298098E+00  0.1752039503583519E+00  0.1207825487899470E+00  0.4559931375994552E-01 -0.2571930343869459E-01 -0.7348458735789518E-01 -0.9035061166384117E-01 -0.8370672535279032E-01 -0.8170559573179600E-01 -0.1545463686481587E+00 -0.3939317444370390E+00 -0.8252888932243769E+00 -0.1175818040045884E+01 -0.1225047666466381E+01 -0.7679991449122219E+00  0.1078949768270285E+01
 -0.1674195294631902E+00  0.4574786142777633E-01 -0.3017594517986124E-01 -0.3554414845755288E-01 -0.5973098114982737E-03  0.3303158758059133E-01  0.4584582292828913E-01  0.3593417406721200E-01  0.1187602353916177E-01 -0.1393269278428614E-01 -0.3124201773137392E-01 -0.3514790376016543E-01 -0.2870070795935789E-01 -0.1721266807841869E-01 -0.2236345561892892E-01 -0.9397785624869105E-01 -0.4063174257158634E+00 -0.8211623820468102E+00 -0.1050115546280907E+01 -0.8467814564703499E+00  0.1490228823130142E+01
  0.4134935863476078E+00 -0.2190349902704912E+00 -0.2436113844638658E+00 -0.1772039547899366E+00 -0.1110281976751857E+00 -0.6266245371530042E-01 -0.3266186461705561E-01 -0.1793519446560577E-01 -0.1349455837293633E-01 -0.1326773650102730E-01 -0.1228591778252282E-01 -0.7427118645863972E-02 -0.2030371739948725E-03  0.9437016022002646E-02  0.1191678766328548E-01  0.9972116497378043E-02 -0.1333502073285871E+00 -0.3911316423991555E+00 -0.5671336376271562E+00 -0.5442752189962256E+00  0.1065692019361521E+01
  0.0000000000000000E+00  0.0000000000000000E+00  0.0000000000000000E+00  0.0000000000000000E+00  0.0000000000000000E+00  0.0000000000000000E+00  0.0000000000000000E+00  0.0000000000000000E+00  0.0000000000000000E+00  0.0000000000000000E+00  0.0000000000000000E+00  0.0000000000000000E+00  0.0000000000000000E+00  0.0000000000000000E+00  0.0000000000000000E+00  0.0000000000000000E+00  0.0000000000000000E+00  0.0000000000000000E+00  0.0000000000000000E+00  0.0000000000000000E+00  0.0000000000000000E+00
