  0.0000000000000000E+00  0.0000000000000000E+00  0.0000000000000000E+00  0.0000000000000000E+00  0.0000000000000000E+00  0.0000000000000000E+00  0.0000000000000000E+00  0.0000000000000000E+00  0.0000000000000000E+00  0.0000000000000000E+00  0.0000000000000000E+00  0.0000000000000000E+00  0.0000000000000000E+00  0.0000000000000000E+00  0.0000000000000000E+00  0.0000000000000000E+00  0.0000000000000000E+00  0.0000000000000000E+00  0.0000000000000000E+00  0.0000000000000000E+00  0.0000000000000000E+00
  0.3566460860178152E-01 -0.1768742698952953E-01 -0.1739767236680708E-01 -0.1350648102109712E-01 -0.2826515769509538E-01 -0.5628895297394131E-01 -0.8156231550183167E-01 -0.9120909379550853E-01 -0.9006343582150338E-01 -0.8287048137881213E-01 -0.6768893616900416E-01 -0.3074761369670066E-01  0.3252982741481370E-01  0.9741689022127455E-01  0.1315612260521603E+00  0.1260379227348547E+00  0.9040271162809020E-01  0.3849111112850836E-01 -0.1015347933419770E-01 -0.2611830708468820E-01  0.6820144191986691E-01
  0.4109293878797431E-02  0.1121823896383475E-01  0.3776401077030167E-01  0.4871222854932597E-01  0.1755448652898489E-01 -0.4789684503979115E-01 -0.1324838602075666E+00 -0.2140790685127639E+00 -0.2780664782379751E+00 -0.3046969735656032E+00 -0.2805582305144316E+00 -0.1970960179029323E+00 -0.7239778348761133E-01  0.5682311769822425E-01  0.1536699029917518E+00  0.1978264797888351E+00  0.1877368597158697E+00  0.1351849689408553E+00  0.6378095762001539E-01  0.7569121585003849E-02  0.4107359286500384E-01
 -0.1386032661377169E+00  0.9568301683136912E-01  0.1484457843563904E+00  0.1508032912708669E+00  0.8611313041545206E-01 -0.2405587665944005E-01 -0.1598994715241818E+00 -0.2939660644188572E+00 -0.4106860914955610E+00 -0.4836486130819036E+00 -0.4945723901437729E+00 -0.4237419286460369E+00 -0.2802699953693865E+00 -0.9986984253430156E-01  0.7106198733360423E-01  0.1972741021147711E+00  0.2583727101706131E+00  0.2478351942393955E+00  0.1813785163011322E+00  0.9604914235633887E-01 -0.1067689107678844E+00
 -0.3748210210921569E+00  0.2265874336968670E+00  0.3049412799984439E+00  0.2842816691282554E+00  0.1808107642733149E+00  0.2510291303612836E-01 -0.1617537243332049E+00 -0.3489498840526128E+00 -0.5198060372487260E+00 -0.6417286948025896E+00 -0.6918701264809813E+00 -0.6427464181402318E+00 -0.4968915376451996E+00 -0.2885413865575897E+00 -0.6984153487867165E-01  0.1200242993018337E+00  0.2536911318710617E+00  0.3072744417925433E+00  0.2785976964784360E+00  0.1863565951468432E+00 -0.2804720889620936E+00
 -0.6357352257965894E+00  0.3730366090009437E+00  0.4833746012062416E+00  0.4332912644017362E+00  0.2934015284079065E+00  0.9937147016801638E-01 -0.1276193878523751E+00 -0.3560909182855560E+00 -0.5733256175936741E+00 -0.7473339992765750E+00 -0.8524190886255504E+00 -0.8480930519824117E+00 -0.7169191237049682E+00 -0.4876226135742034E+00 -0.2297700103563940E+00  0.3937432660574823E-02  0.1905114947785914E+00  0.3039192668180863E+00  0.3229596672699355E+00  0.2290200984749623E+00 -0.3641006281549515E+00
 -0.8436782469029332E+00  0.5006670064724914E+00  0.6583227725145410E+00  0.5825477736942616E+00  0.4123316063101543E+00  0.1872970511604277E+00 -0.7003969770440341E-01 -0.3282317859650032E+00 -0.5772084534210835E+00 -0.7913483110116817E+00 -0.9513037192741778E+00 -0.1013851127293391E+01 -0.9324235761555940E+00 -0.7033664247982925E+00 -0.4044465337083233E+00 -0.1270274975504249E+00  0.9730141597248380E-01  0.2536651833173218E+00  0.3093836381973946E+00  0.2155358466133901E+00 -0.3372239016427758E+00
 -0.9403457102789181E+00  0.5834447457143552E+00  0.8099885268641476E+00  0.7224618705312570E+00  0.5298174570765075E+00  0.2812333804484499E+00  0.6267435718222486E-03 -0.2795231392346023E+00 -0.5477452701835996E+00 -0.7832824769921967E+00 -0.9798109515917632E+00 -0.1111181738010167E+01 -0.1116432555826033E+01 -0.9372767643470240E+00 -0.6153557553774068E+00 -0.2812337160262197E+00 -0.1382041231336002E-01  0.1725942421976718E+00  0.2519628877385425E+00  0.1730141411359367E+00 -0.2670795356692675E+00
 -0.8996011740798127E+00  0.6090946413603434E+00  0.9276827500012177E+00  0.8493918568815405E+00  0.6437452770646693E+00  0.3785659250190415E+00  0.7894034478406357E-01 -0.2219260245781758E+00 -0.5056548532660106E+00 -0.7487829111256167E+00 -0.9530470377616012E+00 -0.1124885641312948E+01 -0.1224538607409930E+01 -0.1151919198254880E+01 -0.8671492984294199E+00 -0.4880931612512256E+00 -0.1592036924713139E+00  0.6828846767769291E-01  0.1751338081001242E+00  0.1285893151594954E+00 -0.2106341373783621E+00
 -0.7438733139806806E+00  0.5819696513199366E+00  0.1002035639979129E+01  0.9593930649310958E+00  0.7525014356322420E+00  0.4785450565890238E+00  0.1646301717692676E+00 -0.1567870856143946E+00 -0.4596929269546962E+00 -0.7108100548848738E+00 -0.9051758925088353E+00 -0.1075979238435417E+01 -0.1236566370686710E+01 -0.1290746660445504E+01 -0.1113435769462736E+01 -0.7453748990977256E+00 -0.3601103211908821E+00 -0.6916444293420559E-01  0.8914380536033611E-01  0.9203391357888208E-01 -0.1869579353763101E+00
 -0.5410736985600233E+00  0.5208412262150458E+00  0.1021449980085114E+01  0.1041991319975248E+01  0.8505528139442555E+00  0.5768510833357258E+00  0.2569285343492492E+00 -0.7919037923987111E-01 -0.4013240252276395E+00 -0.6671975441122460E+00 -0.8534150672297214E+00 -0.9965469608238616E+00 -0.1168168341784783E+01 -0.1326196589472478E+01 -0.1296217999499495E+01 -0.1008716109690461E+01 -0.6066250924419482E+00 -0.2513407381798636E+00 -0.1849513606685289E-01  0.5216921224325356E-01 -0.1750027727966136E+00
 -0.3436049181077706E+00  0.4387960748133327E+00  0.9727833063322274E+00  0.1075998703587142E+01  0.9227576759446529E+00  0.6620344352513283E+00  0.3466491272783092E+00  0.6997648722587615E-02 -0.3257420560958906E+00 -0.6060198357547383E+00 -0.7930268138980903E+00 -0.9041172413356321E+00 -0.1045559832569386E+01 -0.1259805628753283E+01 -0.1379913445366573E+01 -0.1229946307599269E+01 -0.8678456751124060E+00 -0.4740328663401282E+00 -0.1616346722889619E+00 -0.7491626362948802E-02 -0.1391597932001155E+00
 -0.1733230737439171E+00  0.3422342278762854E+00  0.8533796098849391E+00  0.1042417000672611E+01  0.9524358028447453E+00  0.7214534066482271E+00  0.4219376574473765E+00  0.9155835085971112E-01 -0.2372073211683362E+00 -0.5208474201232682E+00 -0.7107962467619117E+00 -0.7992519962286495E+00 -0.8915493272402567E+00 -0.1109208187064340E+01 -0.1349719492907825E+01 -0.1370492093891101E+01 -0.1109315589770889E+01 -0.7216211204551671E+00 -0.3456823543314327E+00 -0.9293149722912489E-01 -0.6688786264405805E-01
 -0.3729971494262951E-01  0.2367673024877176E+00  0.6730021925205232E+00  0.9253691871306891E+00  0.9157276519256415E+00  0.7371559263911377E+00  0.4704718054750450E+00  0.1642054064709732E+00 -0.1448860333481938E+00 -0.4153990316602029E+00 -0.5995597097238055E+00 -0.6741670330313962E+00 -0.7198139047153653E+00 -0.9004162520900794E+00 -0.1208831228217285E+01 -0.1402421177453725E+01 -0.1296196843076472E+01 -0.9688525471723832E+00 -0.5640402935237258E+00 -0.2022613862178577E+00  0.4274386512984740E-01
  0.6516948789799237E-01  0.1327625112752564E+00  0.4634570217237617E+00  0.7361495847722261E+00  0.8041130592724692E+00  0.6960181650236309E+00  0.4814163011386008E+00  0.2158316338402164E+00 -0.5786008587599512E-01 -0.2985068001250227E+00 -0.4630805850518087E+00 -0.5261226717986366E+00 -0.5390646531944188E+00 -0.6622801608619093E+00 -0.9763515167110571E+00 -0.1307630168322992E+01 -0.1392265562157116E+01 -0.1183170641082669E+01 -0.7983165926088117E+00 -0.3307625721849004E+00  0.1939711239458896E+00
  0.1298015569657208E+00  0.4315425434059970E-01  0.2592643199875199E+00  0.4973536901852536E+00  0.6135462354074001E+00  0.5810428273484149E+00  0.4378932994326307E+00  0.2335973328745184E+00  0.1335645540043581E-01 -0.1818566037294641E+00 -0.3145006297180502E+00 -0.3645889411243752E+00 -0.3612485988843931E+00 -0.4264340621446366E+00 -0.6878956021014277E+00 -0.1084864763566215E+01 -0.1359553946686005E+01 -0.1322884347708837E+01 -0.1018050955951873E+01 -0.4724495866953779E+00  0.3992978041342607E+00
  0.1255084523630965E+00 -0.6393212594546611E-02  0.1063288145794566E+00  0.2683096012809715E+00  0.3835048747355335E+00  0.4040104937255266E+00  0.3346541971906289E+00  0.2055189925286183E+00  0.5387808466133590E-01 -0.8398473223126654E-01 -0.1774139690235882E+00 -0.2130152360305479E+00 -0.2059923560581615E+00 -0.2263061233623976E+00 -0.3947799821939993E+00 -0.7594337688906704E+00 -0.1169712064630093E+01 -0.1337647620280441E+01 -0.1181258835844430E+01 -0.6207918941154856E+00  0.6811168465020268E+00
  0.3445265128615196E-01 -0.7878023916601464E-02  0.1081857953634757E-01  0.8254408037453596E-01  0.1610861099906994E+00  0.2003659726922742E+00  0.1855066186353817E+00  0.1265070908133279E+00  0.4603200191875061E-01 -0.3051772169304836E-01 -0.8252192199627705E-01 -0.1017195900969953E+00 -0.9507151259985137E-01 -0.8967352496440521E-01 -0.1576357261318928E+00 -0.3948805916115709E+00 -0.8257315257731035E+00 -0.1175940968361871E+01 -0.1224850979944390E+01 -0.7678498726911499E+00  0.1078698638129060E+01
 -0.1659587683593661E+00  0.4537469569478282E-01 -0.2983468127501762E-01 -0.3200091742579884E-01  0.5607832414977247E-02  0.4008278111594218E-01  0.5190445033030306E-01  0.3970772533833350E-01  0.1276247696042558E-01 -0.1586074703779383E-01 -0.3531752741070953E-01 -0.4025760883481370E-01 -0.3375520217387679E-01 -0.2093013026746333E-01 -0.2376179791598898E-01 -0.9436850363718338E-01 -0.4066829762378026E+00 -0.8213375772422044E+00 -0.1050018525604462E+01 -0.8465897277995889E+00  0.1489750657794304E+01
  0.4130456272614680E+00 -0.2182776030826985E+00 -0.2417871819866276E+00 -0.1748437215408681E+00 -0.1084372348958969E+00 -0.6006080645605596E-01 -0.3040778697342577E-01 -0.1644394770703607E-01 -0.1306048074822251E-01 -0.1393958744167239E-01 -0.1382473265469245E-01 -0.9367107564556372E-02 -0.2066618347938425E-02  0.8029177675031552E-02  0.1144648242170358E-01  0.9877656133321299E-02 -0.1335598769398264E+00 -0.3912637093402526E+00 -0.5671030693869779E+00 -0.5441886347851879E+00  0.1065462834968586E+01
  0.0000000000000000E+00  0.0000000000000000E+00  0.0000000000000000E+00  0.0000000000000000E+00  0.0000000000000000E+00  0.0000000000000000E+00  0.0000000000000000E+00  0.0000000000000000E+00  0.0000000000000000E+00  0.0000000000000000E+00  0.0000000000000000E+00  0.0000000000000000E+00  0.0000000000000000E+00  0.0000000000000000E+00  0.0000000000000000E+00  0.0000000000000000E+00  0.0000000000000000E+00  0.0000000000000000E+00  0.0000000000000000E+00  0.0000000000000000E+00  0.0000000000000000E+00
