  0.0000000000000000E+00  0.0000000000000000E+00  0.0000000000000000E+00  0.0000000000000000E+00  0.0000000000000000E+00  0.0000000000000000E+00  0.0000000000000000E+00  0.0000000000000000E+00  0.0000000000000000E+00  0.0000000000000000E+00  0.0000000000000000E+00  0.0000000000000000E+00  0.0000000000000000E+00  0.0000000000000000E+00  0.0000000000000000E+00  0.0000000000000000E+00  0.0000000000000000E+00  0.0000000000000000E+00  0.0000000000000000E+00  0.0000000000000000E+00  0.0000000000000000E+00
  0.3628566133780640E-01 -0.1529124787967683E-01 -0.9588082301224083E-02 -0.7709117398777625E-04 -0.1186982591067687E-01 -0.4116552183277623E-01 -0.7061408808028938E-01 -0.8328146938049834E-01 -0.8277278946243230E-01 -0.7583762434839962E-01 -0.6321184344657971E-01 -0.3177946821981206E-01  0.2708717849065206E-01  0.9392820433089444E-01  0.1334184648059039E+00  0.1319219282108709E+00  0.9761264834700561E-01  0.4469908832667309E-01 -0.6710000176275269E-02 -0.2527868393725180E-01  0.6912605163548012E-01
  0.7710444789892704E-03  0.1675990242268278E-01  0.5105075174703761E-01  0.6817890930712944E-01  0.3920895428220897E-01 -0.2829482957262253E-01 -0.1182504769732597E+00 -0.2067852126428202E+00 -0.2787036815541717E+00 -0.3144133036342291E+00 -0.2996968139911608E+00 -0.2226210388452950E+00 -0.9763893437242693E-01  0.3892183599138792E-01  0.1463669936931989E+00  0.2000144332758260E+00  0.1956691111886943E+00  0.1443323391300429E+00  0.7039450448287747E-01  0.1041069562326461E-01  0.3916241761308363E-01
 -0.1522097637526322E+00  0.1072092978956932E+00  0.1694181299344473E+00  0.1770269511234720E+00  0.1131755493657012E+00  0.5157230189809134E-03 -0.1399255008793217E+00 -0.2798402335787651E+00 -0.4039637718050711E+00 -0.4863607729659832E+00 -0.5080739301514178E+00 -0.4463774808164589E+00 -0.3062471504358756E+00 -0.1218621659143461E+00  0.5775254327767000E-01  0.1940327220879040E+00  0.2637319978885736E+00  0.2578676321169948E+00  0.1911652259545680E+00  0.1021187882191773E+00 -0.1151911387029639E+00
 -0.3954523556910172E+00  0.2417719103963443E+00  0.3298633754980157E+00  0.3117227656603439E+00  0.2069917311389323E+00  0.4799535412149110E-01 -0.1435265956316207E+00 -0.3368111496275124E+00 -0.5158529038255298E+00 -0.6484611051656958E+00 -0.7106695421056951E+00 -0.6714249647551699E+00 -0.5287771707146091E+00 -0.3161230813488863E+00 -0.8897281777316647E-01  0.1107841260688317E+00  0.2543527317676765E+00  0.3153096161172069E+00  0.2891037193557021E+00  0.1936157535672857E+00 -0.2917435413461550E+00
 -0.6552543850843703E+00  0.3880312483080457E+00  0.5088393598397668E+00  0.4600886433833140E+00  0.3191972414716199E+00  0.1233287453502953E+00 -0.1062150041495900E+00 -0.3383113171028472E+00 -0.5610804994624378E+00 -0.7439749152345438E+00 -0.8615802617242725E+00 -0.8706495465731577E+00 -0.7471220953888481E+00 -0.5159632126827061E+00 -0.2504988858552425E+00 -0.8123374360794574E-02  0.1875373705366704E+00  0.3090872224555726E+00  0.3320595723814397E+00  0.2346185637390847E+00 -0.3717961188358143E+00
 -0.8543173952410759E+00  0.5117283973024815E+00  0.6808677966663688E+00  0.6060895422413995E+00  0.4345216604548684E+00  0.2074201732577984E+00 -0.5260761933052297E-01 -0.3139117426662672E+00 -0.5664565450507426E+00 -0.7858829808771403E+00 -0.9546754686220031E+00 -0.1029894471979869E+01 -0.9593928522391095E+00 -0.7319952414473098E+00 -0.4259676813790206E+00 -0.1397164842625219E+00  0.9269927531817516E-01  0.2563855239836384E+00  0.3157497382820640E+00  0.2183359080881129E+00 -0.3392579859822747E+00
 -0.9377307377560310E+00  0.5885348308095432E+00  0.8278737546725986E+00  0.7425742737708164E+00  0.5493293914666372E+00  0.2994905300355210E+00  0.1675714273838703E-01 -0.2660392216339076E+00 -0.5365549360842785E+00 -0.7743622517856376E+00 -0.9751931140314264E+00 -0.1116127425292186E+01 -0.1134261605399893E+01 -0.9625790870864215E+00 -0.6373520487206521E+00 -0.2944970623240423E+00 -0.1914572522895773E-01  0.1732749450741608E+00  0.2553296341429049E+00  0.1738429532415210E+00 -0.2661992255816579E+00
 -0.8836205320059868E+00  0.6079139433112045E+00  0.9401212979276267E+00  0.8662095132985682E+00  0.6608170340277061E+00  0.3945559951165004E+00  0.9224020881095479E-01 -0.2122226034654130E+00 -0.4987156631286463E+00 -0.7427326134388381E+00 -0.9469038604195523E+00 -0.1122239399555411E+01 -0.1231761916189122E+01 -0.1169596270538679E+01 -0.8872917329028649E+00 -0.5024796642688363E+00 -0.1658565963783464E+00  0.6729642914949026E-01  0.1764758950787272E+00  0.1287309280558399E+00 -0.2097168890887925E+00
 -0.7207485830423350E+00  0.5763267175424922E+00  0.1008231569585142E+01  0.9725821673823462E+00  0.7673286068536626E+00  0.4929544441371348E+00  0.1767988510132084E+00 -0.1481629863999797E+00 -0.4542379689070256E+00 -0.7065066732112639E+00 -0.8992697323069792E+00 -0.1069247647986994E+01 -0.1235223427809210E+01 -0.1299134689250032E+01 -0.1128017815629107E+01 -0.7589498987752213E+00 -0.3681921275330179E+00 -0.7184299376161828E-01  0.8928852351777264E-01  0.9233355319921049E-01 -0.1877121360798588E+00
 -0.5177832656081451E+00  0.5127177900994657E+00  0.1020370104690252E+01  0.1050146857068736E+01  0.8624146182376563E+00  0.5892055063850147E+00  0.2676117507374252E+00 -0.7166494003662163E-01 -0.3967962401726362E+00 -0.6638596900794294E+00 -0.8480596623090831E+00 -0.9879819497722879E+00 -0.1161320129207359E+01 -0.1326886372268420E+01 -0.1304026879748174E+01 -0.1018895209040948E+01 -0.6145327091422804E+00 -0.2551530786758232E+00 -0.1926142076593880E-01  0.5251347615039596E-01 -0.1768018492171267E+00
 -0.3233329595714686E+00  0.4290709157481263E+00  0.9638797876729103E+00  0.1077150412423971E+01  0.9300679314542335E+00  0.6712309784042243E+00  0.3551567106691728E+00  0.1346264599010169E-01 -0.3211318069882643E+00 -0.6018236885286020E+00 -0.7865263182632012E+00 -0.8935929015869006E+00 -0.1034907388147679E+01 -0.1254913653911273E+01 -0.1381723206212131E+01 -0.1235665562978910E+01 -0.8738962947997353E+00 -0.4778327155204757E+00 -0.1629145660724537E+00 -0.7427882986418160E-02 -0.1406309171131992E+00
 -0.1570213118798711E+00  0.3314650194229606E+00  0.8373737463890106E+00  0.1035102833291707E+01  0.9535029292365760E+00  0.7265227250183109E+00  0.4277716102396321E+00  0.9666014540489651E-01 -0.2326204503551008E+00 -0.5153631857394657E+00 -0.7020628898521978E+00 -0.7859109447097631E+00 -0.8776216214854416E+00 -0.1100617300117984E+01 -0.1347284350805368E+01 -0.1372206324281354E+01 -0.1112807724872231E+01 -0.7245030431182382E+00 -0.3469742876147188E+00 -0.9308715062805294E-01 -0.6771283573055997E-01
 -0.2492222737891214E-01  0.2257900506783341E+00  0.6524479246560903E+00  0.9097218360422614E+00  0.9090548499269658E+00  0.7366775102044288E+00  0.4728552379599029E+00  0.1676538027274173E+00 -0.1403426049361436E+00 -0.4084699751774198E+00 -0.5882637333726313E+00 -0.6576686687294123E+00 -0.7026981719433313E+00 -0.8892644927755595E+00 -0.1203968777994483E+01 -0.1401424066279475E+01 -0.1297490884185638E+01 -0.9705484614579262E+00 -0.5650226331918682E+00 -0.2024627528624136E+00  0.4236562539537270E-01
  0.7394649756406979E-01  0.1228183187680278E+00  0.4424014538681532E+00  0.7147863974378579E+00  0.7899491286699312E+00  0.6893118482130445E+00  0.4797392178215526E+00  0.2173082755988121E+00 -0.5351574196898012E-01 -0.2903695885945276E+00 -0.4497462319333013E+00 -0.5073988855166326E+00 -0.5197329986204740E+00 -0.6495782671974314E+00 -0.9705545446592890E+00 -0.1305353958866616E+01 -0.1392143748870167E+01 -0.1183937597877923E+01 -0.7989601536817784E+00 -0.3309447369892822E+00  0.1938740572860683E+00
  0.1344788991903346E+00  0.3589277508639117E-01  0.2421572244495082E+00  0.4752776394674178E+00  0.5942474958909818E+00  0.5681263857048321E+00  0.4313178630413380E+00  0.2322670787500366E+00  0.1674792419239582E-01 -0.1734589422664086E+00 -0.3006012329871382E+00 -0.3458719400003798E+00 -0.3420226181539701E+00 -0.4136277388167842E+00 -0.6822906715236020E+00 -0.1082513191303749E+01 -0.1358860465916409E+01 -0.1323087128128459E+01 -0.1018464721758422E+01 -0.4726125192177908E+00  0.3993728358949509E+00
  0.1238224852793201E+00 -0.9149840822661553E-02  0.9637296281133548E-01  0.2517553925561632E+00  0.3653175576918271E+00  0.3886527705117654E+00  0.3242659273717255E+00  0.2006687854396035E+00  0.5466655922223509E-01 -0.7750269723545271E-01 -0.1656456253430618E+00 -0.1975438934620244E+00 -0.1901511714412382E+00 -0.2154006118251737E+00 -0.3901852792135645E+00 -0.7576496127987384E+00 -0.1169024414556972E+01 -0.1337614009815449E+01 -0.1181543914405135E+01 -0.6209579534962456E+00  0.6813299460836013E+00
  0.2905385973780835E-01 -0.7262284654891826E-02  0.7267005773132873E-02  0.7365533805333468E-01  0.1491349093418192E+00  0.1886396008304360E+00  0.1764801039588262E+00  0.1215532192256054E+00  0.4571349847053281E-01 -0.2628610341799658E-01 -0.7459522185402095E-01 -0.9171820453332853E-01 -0.8496036166566588E-01 -0.8237911768993507E-01 -0.1545766932798603E+00 -0.3937834226372028E+00 -0.8252033481171075E+00 -0.1175805955220455E+01 -0.1225050805965285E+01 -0.7680284939607251E+00  0.1079034675916891E+01
 -0.1672965342203477E+00  0.4567135813904246E-01 -0.3028245980322033E-01 -0.3533673766394613E-01 -0.6128501467450176E-04  0.3373256708201095E-01  0.4650382614641692E-01  0.3637305879438078E-01  0.1199451247735648E-01 -0.1414577526035060E-01 -0.3170860389143625E-01 -0.3571674843125674E-01 -0.2921389827775207E-01 -0.1747684843299745E-01 -0.2230028878495456E-01 -0.9380429972295692E-01 -0.4062220111678286E+00 -0.8211282420034487E+00 -0.1050110863635550E+01 -0.8467648231409219E+00  0.1490183605787216E+01
  0.4134133662541983E+00 -0.2189290140338868E+00 -0.2433736758474622E+00 -0.1769075790386125E+00 -0.1107136399419771E+00 -0.6234919500172271E-01 -0.3238363844033572E-01 -0.1773905035088854E-01 -0.1341865491317499E-01 -0.1332107294976585E-01 -0.1243913065374847E-01 -0.7618992015386109E-02 -0.3689878845532576E-03  0.9355543274572203E-02  0.1197501495741906E-01  0.1009906580326132E-01 -0.1332675886680022E+00 -0.3911050780845068E+00 -0.5671232677656380E+00 -0.5442827395347339E+00  0.1065724950838564E+01
  0.0000000000000000E+00  0.0000000000000000E+00  0.0000000000000000E+00  0.0000000000000000E+00  0.0000000000000000E+00  0.0000000000000000E+00  0.0000000000000000E+00  0.0000000000000000E+00  0.0000000000000000E+00  0.0000000000000000E+00  0.0000000000000000E+00  0.0000000000000000E+00  0.0000000000000000E+00  0.0000000000000000E+00  0.0000000000000000E+00  0.0000000000000000E+00  0.0000000000000000E+00  0.0000000000000000E+00  0.0000000000000000E+00  0.0000000000000000E+00  0.0000000000000000E+00
