  0.0000000000000000E+00  0.0000000000000000E+00  0.0000000000000000E+00  0.0000000000000000E+00  0.0000000000000000E+00  0.0000000000000000E+00  0.0000000000000000E+00  0.0000000000000000E+00  0.0000000000000000E+00  0.0000000000000000E+00  0.0000000000000000E+00  0.0000000000000000E+00  0.0000000000000000E+00  0.0000000000000000E+00  0.0000000000000000E+00  0.0000000000000000E+00  0.0000000000000000E+00  0.0000000000000000E+00  0.0000000000000000E+00  0.0000000000000000E+00  0.0000000000000000E+00
  0.3708263159914968E-01 -0.1518084527352138E-01 -0.8459904221414473E-02  0.2241796533430061E-02 -0.8969838792419683E-02 -0.3844992104796959E-01 -0.6856561334742979E-01 -0.8166660629652869E-01 -0.8120670135195601E-01 -0.7422513846206637E-01 -0.6187993248729615E-01 -0.3122265809919670E-01  0.2679193356926064E-01  0.9357213574756408E-01  0.1336288371569326E+00  0.1326662573525000E+00  0.9858089069304550E-01  0.4557692814522039E-01 -0.6201346903162840E-02 -0.2514017581760828E-01  0.6921918054966199E-01
  0.7183046108835273E-03  0.1754740675421666E-01  0.5336052487353350E-01  0.7158300737426028E-01  0.4271489414003353E-01 -0.2540898546239276E-01 -0.1164568012754126E+00 -0.2061653820326131E+00 -0.2792804969905108E+00 -0.3162001183865498E+00 -0.3026869019676675E+00 -0.2264316445353325E+00 -0.1014408825127368E+00  0.3605516456932976E-01  0.1449662505411564E+00  0.2000471375983596E+00  0.1966705403182121E+00  0.1456345420299132E+00  0.7137049165907797E-01  0.1082279012956913E-01  0.3890212127037059E-01
 -0.1549930456113358E+00  0.1094384062157393E+00  0.1733221730358822E+00  0.1814834662620996E+00  0.1172306552343483E+00  0.3824382124437600E-02 -0.1375205557391241E+00 -0.2782998989949171E+00 -0.4034045783953373E+00 -0.4869181359593293E+00 -0.5098328965877943E+00 -0.4491011502308347E+00 -0.3093038248321978E+00 -0.1245095517667287E+00  0.5607779960016035E-01  0.1936436516182645E+00  0.2645661351336450E+00  0.2594188054427232E+00  0.1926667717711554E+00  0.1029703008315523E+00 -0.1162441307235015E+00
 -0.4002457246126031E+00  0.2449142401552322E+00  0.3344969958530933E+00  0.3159672865029620E+00  0.2102377806522650E+00  0.5030966325142655E-01 -0.1421113678670061E+00 -0.3362570759661979E+00 -0.5163901724116555E+00 -0.6503104503471702E+00 -0.7138299795164195E+00 -0.6754147724959442E+00 -0.5327107699098120E+00 -0.3193563882284794E+00 -0.9123324579154789E-01  0.1097476356471676E+00  0.2546923886278136E+00  0.3167237962252383E+00  0.2908130574672574E+00  0.1946320671138821E+00 -0.2930831438743888E+00
 -0.6598538144673075E+00  0.3910787850756803E+00  0.5133825407597336E+00  0.4637707266197609E+00  0.3219123985182568E+00  0.1255029669085156E+00 -0.1043641556634991E+00 -0.3366958063649010E+00 -0.5599870028470996E+00 -0.7439173265683257E+00 -0.8629404613484138E+00 -0.8733012871882345E+00 -0.7501791246984610E+00 -0.5185972819942417E+00 -0.2524685336110593E+00 -0.9255230999883748E-02  0.1875648996179736E+00  0.3102567972729015E+00  0.3336793471997100E+00  0.2354098022098664E+00 -0.3725500594298892E+00
 -0.8565457535126926E+00  0.5136682804075576E+00  0.6844590877099803E+00  0.6086271422391178E+00  0.4359860139917566E+00  0.2083777413083389E+00 -0.5179879318814164E-01 -0.3130219004693042E+00 -0.5656100215901406E+00 -0.7855634507501726E+00 -0.9553942893170877E+00 -0.1031812269202232E+01 -0.9618078593299344E+00 -0.7339983758549732E+00 -0.4273240778237353E+00 -0.1404634627451115E+00  0.9276433776126126E-01  0.2573716469183032E+00  0.3170596572090875E+00  0.2187397835119934E+00 -0.3391596933268927E+00
 -0.9363823225764389E+00  0.5888122871738594E+00  0.8300545389451393E+00  0.7439140256522562E+00  0.5497213283174059E+00  0.2996890520706622E+00  0.1728564274238814E-01 -0.2648782421450241E+00 -0.5348026508198317E+00 -0.7725661926438128E+00 -0.9741210585599055E+00 -0.1116366752777326E+01 -0.1135404146103919E+01 -0.9636241547655924E+00 -0.6379023178448567E+00 -0.2946064988981472E+00 -0.1878900536549885E-01  0.1741171500103045E+00  0.2562204762239746E+00  0.1739547173725173E+00 -0.2656436758935772E+00
 -0.8787708937853274E+00  0.6064883491845829E+00  0.9406941537684215E+00  0.8663805104010810E+00  0.6601239669821455E+00  0.3937452437651513E+00  0.9192405471672141E-01 -0.2116251121810993E+00 -0.4970389741749638E+00 -0.7403562473725966E+00 -0.9446733962068684E+00 -0.1121133003888696E+01 -0.1231753585794533E+01 -0.1169670447446647E+01 -0.8869997439672013E+00 -0.5019660247110463E+00 -0.1651192931891394E+00  0.6813003855839966E-01  0.1770881602679026E+00  0.1287386627508083E+00 -0.2091278279845223E+00
 -0.7144354088748130E+00  0.5738376125078020E+00  0.1007077428648593E+01  0.9715879293145746E+00  0.7656614046988648E+00  0.4912659930217179E+00  0.1758821014676948E+00 -0.1477686508397119E+00 -0.4522561776462409E+00 -0.7031903270696623E+00 -0.8955458157952471E+00 -0.1066590891677536E+01 -0.1234142526362804E+01 -0.1298464978945464E+01 -0.1126979563408483E+01 -0.7578627478506004E+00 -0.3671192427470642E+00 -0.7088300522982724E-01  0.8988149907684288E-01  0.9245146863127084E-01 -0.1874729068169696E+00
 -0.5119862504472648E+00  0.5098112865474556E+00  0.1017447609195102E+01  0.1047845452700605E+01  0.8598374262853742E+00  0.5867035755180129E+00  0.2659937823059118E+00 -0.7179681467775163E-01 -0.3950154478456447E+00 -0.6601197952284510E+00 -0.8431016570589758E+00 -0.9836947874155217E+00 -0.1159121041893825E+01 -0.1325742445898090E+01 -0.1302573704454447E+01 -0.1017349462648120E+01 -0.6131759185261495E+00 -0.2540144072319799E+00 -0.1854544055540014E-01  0.5280958400000917E-01 -0.1769741925554277E+00
 -0.3187815571265685E+00  0.4260597034359943E+00  0.9593975531814144E+00  0.1073395755196241E+01  0.9265706273275165E+00  0.6680141658051966E+00  0.3528999508753315E+00  0.1282303397999825E-01 -0.3196352140866690E+00 -0.5979416863765554E+00 -0.7806875178104722E+00 -0.8877556023581126E+00 -0.1031456757329313E+01 -0.1253371160002560E+01 -0.1380185474886083E+01 -0.1233913352864875E+01 -0.8723490901344961E+00 -0.4765161748692975E+00 -0.1620305050278542E+00 -0.7014395807898655E-02 -0.1409873176041582E+00
 -0.1537968243017299E+00  0.3285644340302580E+00  0.8318964777890442E+00  0.1029956284555208E+01  0.9490604834449744E+00  0.7227245580104911E+00  0.4250536507113810E+00  0.9560812588061937E-01 -0.2314844838835547E+00 -0.5116657805500346E+00 -0.6959113818133381E+00 -0.7789917461296305E+00 -0.8729847336047007E+00 -0.1098677788868769E+01 -0.1345895060852033E+01 -0.1370548091714430E+01 -0.1111269897137507E+01 -0.7231371900846518E+00 -0.3459766192962417E+00 -0.9262056548665144E-01 -0.6811492283628734E-01
 -0.2287881000685077E-01  0.2232495061042964E+00  0.6468697083060385E+00  0.9036430383993921E+00  0.9037055663908307E+00  0.7322983384634051E+00  0.4697562825662813E+00  0.1662977586149352E+00 -0.1394921605445446E+00 -0.4050326075054260E+00 -0.5822292459682852E+00 -0.6503696562076628E+00 -0.6972742311721688E+00 -0.8869763629073107E+00 -0.1202826651590652E+01 -0.1400086973489437E+01 -0.1296168105977221E+01 -0.9693079629128386E+00 -0.5640285398540998E+00 -0.2019924424083370E+00  0.4194878737091112E-01
  0.7494948833687032E-01  0.1209182801266090E+00  0.4377043287166973E+00  0.7086719813437194E+00  0.7840850746487363E+00  0.6844779665136680E+00  0.4763472959542148E+00  0.2157434186285346E+00 -0.5288133496615255E-01 -0.2872385854190136E+00 -0.4441745324323471E+00 -0.5004917822684891E+00 -0.5142419444673189E+00 -0.6471925682269745E+00 -0.9696976041400480E+00 -0.1304431425412262E+01 -0.1391164623445093E+01 -0.1182966199549608E+01 -0.7981012641969457E+00 -0.3305176837631254E+00  0.1934517870924305E+00
  0.1343582788265220E+00  0.3490404178456363E-01  0.2390704041802128E+00  0.4702335853748143E+00  0.5886088898887979E+00  0.5630883989517541E+00  0.4276369078362155E+00  0.2304340739787739E+00  0.1707701493466699E-01 -0.1708112622171529E+00 -0.2958758718648338E+00 -0.3401011978297229E+00 -0.3373138429241716E+00 -0.4115699269295693E+00 -0.6817708083117294E+00 -0.1081975206212682E+01 -0.1358212647861046E+01 -0.1322413240177814E+01 -0.1017809829192531E+01 -0.4722574852708302E+00  0.3989626266199593E+00
  0.1223209284749411E+00 -0.9070256039506071E-02  0.9511016035642290E-01  0.2487107202666808E+00  0.3611521913746624E+00  0.3844031543256530E+00  0.3208360179990802E+00  0.1987137164727169E+00  0.5456281276915749E-01 -0.7566404405919859E-01 -0.1622453892385149E+00 -0.1935273676331061E+00 -0.1869198903007087E+00 -0.2140926917634934E+00 -0.3900807145524805E+00 -0.7574228926699897E+00 -0.1168600542954501E+01 -0.1337166604375251E+01 -0.1181088430643402E+01 -0.6206808253154513E+00  0.6809540453029523E+00
  0.2754259676088957E-01 -0.6809072173342730E-02  0.7115380240861377E-02  0.7235905698845099E-01  0.1468396289522861E+00  0.1859653695594002E+00  0.1741341616824352E+00  0.1201186100402565E+00  0.4551777799060698E-01 -0.2523132895632382E-01 -0.7265942654370787E-01 -0.8956191995005659E-01 -0.8333489114414588E-01 -0.8192351004787665E-01 -0.1548940279935954E+00 -0.3938253045332426E+00 -0.8248827571295797E+00 -0.1175458609488176E+01 -0.1224742597797046E+01 -0.7678249427154882E+00  0.1078732230349419E+01
 -0.1672792867798789E+00  0.4575638707100094E-01 -0.3001012556687606E-01 -0.3553488570011232E-01 -0.8465998873637693E-03  0.3258950082778649E-01  0.4536524980743946E-01  0.3558077655125027E-01  0.1175199836277549E-01 -0.1382386989244195E-01 -0.3100195102764978E-01 -0.3493453577171451E-01 -0.2867354071541699E-01 -0.1748033180479256E-01 -0.2280060853456597E-01 -0.9410527893034210E-01 -0.4060013818359238E+00 -0.8208098901251717E+00 -0.1049894483380206E+01 -0.8466574965892835E+00  0.1490078006387644E+01
  0.4136464125328913E+00 -0.2191768735250868E+00 -0.2438842080423692E+00 -0.1775216456143475E+00 -0.1113512040620595E+00 -0.6298040186430119E-01 -0.3295716946657987E-01 -0.1817136527751323E-01 -0.1364176358787283E-01 -0.1332495079927687E-01 -0.1229040308652136E-01 -0.7436715687405157E-02 -0.2701044507152727E-03  0.9282149337614664E-02  0.1167199609750076E-01  0.9819805561761685E-02 -0.1332084305625226E+00 -0.3909212386648614E+00 -0.5669956128643157E+00 -0.5442504679619543E+00  0.1065755791021547E+01
  0.0000000000000000E+00  0.0000000000000000E+00  0.0000000000000000E+00  0.0000000000000000E+00  0.0000000000000000E+00  0.0000000000000000E+00  0.0000000000000000E+00  0.0000000000000000E+00  0.0000000000000000E+00  0.0000000000000000E+00  0.0000000000000000E+00  0.0000000000000000E+00  0.0000000000000000E+00  0.0000000000000000E+00  0.0000000000000000E+00  0.0000000000000000E+00  0.0000000000000000E+00  0.0000000000000000E+00  0.0000000000000000E+00  0.0000000000000000E+00  0.0000000000000000E+00
