  0.0000000000000000E+00  0.0000000000000000E+00  0.0000000000000000E+00  0.0000000000000000E+00  0.0000000000000000E+00  0.0000000000000000E+00  0.0000000000000000E+00  0.0000000000000000E+00  0.0000000000000000E+00  0.0000000000000000E+00  0.0000000000000000E+00  0.0000000000000000E+00  0.0000000000000000E+00  0.0000000000000000E+00  0.0000000000000000E+00  0.0000000000000000E+00  0.0000000000000000E+00  0.0000000000000000E+00  0.0000000000000000E+00  0.0000000000000000E+00  0.0000000000000000E+00
  0.3695583326802029E-01 -0.1511603489574358E-01 -0.8392271419210454E-02  0.2268841295282607E-02 -0.8957814034067316E-02 -0.3844449802508623E-01 -0.6856528032542421E-01 -0.8167226625435683E-01 -0.8121254477574538E-01 -0.7422833911880578E-01 -0.6187585312914119E-01 -0.3120276554600867E-01  0.2683968773196703E-01  0.9364635606190971E-01  0.1337102119143961E+00  0.1327358945895531E+00  0.9862595537576152E-01  0.4558630577641445E-01 -0.6234269173041308E-02 -0.2518040140548603E-01  0.6930693504341678E-01
  0.5462659556413063E-03  0.1762085464626148E-01  0.5340882989442575E-01  0.7160674600515179E-01  0.4273602900266270E-01 -0.2538726660549576E-01 -0.1164436993038287E+00 -0.2061666393164829E+00 -0.2792968284574406E+00 -0.3162246757179483E+00 -0.3027067096225728E+00 -0.2264279943571667E+00 -0.1014012288195361E+00  0.3613152675688146E-01  0.1450676660954160E+00  0.2001559054018953E+00  0.1967660363725101E+00  0.1456933355264247E+00  0.7136941035939402E-01  0.1078110441712679E-01  0.3902609710801366E-01
 -0.1550436482728237E+00  0.1094687701707821E+00  0.1733626622395227E+00  0.1815251723577328E+00  0.1172923112378707E+00  0.3878035479034641E-02 -0.1374866053356992E+00 -0.2782978492710569E+00 -0.4034294206857725E+00 -0.4869627823156228E+00 -0.5098835164776501E+00 -0.4491397879326403E+00 -0.3093135990418498E+00 -0.1244794932851862E+00  0.5614831957763065E-01  0.1937487957000011E+00  0.2646899112386860E+00  0.2595317685289780E+00  0.1927248696069500E+00  0.1029729685676613E+00 -0.1161940360960340E+00
 -0.4002163255684020E+00  0.2449181061247158E+00  0.3345379928057453E+00  0.3160520832554890E+00  0.2103441918266102E+00  0.5040104504669761E-01 -0.1420594191622083E+00 -0.3362538723455935E+00 -0.5164323141592719E+00 -0.6503822965497328E+00 -0.7139158282899997E+00 -0.6754932566509122E+00 -0.5327663171487210E+00 -0.3193762968380516E+00 -0.9121192332324064E-01  0.1098155578200345E+00  0.2548074943063423E+00  0.3168616579145992E+00  0.2909247152309309E+00  0.1946962995314204E+00 -0.2931641833633302E+00
 -0.6597941372985182E+00  0.3910827499020743E+00  0.5134541124077047E+00  0.4639047899899181E+00  0.3220721014404613E+00  0.1256322960253248E+00 -0.1042899199314020E+00 -0.3366928336758231E+00 -0.5600467028018650E+00 -0.7440196857222440E+00 -0.8630634146767951E+00 -0.8734210374194930E+00 -0.7502761307719523E+00 -0.5186566643764279E+00 -0.2524896885412393E+00 -0.9233419760094185E-02  0.1876445180096838E+00  0.3103865821600377E+00  0.3338163680164213E+00  0.2355091275881008E+00 -0.3727110147478812E+00
 -0.8565735211350191E+00  0.5137171787133477E+00  0.6845780150050239E+00  0.6088217221302951E+00  0.4361983788505023E+00  0.2085515864846311E+00 -0.5170366816799532E-01 -0.3130194353879590E+00 -0.5656952393536787E+00 -0.7857037419330886E+00 -0.9555614407854346E+00 -0.1031978675358235E+01 -0.9619521164636418E+00 -0.7340964894055491E+00 -0.4273735152889997E+00 -0.1404776792591290E+00  0.9280234040321306E-01  0.2574709568543643E+00  0.3171881438461456E+00  0.2188263076609210E+00 -0.3392907791366174E+00
 -0.9365286754868046E+00  0.5889226008634268E+00  0.8302391271034760E+00  0.7441672043033478E+00  0.5499946871156888E+00  0.2999124976812492E+00  0.1741309328675670E-01 -0.2648719019467528E+00 -0.5349110258288293E+00 -0.7727496737381403E+00 -0.9743348604001095E+00 -0.1116580239601493E+01 -0.1135601559965167E+01 -0.9637751953982556E+00 -0.6379844746863665E+00 -0.2946431156598234E+00 -0.1878666040549259E-01  0.1741741093407237E+00  0.2563079903676799E+00  0.1740075191723029E+00 -0.2657145671492287E+00
 -0.8790469409932882E+00  0.6066639044064241E+00  0.9409447722259843E+00  0.8666934380153289E+00  0.6604552006846818E+00  0.3940248064225387E+00  0.9208707892219664E-01 -0.2116093754855617E+00 -0.4971729915402335E+00 -0.7405910991331536E+00 -0.9449436807504991E+00 -0.1121391017894010E+01 -0.1231995654700865E+01 -0.1169882963984216E+01 -0.8871380621169730E+00 -0.5020383180158301E+00 -0.1651516717758573E+00  0.6813952446015123E-01  0.1771261083636842E+00  0.1287583595659516E+00 -0.2091489703341705E+00
 -0.7147354180126608E+00  0.5740441619217250E+00  0.1007397067752514E+01  0.9719545817413608E+00  0.7660493569945281E+00  0.4916012230609769E+00  0.1760910932725317E+00 -0.1477325574739415E+00 -0.4524032739376520E+00 -0.7034773946443306E+00 -0.8958854015293151E+00 -0.1066901019012982E+01 -0.1234416022174822E+01 -0.1298721066503799E+01 -0.1127179261283842E+01 -0.7579864060828569E+00 -0.3671996878369359E+00 -0.7092131742757955E-01  0.8987503800971521E-01  0.9245179652275953E-01 -0.1874803515585634E+00
 -0.5122386773372136E+00  0.5100217698443077E+00  0.1017826632195709E+01  0.1048268335036580E+01  0.8602730411601921E+00  0.5870917207330426E+00  0.2662511894602925E+00 -0.7172485740919286E-01 -0.3951537164390616E+00 -0.6604380450029756E+00 -0.8435088388476949E+00 -0.9840687768607491E+00 -0.1159423805195150E+01 -0.1326022915780109E+01 -0.1302817236873198E+01 -0.1017521558727975E+01 -0.6133035584309576E+00 -0.2541052555231411E+00 -0.1859091719043138E-01  0.5279271929321605E-01 -0.1769690750700795E+00
 -0.3189505664518502E+00  0.4262556393257887E+00  0.9598163515255160E+00  0.1073866842237146E+01  0.9270455560245998E+00  0.6684405568247465E+00  0.3532015016582895E+00  0.1293625547049040E-01 -0.3197422638924270E+00 -0.5982578068906746E+00 -0.7811342580155027E+00 -0.8881869246156051E+00 -0.1031787505334149E+01 -0.1253658900821730E+01 -0.1380453477801131E+01 -0.1234116425773521E+01 -0.8725101304027996E+00 -0.4766496524115097E+00 -0.1621160882124657E+00 -0.7048687108634812E-02 -0.1409700268865613E+00
 -0.1538919302724966E+00  0.3287354350316429E+00  0.8323143748224320E+00  0.1030460073766580E+01  0.9495623516192524E+00  0.7231742471241539E+00  0.4253827983752749E+00  0.9575680682402317E-01 -0.2315534093608292E+00 -0.5119534213067273E+00 -0.6963585544802201E+00 -0.7794525170577423E+00 -0.8733306602129941E+00 -0.1098958321223160E+01 -0.1346166653120004E+01 -0.1370768647451699E+01 -0.1111441203308955E+01 -0.7232976075534000E+00 -0.3460924304614919E+00 -0.9267390684466316E-01 -0.6807070992750236E-01
 -0.2290245326873142E-01  0.2233797348393372E+00  0.6472367512492800E+00  0.9041390816940063E+00  0.9042171838886495E+00  0.7327564830517459E+00  0.4700998402681729E+00  0.1664704303813157E+00 -0.1395253633597005E+00 -0.4052786500957086E+00 -0.5826421258934020E+00 -0.6508162454869949E+00 -0.6976087769459005E+00 -0.8872279883942755E+00 -0.1203084065122765E+01 -0.1400313065882199E+01 -0.1296339211188279E+01 -0.9694708214798867E+00 -0.5641635247663176E+00 -0.2020546490551033E+00  0.4200042239899238E-01
  0.7498733314181083E-01  0.1209951825659296E+00  0.4379728808395996E+00  0.7091081436929175E+00  0.7845731970586736E+00  0.6849275089480873E+00  0.4766904144240430E+00  0.2159285947383967E+00 -0.5288555168277039E-01 -0.2874378873787884E+00 -0.4445264247446600E+00 -0.5008802281438508E+00 -0.5145265962664793E+00 -0.6473910805585050E+00 -0.9699163230230849E+00 -0.1304655950776703E+01 -0.1391329763372894E+01 -0.1183121524768290E+01 -0.7982357801932397E+00 -0.3305864893175414E+00  0.1935236877593846E+00
  0.1344675202203133E+00  0.3491641758401379E-01  0.2392167729723547E+00  0.4705511847579276E+00  0.5890239985002904E+00  0.5635020388129683E+00  0.4279691897998761E+00  0.2306275511955476E+00  0.1710252348735064E-01 -0.1709546264191967E+00 -0.2961436551082225E+00 -0.3403919919735109E+00 -0.3375145422784396E+00 -0.4116893924917129E+00 -0.6819290060289582E+00 -0.1082182719683202E+01 -0.1358378738430577E+01 -0.1322552556849474E+01 -0.1017938466375311E+01 -0.4723226571788941E+00  0.3990295051613710E+00
  0.1224855512813933E+00 -0.9113022905408968E-02  0.9514648256516636E-01  0.2488806326332237E+00  0.3614302038787643E+00  0.3847188231936979E+00  0.3211137040111756E+00  0.1988939586127952E+00  0.5461399511131599E-01 -0.7574204945497741E-01 -0.1624091096449469E+00 -0.1936986505008221E+00 -0.1870188743107249E+00 -0.2141260636584948E+00 -0.3901566453494976E+00 -0.7575953627628500E+00 -0.1168767268070408E+01 -0.1337299323712690E+01 -0.1181200266613108E+01 -0.6207456897592134E+00  0.6810368026645324E+00
  0.2764404801825972E-01 -0.6847237593971756E-02  0.7102335236344457E-02  0.7241973894704110E-01  0.1469815910423042E+00  0.1861529348341411E+00  0.1743164092084883E+00  0.1202489618775618E+00  0.4557089822989979E-01 -0.2525374057046828E-01 -0.7272623517476370E-01 -0.8962554278048732E-01 -0.8335234871964638E-01 -0.8189137288468698E-01 -0.1548897319445064E+00 -0.3939314353787718E+00 -0.8250448135385235E+00 -0.1175586149530695E+01 -0.1224842094593534E+01 -0.7678807005542599E+00  0.1078800007069246E+01
 -0.1673044161026950E+00  0.4575682098365093E-01 -0.3003395315174222E-01 -0.3553389073418477E-01 -0.8032537811332328E-03  0.3266677759166646E-01  0.4545361918400045E-01  0.3565554945132495E-01  0.1179769660351252E-01 -0.1380916220517997E-01 -0.3100530380836706E-01 -0.3493734565981758E-01 -0.2865631504447242E-01 -0.1743620131041104E-01 -0.2274899541438867E-01 -0.9413098456847145E-01 -0.4061272930137603E+00 -0.8209314106913961E+00 -0.1049970650041657E+01 -0.8466987623873063E+00  0.1490125637120263E+01
  0.4136362542490536E+00 -0.2191627302301703E+00 -0.2438519364414571E+00 -0.1774789230678030E+00 -0.1113027838266069E+00 -0.6292809952152614E-01 -0.3290394906924233E-01 -0.1812326263746722E-01 -0.1360381388344599E-01 -0.1329847695838161E-01 -0.1227126484094228E-01 -0.7418670547600287E-02 -0.2469379210567169E-03  0.9311486698151510E-02  0.1170866993220674E-01  0.9828599778954060E-02 -0.1332724470007368E+00 -0.3909936655072512E+00 -0.5670419123599808E+00 -0.5442646255543246E+00  0.1065751964302993E+01
  0.0000000000000000E+00  0.0000000000000000E+00  0.0000000000000000E+00  0.0000000000000000E+00  0.0000000000000000E+00  0.0000000000000000E+00  0.0000000000000000E+00  0.0000000000000000E+00  0.0000000000000000E+00  0.0000000000000000E+00  0.0000000000000000E+00  0.0000000000000000E+00  0.0000000000000000E+00  0.0000000000000000E+00  0.0000000000000000E+00  0.0000000000000000E+00  0.0000000000000000E+00  0.0000000000000000E+00  0.0000000000000000E+00  0.0000000000000000E+00  0.0000000000000000E+00
