  0.0000000000000000E+00  0.0000000000000000E+00  0.0000000000000000E+00  0.0000000000000000E+00  0.0000000000000000E+00  0.0000000000000000E+00  0.0000000000000000E+00  0.0000000000000000E+00  0.0000000000000000E+00  0.0000000000000000E+00  0.0000000000000000E+00  0.0000000000000000E+00  0.0000000000000000E+00  0.0000000000000000E+00  0.0000000000000000E+00  0.0000000000000000E+00  0.0000000000000000E+00  0.0000000000000000E+00  0.0000000000000000E+00  0.0000000000000000E+00  0.0000000000000000E+00
  0.3689919670572563E-01 -0.1509195543274677E-01 -0.8376669592514704E-02  0.2278706701146651E-02 -0.8952151274281105E-02 -0.3843940685527542E-01 -0.6856321087828121E-01 -0.8167239386102167E-01 -0.8121348507049571E-01 -0.7422857974130011E-01 -0.6187520311812877E-01 -0.3119996911058712E-01  0.2684732432210141E-01  0.9366049816688567E-01  0.1337278827831935E+00  0.1327524944550835E+00  0.9863794812412603E-01  0.4559042401379574E-01 -0.6239857694954413E-02 -0.2518856536360256E-01  0.6932583839585328E-01
  0.5156188421577834E-03  0.1763644387221777E-01  0.5342495045881109E-01  0.7161437259275950E-01  0.4274711365730552E-01 -0.2537717651146338E-01 -0.1164346897703485E+00 -0.2061629830049581E+00 -0.2792978601632831E+00 -0.3162307602307212E+00 -0.3027148540558142E+00 -0.2264339071394607E+00 -0.1013999079014243E+00  0.3614263592853945E-01  0.1450871714298354E+00  0.2001798713401677E+00  0.1967887689699888E+00  0.1457088501807673E+00  0.7137144814488895E-01  0.1077357540186429E-01  0.3905072193929609E-01
 -0.1550698183914834E+00  0.1094806551354403E+00  0.1733721470148374E+00  0.1815409426881230E+00  0.1173114348997501E+00  0.3898378828981061E-02 -0.1374721752665526E+00 -0.2782904097126220E+00 -0.4034304759630437E+00 -0.4869707419463323E+00 -0.5098971593657847E+00 -0.4491545149482888E+00 -0.3093240317104541E+00 -0.1244803641678645E+00  0.5615890882972435E-01  0.1937696812420172E+00  0.2647175530692680E+00  0.2595584513125742E+00  0.1927404867829108E+00  0.1029757680367324E+00 -0.1161868173272864E+00
 -0.4002009474480946E+00  0.2449174051131783E+00  0.3345512678914403E+00  0.3160741617457709E+00  0.2103761256459232E+00  0.5042861451931938E-01 -0.1420385994086172E+00 -0.3362459212299910E+00 -0.5164352015943606E+00 -0.6503956457471486E+00 -0.7139364571282129E+00 -0.6755172407255984E+00 -0.5327877187194534E+00 -0.3193891262694789E+00 -0.9121345690152231E-01  0.1098270144129994E+00  0.2548314675365620E+00  0.3168930315666341E+00  0.2909513884057502E+00  0.1947128722851733E+00 -0.2931872284497696E+00
 -0.6597869608933092E+00  0.3910855561329907E+00  0.5134697075056630E+00  0.4639405125832861E+00  0.3221135276248251E+00  0.1256704874843550E+00 -0.1042651392071454E+00 -0.3366831937816923E+00 -0.5600529529833018E+00 -0.7440369871970285E+00 -0.8630899474007301E+00 -0.8734523034366212E+00 -0.7503066722311377E+00 -0.5186790138691084E+00 -0.2525008378347268E+00 -0.9232911146784656E-02  0.1876601976257548E+00  0.3104148502093914E+00  0.3338482779810770E+00  0.2355320563786328E+00 -0.3727478911548215E+00
 -0.8565721267253165E+00  0.5137262406085105E+00  0.6846065951002148E+00  0.6088680770295717E+00  0.4362539013505145E+00  0.2085979408680412E+00 -0.5167345388141684E-01 -0.3130123153235730E+00 -0.5657076755107483E+00 -0.7857299346942940E+00 -0.9555954731797864E+00 -0.1032017817460700E+01 -0.9619920703386492E+00 -0.7341280046333168E+00 -0.4273920610029104E+00 -0.1404850550872952E+00  0.9280812796396712E-01  0.2574925080009427E+00  0.3172167773945736E+00  0.2188461608289685E+00 -0.3393217050923319E+00
 -0.9365655338952045E+00  0.5889484093492097E+00  0.8302796941524245E+00  0.7442291278243900E+00  0.5500625630495605E+00  0.2999720651480734E+00  0.1744857367748234E-01 -0.2648650687023284E+00 -0.5349325139749239E+00 -0.7727872397200329E+00 -0.9743791161732807E+00 -0.1116626653679836E+01 -0.1135650249990673E+01 -0.9638181090579403E+00 -0.6380109461080197E+00 -0.2946568050165725E+00 -0.1878850529103818E-01  0.1741853504871760E+00  0.2563277727606778E+00  0.1740188347990661E+00 -0.2657287316365204E+00
 -0.8791056146639691E+00  0.6067027061168744E+00  0.9410025036866541E+00  0.8667673697697253E+00  0.6605389830369149E+00  0.3940966549672236E+00  0.9213153451884741E-01 -0.2116036967293776E+00 -0.4972039870834129E+00 -0.7406455889447519E+00 -0.9450030827287995E+00 -0.1121446194500358E+01 -0.1232050802382006E+01 -0.1169936677713492E+01 -0.8871772246545570E+00 -0.5020602086148714E+00 -0.1651627312924836E+00  0.6814071439945311E-01  0.1771338413306237E+00  0.1287632981372246E+00 -0.2091560530810501E+00
 -0.7148076524319271E+00  0.5740922175032261E+00  0.1007469000077751E+01  0.9720427763191337E+00  0.7661456596946876E+00  0.4916882771728185E+00  0.1761453899042958E+00 -0.1477227806206882E+00 -0.4524413763200865E+00 -0.7035486058196182E+00 -0.8959653289516042E+00 -0.1066969161502554E+01 -0.1234475463796582E+01 -0.1298781447023772E+01 -0.1127229506446456E+01 -0.7580200314276652E+00 -0.3672210463612404E+00 -0.7093226909082015E-01  0.8987373040264982E-01  0.9245124895138666E-01 -0.1874800164515102E+00
 -0.5122934780433896E+00  0.5100690582299761E+00  0.1017913696646539E+01  0.1048367925864856E+01  0.8603817873441532E+00  0.5871905474975211E+00  0.2663179778600621E+00 -0.7170784323744440E-01 -0.3951910990932158E+00 -0.6605202576721023E+00 -0.8436085982637642E+00 -0.9841538960655362E+00 -0.1159489152356900E+01 -0.1326085264404731E+01 -0.1302875237728169E+01 -0.1017563447066703E+01 -0.6133359518045122E+00 -0.2541268690061607E+00 -0.1860251178582230E-01  0.5278952782456842E-01 -0.1769710952595275E+00
 -0.3189907654385350E+00  0.4263005159929124E+00  0.9599107825402021E+00  0.1073977721696515E+01  0.9271613121448673E+00  0.6685484505333668E+00  0.3532775665121183E+00  0.1296336578537816E-01 -0.3197730128456465E+00 -0.5983404855813729E+00 -0.7812454140263513E+00 -0.8882875013444432E+00 -0.1031858616245616E+01 -0.1253721270641356E+01 -0.1380513574441467E+01 -0.1234164136683663E+01 -0.8725474254305164E+00 -0.4766817967698983E+00 -0.1621351276318319E+00 -0.7057591697703869E-02 -0.1409623525387203E+00
 -0.1539104640646075E+00  0.3287729665666664E+00  0.8324084356353918E+00  0.1030575557302447E+01  0.9496828212195414E+00  0.7232847636446805E+00  0.4254646176299165E+00  0.9579146897076395E-01 -0.2315745918317791E+00 -0.5120288676066059E+00 -0.6964697449225589E+00 -0.7795598929046625E+00 -0.8734053494192662E+00 -0.1099016749349596E+01 -0.1346226524383269E+01 -0.1370817233533388E+01 -0.1111480666287105E+01 -0.7233332693009569E+00 -0.3461198542206860E+00 -0.9268507125652042E-01 -0.6806464045112470E-01
 -0.2290810869624449E-01  0.2234082600384528E+00  0.6473166714191140E+00  0.9042508441031230E+00  0.9043357491181008E+00  0.7328662120587255E+00  0.4701822768410173E+00  0.1665101967096498E+00 -0.1395377081489466E+00 -0.4053427630691905E+00 -0.5827431848107275E+00 -0.6509192517142461E+00 -0.6976790006509827E+00 -0.8872793228416362E+00 -0.1203138358630183E+01 -0.1400363025282667E+01 -0.1296375791932579E+01 -0.9695081208288894E+00 -0.5641926612947329E+00 -0.2020701010945128E+00  0.4201764198880564E-01
  0.7499857104593310E-01  0.1210103648821875E+00  0.4380296656924957E+00  0.7092026520853350E+00  0.7846830113582820E+00  0.6850308868543858E+00  0.4767702404257800E+00  0.2159699350376314E+00 -0.5289041949168530E-01 -0.2874889133728303E+00 -0.4446108217667244E+00 -0.5009669488823575E+00 -0.5145843504387878E+00 -0.6474281173825869E+00 -0.9699623646633344E+00 -0.1304703622244261E+01 -0.1391366241407524E+01 -0.1183154337881812E+01 -0.7982671862045546E+00 -0.3306006183758072E+00  0.1935346689228669E+00
  0.1344921440520752E+00  0.3491760342288860E-01  0.2392449543207410E+00  0.4706173295235825E+00  0.5891131239865236E+00  0.5635934638327668E+00  0.4280430691647851E+00  0.2306694992367222E+00  0.1710503739038111E-01 -0.1709908472000204E+00 -0.2962056461904243E+00 -0.3404546798468644E+00 -0.3375512361529469E+00 -0.4117086668799351E+00 -0.6819597476004360E+00 -0.1082228424597620E+01 -0.1358413509705298E+01 -0.1322584189581926E+01 -0.1017965511727032E+01 -0.4723394546893995E+00  0.3990528523411665E+00
  0.1225233518218995E+00 -0.9123957809259675E-02  0.9515147839412048E-01  0.2489133214192006E+00  0.3614872035511296E+00  0.3847849833134704E+00  0.3211725018520671E+00  0.1989310597863834E+00  0.5462215982148149E-01 -0.7576195191841008E-01 -0.1624460356410962E+00 -0.1937329190777226E+00 -0.1870336477398900E+00 -0.2141251898548871E+00 -0.3901702592069010E+00 -0.7576318540804398E+00 -0.1168805027083410E+01 -0.1337327031171227E+01 -0.1181227604316791E+01 -0.6207587915746230E+00  0.6810487704070782E+00
  0.2766501021835509E-01 -0.6855720084018529E-02  0.7097849966299506E-02  0.7243029025438656E-01  0.1470091323058300E+00  0.1861908624998940E+00  0.1743534742405639E+00  0.1202749803640367E+00  0.4558032359767290E-01 -0.2526010035859916E-01 -0.7274029023731528E-01 -0.8963673608487745E-01 -0.8335029166151994E-01 -0.8187851016338647E-01 -0.1548845954566157E+00 -0.3939551260730179E+00 -0.8250798555956216E+00 -0.1175616655271548E+01 -0.1224863137881588E+01 -0.7678962393958879E+00  0.1078825580306076E+01
 -0.1673106385964293E+00  0.4575704243390978E-01 -0.3003951129469995E-01 -0.3553518238432901E-01 -0.7957540602560292E-03  0.3268146704749172E-01  0.4547104341151521E-01  0.3567030249692123E-01  0.1180652783843839E-01 -0.1380634024697068E-01 -0.3100559393287691E-01 -0.3493611915730357E-01 -0.2864996040280120E-01 -0.1742281861928261E-01 -0.2273561580462209E-01 -0.9413516742789578E-01 -0.4061567987856211E+00 -0.8209574734027228E+00 -0.1049990734472048E+01 -0.8467082867460075E+00  0.1490134125765975E+01
  0.4136334315177180E+00 -0.2191593733987541E+00 -0.2438446886785444E+00 -0.1774694761253604E+00 -0.1112923694124675E+00 -0.6291692622996300E-01 -0.3289268161029262E-01 -0.1811306397533759E-01 -0.1359569957812968E-01 -0.1329264722189909E-01 -0.1226657002200378E-01 -0.7413928665899953E-02 -0.2405510302918239E-03  0.9319096605802228E-02  0.1171807183808956E-01  0.9830661690470071E-02 -0.1332861652494593E+00 -0.3910115523235566E+00 -0.5670513917367318E+00 -0.5442736910478589E+00  0.1065769681406845E+01
  0.0000000000000000E+00  0.0000000000000000E+00  0.0000000000000000E+00  0.0000000000000000E+00  0.0000000000000000E+00  0.0000000000000000E+00  0.0000000000000000E+00  0.0000000000000000E+00  0.0000000000000000E+00  0.0000000000000000E+00  0.0000000000000000E+00  0.0000000000000000E+00  0.0000000000000000E+00  0.0000000000000000E+00  0.0000000000000000E+00  0.0000000000000000E+00  0.0000000000000000E+00  0.0000000000000000E+00  0.0000000000000000E+00  0.0000000000000000E+00  0.0000000000000000E+00
