  0.0000000000000000E+00  0.0000000000000000E+00  0.0000000000000000E+00  0.0000000000000000E+00  0.0000000000000000E+00  0.0000000000000000E+00  0.0000000000000000E+00  0.0000000000000000E+00  0.0000000000000000E+00  0.0000000000000000E+00  0.0000000000000000E+00  0.0000000000000000E+00  0.0000000000000000E+00  0.0000000000000000E+00  0.0000000000000000E+00  0.0000000000000000E+00  0.0000000000000000E+00  0.0000000000000000E+00  0.0000000000000000E+00  0.0000000000000000E+00  0.0000000000000000E+00
  0.5358283935395697E-01 -0.3786491947559273E-01 -0.6001191907282122E-01 -0.6721518978907409E-01 -0.8102945838270570E-01 -0.9836200240524243E-01 -0.1120922983361934E+00 -0.1167501659827762E+00 -0.1144711470230321E+00 -0.1003350686113404E+00 -0.6698079598030236E-01 -0.8622485716516557E-02  0.5782299756667923E-01  0.1048467338172512E+00  0.1185965302477715E+00  0.1016597462560247E+00  0.6426432836382745E-01  0.1755566985946029E-01 -0.2149443639486093E-01 -0.2904426338526544E-01  0.6563835376093538E-01
  0.5780159829935492E-01 -0.3009734406720008E-01 -0.3249043390224534E-01 -0.3231612240341344E-01 -0.6080081635981751E-01 -0.1117157403993591E+00 -0.1737634664213544E+00 -0.2276312138874102E+00 -0.2595671161742730E+00 -0.2503929597743526E+00 -0.1957427097624813E+00 -0.1010933655739199E+00  0.7898058468766423E-02  0.1025937786139248E+00  0.1626751481928436E+00  0.1798499501909111E+00  0.1570624189798294E+00  0.1051262813876931E+00  0.4320475016315520E-01 -0.1456214108844760E-02  0.4757339248968949E-01
 -0.2755678453062324E-01  0.2509421445916988E-01  0.4772585884688639E-01  0.4459459834549079E-01 -0.1349766148984312E-01 -0.1077530833161780E+00 -0.2223921866866076E+00 -0.3298607596380622E+00 -0.4142884697706792E+00 -0.4479209685399106E+00 -0.4203042994141730E+00 -0.3242605890961406E+00 -0.1818849160535122E+00 -0.2662573608991654E-01  0.1088222893007519E+00  0.2012139788136082E+00  0.2377131640119616E+00  0.2162219937469783E+00  0.1520133284409604E+00  0.7729718081077173E-01 -0.7987821399135484E-01
 -0.2287537929533014E+00  0.1393238454251955E+00  0.1892177433222850E+00  0.1701756021359389E+00  0.7691910105953924E-01 -0.6126129311558062E-01 -0.2262372978533279E+00 -0.3843695332431817E+00 -0.5194671031504279E+00 -0.5977145068247733E+00 -0.6056682728983319E+00 -0.5275865423489570E+00 -0.3793575038411165E+00 -0.1934524352013761E+00 -0.8329200921173641E-02  0.1471653964168201E+00  0.2505889962008163E+00  0.2838956912842352E+00  0.2486060727833053E+00  0.1645474589881765E+00 -0.2450363041812241E+00
 -0.4925896335170237E+00  0.2865375252449566E+00  0.3670229422178461E+00  0.3196882681628742E+00  0.1870477890043916E+00  0.5212136167498576E-02 -0.2073151314904554E+00 -0.4141031682652577E+00 -0.6024114395045560E+00 -0.7345237105453446E+00 -0.7907705682534747E+00 -0.7423477761531710E+00 -0.5939631299683208E+00 -0.3807894895786847E+00 -0.1558738863427635E+00  0.4522991859214959E-01  0.2022664765350752E+00  0.2917732907923686E+00  0.2988406141133003E+00  0.2127644511593403E+00 -0.3394527393647208E+00
 -0.7392076062521555E+00  0.4316678247041340E+00  0.5557958678602464E+00  0.4803106991652771E+00  0.3154220154596619E+00  0.1005451770013412E+00 -0.1454591396365371E+00 -0.3871118446645688E+00 -0.6168171421809873E+00 -0.8015856162731952E+00 -0.9204372038251631E+00 -0.9324555312582679E+00 -0.8144541809906525E+00 -0.5866020941630979E+00 -0.3200392242015856E+00 -0.7803181093842154E-01  0.1177538017589736E+00  0.2510669118635739E+00  0.2944881380435650E+00  0.2080581759263547E+00 -0.3296863897354990E+00
 -0.8962320625010459E+00  0.5416325203406581E+00  0.7286654985209285E+00  0.6339019661484352E+00  0.4422322043348079E+00  0.2003356283160020E+00 -0.7135509689039629E-01 -0.3372816496735759E+00 -0.5922453562535209E+00 -0.8115955750796726E+00 -0.9838752157600960E+00 -0.1072586210038698E+01 -0.1027055562824990E+01 -0.8225306015912640E+00 -0.5193141508347795E+00 -0.2232926214971220E+00  0.1268233121849981E-01  0.1774936049205433E+00  0.2460673918356617E+00  0.1714183892827090E+00 -0.2681877760124651E+00
 -0.9205066741473064E+00  0.5967067039721683E+00  0.8696134377691985E+00  0.7739125958912064E+00  0.5644764246522680E+00  0.3036460158215902E+00  0.1330567822925545E-01 -0.2709837688195857E+00 -0.5401515963521484E+00 -0.7734348558591869E+00 -0.9712758478199629E+00 -0.1123394811181168E+01 -0.1179253539706405E+01 -0.1061579469491347E+01 -0.7685164674784724E+00 -0.4180213964750535E+00 -0.1235092545015637E+00  0.7994371363954471E-01  0.1751502481327900E+00  0.1288946000644540E+00 -0.2115335520605720E+00
 -0.8095122204079626E+00  0.5926611462377356E+00  0.9684712183052442E+00  0.8967925731789442E+00  0.6797911892795008E+00  0.4063899653557836E+00  0.1001570736311704E+00 -0.2037068064616829E+00 -0.4880956684293179E+00 -0.7266488453592418E+00 -0.9207191648612237E+00 -0.1092229355565451E+01 -0.1230306804316593E+01 -0.1239723201689581E+01 -0.1031963742081177E+01 -0.6712291311279148E+00 -0.3141559569020682E+00 -0.4927706412765100E-01  0.9369520346366014E-01  0.9235530370049963E-01 -0.1833707076378388E+00
 -0.6187779169505840E+00  0.5446219303534638E+00  0.1015087874109807E+01  0.9962141046898018E+00  0.7862551897479179E+00  0.5086629146850676E+00  0.1936883281705187E+00 -0.1268536004982416E+00 -0.4296334773552392E+00 -0.6793283955424084E+00 -0.8627323252948005E+00 -0.1015669640570387E+01 -0.1185134317012760E+01 -0.1311619548586134E+01 -0.1243796191589035E+01 -0.9443907314412082E+00 -0.5572699101135179E+00 -0.2244573257377263E+00 -0.9139654060846540E-02  0.5342383371715807E-01 -0.1694111552123208E+00
 -0.4151428398263080E+00  0.4703050504729303E+00  0.9957723115924830E+00  0.1054397649437655E+01  0.8729175085667049E+00  0.6024418457606593E+00  0.2881006795771027E+00 -0.4052061286520561E-01 -0.3572829395199369E+00 -0.6217886685329157E+00 -0.8023398679436006E+00 -0.9228259772682372E+00 -0.1073649798265639E+01 -0.1271807867775389E+01 -0.1357380478827328E+01 -0.1184314225568823E+01 -0.8237053898993565E+00 -0.4447968903504506E+00 -0.1484960337556644E+00 -0.4304727880053960E-02 -0.1355818501155025E+00
 -0.2326897970417723E+00  0.3788538183396138E+00  0.9038716579770691E+00  0.1051350476447418E+01  0.9240696021869158E+00  0.6753738373598643E+00  0.3717961695564624E+00  0.4713044225502818E-01 -0.2710291725395779E+00 -0.5431736069105466E+00 -0.7268536745441111E+00 -0.8214057846686317E+00 -0.9249629107602252E+00 -0.1136965621112196E+01 -0.1351370807821363E+01 -0.1345744969342745E+01 -0.1076194296234300E+01 -0.6952555110392096E+00 -0.3312053944959487E+00 -0.8840140089300265E-01 -0.6600119181694070E-01
 -0.8368882730875160E-01  0.2754932371408801E+00  0.7427908841138887E+00  0.9661669310019326E+00  0.9155813910496110E+00  0.7106054965623562E+00  0.4325524530149095E+00  0.1255421749139124E+00 -0.1790271478349039E+00 -0.4437509406733808E+00 -0.6251250524170148E+00 -0.7045630449432818E+00 -0.7584971426319809E+00 -0.9360935554119051E+00 -0.1226091922621444E+01 -0.1395688377579705E+01 -0.1275454370029234E+01 -0.9485283505920481E+00 -0.5506953891320918E+00 -0.1974271393970901E+00  0.4158602905917841E-01
  0.3050262255451530E-01  0.1694078994706718E+00  0.5387263209665306E+00  0.8013429967395254E+00  0.8333475038587306E+00  0.6934685813361137E+00  0.4598530491328099E+00  0.1860900794658252E+00 -0.8988118828347431E-01 -0.3307677143187697E+00 -0.4969077552843034E+00 -0.5653043259367431E+00 -0.5831740834934102E+00 -0.7012504869772080E+00 -0.1000865992536401E+01 -0.1313492933853221E+01 -0.1382657689696406E+01 -0.1169641510549417E+01 -0.7875711171442621E+00 -0.3263509735991721E+00  0.1914818036532542E+00
  0.1074320599828889E+00  0.7227659388975538E-01  0.3242618416521550E+00  0.5710442519907090E+00  0.6659161176936920E+00  0.6034239727791693E+00  0.4357216314658920E+00  0.2157495387232877E+00 -0.1358137625922717E-01 -0.2144878140681563E+00 -0.3523364147912323E+00 -0.4082778259624736E+00 -0.4074810663088995E+00 -0.4648568863732719E+00 -0.7129687472673290E+00 -0.1096812872875929E+01 -0.1358144416178832E+01 -0.1315439429679875E+01 -0.1010361618762661E+01 -0.4687477980428768E+00  0.3958817753659700E+00
  0.1225012452294057E+00  0.8705544969650899E-02  0.1486178801383584E+00  0.3291352227683768E+00  0.4410280421193414E+00  0.4435428518966403E+00  0.3526743731735119E+00  0.2049357808211167E+00  0.3900035161037754E-01 -0.1096214206197042E+00 -0.2113504508152120E+00 -0.2527339631197035E+00 -0.2469767638493571E+00 -0.2594989429398016E+00 -0.4158462134330739E+00 -0.7721179086604576E+00 -0.1173127896162582E+01 -0.1334881112214560E+01 -0.1176380499918432E+01 -0.6178626934969914E+00  0.6772075805725426E+00
  0.4888181765041686E-01 -0.6516108525956562E-02  0.2933349207254718E-01  0.1184063534146139E+00  0.2025978134576695E+00  0.2353817025695728E+00  0.2073578233763960E+00  0.1337011093121969E+00  0.3993530772246030E-01 -0.4728788796849739E-01 -0.1067717231722253E+00 -0.1298194449997368E+00 -0.1234430955439208E+00 -0.1129389731453028E+00 -0.1722042308553709E+00 -0.4050112872512082E+00 -0.8312259882225961E+00 -0.1176381761313795E+01 -0.1222333814643368E+01 -0.7655912771265379E+00  0.1074440016736245E+01
 -0.1622509122129052E+00  0.4635323660359512E-01 -0.2319120240211988E-01 -0.1489975935487473E-01  0.2869330266507493E-01  0.6228535249845160E-01  0.6798640005188746E-01  0.4728704700956842E-01  0.1187032581902007E-01 -0.2361404778527845E-01 -0.4752779112381144E-01 -0.5433561524764546E-01 -0.4760556249492157E-01 -0.3270650170208483E-01 -0.3141148497586927E-01 -0.1011630491286313E+00 -0.4124708368591000E+00 -0.8235285906752007E+00 -0.1049252429614628E+01 -0.8451913889316991E+00  0.1486321737180469E+01
  0.4108142204931663E+00 -0.2155914958762359E+00 -0.2359602671355413E+00 -0.1676433957221777E+00 -0.1007564020367388E+00 -0.5283056569891152E-01 -0.2492304150973803E-01 -0.1375316076767748E-01 -0.1353932065814908E-01 -0.1725295026679562E-01 -0.1906574600458375E-01 -0.1540411285739546E-01 -0.7854135877811584E-02  0.2957262233131529E-02  0.8055483641707729E-02  0.6077738590341274E-02 -0.1375619681300483E+00 -0.3932256483282797E+00 -0.5670967196106798E+00 -0.5436514844677660E+00  0.1063857733792618E+01
  0.0000000000000000E+00  0.0000000000000000E+00  0.0000000000000000E+00  0.0000000000000000E+00  0.0000000000000000E+00  0.0000000000000000E+00  0.0000000000000000E+00  0.0000000000000000E+00  0.0000000000000000E+00  0.0000000000000000E+00  0.0000000000000000E+00  0.0000000000000000E+00  0.0000000000000000E+00  0.0000000000000000E+00  0.0000000000000000E+00  0.0000000000000000E+00  0.0000000000000000E+00  0.0000000000000000E+00  0.0000000000000000E+00  0.0000000000000000E+00  0.0000000000000000E+00
