  0.0000000000000000E+00  0.0000000000000000E+00  0.0000000000000000E+00  0.0000000000000000E+00  0.0000000000000000E+00  0.0000000000000000E+00  0.0000000000000000E+00  0.0000000000000000E+00  0.0000000000000000E+00  0.0000000000000000E+00  0.0000000000000000E+00  0.0000000000000000E+00  0.0000000000000000E+00  0.0000000000000000E+00  0.0000000000000000E+00  0.0000000000000000E+00  0.0000000000000000E+00  0.0000000000000000E+00  0.0000000000000000E+00  0.0000000000000000E+00  0.0000000000000000E+00
  0.3657850340962805E-01 -0.1502850505270974E-01 -0.8507011748501188E-02  0.1914818712556451E-02 -0.9392661866615132E-02 -0.3883362665074150E-01 -0.6888017959288266E-01 -0.8197727531048644E-01 -0.8154214949074068E-01 -0.7458035427703479E-01 -0.6220386367845319E-01 -0.3143826052353435E-01  0.2674782519839676E-01  0.9365438557270354E-01  0.1337346423084059E+00  0.1327344701555138E+00  0.9859453716713713E-01  0.4553507537653773E-01 -0.6284291990868766E-02 -0.2521036362926215E-01  0.6934679889691767E-01
  0.4380690946930166E-03  0.1753197663809977E-01  0.5303399900899233E-01  0.7106724788600738E-01  0.4229608432734745E-01 -0.2563303451291496E-01 -0.1164694699814547E+00 -0.2060331205522206E+00 -0.2790424764988917E+00 -0.3159004021983541E+00 -0.3023348800499984E+00 -0.2260355924379369E+00 -0.1010208741285337E+00  0.3646033674942074E-01  0.1452995447448535E+00  0.2002659745398928E+00  0.1967684669433676E+00  0.1456345561355267E+00  0.7130361484481504E-01  0.1074349229922252E-01  0.3907313794714747E-01
 -0.1543910531834966E+00  0.1090131344846793E+00  0.1726483502705415E+00  0.1808710075476541E+00  0.1168919358810233E+00  0.3705768126706168E-02 -0.1374884349969140E+00 -0.2782141989295639E+00 -0.4032881536424419E+00 -0.4868063596922842E+00 -0.5097488761848993E+00 -0.4490533202277406E+00 -0.3092643570497570E+00 -0.1244197256371387E+00  0.5621917251777674E-01  0.1937818523512177E+00  0.2646534546057339E+00  0.2594419314562457E+00  0.1926343253448426E+00  0.1029422505451658E+00 -0.1161924262906547E+00
 -0.3989285168419755E+00  0.2442068852671334E+00  0.3336921389594246E+00  0.3155433714189096E+00  0.2102449931647878E+00  0.5055597795877754E-01 -0.1417391619843555E+00 -0.3358642564030186E+00 -0.5159740598040122E+00 -0.6498902687910038E+00 -0.7134693668750002E+00 -0.6751971800542786E+00 -0.5326591035856297E+00 -0.3193498359945120E+00 -0.9117971269198760E-01  0.1098268740619692E+00  0.2547535495948124E+00  0.3167513140279001E+00  0.2908185260152221E+00  0.1946929283746335E+00 -0.2932602591086783E+00
 -0.6585418835929818E+00  0.3904033825989419E+00  0.5126682642038437E+00  0.4636150525973990E+00  0.3221808520883037E+00  0.1258991622130861E+00 -0.1040126468924124E+00 -0.3364954630078766E+00 -0.5598933834270071E+00 -0.7438445388519714E+00 -0.8628941156841401E+00 -0.8733679747932949E+00 -0.7504320585891102E+00 -0.5188920010457929E+00 -0.2526346474011463E+00 -0.9311316382387911E-02  0.1875466500807612E+00  0.3102463804070688E+00  0.3337011937304585E+00  0.2355353020573299E+00 -0.3729047124415313E+00
 -0.8559641923396415E+00  0.5133486939455362E+00  0.6840818894969669E+00  0.6088762865054657E+00  0.4366789041719150E+00  0.2091459727077216E+00 -0.5120177155167870E-01 -0.3127397517341566E+00 -0.5655871112178803E+00 -0.7856162681530440E+00 -0.9554423238335584E+00 -0.1031955838057818E+01 -0.9622326747828827E+00 -0.7345932998511354E+00 -0.4277816561784562E+00 -0.1407254264770418E+00  0.9261516164404632E-01  0.2572897820794455E+00  0.3170692754284113E+00  0.2188686700049326E+00 -0.3395367345863865E+00
 -0.9369584267153077E+00  0.5890381250590313E+00  0.8301559484617862E+00  0.7445998668221483E+00  0.5508328028509351E+00  0.3007700765459130E+00  0.1797578926125880E-01 -0.2647734846883642E+00 -0.5352222571125873E+00 -0.7731809831939302E+00 -0.9746340795891051E+00 -0.1116763467393344E+01 -0.1136002309450758E+01 -0.9645137666371226E+00 -0.6387185764097842E+00 -0.2951529381695892E+00 -0.1911894860861897E-01  0.1739448962169029E+00  0.2561986314237986E+00  0.1740533337625220E+00 -0.2659613698637674E+00
 -0.8804776621353203E+00  0.6072718400238716E+00  0.9413378579362943E+00  0.8675016639814442E+00  0.6616850040274569E+00  0.3952397373360075E+00  0.9287907397851901E-01 -0.2115004804414997E+00 -0.4977475933638150E+00 -0.7415144830717108E+00 -0.9457448027676942E+00 -0.1121836523337208E+01 -0.1232427410318440E+01 -0.1170704087360220E+01 -0.8881279924562978E+00 -0.5028302757768458E+00 -0.1656944398870948E+00  0.6782243666497348E-01  0.1770058899688941E+00  0.1287949973915191E+00 -0.2093791022056632E+00
 -0.7165495873739749E+00  0.5749442086913171E+00  0.1008283038699977E+01  0.9731295904776004E+00  0.7676334499741768E+00  0.4931655718443788E+00  0.1771115963435177E+00 -0.1476014225657340E+00 -0.4532412700360990E+00 -0.7049747163930018E+00 -0.8974081203640729E+00 -0.1067849328692863E+01 -0.1234937849293218E+01 -0.1299480049303795E+01 -0.1128249738497858E+01 -0.7589660880011412E+00 -0.3679397779950251E+00 -0.7138296095091962E-01  0.8968410879514044E-01  0.9243564508528279E-01 -0.1876228264607079E+00
 -0.5138128597945075E+00  0.5109978317490416E+00  0.1019180635452617E+01  0.1049802326251135E+01  0.8621456632362299E+00  0.5889487341666495E+00  0.2675357921699201E+00 -0.7142047554967108E-01 -0.3959938742254136E+00 -0.6622466913760057E+00 -0.8456643323281136E+00 -0.9856547875906708E+00 -0.1160176764995506E+01 -0.1326677858923097E+01 -0.1303808042968213E+01 -0.1018545070527944E+01 -0.6141519188838515E+00 -0.2547015181828943E+00 -0.1889356733587948E-01  0.5269741161300860E-01 -0.1769858021749053E+00
 -0.3200954367837303E+00  0.4272016472088385E+00  0.9615095048427851E+00  0.1075728255042252E+01  0.9291162665184258E+00  0.6704774288030956E+00  0.3546834614658962E+00  0.1343152009189580E-01 -0.3204538772590769E+00 -0.6001173844864246E+00 -0.7836605101263003E+00 -0.8903540207507866E+00 -0.1032875492831345E+01 -0.1254250650277353E+01 -0.1381270482711996E+01 -0.1235058503935727E+01 -0.8733550756749450E+00 -0.4773296212809945E+00 -0.1625222489826578E+00 -0.7215203142009096E-02 -0.1408766395566305E+00
 -0.1545994003903273E+00  0.3295718420204772E+00  0.8341161256711045E+00  0.1032537905191178E+01  0.9517457922056245E+00  0.7252596391801758E+00  0.4269449276018619E+00  0.9638824307979980E-01 -0.2320819636292512E+00 -0.5136589136478420E+00 -0.6989191405301118E+00 -0.7819363404289534E+00 -0.8747207193407704E+00 -0.1099532399098301E+01 -0.1346785166477565E+01 -0.1371543248889972E+01 -0.1112182455775878E+01 -0.7239646995504279E+00 -0.3465589230025263E+00 -0.9287572102782622E-01 -0.6793175991904760E-01
 -0.2324729305082351E-01  0.2240318202225289E+00  0.6488481676167633E+00  0.9062211496927255E+00  0.9064069611845946E+00  0.7348021509123164E+00  0.4716469271597621E+00  0.1671680606262399E+00 -0.1398926833292305E+00 -0.4067530068047018E+00 -0.5849906758483562E+00 -0.6532749021482399E+00 -0.6991125705224762E+00 -0.8877776341324187E+00 -0.1203515154991662E+01 -0.1400898528187416E+01 -0.1296919700998057E+01 -0.9700489658756131E+00 -0.5646223945859014E+00 -0.2022678306027184E+00  0.4218109722225394E-01
  0.7496224352181208E-01  0.1213917368169284E+00  0.4391374539725973E+00  0.7109045058556780E+00  0.7866004935042233E+00  0.6868372282382331E+00  0.4781472541966564E+00  0.2166289440192513E+00 -0.5312576377981703E-01 -0.2886533515897295E+00 -0.4465090834183597E+00 -0.5030086110552943E+00 -0.5158819231162987E+00 -0.6478287852850375E+00 -0.9701766763198223E+00 -0.1305069782697584E+01 -0.1391751040692804E+01 -0.1183563374362133E+01 -0.7986388431562451E+00 -0.3307825980113464E+00  0.1937089508777939E+00
  0.1347625950069495E+00  0.3501871221253933E-01  0.2398187316445675E+00  0.4718033650401495E+00  0.5906670550296529E+00  0.5651645089333668E+00  0.4292905821365576E+00  0.2313141892178746E+00  0.1699190238863527E-01 -0.1718741037451843E+00 -0.2976526700114316E+00 -0.3419775582896443E+00 -0.3384872756015614E+00 -0.4119039312807164E+00 -0.6820081943982872E+00 -0.1082472134203384E+01 -0.1358688601026462E+01 -0.1322874003730738E+01 -0.1018256129565444E+01 -0.4724973577800895E+00  0.3992359437748241E+00
  0.1230936058064086E+00 -0.9278288340431453E-02  0.9525874078511422E-01  0.2494825618484196E+00  0.3624473734605434E+00  0.3858892571385259E+00  0.3221258947234044E+00  0.1994742069298993E+00  0.5460940248591554E-01 -0.7633217588117960E-01 -0.1633761875685568E+00 -0.1946484957584559E+00 -0.1875089194080667E+00 -0.2140584628458964E+00 -0.3900397811542619E+00 -0.7577750620686026E+00 -0.1169036537558539E+01 -0.1337542889355991E+01 -0.1181447002455994E+01 -0.6208886334107993E+00  0.6812188977764042E+00
  0.2806245229849529E-01 -0.7014684427850410E-02  0.7018399014944060E-02  0.7259851567964618E-01  0.1474555483582640E+00  0.1867940330892324E+00  0.1749208528996369E+00  0.1206209180555205E+00  0.4560177808063552E-01 -0.2554911003239116E-01 -0.7319272012589384E-01 -0.9002799111591632E-01 -0.8345510716997213E-01 -0.8162884102308039E-01 -0.1545991361940592E+00 -0.3939835623574480E+00 -0.8252979483936553E+00 -0.1175815834544318E+01 -0.1225028841779644E+01 -0.7680026139689605E+00  0.1078979000127237E+01
 -0.1674062965209657E+00  0.4575016084661583E-01 -0.3015581398111820E-01 -0.3558220026397035E-01 -0.7031774087460196E-03  0.3288748887981988E-01  0.4570911403584733E-01  0.3584658494294859E-01  0.1186315572815162E-01 -0.1386907826850417E-01 -0.3112620115026788E-01 -0.3502178335183909E-01 -0.2860943933229423E-01 -0.1719897785900103E-01 -0.2242607016414085E-01 -0.9402466248447279E-01 -0.4063254572177545E+00 -0.8211513206504459E+00 -0.1050119909700296E+01 -0.8467749497257743E+00  0.1490204939477027E+01
  0.4135395305345587E+00 -0.2190752556910122E+00 -0.2436862365384780E+00 -0.1772880234744407E+00 -0.1111115986773383E+00 -0.6274133734772151E-01 -0.3273014803236789E-01 -0.1798243399228681E-01 -0.1351223994321453E-01 -0.1325519912790494E-01 -0.1225184472269643E-01 -0.7389126311284080E-02 -0.1759842764364664E-03  0.9438139616837564E-02  0.1188821369720346E-01  0.9943398164325041E-02 -0.1333523869787646E+00 -0.3911304344777543E+00 -0.5671279842395149E+00 -0.5443023715623290E+00  0.1065779130447472E+01
  0.0000000000000000E+00  0.0000000000000000E+00  0.0000000000000000E+00  0.0000000000000000E+00  0.0000000000000000E+00  0.0000000000000000E+00  0.0000000000000000E+00  0.0000000000000000E+00  0.0000000000000000E+00  0.0000000000000000E+00  0.0000000000000000E+00  0.0000000000000000E+00  0.0000000000000000E+00  0.0000000000000000E+00  0.0000000000000000E+00  0.0000000000000000E+00  0.0000000000000000E+00  0.0000000000000000E+00  0.0000000000000000E+00  0.0000000000000000E+00  0.0000000000000000E+00
