  0.0000000000000000E+00  0.0000000000000000E+00  0.0000000000000000E+00  0.0000000000000000E+00  0.0000000000000000E+00  0.0000000000000000E+00  0.0000000000000000E+00  0.0000000000000000E+00  0.0000000000000000E+00  0.0000000000000000E+00  0.0000000000000000E+00  0.0000000000000000E+00  0.0000000000000000E+00  0.0000000000000000E+00  0.0000000000000000E+00  0.0000000000000000E+00  0.0000000000000000E+00  0.0000000000000000E+00  0.0000000000000000E+00  0.0000000000000000E+00  0.0000000000000000E+00
  0.3730576644318082E-01 -0.1528707154737326E-01 -0.8555448198938966E-02  0.2209620823677062E-02 -0.8973818973254012E-02 -0.3844546037832166E-01 -0.6855679493838793E-01 -0.8165285018456077E-01 -0.8119305049345608E-01 -0.7421568617553219E-01 -0.6188291707382185E-01 -0.3125432147138762E-01  0.2671355400883236E-01  0.9345494200342554E-01  0.1335058633520100E+00  0.1325654245607795E+00  0.9851906180381333E-01  0.4556901864439378E-01 -0.6147284149331906E-02 -0.2507759755468954E-01  0.6908550851473672E-01
  0.9677449149465694E-03  0.1744136876548786E-01  0.5329185121141015E-01  0.7156252421923510E-01  0.4269932217973453E-01 -0.2542317762489001E-01 -0.1164624659045101E+00 -0.2061537220548633E+00 -0.2792533700996167E+00 -0.3161687780598189E+00 -0.3026726411872936E+00 -0.2264602373590493E+00 -0.1015251764271668E+00  0.3592119546273440E-01  0.1448039610358723E+00  0.1998825404645485E+00  0.1965320783012494E+00  0.1455535921854619E+00  0.7137920291583276E-01  0.1088967207717038E-01  0.3871018668432162E-01
 -0.1549037456327233E+00  0.1093927410297900E+00  0.1732744774566469E+00  0.1814356811312689E+00  0.1171596170534906E+00  0.3763610432138988E-02 -0.1375513482893013E+00 -0.2782874833939048E+00 -0.4033560411978058E+00 -0.4868489966309235E+00 -0.5097650765369084E+00 -0.4490616210973182E+00 -0.3093122368670557E+00 -0.1245753589182329E+00  0.5595772967447896E-01  0.1934798023399968E+00  0.2643815078443413E+00  0.2592557386080785E+00  0.1925877730022813E+00  0.1029731653208786E+00 -0.1163317229603547E+00
 -0.4003033714091824E+00  0.2449158074150167E+00  0.3344440508358677E+00  0.3158568794869870E+00  0.2100944732993455E+00  0.5019238850346949E-01 -0.1421717375423789E+00 -0.3362455234905427E+00 -0.5163166903529611E+00 -0.6502007880298056E+00 -0.7137118095537704E+00 -0.6753185253260785E+00 -0.5326534259083868E+00 -0.3193494014702900E+00 -0.9128174769750685E-01  0.1096357694657082E+00  0.2545171883954511E+00  0.3165203377847174E+00  0.2906531470346788E+00  0.1945416744493029E+00 -0.2929718763132298E+00
 -0.6599380151143861E+00  0.3910743319579140E+00  0.5132849807593560E+00  0.4635802692929938E+00  0.3216898868133284E+00  0.1253263618749166E+00 -0.1044545972163260E+00 -0.3366813494304996E+00 -0.5598792971582620E+00 -0.7437525090552969E+00 -0.8627554900400579E+00 -0.8731355043147827E+00 -0.7500559345770665E+00 -0.5185290502198058E+00 -0.2524521714872263E+00 -0.9297698962094597E-02  0.1874408113636693E+00  0.3100637063934692E+00  0.3334788320678852E+00  0.2352644946238240E+00 -0.3723146518035868E+00
 -0.8565077666222588E+00  0.5135969568094449E+00  0.6842831038060760E+00  0.6083449070999376E+00  0.4356788619832776E+00  0.2081330182843993E+00 -0.5192680225488901E-01 -0.3130109931429582E+00 -0.5654693211090015E+00 -0.7853408029187969E+00 -0.9551379470805523E+00 -0.1031569097742763E+01 -0.9616094178421363E+00 -0.7338706108590194E+00 -0.4272633480481483E+00 -0.1404507271611142E+00  0.9270366962353320E-01  0.2572227343467633E+00  0.3168703345995471E+00  0.2186104599228864E+00 -0.3389610451691121E+00
 -0.9361501505844761E+00  0.5886429623183437E+00  0.8297787363705548E+00  0.7435389641563548E+00  0.5493240328782961E+00  0.2993676721597371E+00  0.1710848923286432E-01 -0.2648791606582159E+00 -0.5346319066790278E+00 -0.7722812934108657E+00 -0.9737892432385798E+00 -0.1116042968923740E+01 -0.1135117130513087E+01 -0.9634123961641471E+00 -0.6377909112110155E+00 -0.2945580925922370E+00 -0.1879574472684942E-01  0.1740323078551260E+00  0.2560902381738797E+00  0.1738757941134393E+00 -0.2655371441664383E+00
 -0.8783514187242958E+00  0.6062218065683190E+00  0.9403140009806614E+00  0.8659167601907996E+00  0.6596389882800523E+00  0.3933421699069717E+00  0.9168970586430879E-01 -0.2116467972479181E+00 -0.4968424894561210E+00 -0.7400047663793968E+00 -0.9442609810389543E+00 -0.1120737034700040E+01 -0.1231390520753540E+01 -0.1169359902687368E+01 -0.8867995013652038E+00 -0.5018627720753690E+00 -0.1650722796760487E+00  0.6811570389595288E-01  0.1770328466680915E+00  0.1287085331951560E+00 -0.2090927529173766E+00
 -0.7139724672003569E+00  0.5735219161447089E+00  0.1006593281233770E+01  0.9710411096431915E+00  0.7650945617146651E+00  0.4907804509035841E+00  0.1755802483790717E+00 -0.1478258895560585E+00 -0.4520485823798259E+00 -0.7027725521987026E+00 -0.8950368503199323E+00 -0.1066115632866719E+01 -0.1233725715095253E+01 -0.1298081827488132E+01 -0.1126682087817169E+01 -0.7576774308979046E+00 -0.3669993648717862E+00 -0.7082395388526037E-01  0.8989180924547972E-01  0.9245225206137447E-01 -0.1874649469386437E+00
 -0.5116018334021912E+00  0.5094906845588436E+00  0.1016870220274340E+01  0.1047213751134944E+01  0.8591978346842302E+00  0.5861412405992580E+00  0.2656191758276921E+00 -0.7190886660657426E-01 -0.3948274913838661E+00 -0.6596643123207501E+00 -0.8424998961900272E+00 -0.9831251760123534E+00 -0.1158655207665589E+01 -0.1325317953859662E+01 -0.1302204961763952E+01 -0.1017087188257909E+01 -0.6129806406286004E+00 -0.2538762660793379E+00 -0.1847439607800941E-01  0.5283517836530440E-01 -0.1769799311739226E+00
 -0.3185176491440685E+00  0.4257586898146812E+00  0.9587584202999752E+00  0.1072686150829486E+01  0.9258696899573837E+00  0.6673916406400136E+00  0.3524593495540628E+00  0.1264846293493978E-01 -0.3194946446998485E+00 -0.5974928484591370E+00 -0.7800307581462893E+00 -0.8871001409395112E+00 -0.1030944620838530E+01 -0.1252930638607826E+01 -0.1379777905979746E+01 -0.1233599404210159E+01 -0.8721009231628116E+00 -0.4763099587263958E+00 -0.1618996363138128E+00 -0.6960176763295806E-02 -0.1410191060239253E+00
 -0.1536495423426821E+00  0.3283009242167099E+00  0.8312532303074475E+00  0.1029191628934885E+01  0.9483109035951137E+00  0.7220620678984316E+00  0.4245679524377025E+00  0.9538056608080146E-01 -0.2313997583864568E+00 -0.5112578061261279E+00 -0.6952527942174819E+00 -0.7782896913652554E+00 -0.8724432067652009E+00 -0.1098244070152489E+01 -0.1345479758244311E+01 -0.1370207457032316E+01 -0.1111001706855837E+01 -0.7228898920081751E+00 -0.3457965380277635E+00 -0.9253917536829707E-01 -0.6817901192287229E-01
 -0.2283653992880286E-01  0.2230454881071187E+00  0.6462999243925531E+00  0.9028807603344498E+00  0.9029315774045459E+00  0.7316129351849746E+00  0.4692432370769050E+00  0.1660324037554041E+00 -0.1394581607651866E+00 -0.4046817669517100E+00 -0.5816168007667549E+00 -0.6496828566317374E+00 -0.6967430341154552E+00 -0.8865794634219880E+00 -0.1202433052831548E+01 -0.1399737450627564E+01 -0.1295901051268350E+01 -0.9690534784299182E+00 -0.5638208444161407E+00 -0.2018944712337549E+00  0.4186256928512411E-01
  0.7489425666840432E-01  0.1207953160503111E+00  0.4372802048193376E+00  0.7079931865240023E+00  0.7833346754176086E+00  0.6837947415939056E+00  0.4758266779394359E+00  0.2154569081029183E+00 -0.5288799456660753E-01 -0.2869513131884496E+00 -0.4436457243419302E+00 -0.4998866244161699E+00 -0.5137785615694903E+00 -0.6468707970214300E+00 -0.9693600732450861E+00 -0.1304088442431153E+01 -0.1390905904758361E+01 -0.1182725589579419E+01 -0.7978907277133545E+00 -0.3304124227762099E+00  0.1933465406152751E+00
  0.1341953792552140E+00  0.3487931728286970E-01  0.2388333311038232E+00  0.4697300938567359E+00  0.5879601895767587E+00  0.5624477868452149E+00  0.4271240343034445E+00  0.2301313993147113E+00  0.1702773937821078E-01 -0.1706017083760022E+00 -0.2954671163725680E+00 -0.3396388068321405E+00 -0.3369754317751489E+00 -0.4113625873163826E+00 -0.6815247443956345E+00 -0.1081658935455211E+01 -0.1357957805038471E+01 -0.1322194987826137E+01 -0.1017611800313563E+01 -0.4721536974616570E+00  0.3988492920714084E+00
  0.1220672873734592E+00 -0.9007394554622610E-02  0.9504510370959136E-01  0.2484353914641370E+00  0.3607093742281762E+00  0.3839052476168818E+00  0.3203987917701123E+00  0.1984269956207558E+00  0.5447489761144415E-01 -0.7555016165303668E-01 -0.1619903904648824E+00 -0.1932475177877972E+00 -0.1867387401455170E+00 -0.2140175128090873E+00 -0.3899563862756564E+00 -0.7571632791940908E+00 -0.1168345392133322E+01 -0.1336963123140231E+01 -0.1180911969563867E+01 -0.6205808103873387E+00  0.6808304615981489E+00
  0.2738341911563202E-01 -0.6750435086510194E-02  0.7132113856101438E-02  0.7225726647193353E-01  0.1466102886340916E+00  0.1856655121830830E+00  0.1738438595107386E+00  0.1199095660453397E+00  0.4542979128687150E-01 -0.2519869014116891E-01 -0.7255181573216007E-01 -0.8945056195231924E-01 -0.8328786601226787E-01 -0.8195273041423695E-01 -0.1548929426707415E+00 -0.3936637146903684E+00 -0.8246394486211560E+00 -0.1175261214349816E+01 -0.1224588978109260E+01 -0.7677351176200927E+00  0.1078616374751018E+01
 -0.1672446025850294E+00  0.4575689342487840E-01 -0.2997392231039418E-01 -0.3553972454600592E-01 -0.9191148694539842E-03  0.3246412509903426E-01  0.4522320153302925E-01  0.3546092916999267E-01  0.1167884361862419E-01 -0.1384667523280350E-01 -0.3099317955968280E-01 -0.3492327139538017E-01 -0.2868959876902147E-01 -0.1753776903693583E-01 -0.2287243570856750E-01 -0.9406629824183609E-01 -0.4058103178875448E+00 -0.8206262238111617E+00 -0.1049773784846621E+01 -0.8465909246768795E+00  0.1489998989184017E+01
  0.4136611044917903E+00 -0.2191982770671342E+00 -0.2439337267096125E+00 -0.1775878073996694E+00 -0.1114265200308681E+00 -0.6306213220295465E-01 -0.3304030159123000E-01 -0.1824638154857404E-01 -0.1370047856142701E-01 -0.1336488805502530E-01 -0.1231769987415062E-01 -0.7460907502939642E-02 -0.3014988676905196E-03  0.9241658367749869E-02  0.1161857251496299E-01  0.9807747748790497E-02 -0.1331125170061205E+00 -0.3908097818133150E+00 -0.5669251903806005E+00 -0.5442218434561465E+00  0.1065740339987839E+01
  0.0000000000000000E+00  0.0000000000000000E+00  0.0000000000000000E+00  0.0000000000000000E+00  0.0000000000000000E+00  0.0000000000000000E+00  0.0000000000000000E+00  0.0000000000000000E+00  0.0000000000000000E+00  0.0000000000000000E+00  0.0000000000000000E+00  0.0000000000000000E+00  0.0000000000000000E+00  0.0000000000000000E+00  0.0000000000000000E+00  0.0000000000000000E+00  0.0000000000000000E+00  0.0000000000000000E+00  0.0000000000000000E+00  0.0000000000000000E+00  0.0000000000000000E+00
