  0.0000000000000000E+00  0.5553679307641460E-02  0.2065537124665906E-01  0.7275281465409456E-01  0.1415853401634844E+00  0.1991479366777292E+00  0.1989890274458179E+00  0.9826690032529428E-01 -0.9954607989544295E-01 -0.3531170427138995E+00 -0.5953811539057751E+00 -0.7482936537183584E+00 -0.7560763337521959E+00 -0.6355448396655144E+00 -0.4637917222374056E+00 -0.2965025393770416E+00 -0.1571885384320214E+00 -0.5440632655604000E-01  0.7519693462946397E-02  0.1856614789358697E-01  0.0000000000000000E+00
  0.0000000000000000E+00 -0.2360278583603614E-01 -0.6542037752832069E-01 -0.1223083016529675E+00 -0.1808081434880630E+00 -0.2223855502538108E+00 -0.2286520824955656E+00 -0.1810589945492742E+00 -0.8115012697699370E-01  0.5566633774269698E-01  0.2000088428885926E+00  0.3182032197216966E+00  0.3814893594760232E+00  0.3855084557824136E+00  0.3481162585717204E+00  0.2854150350427421E+00  0.2081731850755264E+00  0.1294933891024221E+00  0.6137877422428856E-01  0.2184082768484560E-01  0.0000000000000000E+00
  0.0000000000000000E+00 -0.6525467820046696E-01 -0.1756057613383030E+00 -0.2941720903048080E+00 -0.4008390903007047E+00 -0.4680087140837033E+00 -0.4869672200408788E+00 -0.4449100833225285E+00 -0.3429964608264240E+00 -0.1861180294858086E+00  0.4645374760002683E-02  0.2063160054467314E+00  0.3883917446758738E+00  0.5209805276817262E+00  0.5805570534777557E+00  0.5597425657511848E+00  0.4673310167945578E+00  0.3340738407512264E+00  0.1916560161358121E+00  0.8408863094812377E-01  0.0000000000000000E+00
  0.0000000000000000E+00 -0.8237586799062088E-01 -0.2659788602292452E+00 -0.4219988156387527E+00 -0.5585469357791922E+00 -0.6444181161277205E+00 -0.6862037259314244E+00 -0.6715794679112140E+00 -0.6060323555871041E+00 -0.4858077954162310E+00 -0.3222479096305644E+00 -0.1243214702930353E+00  0.8375390038994954E-01  0.2726166043193302E+00  0.4126626667858257E+00  0.4832473249417825E+00  0.4708433769614433E+00  0.3844332856425033E+00  0.2473236745412053E+00  0.1108417711425934E+00  0.0000000000000000E+00
  0.0000000000000000E+00 -0.7599619047237605E-01 -0.3108389721446414E+00 -0.4829369473496854E+00 -0.6403839367776939E+00 -0.7430869976141402E+00 -0.8117077746534134E+00 -0.8296384103647433E+00 -0.8063315979932619E+00 -0.7309273588345775E+00 -0.6076810649420344E+00 -0.4356474693826913E+00 -0.2349898061271589E+00 -0.3842979087012294E-01  0.1234312652760532E+00  0.2380755551782592E+00  0.2934283516323431E+00  0.2798712775129173E+00  0.1955945263007103E+00  0.9390224221194075E-01  0.0000000000000000E+00
  0.0000000000000000E+00 -0.5902310943190722E-01 -0.3013260272530773E+00 -0.4707622539629712E+00 -0.6348045042424847E+00 -0.7452703376514087E+00 -0.8329698621474694E+00 -0.8793537460058304E+00 -0.8983791925134695E+00 -0.8774925156304949E+00 -0.8131127506202095E+00 -0.6889435054311137E+00 -0.5087326840628835E+00 -0.3080756141968828E+00 -0.1364464913273148E+00 -0.1076461417841575E-01  0.7517224087313841E-01  0.1138688751659465E+00  0.8929466123645556E-01  0.5190939827482197E-01  0.0000000000000000E+00
  0.0000000000000000E+00 -0.3635718476695880E-01 -0.2443467924339821E+00 -0.4014336552780483E+00 -0.5622360272542907E+00 -0.6763806115514480E+00 -0.7763815947199371E+00 -0.8428064993983766E+00 -0.8917693884878322E+00 -0.9166611421923730E+00 -0.9145703740005140E+00 -0.8591586596820030E+00 -0.7251953622718059E+00 -0.5274329776049033E+00 -0.3313926759776144E+00 -0.1891706174916352E+00 -0.9221601181723456E-01 -0.2726569481150162E-01 -0.3258674383842725E-02  0.1179147317589302E-01  0.0000000000000000E+00
  0.0000000000000000E+00 -0.4875014765779242E-03 -0.1486601873871777E+00 -0.2898804179805591E+00 -0.4426089023070082E+00 -0.5595051039027116E+00 -0.6674092160620292E+00 -0.7463842614605265E+00 -0.8101267950533684E+00 -0.8604171850088281E+00 -0.9043749865807669E+00 -0.9218818317204855E+00 -0.8646095197884099E+00 -0.7033840502104378E+00 -0.4839100949034469E+00 -0.2971658399844702E+00 -0.1747812992861541E+00 -0.9228484544485112E-01 -0.3791239656301292E-01  0.2244858802575360E-02  0.0000000000000000E+00
  0.0000000000000000E+00  0.5571364580174452E-01 -0.2756669413575843E-01 -0.1488939296152689E+00 -0.2918394269164695E+00 -0.4116931842193075E+00 -0.5268498585941757E+00 -0.6170727767790372E+00 -0.6889213766664523E+00 -0.7474444247556620E+00 -0.8104948589550228E+00 -0.8796669819283019E+00 -0.9081741255125612E+00 -0.8267556333851559E+00 -0.6251867691171210E+00 -0.3904772775080883E+00 -0.2111056737708093E+00 -0.9445950010795137E-01 -0.2093856464563193E-01  0.2285781354270287E-01  0.0000000000000000E+00
  0.0000000000000000E+00  0.1201192561593341E+00  0.9869097347562626E-01  0.9391268663136337E-02 -0.1181055310421233E+00 -0.2367344415765081E+00 -0.3557719014063428E+00 -0.4567707565531984E+00 -0.5386681305483154E+00 -0.6032751512140572E+00 -0.6696070550073190E+00 -0.7610462466348159E+00 -0.8564525830060092E+00 -0.8750005448559044E+00 -0.7475364791175574E+00 -0.5110969498428900E+00 -0.2771423594861642E+00 -0.1068074860843051E+00 -0.4860821928147420E-02  0.4352397788840422E-01  0.0000000000000000E+00
  0.0000000000000000E+00  0.1646424416914360E+00  0.2055460520084203E+00  0.1677307774241701E+00  0.6995432541175348E-01 -0.3659015330048341E-01 -0.1503055837215942E+00 -0.2566398143328704E+00 -0.3505170862795741E+00 -0.4288946057403917E+00 -0.5023093767248228E+00 -0.6009089582082930E+00 -0.7346814867008986E+00 -0.8433267859894952E+00 -0.8221189043512893E+00 -0.6411296251569015E+00 -0.3927006411324271E+00 -0.1768708295256715E+00 -0.3367758609986557E-01  0.3413463283130318E-01  0.0000000000000000E+00
  0.0000000000000000E+00  0.1736113397859611E+00  0.2738785514983906E+00  0.3059536775951564E+00  0.2581587475490568E+00  0.1788968250375420E+00  0.8212174861812639E-01 -0.1987387645105894E-01 -0.1216397126305032E+00 -0.2182671889527471E+00 -0.3106677638452533E+00 -0.4203523825992372E+00 -0.5732552759895714E+00 -0.7480072985327608E+00 -0.8385172790133540E+00 -0.7520041533444869E+00 -0.5304720298716769E+00 -0.2923792075166022E+00 -0.1075114083611127E+00 -0.9657050544636560E-02  0.0000000000000000E+00
  0.0000000000000000E+00  0.1495394816502144E+00  0.2931289068174422E+00  0.4022137788989960E+00  0.4233446123242389E+00  0.3887854541729371E+00  0.3211674665791570E+00  0.2340721186757992E+00  0.1326921279616933E+00  0.2099363831274486E-01 -0.9689206080659846E-01 -0.2288371013654357E+00 -0.3951840029335836E+00 -0.6098435417844396E+00 -0.7993341100377587E+00 -0.8315148059443868E+00 -0.6726856732146013E+00 -0.4337062113458890E+00 -0.2153819025207789E+00 -0.7838688991333023E-01  0.0000000000000000E+00
  0.0000000000000000E+00  0.1032874447360120E+00  0.2620751863550897E+00  0.4364534939776016E+00  0.5360929094124078E+00  0.5631988967151100E+00  0.5379404610028460E+00  0.4756563386933925E+00  0.3831291764818053E+00  0.2636475138137401E+00  0.1226608140388621E+00 -0.3688056424764257E-01 -0.2173195315338786E+00 -0.4489150362023742E+00 -0.7095076825698701E+00 -0.8688537614437664E+00 -0.8104652680453992E+00 -0.5946728724689980E+00 -0.3551551736753966E+00 -0.1653604687077782E+00  0.0000000000000000E+00
  0.0000000000000000E+00  0.4489709715293917E-01  0.1891553724071372E+00  0.3963838161161584E+00  0.5653558073603102E+00  0.6626136880605632E+00  0.6920986592429978E+00  0.6655208338346248E+00  0.5909535518136754E+00  0.4725867499515902E+00  0.3174958125890559E+00  0.1367182343134034E+00 -0.5370790515460026E-01 -0.2821532889566707E+00 -0.5754808401686563E+00 -0.8482864180590305E+00 -0.9262465780976822E+00 -0.7680527106663064E+00 -0.5237065875611642E+00 -0.2674586189701086E+00  0.0000000000000000E+00
  0.0000000000000000E+00 -0.1836617488196195E-01  0.8784550799377974E-01  0.2837692952395662E+00  0.4911593543145059E+00  0.6500454176118112E+00  0.7389641731475519E+00  0.7569769109954273E+00  0.7096182524655518E+00  0.6030450020418041E+00  0.4490514974352811E+00  0.2661744819832224E+00  0.8153014075574758E-01 -0.1224233450161722E+00 -0.4038686673338255E+00 -0.7500049027167821E+00 -0.9859701719701224E+00 -0.9329841039690001E+00 -0.7115938281925590E+00 -0.3817238624494074E+00  0.0000000000000000E+00
  0.0000000000000000E+00 -0.7345257502050113E-01 -0.2386930619164658E-01  0.1232746875880619E+00  0.3230741953893083E+00  0.5100729905682386E+00  0.6431332943453290E+00  0.7048528082648680E+00  0.6935572867330086E+00  0.6158808514622980E+00  0.4884332490695167E+00  0.3339897969319467E+00  0.1804762900284578E+00  0.2220316904824797E-01 -0.2036660911137697E+00 -0.5558080541352469E+00 -0.9360257673450678E+00 -0.1039993004338069E+01 -0.8930045790961162E+00 -0.4975160860370840E+00  0.0000000000000000E+00
  0.0000000000000000E+00 -0.7622575041061183E-01 -0.7346162404417439E-01  0.1461071454589571E-01  0.1641961623833088E+00  0.3283932700004387E+00  0.4662157956273040E+00  0.5521195243612138E+00  0.5768560638061150E+00  0.5432709136938114E+00  0.4659481351158820E+00  0.3639443604613333E+00  0.2594462153471331E+00  0.1554131287584944E+00  0.1141919108234735E-01 -0.2657412547742347E+00 -0.7149053262375178E+00 -0.9940047548962953E+00 -0.9980868494067739E+00 -0.5759741677287127E+00  0.0000000000000000E+00
  0.0000000000000000E+00  0.2257742945358103E-01  0.8679208811391252E-01  0.1618768899303275E+00  0.2528679838888355E+00  0.3541133041117885E+00  0.4479498413595708E+00  0.5154712856644927E+00  0.5453492121405661E+00  0.5352619869818028E+00  0.4938282003929853E+00  0.4326829274782868E+00  0.3684300730651114E+00  0.3042214745235760E+00  0.2320684141984413E+00  0.8300899080785644E-01 -0.2928892316889860E+00 -0.6561964300104672E+00 -0.8687861488193170E+00 -0.5151992427011127E+00  0.0000000000000000E+00
  0.0000000000000000E+00  0.4265009975994611E+00  0.5528212196217280E+00  0.6119456925198283E+00  0.6369241116433564E+00  0.6551709190736112E+00  0.6720160522245068E+00  0.6817680558315361E+00  0.6783924506197899E+00  0.6590518827710847E+00  0.6278788676449946E+00  0.5884159078145358E+00  0.5513759549454148E+00  0.5127538116113576E+00  0.4884829714086201E+00  0.4421422057471251E+00  0.2966226448322423E+00  0.1221312187377908E+00 -0.1528964858772047E+00 -0.4492214711281924E-01  0.0000000000000000E+00
  0.3000000000000000E+01  0.1743074436655198E+01  0.1428328429248729E+01  0.1326039812370843E+01  0.1342095648958766E+01  0.1388600546890955E+01  0.1431901684686050E+01  0.1470167118169885E+01  0.1510171860281196E+01  0.1558106338668549E+01  0.1610191597458001E+01  0.1667435204034680E+01  0.1714302208228867E+01  0.1765960039689503E+01  0.1766619499972581E+01  0.1756582373566481E+01  0.1817242833814287E+01  0.1977409913776160E+01  0.2589903308812297E+01  0.2619567198637345E+01  0.3000000000000000E+01
