  0.0000000000000000E+00  0.2383142514204543E-01  0.3174406882543326E-01  0.3808702113903838E-01  0.3975294453575666E-01  0.3827693453821047E-01  0.3198869451811259E-01  0.1946829493068843E-01 -0.4998251083378827E-03 -0.2809108210460982E-01 -0.6180819465794570E-01 -0.9806084696157605E-01 -0.1315067796401452E+00 -0.1563696802993795E+00 -0.1682852349732784E+00 -0.1657246045633270E+00 -0.1496619941810884E+00 -0.1232695596684309E+00 -0.8628872800926468E-01 -0.4941082490301990E-01  0.0000000000000000E+00
  0.0000000000000000E+00 -0.2051461635402260E-01 -0.2534472689663974E-01 -0.3137926129080843E-01 -0.3422143793150874E-01 -0.3485784585349726E-01 -0.3209785086166080E-01 -0.2510869538574722E-01 -0.1314372241379578E-01  0.3947300082292064E-02  0.2535986262226919E-01  0.4903640494053495E-01  0.7177987728984049E-01  0.8996381640772325E-01  0.1006225876580188E+00  0.1023766202779713E+00  0.9529788640063075E-01  0.8111608717783134E-01  0.5899065260592908E-01  0.3735566566547527E-01  0.0000000000000000E+00
  0.0000000000000000E+00 -0.3771242392002238E-01 -0.4429011186448596E-01 -0.5605076273338692E-01 -0.6291136925876956E-01 -0.6629660302228131E-01 -0.6430485806686981E-01 -0.5585779122655322E-01 -0.3993099234972521E-01 -0.1624918185773363E-01  0.1427139320886186E-01  0.4904836786002881E-01  0.8383285222937632E-01  0.1135217689237903E+00  0.1335825280007781E+00  0.1414052562705869E+00  0.1362316650208038E+00  0.1200787018650631E+00  0.9068322980852256E-01  0.6265617209340590E-01  0.0000000000000000E+00
  0.0000000000000000E+00 -0.4711914596299609E-01 -0.5594275868098236E-01 -0.7231023346878698E-01 -0.8295038922658156E-01 -0.8973366368975974E-01 -0.9007015302513430E-01 -0.8242159108002092E-01 -0.6508456673856187E-01 -0.3713943000623528E-01  0.7811185449590179E-03  0.4548715853214739E-01  0.9099522838639956E-01  0.1298776664151036E+00  0.1557507947111256E+00  0.1654172662645159E+00  0.1585801716932289E+00  0.1389584427467445E+00  0.1042785176216223E+00  0.7300611904434079E-01  0.0000000000000000E+00
  0.0000000000000000E+00 -0.5185342186941314E-01 -0.6368078684504509E-01 -0.8480247767684272E-01 -0.9992056854919497E-01 -0.1112107459284562E+00 -0.1154242159645839E+00 -0.1103198200146718E+00 -0.9300247134019154E-01 -0.6121342925153555E-01 -0.1476348414391635E-01  0.4241019078834962E-01  0.1016061096311047E+00  0.1518016450364761E+00  0.1839214158998961E+00  0.1940281827518457E+00  0.1827236244737081E+00  0.1563677517229402E+00  0.1140537663854472E+00  0.7807837145692192E-01  0.0000000000000000E+00
  0.0000000000000000E+00 -0.5553807309969041E-01 -0.7117270074836840E-01 -0.9786093226363791E-01 -0.1188484563468036E+00 -0.1366300873974632E+00 -0.1473138864223555E+00 -0.1477162016842773E+00 -0.1331352725162606E+00 -0.9908928213253963E-01 -0.4389280724604686E-01  0.2761850655174313E-01  0.1032032270920520E+00  0.1675561560470331E+00  0.2085482429411843E+00  0.2210774979277987E+00  0.2061937988384192E+00  0.1728407038175105E+00  0.1221287473195487E+00  0.8112387190066794E-01  0.0000000000000000E+00
  0.0000000000000000E+00 -0.5929445207505016E-01 -0.7953193911048666E-01 -0.1128459252048313E+00 -0.1413927558395344E+00 -0.1682454981939043E+00 -0.1890784717346498E+00 -0.1997979636971933E+00 -0.1935186125754061E+00 -0.1628597141990180E+00 -0.1041012559703592E+00 -0.2271435728415533E-01  0.6637693290221766E-01  0.1451550116444461E+00  0.1992130192738374E+00  0.2212227677934402E+00  0.2105728410590891E+00  0.1765948891580446E+00  0.1219506204470358E+00  0.8002243950143910E-01  0.0000000000000000E+00
  0.0000000000000000E+00 -0.6326979046779256E-01 -0.8863561268797397E-01 -0.1294317337676818E+00 -0.1671448945597709E+00 -0.2059801863534998E+00 -0.2417933561123409E+00 -0.2702150437453276E+00 -0.2824982113211861E+00 -0.2682814521919760E+00 -0.2211178459809348E+00 -0.1448992155863011E+00 -0.5293957881374164E-01  0.3790332098477605E-01  0.1117258264707223E+00  0.1567666782913582E+00  0.1672674645099199E+00  0.1484286389793034E+00  0.1026247918413278E+00  0.7017294294829057E-01  0.0000000000000000E+00
  0.0000000000000000E+00 -0.6699524996883538E-01 -0.9740465387235392E-01 -0.1458531247849511E+00 -0.1936792142838418E+00 -0.2469942780169797E+00 -0.3029374594662629E+00 -0.3582462726910488E+00 -0.4034112464118783E+00 -0.4251012083968201E+00 -0.4118935430436900E+00 -0.3610207013817806E+00 -0.2784110806819402E+00 -0.1772690132373402E+00 -0.7616316016327894E-01  0.6330613795717825E-02  0.5708756499811935E-01  0.7358052241673450E-01  0.5605848854913762E-01  0.4730997279949850E-01  0.0000000000000000E+00
  0.0000000000000000E+00 -0.6969471595722231E-01 -0.1041073882173407E+00 -0.1591440285110891E+00 -0.2164521477738755E+00 -0.2847115850632485E+00 -0.3635258304550472E+00 -0.4522015254820240E+00 -0.5413037397173674E+00 -0.6134488386213377E+00 -0.6491699097042045E+00 -0.6360243473022070E+00 -0.5706988709858831E+00 -0.4620791245384480E+00 -0.3316379833800238E+00 -0.2052853636401309E+00 -0.1042056659756588E+00 -0.3877636818325275E-01 -0.1090693531668067E-01  0.1363573071227181E-01  0.0000000000000000E+00
  0.0000000000000000E+00 -0.7048175116182812E-01 -0.1066827025413342E+00 -0.1654969832052022E+00 -0.2289418767766403E+00 -0.3081644603254584E+00 -0.4055337524726098E+00 -0.5232934933673193E+00 -0.6522227060149236E+00 -0.7711125194915516E+00 -0.8554016834842115E+00 -0.8875121061677338E+00 -0.8537277047633383E+00 -0.7527344385630133E+00 -0.6026907913074936E+00 -0.4341568529259449E+00 -0.2790110110860724E+00 -0.1575349927400847E+00 -0.7632618784938036E-01 -0.1937846013024653E-01  0.0000000000000000E+00
  0.0000000000000000E+00 -0.6865821961825576E-01 -0.1034034851463873E+00 -0.1613622561639856E+00 -0.2243765058465904E+00 -0.3047256722043616E+00 -0.4064625449803489E+00 -0.5342526139014133E+00 -0.6809194766672115E+00 -0.8273766422686651E+00 -0.9535992466924446E+00 -0.1041919007691218E+01 -0.1064982915898350E+01 -0.1004113477573281E+01 -0.8619109139497351E+00 -0.6641410192539043E+00 -0.4538379434054593E+00 -0.2682143618757490E+00 -0.1296238710223063E+00 -0.4510437311885863E-01  0.0000000000000000E+00
  0.0000000000000000E+00 -0.6410538650243154E-01 -0.9381262378338021E-01 -0.1452996370509688E+00 -0.1994002936544838E+00 -0.2674275606205717E+00 -0.3534472773127849E+00 -0.4643605232220384E+00 -0.5990485675740488E+00 -0.7479570114122962E+00 -0.9014228844148453E+00 -0.1045057036955131E+01 -0.1144783031916200E+01 -0.1165677290734107E+01 -0.1082355553848584E+01 -0.8978681105961498E+00 -0.6538580635541680E+00 -0.4052784510663786E+00 -0.2014318633764563E+00 -0.8130905812164718E-01  0.0000000000000000E+00
  0.0000000000000000E+00 -0.5756187197956091E-01 -0.7937961728604194E-01 -0.1194495293434360E+00 -0.1572334842353802E+00 -0.2013685181574759E+00 -0.2545951410150001E+00 -0.3255667340017089E+00 -0.4214073426947752E+00 -0.5447370287329192E+00 -0.6962835410797601E+00 -0.8702732621207286E+00 -0.1041073951679760E+01 -0.1169166392870449E+01 -0.1201912219336575E+01 -0.1101604805546140E+01 -0.8823920003334073E+00 -0.6035899540648514E+00 -0.3356527258769402E+00 -0.1543517298148732E+00  0.0000000000000000E+00
  0.0000000000000000E+00 -0.5050149902353844E-01 -0.6302879077967796E-01 -0.8876947960991989E-01 -0.1064978181129487E+00 -0.1216863894828742E+00 -0.1350864490817082E+00 -0.1554433345169393E+00 -0.1964607329332987E+00 -0.2718886469476767E+00 -0.3909074041353874E+00 -0.5568179677318141E+00 -0.7607678313561725E+00 -0.9780821933331125E+00 -0.1151457776246663E+01 -0.1200812988859352E+01 -0.1081892166293414E+01 -0.8334018404725503E+00 -0.5284594894915586E+00 -0.2630364853114192E+00  0.0000000000000000E+00
  0.0000000000000000E+00 -0.4399405865918920E-01 -0.4735148811450882E-01 -0.5777487135434987E-01 -0.5553076309623053E-01 -0.4395296881956369E-01 -0.2207118287259364E-01  0.3364237856565556E-02  0.1689191001247639E-01 -0.2594310304572619E-02 -0.7155852806409911E-01 -0.1982419905870380E+00 -0.3850385051144408E+00 -0.6321678225613520E+00 -0.9124994027674511E+00 -0.1137456624327338E+01 -0.1185707775600590E+01 -0.1035340832628624E+01 -0.7423932535241251E+00 -0.3886304164259070E+00  0.0000000000000000E+00
  0.0000000000000000E+00 -0.3751339731342500E-01 -0.3011295994945740E-01 -0.2275860132262696E-01 -0.1378017317903340E-02  0.3099227319434157E-01  0.7604152360746010E-01  0.1301713484196952E+00  0.1814593555678241E+00  0.2088260128304867E+00  0.1911886042953031E+00  0.1162144243874167E+00 -0.2058023942344465E-01 -0.2308994146211676E+00 -0.5301243428038114E+00 -0.8874439616182678E+00 -0.1137719809746747E+01 -0.1151019138996877E+01 -0.9369278558067260E+00 -0.5122317964578369E+00  0.0000000000000000E+00
  0.0000000000000000E+00 -0.2048238261799018E-01  0.7539479354065287E-03  0.3667640810320673E-01  0.8261444429753988E-01  0.1328351984839080E+00  0.1891692398860249E+00  0.2516839259101282E+00  0.3147946564392830E+00  0.3643627867749124E+00  0.3817390045724230E+00  0.3516617027274221E+00  0.2675376662589364E+00  0.1218543480917234E+00 -0.1048540635115026E+00 -0.4707508400392622E+00 -0.8771733691287384E+00 -0.1090274337274695E+01 -0.1039811310777083E+01 -0.5922063285148452E+00  0.0000000000000000E+00
  0.0000000000000000E+00  0.2170983702292629E-01  0.1090103519213669E+00  0.1989017647954344E+00  0.2748300232139961E+00  0.3364730523285561E+00  0.3909111805554881E+00  0.4431632030079330E+00  0.4932520467960955E+00  0.5344809479587838E+00  0.5549304289594507E+00  0.5417684509039911E+00  0.4886831181368958E+00  0.3902604163573104E+00  0.2551824113517141E+00  0.1257339673602374E-01 -0.3824191886234850E+00 -0.7188389727416928E+00 -0.8952644721670303E+00 -0.5241857659387404E+00  0.0000000000000000E+00
  0.0000000000000000E+00  0.3737375469493613E+00  0.5119182030494802E+00  0.5985927218352292E+00  0.6398410990679499E+00  0.6593174137846323E+00  0.6717848750098127E+00  0.6836435263945071E+00  0.6957991138181526E+00  0.7049584537248315E+00  0.7048333185800176E+00  0.6888744276346039E+00  0.6546784856352454E+00  0.6015679025417520E+00  0.5424161475016482E+00  0.4518153053922178E+00  0.2827238562754710E+00  0.1038490075535305E+00 -0.1610635846555270E+00 -0.4486072554326678E-01  0.0000000000000000E+00
  0.3000000000000000E+01  0.1900497196174842E+01  0.1573255742772926E+01  0.1403123599289747E+01  0.1355306726010146E+01  0.1358520810974659E+01  0.1375556555526050E+01  0.1392232623824412E+01  0.1405854705341638E+01  0.1419605586784289E+01  0.1440430473219398E+01  0.1475145168000179E+01  0.1524647661231159E+01  0.1585556708732055E+01  0.1627933968846769E+01  0.1657127480559371E+01  0.1769409242550102E+01  0.1969614004597716E+01  0.2587926281799551E+01  0.2610396410691060E+01  0.3000000000000000E+01
