  0.0000000000000000E+00  0.5553676297801735E-02  0.2065536672699456E-01  0.7275281213574858E-01  0.1415853449606049E+00  0.1991479579482974E+00  0.1989890761793082E+00  0.9826697745735374E-01 -0.9954598483803379E-01 -0.3531169475523317E+00 -0.5953810796798216E+00 -0.7482936177486365E+00 -0.7560763390284984E+00 -0.6355448660485328E+00 -0.4637917508444135E+00 -0.2965025630506343E+00 -0.1571885557160170E+00 -0.5440633805188777E-01  0.7519687027889466E-02  0.1856614574877612E-01  0.0000000000000000E+00
  0.0000000000000000E+00 -0.2360278491034573E-01 -0.6542037640456133E-01 -0.1223083031582434E+00 -0.1808081500094218E+00 -0.2223855652697877E+00 -0.2286521098778879E+00 -0.1810590348688573E+00 -0.8115017625444232E-01  0.5566628661333119E-01  0.2000087987638176E+00  0.3182031903269597E+00  0.3814893475837161E+00  0.3855084558569157E+00  0.3481162643600521E+00  0.2854150431529242E+00  0.2081731933377423E+00  0.1294933958869039E+00  0.6137877861309651E-01  0.2184082918632586E-01  0.0000000000000000E+00
  0.0000000000000000E+00 -0.6525467843323547E-01 -0.1756057624866894E+00 -0.2941720973389817E+00 -0.4008391050676605E+00 -0.4680087378610657E+00 -0.4869672534543554E+00 -0.4449101271492181E+00 -0.3429965136013607E+00 -0.1861180877123381E+00  0.4645316611631392E-02  0.2063159532322425E+00  0.3883917037226499E+00  0.5209805015222144E+00  0.5805570422357428E+00  0.5597425664081382E+00  0.4673310242972098E+00  0.3340738496088238E+00  0.1916560228671790E+00  0.8408863330775369E-01  0.0000000000000000E+00
  0.0000000000000000E+00 -0.8237586911456334E-01 -0.2659788621907112E+00 -0.4219988224821238E+00 -0.5585469466920724E+00 -0.6444181315005848E+00 -0.6862037458861069E+00 -0.6715794941071139E+00 -0.6060323883793384E+00 -0.4858078352134483E+00 -0.3222479549274567E+00 -0.1243215178133857E+00  0.8375385584979393E-01  0.2726165677150968E+00  0.4126626406014620E+00  0.4832473097149057E+00  0.4708433713794254E+00  0.3844332858160166E+00  0.2473236764267865E+00  0.1108417712704869E+00  0.0000000000000000E+00
  0.0000000000000000E+00 -0.7599619132377157E-01 -0.3108389728371864E+00 -0.4829369504069445E+00 -0.6403839401230527E+00 -0.7430870022759497E+00 -0.8117077804790750E+00 -0.8296384191339109E+00 -0.8063316108913986E+00 -0.7309273787252459E+00 -0.6076810935430130E+00 -0.4356475054189590E+00 -0.2349898437655178E+00 -0.3842982381145055E-01  0.1234312386264583E+00  0.2380755342362198E+00  0.2934283372715092E+00  0.2798712692156158E+00  0.1955945218664155E+00  0.9390223997986491E-01  0.0000000000000000E+00
  0.0000000000000000E+00 -0.5902310973268254E-01 -0.3013260266270721E+00 -0.4707622538905561E+00 -0.6348045027271138E+00 -0.7452703359189405E+00 -0.8329698588975729E+00 -0.8793537415098707E+00 -0.8983791871614178E+00 -0.8774925133663780E+00 -0.8131127574001400E+00 -0.6889435252902649E+00 -0.5087327130132400E+00 -0.3080756421578691E+00 -0.1364465131593332E+00 -0.1076463241549711E-01  0.7517222553443348E-01  0.1138688637449098E+00  0.8929465390475924E-01  0.5190939462756652E-01  0.0000000000000000E+00
  0.0000000000000000E+00 -0.3635718473824686E-01 -0.2443467914548069E+00 -0.4014336541565252E+00 -0.5622360250356885E+00 -0.6763806095209504E+00 -0.7763815908871903E+00 -0.8428064919246019E+00 -0.8917693752732145E+00 -0.9166611248054283E+00 -0.9145703595695311E+00 -0.8591586583677238E+00 -0.7251953776266798E+00 -0.5274330004107368E+00 -0.3313926941459225E+00 -0.1891706300835601E+00 -0.9221602237823179E-01 -0.2726570338538265E-01 -0.3258679847034956E-02  0.1179147051440322E-01  0.0000000000000000E+00
  0.0000000000000000E+00 -0.4875014360041607E-03 -0.1486601868578862E+00 -0.2898804172085159E+00 -0.4426089016788572E+00 -0.5595051048655685E+00 -0.6674092167924977E+00 -0.7463842588381950E+00 -0.8101267848270050E+00 -0.8604171645602200E+00 -0.9043749595084455E+00 -0.9218818099734051E+00 -0.8646095156591517E+00 -0.7033840631270198E+00 -0.4839101110097884E+00 -0.2971658496934113E+00 -0.1747813044558103E+00 -0.9228484845532459E-01 -0.3791239778588482E-01  0.2244858639449943E-02  0.0000000000000000E+00
  0.0000000000000000E+00  0.5571364584793617E-01 -0.2756669369773091E-01 -0.1488939285407977E+00 -0.2918394263245779E+00 -0.4116931856082074E+00 -0.5268498608824264E+00 -0.6170727773966366E+00 -0.6889213716247397E+00 -0.7474444090065231E+00 -0.8104948304600246E+00 -0.8796669481816195E+00 -0.9081741019736495E+00 -0.8267556299120680E+00 -0.6251867793543289E+00 -0.3904772875173972E+00 -0.2111056786736810E+00 -0.9445950122750064E-01 -0.2093856396052174E-01  0.2285781455598423E-01  0.0000000000000000E+00
  0.0000000000000000E+00  0.1201192567469757E+00  0.9869097500764984E-01  0.9391271978369895E-02 -0.1181055269162980E+00 -0.2367344378698477E+00 -0.3557718978530550E+00 -0.4567707522724734E+00 -0.5386681238611412E+00 -0.6032751381864144E+00 -0.6696070304389096E+00 -0.7610462109113805E+00 -0.8564525474904231E+00 -0.8750005242968854E+00 -0.7475364771241142E+00 -0.5110969563916890E+00 -0.2771423658173537E+00 -0.1068074895708592E+00 -0.4860823022628735E-02  0.4352397774724280E-01  0.0000000000000000E+00
  0.0000000000000000E+00  0.1646424429890156E+00  0.2055460554410190E+00  0.1677307844476375E+00  0.6995433563729124E-01 -0.3659014065758703E-01 -0.1503055689407989E+00 -0.2566397980761786E+00 -0.3505170693499971E+00 -0.4288945873870205E+00 -0.5023093529500789E+00 -0.6009089251187160E+00 -0.7346814479386591E+00 -0.8433267542699363E+00 -0.8221188894103670E+00 -0.6411296232868933E+00 -0.3927006444370940E+00 -0.1768708335449685E+00 -0.3367758874610234E-01  0.3413463132519278E-01  0.0000000000000000E+00
  0.0000000000000000E+00  0.1736113411012707E+00  0.2738785563001701E+00  0.3059536880073367E+00  0.2581587638053345E+00  0.1788968466183872E+00  0.8212177481032315E-01 -0.1987384728807066E-01 -0.1216396827777702E+00 -0.2182671602570174E+00 -0.3106677354886388E+00 -0.4203523513189929E+00 -0.5732552394598234E+00 -0.7480072629854359E+00 -0.8385172554369875E+00 -0.7520041432991968E+00 -0.5304720276103844E+00 -0.2923792087691292E+00 -0.1075114102829879E+00 -0.9657052004097779E-02  0.0000000000000000E+00
  0.0000000000000000E+00  0.1495394821000254E+00  0.2931289112468735E+00  0.4022137904484663E+00  0.4233446319474423E+00  0.3887854814186184E+00  0.3211675002884177E+00  0.2340721566463113E+00  0.1326921673462999E+00  0.2099367605404610E-01 -0.9689202635411671E-01 -0.2288370700187061E+00 -0.3951839709028883E+00 -0.6098435084894779E+00 -0.7993340832867001E+00 -0.8315147906892788E+00 -0.6726856664587209E+00 -0.4337062091996804E+00 -0.2153819027466827E+00 -0.7838689051184687E-01  0.0000000000000000E+00
  0.0000000000000000E+00  0.1032874438383868E+00  0.2620751883263670E+00  0.4364535030265270E+00  0.5360929276878884E+00  0.5631989241266304E+00  0.5379404961466705E+00  0.4756563790281983E+00  0.3831292189478465E+00  0.2636475549483207E+00  0.1226608510240023E+00 -0.3688053366270817E-01 -0.2173195049376230E+00 -0.4489150093036368E+00 -0.7095076580309825E+00 -0.8688537445665292E+00 -0.8104652589624969E+00 -0.5946728679595732E+00 -0.3551551723250306E+00 -0.1653604684515943E+00  0.0000000000000000E+00
  0.0000000000000000E+00  0.4489709500705674E-01  0.1891553707835348E+00  0.3963838191162093E+00  0.5653558187910832E+00  0.6626137089563391E+00  0.6920986884972059E+00  0.6655208688603741E+00  0.5909535894691877E+00  0.4725867866925226E+00  0.3174958452393929E+00  0.1367182598600619E+00 -0.5370788555032974E-01 -0.2821532705058818E+00 -0.5754808217790561E+00 -0.8482864030912902E+00 -0.9262465688673730E+00 -0.7680527052030242E+00 -0.5237065852027307E+00 -0.2674586181453459E+00  0.0000000000000000E+00
  0.0000000000000000E+00 -0.1836617765733942E-01  0.8784550294230967E-01  0.2837692902041999E+00  0.4911593540355094E+00  0.6500454249563704E+00  0.7389641883099922E+00  0.7569769320093935E+00  0.7096182764054816E+00  0.6030450255466778E+00  0.4490515175470502E+00  0.2661744964174854E+00  0.8153015072560733E-01 -0.1224233357114691E+00 -0.4038686567503494E+00 -0.7500048920913900E+00 -0.9859701644148712E+00 -0.9329840988359954E+00 -0.7115938255357077E+00 -0.3817238613652272E+00  0.0000000000000000E+00
  0.0000000000000000E+00 -0.7345257723480446E-01 -0.2386931307027372E-01  0.1232746762486202E+00  0.3230741831364535E+00  0.5100729810726383E+00  0.6431332895252972E+00  0.7048528078388208E+00  0.6935572890134338E+00  0.6158808541287716E+00  0.4884332502054943E+00  0.3339897957551913E+00  0.1804762883624777E+00  0.2220316969305892E-01 -0.2036660876255854E+00 -0.5558080484540314E+00 -0.9360257623858362E+00 -0.1039993000393616E+01 -0.8930045767176353E+00 -0.4975160849704521E+00  0.0000000000000000E+00
  0.0000000000000000E+00 -0.7622575081425101E-01 -0.7346162862051071E-01  0.1461070423907511E-01  0.1641961471875241E+00  0.3283932523868570E+00  0.4662157779271293E+00  0.5521195077166501E+00  0.5768560482261267E+00  0.5432708986163785E+00  0.4659481202021127E+00  0.3639443462456010E+00  0.2594462039206163E+00  0.1554131226911370E+00  0.1141918984970003E-01 -0.2657412527764845E+00 -0.7149053237583313E+00 -0.9940047524653230E+00 -0.9980868476754368E+00 -0.5759741669063182E+00  0.0000000000000000E+00
  0.0000000000000000E+00  0.2257743016973706E-01  0.8679208775320496E-01  0.1618768861286715E+00  0.2528679750729960E+00  0.3541132905563213E+00  0.4479498244149379E+00  0.5154712667518619E+00  0.5453491922919845E+00  0.5352619669241139E+00  0.4938281808809499E+00  0.4326829096072086E+00  0.3684300585744985E+00  0.3042214655765995E+00  0.2320684108231544E+00  0.8300899111217029E-01 -0.2928892307456761E+00 -0.6561964289189203E+00 -0.8687861478705277E+00 -0.5151992422501042E+00  0.0000000000000000E+00
  0.0000000000000000E+00  0.4265009971609321E+00  0.5528212189903609E+00  0.6119456906032141E+00  0.6369241073813798E+00  0.6551709121044023E+00  0.6720160428579814E+00  0.6817680447642248E+00  0.6783924386484840E+00  0.6590518705891064E+00  0.6278788558783857E+00  0.5884158969536744E+00  0.5513759457830222E+00  0.5127538047920256E+00  0.4884829677952878E+00  0.4421422045589377E+00  0.2966226445902465E+00  0.1221312189323662E+00 -0.1528964855988361E+00 -0.4492214695549961E-01  0.0000000000000000E+00
  0.3000000000000000E+01  0.1743074438686941E+01  0.1428328430782122E+01  0.1326039814319029E+01  0.1342095652928856E+01  0.1388600554243115E+01  0.1431901695840993E+01  0.1470167132459187E+01  0.1510171876346532E+01  0.1558106355156795E+01  0.1610191613245793E+01  0.1667435218746186E+01  0.1714302221225432E+01  0.1765960051200523E+01  0.1766619507437291E+01  0.1756582377435357E+01  0.1817242835483584E+01  0.1977409914283981E+01  0.2589903308925981E+01  0.2619567198616394E+01  0.3000000000000000E+01
