  0.0000000000000000E+00  0.5553677231634413E-02  0.2065536750345737E-01  0.7275281148202795E-01  0.1415853413259965E+00  0.1991479488270406E+00  0.1989890589507808E+00  0.9826695268029478E-01 -0.9954601389055939E-01 -0.3531169759517375E+00 -0.5953811018787449E+00 -0.7482936292162512E+00 -0.7560763389172267E+00 -0.6355448598816672E+00 -0.4637917439075044E+00 -0.2965025573700653E+00 -0.1571885517409701E+00 -0.5440633567755765E-01  0.7519688044082179E-02  0.1856614578597551E-01  0.0000000000000000E+00
  0.0000000000000000E+00 -0.2360278507256530E-01 -0.6542037599066100E-01 -0.1223083015497677E+00 -0.1808081466888786E+00 -0.2223855594513998E+00 -0.2286521006959824E+00 -0.1810590224957394E+00 -0.8115016195341045E-01  0.5566630086944076E-01  0.2000088106682859E+00  0.3182031979738160E+00  0.3814893503705075E+00  0.3855084554235342E+00  0.3481162624689903E+00  0.2854150407215209E+00  0.2081731909483086E+00  0.1294933940412569E+00  0.6137877754407924E-01  0.2184082899809285E-01  0.0000000000000000E+00
  0.0000000000000000E+00 -0.6525467798606148E-01 -0.1756057604685256E+00 -0.2941720931672752E+00 -0.4008390987406393E+00 -0.4680087295271589E+00 -0.4869672431371665E+00 -0.4449101148069233E+00 -0.3429964997507907E+00 -0.1861180733434152E+00  0.4645330126112906E-02  0.2063159647051966E+00  0.3883917121942956E+00  0.5209805063889353E+00  0.5805570434994666E+00  0.5597425647944974E+00  0.4673310211039557E+00  0.3340738464462131E+00  0.1916560206763199E+00  0.8408863278025408E-01  0.0000000000000000E+00
  0.0000000000000000E+00 -0.8237586890552373E-01 -0.2659788606828875E+00 -0.4219988198794411E+00 -0.5585469435181543E+00 -0.6444181278629278E+00 -0.6862037416363147E+00 -0.6715794887681300E+00 -0.6060323818578319E+00 -0.4858078274139930E+00 -0.3222479462220639E+00 -0.1243215087509642E+00  0.8375386437369313E-01  0.2726165748332406E+00  0.4126626456415835E+00  0.4832473122600850E+00  0.4708433715478675E+00  0.3844332847633046E+00  0.2473236752793554E+00  0.1108417713343049E+00  0.0000000000000000E+00
  0.0000000000000000E+00 -0.7599619137140062E-01 -0.3108389725786767E+00 -0.4829369501180045E+00 -0.6403839402717691E+00 -0.7430870025494030E+00 -0.8117077806914982E+00 -0.8296384186873780E+00 -0.8063316094312397E+00 -0.7309273755399501E+00 -0.6076810883843795E+00 -0.4356474986067536E+00 -0.2349898364850972E+00 -0.3842981709712246E-01  0.1234312445112760E+00  0.2380755390501678E+00  0.2934283404331359E+00  0.2798712709003600E+00  0.1955945227213586E+00  0.9390224080937537E-01  0.0000000000000000E+00
  0.0000000000000000E+00 -0.5902310993699694E-01 -0.3013260277294349E+00 -0.4707622557151765E+00 -0.6348045056029573E+00 -0.7452703393332512E+00 -0.8329698629673066E+00 -0.8793537458686466E+00 -0.8983791915358300E+00 -0.8774925165947404E+00 -0.8131127581804021E+00 -0.6889435228451566E+00 -0.5087327082959282E+00 -0.3080756370216702E+00 -0.1364465083684392E+00 -0.1076462770259433E-01  0.7517222975158397E-01  0.1138688670234942E+00  0.8929465615579991E-01  0.5190939610263481E-01  0.0000000000000000E+00
  0.0000000000000000E+00 -0.3635718497892446E-01 -0.2443467932226356E+00 -0.4014336567965012E+00 -0.5622360285936917E+00 -0.6763806133537664E+00 -0.7763815953315256E+00 -0.8428064970887943E+00 -0.8917693814457101E+00 -0.9166611312821393E+00 -0.9145703647221516E+00 -0.8591586602325730E+00 -0.7251953758239964E+00 -0.5274329967620194E+00 -0.3313926905854795E+00 -0.1891706266415359E+00 -0.9221601882230972E-01 -0.2726570017988840E-01 -0.3258677579681535E-02  0.1179147193061893E-01  0.0000000000000000E+00
  0.0000000000000000E+00 -0.4875017122905583E-03 -0.1486601886743584E+00 -0.2898804198324632E+00 -0.4426089048858433E+00 -0.5595051080035938E+00 -0.6674092202894170E+00 -0.7463842631500890E+00 -0.8101267907186783E+00 -0.8604171721155803E+00 -0.9043749675727637E+00 -0.9218818160695917E+00 -0.8646095178077831E+00 -0.7033840617831533E+00 -0.4839101085828807E+00 -0.2971658475810574E+00 -0.1747813024994802E+00 -0.9228484669147159E-01 -0.3791239668605992E-01  0.2244859213688037E-02  0.0000000000000000E+00
  0.0000000000000000E+00  0.5571364562032389E-01 -0.2756669519435592E-01 -0.1488939308651785E+00 -0.2918394290684437E+00 -0.4116931881408621E+00 -0.5268498634995189E+00 -0.6170727805050562E+00 -0.6889213760354865E+00 -0.7474444154023863E+00 -0.8104948386971969E+00 -0.8796669564302326E+00 -0.9081741076050952E+00 -0.8267556316495729E+00 -0.6251867785090143E+00 -0.3904772862198611E+00 -0.2111056778100425E+00 -0.9445950082904604E-01 -0.2093856403879069E-01  0.2285781429101325E-01  0.0000000000000000E+00
  0.0000000000000000E+00  0.1201192567755314E+00  0.9869097396118379E-01  0.9391269860934061E-02 -0.1181055297113568E+00 -0.2367344407633125E+00 -0.3557719009403016E+00 -0.4567707556901626E+00 -0.5386681280265205E+00 -0.6032751437066070E+00 -0.6696070377877582E+00 -0.7610462193720389E+00 -0.8564525549901677E+00 -0.8750005287734933E+00 -0.7475364784550788E+00 -0.5110969560692190E+00 -0.2771423652635303E+00 -0.1068074894315472E+00 -0.4860823325450635E-02  0.4352397729336566E-01  0.0000000000000000E+00
  0.0000000000000000E+00  0.1646424433648344E+00  0.2055460548450845E+00  0.1677307824231211E+00  0.6995433236953484E-01 -0.3659014468029643E-01 -0.1503055736395734E+00 -0.2566398032743538E+00 -0.3505170749139632E+00 -0.4288945934144215E+00 -0.5023093598475838E+00 -0.6009089329203893E+00 -0.7346814557108694E+00 -0.8433267602011719E+00 -0.8221188926104467E+00 -0.6411296243625469E+00 -0.3927006444422790E+00 -0.1768708333540470E+00 -0.3367758875483780E-01  0.3413463114850175E-01  0.0000000000000000E+00
  0.0000000000000000E+00  0.1736113418004683E+00  0.2738785561919532E+00  0.3059536862054960E+00  0.2581587601539981E+00  0.1788968414713786E+00  0.8212176841043375E-01 -0.1987385449447161E-01 -0.1216396902550773E+00 -0.2182671676200106E+00 -0.3106677427076118E+00 -0.4203523584694194E+00 -0.5732552465485030E+00 -0.7480072690539957E+00 -0.8385172595144331E+00 -0.7520041454375943E+00 -0.5304720284211754E+00 -0.2923792088902981E+00 -0.1075114102379857E+00 -0.9657051998367108E-02  0.0000000000000000E+00
  0.0000000000000000E+00  0.1495394830747203E+00  0.2931289117615263E+00  0.4022137892920011E+00  0.4233446285523391E+00  0.3887854759344616E+00  0.3211674930658270E+00  0.2340721483054095E+00  0.1326921586351249E+00  0.2099366768101538E-01 -0.9689203396131839E-01 -0.2288370766252177E+00 -0.3951839768864788E+00 -0.6098435137429552E+00 -0.7993340872640616E+00 -0.8315147931913776E+00 -0.6726856677771403E+00 -0.4337062097225088E+00 -0.2153819028795898E+00 -0.7838689053496009E-01  0.0000000000000000E+00
  0.0000000000000000E+00  0.1032874450296234E+00  0.2620751895996961E+00  0.4364535031182287E+00  0.5360929255964768E+00  0.5631989196673373E+00  0.5379404896306803E+00  0.4756563711483021E+00  0.3831292105618478E+00  0.2636475469391091E+00  0.1226608440209498E+00 -0.3688053923506306E-01 -0.2173195095088316E+00 -0.4489150131698311E+00 -0.7095076611492174E+00 -0.8688537467969014E+00 -0.8104652603509306E+00 -0.5946728686794943E+00 -0.3551551726136009E+00 -0.1653604685527362E+00  0.0000000000000000E+00
  0.0000000000000000E+00  0.4489709631704675E-01  0.1891553727388339E+00  0.3963838208696416E+00  0.5653558190193635E+00  0.6626137070277904E+00  0.6920986844939516E+00  0.6655208633996931E+00  0.5909535834033628E+00  0.4725867809311038E+00  0.3174958404430765E+00  0.1367182563714698E+00 -0.5370788826840336E-01 -0.2821532727615563E+00 -0.5754808236652696E+00 -0.8482864046139275E+00 -0.9262465699851463E+00 -0.7680527059032182E+00 -0.5237065855336202E+00 -0.2674586182863083E+00  0.0000000000000000E+00
  0.0000000000000000E+00 -0.1836617640398888E-01  0.8784550530967981E-01  0.2837692935773441E+00  0.4911593571797196E+00  0.6500454268354052E+00  0.7389641885728631E+00  0.7569769309777350E+00  0.7096182747503361E+00  0.6030450240248155E+00  0.4490515166392311E+00  0.2661744961427080E+00  0.8153015034828617E-01 -0.1224233363685728E+00 -0.4038686574685296E+00 -0.7500048928069901E+00 -0.9859701650779671E+00 -0.9329840993809867E+00 -0.7115938258210499E+00 -0.3817238615035467E+00  0.0000000000000000E+00
  0.0000000000000000E+00 -0.7345257640920026E-01 -0.2386931089716536E-01  0.1232746802492398E+00  0.3230741883613302E+00  0.5100729865544837E+00  0.6431332945486278E+00  0.7048528122068818E+00  0.6935572929008991E+00  0.6158808578313901E+00  0.4884332537927016E+00  0.3339897989115916E+00  0.1804762903107430E+00  0.2220317034173816E-01 -0.2036660875887456E+00 -0.5558080486231071E+00 -0.9360257626340874E+00 -0.1039993000740462E+01 -0.8930045769248087E+00 -0.4975160850795975E+00  0.0000000000000000E+00
  0.0000000000000000E+00 -0.7622575088148734E-01 -0.7346162786394977E-01  0.1461070662278953E-01  0.1641961513961034E+00  0.3283932579959654E+00  0.4662157842991607E+00  0.5521195143489803E+00  0.5768560548160321E+00  0.5432709049528740E+00  0.4659481259860588E+00  0.3639443510245542E+00  0.2594462070625739E+00  0.1554131240027445E+00  0.1141919010517169E-01 -0.2657412528457914E+00 -0.7149053238128792E+00 -0.9940047526547496E+00 -0.9980868478125077E+00 -0.5759741669790949E+00  0.0000000000000000E+00
  0.0000000000000000E+00  0.2257742956879191E-01  0.8679208718126381E-01  0.1618768861275809E+00  0.2528679763031741E+00  0.3541132932298842E+00  0.4479498283269062E+00  0.5154712715080380E+00  0.5453491974692687E+00  0.5352619721068228E+00  0.4938281856410699E+00  0.4326829135172478E+00  0.3684300612254645E+00  0.3042214667480361E+00  0.2320684109654697E+00  0.8300899087183429E-01 -0.2928892308400265E+00 -0.6561964290279193E+00 -0.8687861479589410E+00 -0.5151992422974739E+00  0.0000000000000000E+00
  0.0000000000000000E+00  0.4265009970022408E+00  0.5528212186244357E+00  0.6119456903136277E+00  0.6369241075242279E+00  0.6551709129039417E+00  0.6720160443402859E+00  0.6817680467882047E+00  0.6783924409783548E+00  0.6590518729669842E+00  0.6278788580646134E+00  0.5884158987702910E+00  0.5513759470662011E+00  0.5127538054951841E+00  0.4884829679589375E+00  0.4421422044684701E+00  0.2966226445426686E+00  0.1221312188794198E+00 -0.1528964856398168E+00 -0.4492214698292922E-01  0.0000000000000000E+00
  0.3000000000000000E+01  0.1743074438562070E+01  0.1428328431307957E+01  0.1326039815186698E+01  0.1342095653730490E+01  0.1388600554518059E+01  0.1431901695306048E+01  0.1470167131143424E+01  0.1510171874534204E+01  0.1558106353205870E+01  0.1610191611447230E+01  0.1667435217206375E+01  0.1714302220026861E+01  0.1765960050262484E+01  0.1766619507088657E+01  0.1756582377466424E+01  0.1817242835531968E+01  0.1977409914333821E+01  0.2589903308960509E+01  0.2619567198651314E+01  0.3000000000000000E+01
