  0.0000000000000000E+00  0.7491017066866126E-02  0.2175701050023368E-01  0.7029273342791198E-01  0.1326011105621074E+00  0.1795415174621974E+00  0.1654034492415952E+00  0.5308395298010338E-01 -0.1502022053648367E+00 -0.4008859860575140E+00 -0.6314729482672544E+00 -0.7660924227353222E+00 -0.7553541015587206E+00 -0.6258495625273146E+00 -0.4533597270380666E+00 -0.2883664073195855E+00 -0.1519574190380180E+00 -0.5185639493704786E-01  0.7961494496426219E-02  0.1785903187474834E-01  0.0000000000000000E+00
  0.0000000000000000E+00 -0.2394491861650710E-01 -0.6376869575215550E-01 -0.1178053497564068E+00 -0.1725789779817154E+00 -0.2094702279209781E+00 -0.2101003802164004E+00 -0.1578851088682411E+00 -0.5579865292727839E-01  0.7974946940044784E-01  0.2192061348263214E+00  0.3297810622477937E+00  0.3850313333000199E+00  0.3840288587003769E+00  0.3444674179424586E+00  0.2810946435322574E+00  0.2041673906808940E+00  0.1266584868755432E+00  0.5999339919712549E-01  0.2186096106395067E-01  0.0000000000000000E+00
  0.0000000000000000E+00 -0.6434373878265517E-01 -0.1695490767562328E+00 -0.2831233158413083E+00 -0.3851358233830389E+00 -0.4488691663007370E+00 -0.4648976914076060E+00 -0.4205713736246199E+00 -0.3175981641466719E+00 -0.1616375778561705E+00  0.2614545621170972E-01  0.2232507640080591E+00  0.3997398983413392E+00  0.5262370135738161E+00  0.5800425267893091E+00  0.5549175232771866E+00  0.4605447530046640E+00  0.3281190656895818E+00  0.1879416920878027E+00  0.8344191506660036E-01  0.0000000000000000E+00
  0.0000000000000000E+00 -0.8254812793942981E-01 -0.2609019320419221E+00 -0.4143111371851603E+00 -0.5491915772069517E+00 -0.6345553553097857E+00 -0.6755579349739330E+00 -0.6598628495463226E+00 -0.5931240476757851E+00 -0.4719468279763931E+00 -0.3080294474381172E+00 -0.1105648910493260E+00  0.9597029515274717E-01  0.2822179545397703E+00  0.4186488989074635E+00  0.4850497609392210E+00  0.4689316669377263E+00  0.3811268618497793E+00  0.2446038115817469E+00  0.1109503288210779E+00  0.0000000000000000E+00
  0.0000000000000000E+00 -0.7703089754253260E-01 -0.3087165469775867E+00 -0.4805979036677286E+00 -0.6381653473645186E+00 -0.7414261557839880E+00 -0.8098560528156742E+00 -0.8269080332287055E+00 -0.8019087833448110E+00 -0.7240737483803721E+00 -0.5982743869778931E+00 -0.4244464707289659E+00 -0.2236661640291043E+00 -0.2818778712140796E-01  0.1322100550618601E+00  0.2447576453826896E+00  0.2971088167511619E+00  0.2812593167918869E+00  0.1960742019853680E+00  0.9524482200445646E-01  0.0000000000000000E+00
  0.0000000000000000E+00 -0.6059563547973791E-01 -0.3032869129803593E+00 -0.4745154248687226E+00 -0.6402505920047054E+00 -0.7523517335380219E+00 -0.8411123281809466E+00 -0.8878000577446646E+00 -0.9060595166047228E+00 -0.8826107109199038E+00 -0.8140051185289766E+00 -0.6849917250358158E+00 -0.5016271849519509E+00 -0.3002248567625855E+00 -0.1287076621902224E+00 -0.3085281176252688E-02  0.8174718888288249E-01  0.1187276883923750E+00  0.9259569665478852E-01  0.5444628327029915E-01  0.0000000000000000E+00
  0.0000000000000000E+00 -0.3837925992187587E-01 -0.2494517569166680E+00 -0.4090261237582788E+00 -0.5717649377780504E+00 -0.6873478481528096E+00 -0.7884592557019849E+00 -0.8556097689324000E+00 -0.9048363017335003E+00 -0.9284897263493479E+00 -0.9229307491595906E+00 -0.8619048163386861E+00 -0.7225426574779847E+00 -0.5220415035570295E+00 -0.3255629063323562E+00 -0.1829009048050075E+00 -0.8565827750936655E-01 -0.2148396361462379E-01  0.8211808511384508E-03  0.1451118029906610E-01  0.0000000000000000E+00
  0.0000000000000000E+00 -0.3354942589430806E-02 -0.1557015324150165E+00 -0.2995566576784389E+00 -0.4540566889387681E+00 -0.5721225191968669E+00 -0.6811246333982489E+00 -0.7610922315008966E+00 -0.8259027049868064E+00 -0.8764622750852353E+00 -0.9187606688404566E+00 -0.9316398786684187E+00 -0.8680109586637367E+00 -0.7016829058670048E+00 -0.4802914459642839E+00 -0.2932860493351072E+00 -0.1705976034065763E+00 -0.8836421495930033E-01 -0.3538866512848414E-01  0.3653105379084957E-02  0.0000000000000000E+00
  0.0000000000000000E+00  0.5213036487782068E-01 -0.3506805373546965E-01 -0.1593130396611651E+00 -0.3038901141149791E+00 -0.4247582976362360E+00 -0.5408014882066909E+00 -0.6316768892139730E+00 -0.7043788640455856E+00 -0.7636321601350174E+00 -0.8265241973850572E+00 -0.8931996107891603E+00 -0.9166842837022243E+00 -0.8295204290342035E+00 -0.6242540687179600E+00 -0.3885792218379350E+00 -0.2094923608236149E+00 -0.9335266823378471E-01 -0.2076946699833124E-01  0.2252758133504217E-01  0.0000000000000000E+00
  0.0000000000000000E+00  0.1174420633875782E+00  0.9241565147731043E-01 -0.5795046052923958E-03 -0.1301342889999716E+00 -0.2500509640449958E+00 -0.3701206864869533E+00 -0.4717159759628447E+00 -0.5541024293226831E+00 -0.6190439534434904E+00 -0.6853552770261044E+00 -0.7754545009498013E+00 -0.8675619554018158E+00 -0.8813259932243956E+00 -0.7495796693067592E+00 -0.5108050538801984E+00 -0.2766070517536234E+00 -0.1069410754549733E+00 -0.5736667329580274E-02  0.4238485539503036E-01  0.0000000000000000E+00
  0.0000000000000000E+00  0.1643720394308054E+00  0.2018813961726149E+00  0.1594619533915761E+00  0.5868392988747006E-01 -0.4975548516163185E-01 -0.1649546726657398E+00 -0.2721700103725833E+00 -0.3663821381193509E+00 -0.4445852815279927E+00 -0.5174020542818931E+00 -0.6146539619728147E+00 -0.7460832792536048E+00 -0.8512083851260693E+00 -0.8263470302140709E+00 -0.6425291290837238E+00 -0.3927906608060550E+00 -0.1769666496469314E+00 -0.3419133901654664E-01  0.3333484674317926E-01  0.0000000000000000E+00
  0.0000000000000000E+00  0.1758213604272504E+00  0.2734985607104659E+00  0.3005813400944041E+00  0.2487555958194041E+00  0.1668277753198872E+00  0.6811290464130426E-01 -0.3505050517836446E-01 -0.1372053835876741E+00 -0.2334872522600965E+00 -0.3248538749117544E+00 -0.4327654398243690E+00 -0.5835277586859448E+00 -0.7556126366397123E+00 -0.8434196268940893E+00 -0.7544915334640084E+00 -0.5313113832744769E+00 -0.2925552415284184E+00 -0.1076338059022805E+00 -0.9924168796838172E-02  0.0000000000000000E+00
  0.0000000000000000E+00  0.1534468965507518E+00  0.2960180740781593E+00  0.4007090625765151E+00  0.4172272454853896E+00  0.3792553666263722E+00  0.3092655118621326E+00  0.2207432131632965E+00  0.1188063865999162E+00  0.7419873623460888E-02 -0.1093103032340905E+00 -0.2392960330764823E+00 -0.4035575150568760E+00 -0.6159994085758977E+00 -0.8036246335963531E+00 -0.8341146658294399E+00 -0.6739035105872362E+00 -0.4341287967064301E+00 -0.2154930653758868E+00 -0.7845962080211782E-01  0.0000000000000000E+00
  0.0000000000000000E+00  0.1080081061103808E+00  0.2676559970182356E+00  0.4394653463615773E+00  0.5348973530113003E+00  0.5581876080351570E+00  0.5301177509642397E+00  0.4661131965456715E+00  0.3728699104354738E+00  0.2536310647688823E+00  0.1136914558874154E+00 -0.4422047468367911E-01 -0.2231469392325651E+00 -0.4530297184107335E+00 -0.7124102028598180E+00 -0.8708349770373774E+00 -0.8115556321686928E+00 -0.5951447545645900E+00 -0.3553074947513774E+00 -0.1654162188628577E+00  0.0000000000000000E+00
  0.0000000000000000E+00  0.4970323650004674E-01  0.1962676975412324E+00  0.4037038921479904E+00  0.5701793099973809E+00  0.6640826785504061E+00  0.6906492772943686E+00  0.6621236173692225E+00  0.5866488949706444E+00  0.4683195131241313E+00  0.3138996823839565E+00  0.1338844126362790E+00 -0.5634575769304370E-01 -0.2841134975042891E+00 -0.5768330945739640E+00 -0.8493331174841807E+00 -0.9269293477645693E+00 -0.7683883826324829E+00 -0.5238042137813093E+00 -0.2675032050299390E+00  0.0000000000000000E+00
  0.0000000000000000E+00 -0.1414255101853196E-01  0.9522236452191259E-01  0.2941971006287282E+00  0.5019883800054604E+00  0.6592988061814415E+00  0.7460171000931658E+00  0.7621817888392201E+00  0.7137057717706775E+00  0.6066796551806907E+00  0.4524483966550044E+00  0.2688080686965181E+00  0.8244211329695671E-01 -0.1224750524478740E+00 -0.4040662260838415E+00 -0.7502821734495930E+00 -0.9862263489056859E+00 -0.9331577668809019E+00 -0.7115955815647237E+00 -0.3817388212006959E+00  0.0000000000000000E+00
  0.0000000000000000E+00 -0.7082938108652777E-01 -0.1788318861388994E-01  0.1338488123759388E+00  0.3369376931280164E+00  0.5252670811631425E+00  0.6581599079907495E+00  0.7189760930177577E+00  0.7065400681553985E+00  0.6275532963827610E+00  0.4983237731937799E+00  0.3412242806777422E+00  0.1841981694150717E+00  0.2333840743741604E-01 -0.2034538686765925E+00 -0.5558541123117594E+00 -0.9360811787660877E+00 -0.1040095273477017E+01 -0.8929504792631434E+00 -0.4975040735018777E+00  0.0000000000000000E+00
  0.0000000000000000E+00 -0.7641633245904121E-01 -0.7182563799792017E-01  0.1999519562134593E-01  0.1737958447257424E+00  0.3413262975895970E+00  0.4810753390837221E+00  0.5675650985340444E+00  0.5917854977839347E+00  0.5567134596151387E+00  0.4769775779644161E+00  0.3717400299870844E+00  0.2635150512321093E+00  0.1564820795605131E+00  0.1127850199270003E-01 -0.2661165308573971E+00 -0.7150702943414918E+00 -0.9941660614921146E+00 -0.9980556850836544E+00 -0.5759608588110250E+00  0.0000000000000000E+00
  0.0000000000000000E+00  0.2061992766472980E-01  0.8472547981874395E-01  0.1608546659512444E+00  0.2543997253571152E+00  0.3586872201934712E+00  0.4551002741347773E+00  0.5242097090001450E+00  0.5545269484498984E+00  0.5437519380639050E+00  0.5006708549341912E+00  0.4372261379752236E+00  0.3704657879358794E+00  0.3041956728844068E+00  0.2312710913875923E+00  0.8218657135074091E-01 -0.2932719180751139E+00 -0.6564445459970135E+00 -0.8688222514115210E+00 -0.5152078102056175E+00  0.0000000000000000E+00
  0.0000000000000000E+00  0.4256967822145648E+00  0.5512647976578338E+00  0.6103383966141124E+00  0.6360759565035241E+00  0.6555872753824589E+00  0.6737546192644437E+00  0.6844926070264632E+00  0.6815358235705545E+00  0.6620103333670250E+00  0.6301762378459246E+00  0.5897939858935660E+00  0.5517752176963704E+00  0.5123928615877732E+00  0.4878127539632665E+00  0.4415539166124546E+00  0.2963620580169062E+00  0.1219685273569153E+00 -0.1529452108287776E+00 -0.4493276980081010E-01  0.0000000000000000E+00
  0.3000000000000000E+01  0.1743529581021035E+01  0.1430931086845243E+01  0.1329839476108907E+01  0.1346171855846543E+01  0.1391925394046094E+01  0.1433836416341447E+01  0.1470731887920756E+01  0.1509919477738235E+01  0.1557720937962830E+01  0.1610142141396417E+01  0.1667844180294526E+01  0.1715140134846768E+01  0.1767017088121087E+01  0.1767832829497793E+01  0.1757524821513377E+01  0.1817641907874167E+01  0.1977649871932241E+01  0.2590013381074812E+01  0.2619590499196813E+01  0.3000000000000000E+01
