  0.0000000000000000E+00  0.5637341637324364E-02  0.2071557851989850E-01  0.7269837976893218E-01  0.1413366406089869E+00  0.1986179455396756E+00  0.1981296933694778E+00  0.9718165700238340E-01 -0.1007026747634100E+00 -0.3541735744120869E+00 -0.5961794270487611E+00 -0.7487266154276013E+00 -0.7561423157773707E+00 -0.6354259484377098E+00 -0.4636561649536819E+00 -0.2964138777496665E+00 -0.1571600148222433E+00 -0.5443480967676223E-01  0.7453999858286070E-02  0.1850151543972597E-01  0.0000000000000000E+00
  0.0000000000000000E+00 -0.2362343140755908E-01 -0.6535784490872203E-01 -0.1221489983761659E+00 -0.1805369401652461E+00 -0.2220001508657578E+00 -0.2281480357133340E+00 -0.1804851485363234E+00 -0.8057015561628428E-01  0.5617768173701417E-01  0.2003880760986930E+00  0.3184111687648017E+00  0.3815299523190480E+00  0.3854482558961918E+00  0.3480172749520066E+00  0.2853102393769426E+00  0.2080849631855357E+00  0.1294440804195246E+00  0.6137024605418091E-01  0.2186308936039361E-01  0.0000000000000000E+00
  0.0000000000000000E+00 -0.6523295258535289E-01 -0.1753579562062676E+00 -0.2937486153595654E+00 -0.4002741798867513E+00 -0.4673825070575978E+00 -0.4863144137705243E+00 -0.4442737886065869E+00 -0.3424131416122629E+00 -0.1856405292010444E+00  0.4984801247317967E-02  0.2065068908668037E+00  0.3884475411797731E+00  0.5209188192508656E+00  0.5803956599023381E+00  0.5595168403811612E+00  0.4670948747343637E+00  0.3338974315818116E+00  0.1915647380208288E+00  0.8409078352090679E-01  0.0000000000000000E+00
  0.0000000000000000E+00 -0.8240692745483499E-01 -0.2657580377606967E+00 -0.4216949564009660E+00 -0.5581993576475196E+00 -0.6440986215492184E+00 -0.6859024276696642E+00 -0.6713057504345591E+00 -0.6057814814929104E+00 -0.4855983256214456E+00 -0.3220889887392901E+00 -0.1242172145264462E+00  0.8381230464922472E-01  0.2726359255276594E+00  0.4126271408399046E+00  0.4831396416969513E+00  0.4706736890700265E+00  0.3842699237402699E+00  0.2472148199299658E+00  0.1108507029300458E+00  0.0000000000000000E+00
  0.0000000000000000E+00 -0.7606554537012424E-01 -0.3107251562825941E+00 -0.4828277227198563E+00 -0.6402739935590707E+00 -0.7430221716655736E+00 -0.8116488233384098E+00 -0.8295787771766628E+00 -0.8062434748411276E+00 -0.7308130341913007E+00 -0.6075513791982521E+00 -0.4355232187634097E+00 -0.2348817196109291E+00 -0.3832535459377304E-01  0.1235309593804928E+00  0.2381362897980785E+00  0.2934207490324233E+00  0.2798274006154641E+00  0.1955578519318774E+00  0.9394007835897618E-01  0.0000000000000000E+00
  0.0000000000000000E+00 -0.5911658371154175E-01 -0.3013841911917629E+00 -0.4709041228561310E+00 -0.6349983133281234E+00 -0.7455430008823319E+00 -0.8332737061034178E+00 -0.8796618798936292E+00 -0.8986427430739244E+00 -0.8776793473760530E+00 -0.8132132980142954E+00 -0.6889729550264585E+00 -0.5087188120834832E+00 -0.3080161292880810E+00 -0.1363273713540095E+00 -0.1061300372769687E-01  0.7530019928514817E-01  0.1139582718559245E+00  0.8935914411395303E-01  0.5198679224369243E-01  0.0000000000000000E+00
  0.0000000000000000E+00 -0.3647518018460015E-01 -0.2445577965014093E+00 -0.4017605362286990E+00 -0.5626323826112843E+00 -0.6768548129661446E+00 -0.7768853333737173E+00 -0.8433019380763659E+00 -0.8922043630903206E+00 -0.9169892371524009E+00 -0.9147742229027064E+00 -0.8592563209249571E+00 -0.7252319989227591E+00 -0.5274235600168710E+00 -0.3313105969321167E+00 -0.1890081578954600E+00 -0.9202078168706627E-01 -0.2708967969117093E-01 -0.3130007658097553E-02  0.1188974471277387E-01  0.0000000000000000E+00
  0.0000000000000000E+00 -0.6520990004875310E-03 -0.1489822560006166E+00 -0.2903308224617209E+00 -0.4431384666758540E+00 -0.5601195958396983E+00 -0.6680726022724828E+00 -0.7470526631373101E+00 -0.8107447509832495E+00 -0.8609190301453076E+00 -0.9047196249482535E+00 -0.9220746777297600E+00 -0.8647083914599034E+00 -0.7034350825484131E+00 -0.4839051777303975E+00 -0.2970787665056638E+00 -0.1746305954302156E+00 -0.9212642282653595E-01 -0.3780437753608963E-01  0.2310400190974722E-02  0.0000000000000000E+00
  0.0000000000000000E+00  0.5551164621414715E-01 -0.2792425967958230E-01 -0.1493944704632487E+00 -0.2924198004452367E+00 -0.4123587218348416E+00 -0.5275715809783074E+00 -0.6178031846166486E+00 -0.6896108057158841E+00 -0.7480247197154454E+00 -0.8109075762760802E+00 -0.8799005659864655E+00 -0.9082914505937217E+00 -0.8268309905529312E+00 -0.6252413205805990E+00 -0.3904877556860347E+00 -0.2110764491240306E+00 -0.9441472386534368E-01 -0.2092176055654518E-01  0.2285261675973251E-01  0.0000000000000000E+00
  0.0000000000000000E+00  0.1199718650298026E+00  0.9839893895425324E-01  0.8928780323803868E-02 -0.1186547216550533E+00 -0.2373623734560693E+00 -0.3564560460784720E+00 -0.4574734887141506E+00 -0.5393536226877506E+00 -0.6038827238538919E+00 -0.6700620124329546E+00 -0.7613028843892631E+00 -0.8565577486914142E+00 -0.8750516175277461E+00 -0.7475925671213306E+00 -0.5111421215581133E+00 -0.2771816850680875E+00 -0.1068516448834627E+00 -0.4916763335434250E-02  0.4346487748859260E-01  0.0000000000000000E+00
  0.0000000000000000E+00  0.1646301770656655E+00  0.2054027305089843E+00  0.1673939059323576E+00  0.6951444623293483E-01 -0.3709782679014536E-01 -0.1508611281214527E+00 -0.2572192895790967E+00 -0.3510982177161829E+00 -0.4294377978827483E+00 -0.5027466219714232E+00 -0.6011679725866820E+00 -0.7347665547245328E+00 -0.8433296969031300E+00 -0.8221354349945159E+00 -0.6411579106259722E+00 -0.3927322590453098E+00 -0.1769173230433254E+00 -0.3373244387144626E-01  0.3407708529403562E-01  0.0000000000000000E+00
  0.0000000000000000E+00  0.1737302882952071E+00  0.2739142218036924E+00  0.3058026006883329E+00  0.2578885013524083E+00  0.1785654470959736E+00  0.8175654715239132E-01 -0.2025701503434153E-01 -0.1220315716334266E+00 -0.2186529812510165E+00 -0.3110035816027041E+00 -0.4205689874034061E+00 -0.5733142461140330E+00 -0.7479592975069057E+00 -0.8384759361725242E+00 -0.7519949680905801E+00 -0.5304747923898694E+00 -0.2923956206812913E+00 -0.1075361570931678E+00 -0.9685882550624022E-02  0.0000000000000000E+00
  0.0000000000000000E+00  0.1497383182155880E+00  0.2933222406870106E+00  0.4022691904509074E+00  0.4232804585233889E+00  0.3886592267611501E+00  0.3210159517521646E+00  0.2339094785286984E+00  0.1325192427443734E+00  0.2081133463352778E-01 -0.9706355518107722E-01 -0.2289585691413983E+00 -0.3952058823559280E+00 -0.6097575504277361E+00 -0.7992372933195439E+00 -0.8314598873519140E+00 -0.6726578799916793E+00 -0.4336962243323463E+00 -0.2153856022399111E+00 -0.7839520913009550E-01  0.0000000000000000E+00
  0.0000000000000000E+00  0.1035138439887303E+00  0.2623711390023108E+00  0.4366999746922250E+00  0.5362516323072662E+00  0.5632971094518233E+00  0.5380117352508763E+00  0.4757168323759823E+00  0.3831804161218091E+00  0.2636853553143328E+00  0.1226868929329559E+00 -0.3686467517022261E-01 -0.2172860675587975E+00 -0.4488093985237421E+00 -0.7093790813950198E+00 -0.8687613705483553E+00 -0.8104101238155642E+00 -0.5946408966135978E+00 -0.3551437798186481E+00 -0.1653583566569296E+00  0.0000000000000000E+00
  0.0000000000000000E+00  0.4511363432370256E-01  0.1894818832023881E+00  0.3967648320486288E+00  0.5657173975738026E+00  0.6629379802074228E+00  0.6923975186434234E+00  0.6658053347906275E+00  0.5912259415376405E+00  0.4728395969278179E+00  0.3177169584078612E+00  0.1368785795709702E+00 -0.5361143002637498E-01 -0.2820456486592151E+00 -0.5753543550069656E+00 -0.8481811752535144E+00 -0.9261770413255046E+00 -0.7680065883539021E+00 -0.5236830200215131E+00 -0.2674502035859588E+00  0.0000000000000000E+00
  0.0000000000000000E+00 -0.1818716942773216E-01  0.8814346555646725E-01  0.2842028556653178E+00  0.4916617821354037E+00  0.6505656191040765E+00  0.7394804022059519E+00  0.7574807276698829E+00  0.7101023452913988E+00  0.6034925491998259E+00  0.4494345718221485E+00  0.2664457453787212E+00  0.8167136663678336E-01 -0.1223334000220720E+00 -0.4037770545409642E+00 -0.7499181178215690E+00 -0.9859057770465888E+00 -0.9329370564627871E+00 -0.7115642518361514E+00 -0.3817119228284412E+00  0.0000000000000000E+00
  0.0000000000000000E+00 -0.7334764426276925E-01 -0.2365845534439600E-01  0.1236435022503876E+00  0.3235771729376810E+00  0.5106642870049150E+00  0.6437695610591386E+00  0.7054968493514530E+00  0.6941751880677889E+00  0.6164333548718538E+00  0.4888761460847788E+00  0.3342790610286096E+00  0.1806047766489596E+00  0.2224797721885537E-01 -0.2036315278544667E+00 -0.5557652618079212E+00 -0.9359848375363368E+00 -0.1039958209417007E+01 -0.8929768061868686E+00 -0.4975038037543015E+00  0.0000000000000000E+00
  0.0000000000000000E+00 -0.7623736033311630E-01 -0.7343117475270854E-01  0.1474951016653183E-01  0.1644684837278795E+00  0.3287844860089446E+00  0.4666883710753089E+00  0.5526250552647314E+00  0.5773431202273370E+00  0.5436876288872392E+00  0.4662503384574726E+00  0.3641059583143730E+00  0.2594768062750639E+00  0.1553794254367444E+00  0.1139076809892179E-01 -0.2657481998049453E+00 -0.7148963939657788E+00 -0.9939904913154313E+00 -0.9980678039320076E+00 -0.5759649442651129E+00  0.0000000000000000E+00
  0.0000000000000000E+00  0.2249408165321230E-01  0.8669314804629936E-01  0.1617890226240301E+00  0.2528397407900405E+00  0.3541670149737566E+00  0.4480778649804959E+00  0.5156437896394311E+00  0.5455250510736936E+00  0.5353983853987678E+00  0.4938923421894743E+00  0.4326617028405473E+00  0.3683387717852651E+00  0.3041086201503446E+00  0.2319911645340678E+00  0.8297099975031705E-01 -0.2929022640108099E+00 -0.6561998270647478E+00 -0.8687784881343338E+00 -0.5151948981970411E+00  0.0000000000000000E+00
  0.0000000000000000E+00  0.4264582293998099E+00  0.5527416956533664E+00  0.6118501400070525E+00  0.6368369496295907E+00  0.6551097088362073E+00  0.6719857088998158E+00  0.6817605258791649E+00  0.6783908615603648E+00  0.6590371890726519E+00  0.6278377728368195E+00  0.5883440040554788E+00  0.5512814072006299E+00  0.5126552639945701E+00  0.4884109275054829E+00  0.4421023264105740E+00  0.2966072759208316E+00  0.1221248003561062E+00 -0.1528959715145678E+00 -0.4492069338636389E-01  0.0000000000000000E+00
  0.3000000000000000E+01  0.1743119393453783E+01  0.1428468061086200E+01  0.1326238602602873E+01  0.1342328891901268E+01  0.1388837888465135E+01  0.1432120738281048E+01  0.1470362212001936E+01  0.1510352466392599E+01  0.1558286818180812E+01  0.1610379023679016E+01  0.1667629690674111E+01  0.1714494550183375E+01  0.1766142828166634E+01  0.1766758382017619E+01  0.1756664020518595E+01  0.1817275908226696E+01  0.1977425771866934E+01  0.2589909426409370E+01  0.2619567181962051E+01  0.3000000000000000E+01
