  0.0000000000000000E+00  0.5553676010209355E-02  0.2065536654385608E-01  0.7275281242538212E-01  0.1415853461019003E+00  0.1991479604802260E+00  0.1989890805723041E+00  0.9826698340334078E-01 -0.9954597813431154E-01 -0.3531169411539887E+00 -0.5953810747117972E+00 -0.7482936150953604E+00 -0.7560763388370656E+00 -0.6355448671471504E+00 -0.4637917521089321E+00 -0.2965025640486594E+00 -0.1571885563494781E+00 -0.5440633833712943E-01  0.7519687018630927E-02  0.1856614588321900E-01  0.0000000000000000E+00
  0.0000000000000000E+00 -0.2360278485953597E-01 -0.6542037662084763E-01 -0.1223083037503944E+00 -0.1808081510735396E+00 -0.2223855669247928E+00 -0.2286521122572711E+00 -0.1810590378465668E+00 -0.8115017951628380E-01  0.5566628350264638E-01  0.2000087962663550E+00  0.3182031887965186E+00  0.3814893471019336E+00  0.3855084560480180E+00  0.3481162648398088E+00  0.2854150437230836E+00  0.2081731938705761E+00  0.1294933962620688E+00  0.6137877879072940E-01  0.2184082916596682E-01  0.0000000000000000E+00
  0.0000000000000000E+00 -0.6525467856839855E-01 -0.1756057633186868E+00 -0.2941720988258011E+00 -0.4008391071187185E+00 -0.4680087402941525E+00 -0.4869672561995091E+00 -0.4449101301363597E+00 -0.3429965166831629E+00 -0.1861180906460496E+00  0.4645314087267918E-02  0.2063159512941953E+00  0.3883917024687352E+00  0.5209805009969037E+00  0.5805570424104942E+00  0.5597425671205913E+00  0.4673310252622502E+00  0.3340738504490769E+00  0.1916560233908191E+00  0.8408863338111947E-01  0.0000000000000000E+00
  0.0000000000000000E+00 -0.8237586909378757E-01 -0.2659788628405422E+00 -0.4219988234136761E+00 -0.5585469477385340E+00 -0.6444181325217783E+00 -0.6862037469307911E+00 -0.6715794952412547E+00 -0.6060323896248725E+00 -0.4858078365568052E+00 -0.3222479562971813E+00 -0.1243215191408913E+00  0.8375385465602812E-01  0.2726165667481966E+00  0.4126626399946017E+00  0.4832473095841706E+00  0.4708433717107983E+00  0.3844332863111738E+00  0.2473236768275965E+00  0.1108417712378532E+00  0.0000000000000000E+00
  0.0000000000000000E+00 -0.7599619119022566E-01 -0.3108389730538698E+00 -0.4829369505725316E+00 -0.6403839401787705E+00 -0.7430870022077350E+00 -0.8117077803938949E+00 -0.8296384191475159E+00 -0.8063316111051594E+00 -0.7309273792457920E+00 -0.6076810943770142E+00 -0.4356475064850892E+00 -0.2349898448861722E+00 -0.3842982489024591E-01  0.1234312376204366E+00  0.2380755334250176E+00  0.2934283368219978E+00  0.2798712690487875E+00  0.1955945218080762E+00  0.9390223976836198E-01  0.0000000000000000E+00
  0.0000000000000000E+00 -0.5902310953758699E-01 -0.3013260262880657E+00 -0.4707622532401599E+00 -0.6348045017780793E+00 -0.7452703347287813E+00 -0.8329698575371134E+00 -0.8793537401011516E+00 -0.8983791858344379E+00 -0.8774925123645465E+00 -0.8131127569245656E+00 -0.6889435254195576E+00 -0.5087327135610875E+00 -0.3080756428954989E+00 -0.1364465140333870E+00 -0.1076463339665673E-01  0.7517222464622743E-01  0.1138688630577682E+00  0.8929465341705768E-01  0.5190939422966605E-01  0.0000000000000000E+00
  0.0000000000000000E+00 -0.3635718450585346E-01 -0.2443467907370958E+00 -0.4014336530589829E+00 -0.5622360236391335E+00 -0.6763806079404707E+00 -0.7763815891562771E+00 -0.8428064901116106E+00 -0.8917693734303140E+00 -0.9166611231371696E+00 -0.9145703583421982E+00 -0.8591586578111480E+00 -0.7251953776892248E+00 -0.5274330008266307E+00 -0.3313926947459206E+00 -0.1891706308936940E+00 -0.9221602330929075E-01 -0.2726570424605036E-01 -0.3258680475374179E-02  0.1179147007819873E-01  0.0000000000000000E+00
  0.0000000000000000E+00 -0.4875011273193495E-03 -0.1486601859557153E+00 -0.2898804159260394E+00 -0.4426089001374336E+00 -0.5595051031825476E+00 -0.6674092149573532E+00 -0.7463842568714371E+00 -0.8101267827165034E+00 -0.8604171624382885E+00 -0.9043749576379397E+00 -0.9218818086895362E+00 -0.8646095150918938E+00 -0.7033840631093613E+00 -0.4839101112660148E+00 -0.2971658501298389E+00 -0.1747813050460351E+00 -0.9228484905712807E-01 -0.3791239818899934E-01  0.2244858404819030E-02  0.0000000000000000E+00
  0.0000000000000000E+00  0.5571364619873877E-01 -0.2756669281979525E-01 -0.1488939272646446E+00 -0.2918394248206008E+00 -0.4116931839883028E+00 -0.5268498591418828E+00 -0.6170727755615717E+00 -0.6889213696572164E+00 -0.7474444069492570E+00 -0.8104948284771709E+00 -0.8796669465723791E+00 -0.9081741009508965E+00 -0.8267556294642677E+00 -0.6251867792672084E+00 -0.3904772876056577E+00 -0.2111056788215650E+00 -0.9445950136530812E-01 -0.2093856397886109E-01  0.2285781460848860E-01  0.0000000000000000E+00
  0.0000000000000000E+00  0.1201192569427428E+00  0.9869097565558962E-01  0.9391273098955129E-02 -0.1181055255227034E+00 -0.2367344363282563E+00 -0.3557718961802490E+00 -0.4567707505091261E+00 -0.5386681219944799E+00 -0.6032751362425068E+00 -0.6696070285238046E+00 -0.7610462092571201E+00 -0.8564525462870417E+00 -0.8750005235858102E+00 -0.7475364767704783E+00 -0.5110969562691769E+00 -0.2771423657595374E+00 -0.1068074894627503E+00 -0.4860822839211207E-02  0.4352397795182526E-01  0.0000000000000000E+00
  0.0000000000000000E+00  0.1646424428865702E+00  0.2055460557197361E+00  0.1677307852801433E+00  0.6995433685272419E-01 -0.3659013921185865E-01 -0.1503055673079837E+00 -0.2566397963197302E+00 -0.3505170675176695E+00 -0.4288945855290657E+00 -0.5023093511529033E+00 -0.6009089235626675E+00 -0.7346814467654653E+00 -0.8433267535128912E+00 -0.8221188889375743E+00 -0.6411296230319365E+00 -0.3927006443229897E+00 -0.1768708334378553E+00 -0.3367758860538461E-01  0.3413463148742416E-01  0.0000000000000000E+00
  0.0000000000000000E+00  0.1736113407279501E+00  0.2738785561684628E+00  0.3059536884393362E+00  0.2581587647341680E+00  0.1788968478850640E+00  0.8212177633081186E-01 -0.1987384561003199E-01 -0.1216396810366847E+00 -0.2182671585280424E+00 -0.3106677338603520E+00 -0.4203523499433754E+00 -0.5732552384405991E+00 -0.7480072623482006E+00 -0.8385172550179684E+00 -0.7520041430153923E+00 -0.5304720274634872E+00 -0.2923792086920132E+00 -0.1075114102179726E+00 -0.9657051932067316E-02  0.0000000000000000E+00
  0.0000000000000000E+00  0.1495394815621974E+00  0.2931289107416843E+00  0.4022137903964471E+00  0.4233446324388386E+00  0.3887854823436694E+00  0.3211675015332675E+00  0.2340721580871676E+00  0.1326921688614932E+00  0.2099367753628658E-01 -0.9689202500247088E-01 -0.2288370689148259E+00 -0.3951839701079125E+00 -0.6098435080540874E+00 -0.7993340830371732E+00 -0.8315147904930349E+00 -0.6726856663289769E+00 -0.4337062091367450E+00 -0.2153819027065343E+00 -0.7838689048240570E-01  0.0000000000000000E+00
  0.0000000000000000E+00  0.1032874432375243E+00  0.2620751875412071E+00  0.4364535024465695E+00  0.5360929275658420E+00  0.5631989244705093E+00  0.5379404968627688E+00  0.4756563799797666E+00  0.3831292199903171E+00  0.2636475559480412E+00  0.1226608518868313E+00 -0.3688053299290026E-01 -0.2173195044483301E+00 -0.4489150090940178E+00 -0.7095076579850036E+00 -0.8688537445219613E+00 -0.8104652589038874E+00 -0.5946728679308876E+00 -0.3551551723028186E+00 -0.1653604684368298E+00  0.0000000000000000E+00
  0.0000000000000000E+00  0.4489709441942461E-01  0.1891553698674862E+00  0.3963838180687661E+00  0.5653558179587315E+00  0.6626137084969665E+00  0.6920986883983642E+00  0.6655208690124974E+00  0.5909535897301423E+00  0.4725867869290181E+00  0.3174958453774994E+00  0.1367182599241092E+00 -0.5370788545085682E-01 -0.2821532705072612E+00 -0.5754808218942361E+00 -0.8482864031923002E+00 -0.9262465688960649E+00 -0.7680527052190907E+00 -0.5237065852090985E+00 -0.2674586181420915E+00  0.0000000000000000E+00
  0.0000000000000000E+00 -0.1836617816249044E-01  0.8784550204361496E-01  0.2837692888635405E+00  0.4911593525464154E+00  0.6500454235829657E+00  0.7389641871657242E+00  0.7569769310718423E+00  0.7096182755862096E+00  0.6030450247594684E+00  0.4490515167796932E+00  0.2661744957830177E+00  0.8153015040148592E-01 -0.1224233358777009E+00 -0.4038686569295609E+00 -0.7500048922653147E+00 -0.9859701645076954E+00 -0.9329840988826162E+00 -0.7115938255675723E+00 -0.3817238613730167E+00  0.0000000000000000E+00
  0.0000000000000000E+00 -0.7345257754053108E-01 -0.2386931375452305E-01  0.1232746749890042E+00  0.3230741814050202E+00  0.5100729790910413E+00  0.6431332874889550E+00  0.7048528058562346E+00  0.6935572871284930E+00  0.6158808523771584E+00  0.4884332486755953E+00  0.3339897946033822E+00  0.1804762877464271E+00  0.2220316946257428E-01 -0.2036660877533280E+00 -0.5558080485896856E+00 -0.9360257624873751E+00 -0.1039993000443671E+01 -0.8930045767591934E+00 -0.4975160849851086E+00  0.0000000000000000E+00
  0.0000000000000000E+00 -0.7622575077320010E-01 -0.7346162874884631E-01  0.1461070368429540E-01  0.1641961461035364E+00  0.3283932508441600E+00  0.4662157760844799E+00  0.5521195057417527E+00  0.5768560462670207E+00  0.5432708968115354E+00  0.4659481186948091E+00  0.3639443451707104E+00  0.2594462033704347E+00  0.1554131225591887E+00  0.1141918986017282E-01 -0.2657412527866789E+00 -0.7149053238066850E+00 -0.9940047524903599E+00 -0.9980868477069510E+00 -0.5759741669198295E+00  0.0000000000000000E+00
  0.0000000000000000E+00  0.2257743042078210E-01  0.8679208804340267E-01  0.1618768863396922E+00  0.2528679750088764E+00  0.3541132901275178E+00  0.4479498236531402E+00  0.5154712657652489E+00  0.5453491912204144E+00  0.5352619659143127E+00  0.4938281800671949E+00  0.4326829090873794E+00  0.3684300583865860E+00  0.3042214656556090E+00  0.2320684109764880E+00  0.8300899122189805E-01 -0.2928892307211676E+00 -0.6561964289092016E+00 -0.8687861478803847E+00 -0.5151992422547006E+00  0.0000000000000000E+00
  0.0000000000000000E+00  0.4265009972716785E+00  0.5528212192089457E+00  0.6119456908546078E+00  0.6369241075671229E+00  0.6551709121527208E+00  0.6720160427488534E+00  0.6817680445284903E+00  0.6783924383504132E+00  0.6590518703035217E+00  0.6278788556686926E+00  0.5884158968582663E+00  0.5513759458120985E+00  0.5127538049153262E+00  0.4884829679397352E+00  0.4421422046651448E+00  0.2966226446300262E+00  0.1221312189509450E+00 -0.1528964855955775E+00 -0.4492214695454446E-01  0.0000000000000000E+00
  0.3000000000000000E+01  0.1743074438605747E+01  0.1428328430416566E+01  0.1326039813775869E+01  0.1342095652307508E+01  0.1388600553669356E+01  0.1431901695406580E+01  0.1470167132179778E+01  0.1510171876169175E+01  0.1558106355003748E+01  0.1610191613061117E+01  0.1667435218512580E+01  0.1714302220950291E+01  0.1765960050909630E+01  0.1766619507157283E+01  0.1756582377226464E+01  0.1817242835388754E+01  0.1977409914237963E+01  0.2589903308906348E+01  0.2619567198608933E+01  0.3000000000000000E+01
