  0.0000000000000000E+00  0.2082199075062382E-01  0.2872873366209291E-01  0.3612098603361617E-01  0.4149414182586706E-01  0.4613296976512894E-01  0.4957485684349755E-01  0.5147397191955694E-01  0.5140435153694330E-01  0.4898885855838285E-01  0.4394278404510202E-01  0.3615821170827838E-01  0.2579252326124168E-01  0.1333861889202217E-01 -0.3563116190971639E-03 -0.1412991323033326E-01 -0.2649285496731706E-01 -0.3547820599194022E-01 -0.3706274849521971E-01 -0.2946544879499722E-01  0.0000000000000000E+00
  0.0000000000000000E+00 -0.1711648181072611E-01 -0.2183047917185387E-01 -0.2773397797932164E-01 -0.3225165626483528E-01 -0.3618497612580281E-01 -0.3914179128370935E-01 -0.4089935295363067E-01 -0.4118172269253478E-01 -0.3975183376570290E-01 -0.3643512290421314E-01 -0.3117231695287440E-01 -0.2407419090609261E-01 -0.1546802541132136E-01 -0.5915853287798615E-02  0.3805888277611602E-02  0.1271220267532024E-01  0.1960413616694212E-01  0.2205326780100030E-01  0.1987201582847590E-01  0.0000000000000000E+00
  0.0000000000000000E+00 -0.3052745468155451E-01 -0.3676270385346871E-01 -0.4708094790434877E-01 -0.5526082696863879E-01 -0.6242195861227948E-01 -0.6785051700763051E-01 -0.7122408694133509E-01 -0.7214081654066103E-01 -0.7026664273872583E-01 -0.6536258466753739E-01 -0.5735873915034480E-01 -0.4643004945703615E-01 -0.3306545734194193E-01 -0.1810387148249301E-01 -0.2712248397498450E-02  0.1164375305864366E-01  0.2333420250888612E-01  0.2909705490778120E-01  0.3015059869043049E-01  0.0000000000000000E+00
  0.0000000000000000E+00 -0.3652005359374181E-01 -0.4360709660628279E-01 -0.5613857327076643E-01 -0.6617932639620937E-01 -0.7513810555584877E-01 -0.8207773340220882E-01 -0.8659950060287003E-01 -0.8819628053327389E-01 -0.8643124643820639E-01 -0.8095853555640672E-01 -0.7161714932485072E-01 -0.5854252653965218E-01 -0.4228954267228060E-01 -0.2392354185800737E-01 -0.5014045064334509E-02  0.1246275541977818E-01  0.2647598619330203E-01  0.3327134804618388E-01  0.3506608136406974E-01  0.0000000000000000E+00
  0.0000000000000000E+00 -0.3880991437970453E-01 -0.4684774490715967E-01 -0.6110383416405277E-01 -0.7268599278969862E-01 -0.8320029632931360E-01 -0.9158639988587475E-01 -0.9739070526371836E-01 -0.9998952405515589E-01 -0.9879011112164970E-01 -0.9324606731229754E-01 -0.8298014045515048E-01 -0.6796066504893707E-01 -0.4873652120509277E-01 -0.2666423554484942E-01 -0.3976354354400761E-02  0.1643988469513825E-01  0.3181439005226058E-01  0.3800225377585514E-01  0.3848521641140322E-01  0.0000000000000000E+00
  0.0000000000000000E+00 -0.4013502574580187E-01 -0.4937086097365356E-01 -0.6547233022377046E-01 -0.7885691690770093E-01 -0.9125659301309602E-01 -0.1015248748372968E+00 -0.1091532601246074E+00 -0.1133721853625037E+00 -0.1133588366050961E+00 -0.1082366574117820E+00 -0.9722695270623437E-01 -0.7992063978227949E-01 -0.5671421115352619E-01 -0.2932687256217276E-01 -0.1080008069731898E-02  0.2352885377667118E-01  0.4041278907839116E-01  0.4500819666320811E-01  0.4264076244671034E-01  0.0000000000000000E+00
  0.0000000000000000E+00 -0.4136364609498931E-01 -0.5210412138879768E-01 -0.7040038798220039E-01 -0.8603141725212668E-01 -0.1008377689701277E+00 -0.1136119265989575E+00 -0.1238042039483087E+00 -0.1304832127906838E+00 -0.1325269166375226E+00 -0.1285735472176786E+00 -0.1171765409975184E+00 -0.9719011090992548E-01 -0.6854085634868963E-01 -0.3332977303824515E-01  0.3381839678698342E-02  0.3434370384921784E-01  0.5326609257297998E-01  0.5516609360020912E-01  0.4823918240802878E-01  0.0000000000000000E+00
  0.0000000000000000E+00 -0.4275646866849744E-01 -0.5530373688708966E-01 -0.7617935807785001E-01 -0.9451143069650618E-01 -0.1122858575449661E+00 -0.1282771475775914E+00 -0.1419437111573179E+00 -0.1522153513567484E+00 -0.1576326566970495E+00 -0.1561819517292552E+00 -0.1453764777909372E+00 -0.1227347468270811E+00 -0.8708425530109917E-01 -0.4078499657491873E-01  0.8432144622935808E-02  0.4887829385479135E-01  0.7082758340473452E-01  0.6890253084660292E-01  0.5551314323805057E-01  0.0000000000000000E+00
  0.0000000000000000E+00 -0.4434291985885252E-01 -0.5896281591036214E-01 -0.8275813180191316E-01 -0.1041853913644377E+00 -0.1254560113562843E+00 -0.1454066213605684E+00 -0.1636130720757869E+00 -0.1789691216398379E+00 -0.1897300912036126E+00 -0.1931203452546176E+00 -0.1851783962449122E+00 -0.1612220953729945E+00 -0.1179450886448091E+00 -0.5759935652289970E-01  0.8398077370093777E-02  0.6214699118460251E-01  0.8923552029087926E-01  0.8372616151272247E-01  0.6322463019389671E-01  0.0000000000000000E+00
  0.0000000000000000E+00 -0.4608529903208401E-01 -0.6298151152064103E-01 -0.8993732481867805E-01 -0.1147272632526865E+00 -0.1399025971454191E+00 -0.1644887756675443E+00 -0.1883718013955274E+00 -0.2106465552384497E+00 -0.2295293094857075E+00 -0.2415924220666253E+00 -0.2411075734488647E+00 -0.2202594238020638E+00 -0.1722968563317173E+00 -0.9857760173961523E-01 -0.1426506249816272E-01  0.5637924425967999E-01  0.9369109381491263E-01  0.8994627945420068E-01  0.6679871790968242E-01  0.0000000000000000E+00
  0.0000000000000000E+00 -0.4792692892265876E-01 -0.6722000108759116E-01 -0.9742244238972930E-01 -0.1256261709319029E+00 -0.1548571557277764E+00 -0.1844967616167341E+00 -0.2150227670455403E+00 -0.2461472797282485E+00 -0.2766150055934238E+00 -0.3029438527373287E+00 -0.3179363864820570E+00 -0.3102267422950133E+00 -0.2684499094215035E+00 -0.1912365907573418E+00 -0.9420757057925960E-01 -0.4205940137611979E-02  0.5408817003654710E-01  0.6771631063030993E-01  0.5637675695460050E-01  0.0000000000000000E+00
  0.0000000000000000E+00 -0.4982733938125692E-01 -0.7154637662837074E-01 -0.1048680216748540E+00 -0.1362023436820059E+00 -0.1691807568253892E+00 -0.2037104829891860E+00 -0.2411808185791477E+00 -0.2824763717378904E+00 -0.3277873208461693E+00 -0.3748654441656519E+00 -0.4164119648748080E+00 -0.4382530930802322E+00 -0.4235160132274013E+00 -0.3639226195076204E+00 -0.2673203171019514E+00 -0.1562867514121670E+00 -0.6079611508179820E-01 -0.4121161419494131E-02  0.1914887689840768E-01  0.0000000000000000E+00
  0.0000000000000000E+00 -0.5180801536106976E-01 -0.7590082111022234E-01 -0.1119343390105243E+00 -0.1456396675694504E+00 -0.1813441430875638E+00 -0.2195711672984534E+00 -0.2628224645136683E+00 -0.3136003650654987E+00 -0.3744721672546223E+00 -0.4460696500074672E+00 -0.5232343826857040E+00 -0.5907743362430175E+00 -0.6255079341734553E+00 -0.6068195830187180E+00 -0.5261077104634507E+00 -0.3954634815398373E+00 -0.2497529956148550E+00 -0.1268472067790750E+00 -0.4949423300954444E-01  0.0000000000000000E+00
  0.0000000000000000E+00 -0.5400048249408731E-01 -0.8034157628646134E-01 -0.1182962602133521E+00 -0.1529711246637111E+00 -0.1894135206318721E+00 -0.2286703455951854E+00 -0.2741829859699815E+00 -0.3299071634957317E+00 -0.4008799729877794E+00 -0.4914468621606387E+00 -0.6006229904057143E+00 -0.7150030895828718E+00 -0.8074142922603773E+00 -0.8461845895343624E+00 -0.8034689905298795E+00 -0.6707673089243607E+00 -0.4800566095541082E+00 -0.2844573378436839E+00 -0.1397136439904191E+00  0.0000000000000000E+00
  0.0000000000000000E+00 -0.5663750172705657E-01 -0.8490147439165130E-01 -0.1233397692144983E+00 -0.1567134132840886E+00 -0.1907868545840870E+00 -0.2268379515255427E+00 -0.2685426074065994E+00 -0.3201486494390884E+00 -0.3876680173007588E+00 -0.4781597888962753E+00 -0.5961577850284336E+00 -0.7357250070661251E+00 -0.8762218927824489E+00 -0.9866013076805130E+00 -0.1019833701139771E+01 -0.9299190064831337E+00 -0.7285570584602197E+00 -0.4739749691779718E+00 -0.2453049040462756E+00  0.0000000000000000E+00
  0.0000000000000000E+00 -0.5968784264674295E-01 -0.8881567945138091E-01 -0.1248839082628415E+00 -0.1533240786884993E+00 -0.1808008752017946E+00 -0.2085412605364274E+00 -0.2394692908995755E+00 -0.2763936857347051E+00 -0.3237793475051569E+00 -0.3889703308112941E+00 -0.4823815441145278E+00 -0.6122915929204272E+00 -0.7773802423542631E+00 -0.9607319860466998E+00 -0.1104957964928285E+01 -0.1119345691898414E+01 -0.9691922862160054E+00 -0.6933707517074975E+00 -0.3682802904320272E+00  0.0000000000000000E+00
  0.0000000000000000E+00 -0.6192022543171211E-01 -0.8747399343403442E-01 -0.1147824064760485E+00 -0.1322921063856209E+00 -0.1479969436569644E+00 -0.1629862192079889E+00 -0.1786720272932319E+00 -0.1952687004392873E+00 -0.2137684216591868E+00 -0.2387729514322948E+00 -0.2830558327872641E+00 -0.3680757839216614E+00 -0.5156086218515636E+00 -0.7351922773830680E+00 -0.9890985186592368E+00 -0.1158990742239478E+01 -0.1135651839042686E+01 -0.9069779315834253E+00 -0.4966103844095073E+00  0.0000000000000000E+00
  0.0000000000000000E+00 -0.5508852172627650E-01 -0.6697255176637164E-01 -0.6989165697867111E-01 -0.6580392895566997E-01 -0.6394944935644190E-01 -0.6417919070424642E-01 -0.6535218137978263E-01 -0.6493097572827630E-01 -0.6041665407022211E-01 -0.5189764747798612E-01 -0.4779703686605360E-01 -0.7066291461820343E-01 -0.1547113340900923E+00 -0.3372800077792006E+00 -0.6347872858716603E+00 -0.9542364281733029E+00 -0.1114149243095296E+01 -0.1030537736726885E+01 -0.5848407505454974E+00  0.0000000000000000E+00
  0.0000000000000000E+00 -0.3062400515982640E-01  0.3480567303265454E-01  0.8096644689170154E-01  0.1129821994710318E+00  0.1299843103777370E+00  0.1386125147526188E+00  0.1443152946033776E+00  0.1517211566961268E+00  0.1646372130791028E+00  0.1850740433549456E+00  0.2098639864904770E+00  0.2253384109091053E+00  0.2058099587095723E+00  0.1153160400674957E+00 -0.1062387293147282E+00 -0.4558226765337888E+00 -0.7522790823515932E+00 -0.8964731393038480E+00 -0.5212256129613763E+00  0.0000000000000000E+00
  0.0000000000000000E+00  0.2894739357617145E+00  0.3992696201579364E+00  0.4622598575326959E+00  0.4820284137219262E+00  0.4818816301963813E+00  0.4756440155222987E+00  0.4695647201035472E+00  0.4668187342829953E+00  0.4695096017934809E+00  0.4789217226103825E+00  0.4944732253946491E+00  0.5111101018596137E+00  0.5188504353715588E+00  0.5037057464359818E+00  0.4294375588459308E+00  0.2649410376781861E+00  0.9295638117331695E-01 -0.1609753693013619E+00 -0.4030223573755409E-01  0.0000000000000000E+00
  0.3000000000000000E+01  0.2100954187555030E+01  0.1836996812558845E+01  0.1694186874293614E+01  0.1666896958305253E+01  0.1684339419788593E+01  0.1711680468185723E+01  0.1735621134292736E+01  0.1751264953847141E+01  0.1756108407698660E+01  0.1748308875523798E+01  0.1726444310306530E+01  0.1692008105330264E+01  0.1649258652594896E+01  0.1604198800759550E+01  0.1605448594147479E+01  0.1749354210431653E+01  0.1968851774128456E+01  0.2586452968600238E+01  0.2599681094251286E+01  0.3000000000000000E+01
