  0.0000000000000000E+00  0.5553676099874269E-02  0.2065536659946360E-01  0.7275281233907682E-01  0.1415853457724127E+00  0.1991479597777945E+00  0.1989890794013248E+00  0.9826698187297739E-01 -0.9954597981579305E-01 -0.3531169427307057E+00 -0.5953810759270138E+00 -0.7482936157558536E+00 -0.7560763389168990E+00 -0.6355448669240784E+00 -0.4637917518484324E+00 -0.2965025638528591E+00 -0.1571885562415497E+00 -0.5440633831376557E-01  0.7519686979251705E-02  0.1856614582322362E-01  0.0000000000000000E+00
  0.0000000000000000E+00 -0.2360278487730411E-01 -0.6542037654779154E-01 -0.1223083035640479E+00 -0.1808081507524797E+00 -0.2223855664505411E+00 -0.2286521116080643E+00 -0.1810590370702470E+00 -0.8115017869655917E-01  0.5566628425863324E-01  0.2000087968542097E+00  0.3182031891420934E+00  0.3814893471953337E+00  0.3855084559835987E+00  0.3481162647105602E+00  0.2854150435771497E+00  0.2081731937395253E+00  0.1294933961771537E+00  0.6137877875922804E-01  0.2184082918286564E-01  0.0000000000000000E+00
  0.0000000000000000E+00 -0.6525467853203808E-01 -0.1756057630439110E+00 -0.2941720983530670E+00 -0.4008391064850265E+00 -0.4680087395738288E+00 -0.4869672554228682E+00 -0.4449101293377636E+00 -0.3429965159054706E+00 -0.1861180899548060E+00  0.4645314635615221E-02  0.2063159516704266E+00  0.3883917026691022E+00  0.5209805010267177E+00  0.5805570422832483E+00  0.5597425668785900E+00  0.4673310249770263E+00  0.3340738502176955E+00  0.1916560232569358E+00  0.8408863337182053E-01  0.0000000000000000E+00
  0.0000000000000000E+00 -0.8237586911403327E-01 -0.2659788626163933E+00 -0.4219988231060145E+00 -0.5585469473965420E+00 -0.6444181322057122E+00 -0.6862037466264478E+00 -0.6715794949424954E+00 -0.6060323893258802E+00 -0.4858078362693077E+00 -0.3222479560368342E+00 -0.1243215189171274E+00  0.8375385483856385E-01  0.2726165668831424E+00  0.4126626400527029E+00  0.4832473095350479E+00  0.4708433715587704E+00  0.3844332861393336E+00  0.2473236767018231E+00  0.1108417712489655E+00  0.0000000000000000E+00
  0.0000000000000000E+00 -0.7599619124942585E-01 -0.3108389729615964E+00 -0.4829369504974188E+00 -0.6403839401258432E+00 -0.7430870022017014E+00 -0.8117077803955085E+00 -0.8296384191339816E+00 -0.8063316110461397E+00 -0.7309273791263347E+00 -0.6076810942039040E+00 -0.4356475062815892E+00 -0.2349898446818464E+00 -0.3842982468709786E-01  0.1234312378187789E+00  0.2380755335776661E+00  0.2934283368835708E+00  0.2798712690483249E+00  0.1955945217957522E+00  0.9390223982424388E-01  0.0000000000000000E+00
  0.0000000000000000E+00 -0.5902310961863233E-01 -0.3013260263808131E+00 -0.4707622534337828E+00 -0.6348045020516189E+00 -0.7452703350847437E+00 -0.8329698579377175E+00 -0.8793537405106511E+00 -0.8983791862059929E+00 -0.8774925126425284E+00 -0.8131127570754937E+00 -0.6889435254419279E+00 -0.5087327134971908E+00 -0.3080756427714776E+00 -0.1364465138439835E+00 -0.1076463316430042E-01  0.7517222485493473E-01  0.1138688632161350E+00  0.8929465353145777E-01  0.5190939433844828E-01  0.0000000000000000E+00
  0.0000000000000000E+00 -0.3635718460427992E-01 -0.2443467909721568E+00 -0.4014336534213057E+00 -0.5622360240895019E+00 -0.6763806084618107E+00 -0.7763815897167635E+00 -0.8428064906776809E+00 -0.8917693739647822E+00 -0.9166611235816127E+00 -0.9145703586488055E+00 -0.8591586579607461E+00 -0.7251953777188571E+00 -0.5274330007792931E+00 -0.3313926946212507E+00 -0.1891706306807320E+00 -0.9221602305328294E-01 -0.2726570400881230E-01 -0.3258680300492190E-02  0.1179147020585957E-01  0.0000000000000000E+00
  0.0000000000000000E+00 -0.4875012611496905E-03 -0.1486601862769420E+00 -0.2898804163797983E+00 -0.4426089006776974E+00 -0.5595051037910322E+00 -0.6674092156168810E+00 -0.7463842575531245E+00 -0.8101267833906888E+00 -0.8604171630448016E+00 -0.9043749581125100E+00 -0.9218818089892823E+00 -0.8646095152389904E+00 -0.7033840631569230E+00 -0.4839101112405478E+00 -0.2971658500206174E+00 -0.1747813048692756E+00 -0.9228484887041238E-01 -0.3791239806160668E-01  0.2244858481245088E-02  0.0000000000000000E+00
  0.0000000000000000E+00  0.5571364604051138E-01 -0.2756669315131660E-01 -0.1488939277378769E+00 -0.2918394253750178E+00 -0.4116931846065870E+00 -0.5268498598101078E+00 -0.6170727762491484E+00 -0.6889213703428703E+00 -0.7474444075854201E+00 -0.8104948290014932E+00 -0.8796669469334158E+00 -0.9081741011618770E+00 -0.8267556295783890E+00 -0.6251867793256006E+00 -0.3904772876101053E+00 -0.2111056787879899E+00 -0.9445950132028579E-01 -0.2093856396720745E-01  0.2285781459679148E-01  0.0000000000000000E+00
  0.0000000000000000E+00  0.1201192568409200E+00  0.9869097540148357E-01  0.9391272678429610E-02 -0.1181055260341849E+00 -0.2367344369043800E+00 -0.3557718968070685E+00 -0.4567707511606113E+00 -0.5386681226547035E+00 -0.6032751368726597E+00 -0.6696070290603799E+00 -0.7610462096341305E+00 -0.8564525465075290E+00 -0.8750005237110129E+00 -0.7475364768602413E+00 -0.5110969563241812E+00 -0.2771423657998178E+00 -0.1068074895110405E+00 -0.4860822903980870E-02  0.4352397788309554E-01  0.0000000000000000E+00
  0.0000000000000000E+00  0.1646424429050343E+00  0.2055460556086112E+00  0.1677307849797820E+00  0.6995433643651726E-01 -0.3659013969937354E-01 -0.1503055678497282E+00 -0.2566397968938502E+00 -0.3505170681064284E+00 -0.4288945861038768E+00 -0.5023093516595134E+00 -0.6009089239261839E+00 -0.7346814469658612E+00 -0.8433267536065467E+00 -0.8221188890105130E+00 -0.6411296230903039E+00 -0.3927006443647728E+00 -0.1768708334869709E+00 -0.3367758866302970E-01  0.3413463142602428E-01  0.0000000000000000E+00
  0.0000000000000000E+00  0.1736113408578625E+00  0.2738785562204680E+00  0.3059536883071454E+00  0.2581587644610459E+00  0.1788968475270959E+00  0.8212177591560507E-01 -0.1987384605919699E-01 -0.1216396815009300E+00 -0.2182671589893177E+00 -0.3106677342803785E+00 -0.4203523502556414E+00 -0.5732552386033231E+00 -0.7480072623894116E+00 -0.8385172550397644E+00 -0.7520041430484463E+00 -0.5304720274887342E+00 -0.2923792087161938E+00 -0.1075114102450170E+00 -0.9657051961836631E-02  0.0000000000000000E+00
  0.0000000000000000E+00  0.1495394817580200E+00  0.2931289109365171E+00  0.4022137904537438E+00  0.4233446323499306E+00  0.3887854821544093E+00  0.3211675012803667E+00  0.2340721577977007E+00  0.1326921685552229E+00  0.2099367722957326E-01 -0.9689202528431236E-01 -0.2288370691311071E+00 -0.3951839702180679E+00 -0.6098435080431100E+00 -0.7993340829958557E+00 -0.8315147904796335E+00 -0.6726856663293623E+00 -0.4337062091402593E+00 -0.2153819027160307E+00 -0.7838689049275356E-01  0.0000000000000000E+00
  0.0000000000000000E+00  0.1032874434551748E+00  0.2620751878319413E+00  0.4364535026882989E+00  0.5360929276948153E+00  0.5631989244962704E+00  0.5379404968159002E+00  0.4756563798901021E+00  0.3831292198821282E+00  0.2636475558401628E+00  0.1226608517936580E+00 -0.3688053306378641E-01 -0.2173195044832081E+00 -0.4489150090414418E+00 -0.7095076578939563E+00 -0.8688537444596733E+00 -0.8104652588741895E+00 -0.5946728679137609E+00 -0.3551551722992646E+00 -0.1653604684380964E+00  0.0000000000000000E+00
  0.0000000000000000E+00  0.4489709462754705E-01  0.1891553701905360E+00  0.3963838184511045E+00  0.5653558183056265E+00  0.6626137087703617E+00  0.6920986886034614E+00  0.6655208691712029E+00  0.5909535898662658E+00  0.4725867870596848E+00  0.3174958455064116E+00  0.1367182600280655E+00 -0.5370788539315803E-01 -0.2821532704272768E+00 -0.5754808217837237E+00 -0.8482864030996370E+00 -0.9262465688428958E+00 -0.7680527051853313E+00 -0.5237065851927709E+00 -0.2674586181373088E+00  0.0000000000000000E+00
  0.0000000000000000E+00 -0.1836617798853498E-01  0.8784550234381544E-01  0.2837692893116603E+00  0.4911593530636274E+00  0.6500454240991642E+00  0.7389641876486608E+00  0.7569769315184344E+00  0.7096182760055292E+00  0.6030450251553173E+00  0.4490515171369585E+00  0.2661744960542407E+00  0.8153015054548546E-01 -0.1224233357893054E+00 -0.4038686568359925E+00 -0.7500048921747372E+00 -0.9859701644476404E+00 -0.9329840988432665E+00 -0.7115938255431323E+00 -0.3817238613640772E+00  0.0000000000000000E+00
  0.0000000000000000E+00 -0.7345257743766624E-01 -0.2386931353898117E-01  0.1232746753799672E+00  0.3230741819472823E+00  0.5100729797271599E+00  0.6431332881643135E+00  0.7048528065321756E+00  0.6935572877782202E+00  0.6158808529721261E+00  0.4884332491753947E+00  0.3339897949562048E+00  0.1804762879212064E+00  0.2220316952809666E-01 -0.2036660877078276E+00 -0.5558080485352491E+00 -0.9360257624410825E+00 -0.1039993000411482E+01 -0.8930045767342734E+00 -0.4975160849747557E+00  0.0000000000000000E+00
  0.0000000000000000E+00 -0.7622575078703242E-01 -0.7346162871879369E-01  0.1461070383562957E-01  0.1641961464094391E+00  0.3283932512889309E+00  0.4662157766243613E+00  0.5521195063241735E+00  0.5768560468399436E+00  0.5432708973236606E+00  0.4659481190977347E+00  0.3639443454272683E+00  0.2594462034705196E+00  0.1554131225581321E+00  0.1141918984222306E-01 -0.2657412527854650E+00 -0.7149053237896816E+00 -0.9940047524751381E+00 -0.9980868476891595E+00 -0.5759741669115570E+00  0.0000000000000000E+00
  0.0000000000000000E+00  0.2257743033568300E-01  0.8679208794152768E-01  0.1618768862516712E+00  0.2528679749919937E+00  0.3541132902099591E+00  0.4479498238278069E+00  0.5154712660001989E+00  0.5453491914717349E+00  0.5352619661354934E+00  0.4938281802186610E+00  0.4326829091460945E+00  0.3684300583551136E+00  0.3042214655723942E+00  0.2320684109050423E+00  0.8300899118314932E-01 -0.2928892307307759E+00 -0.6561964289110740E+00 -0.8687861478733704E+00 -0.5151992422510309E+00  0.0000000000000000E+00
  0.0000000000000000E+00  0.4265009972298857E+00  0.5528212191291774E+00  0.6119456907587658E+00  0.6369241074834455E+00  0.6551709121025011E+00  0.6720160427388192E+00  0.6817680445502985E+00  0.6783924383854062E+00  0.6590518703298273E+00  0.6278788556691084E+00  0.5884158968242201E+00  0.5513759457466876E+00  0.5127538048340585E+00  0.4884829678722337E+00  0.4421422046240469E+00  0.2966226446147148E+00  0.1221312189446274E+00 -0.1528964855955050E+00 -0.4492214695375960E-01  0.0000000000000000E+00
  0.3000000000000000E+01  0.1743074438646026E+01  0.1428328430553995E+01  0.1326039813975374E+01  0.1342095652541657E+01  0.1388600553902456E+01  0.1431901695611349E+01  0.1470167132349304E+01  0.1510171876315516E+01  0.1558106355146011E+01  0.1610191613211336E+01  0.1667435218673434E+01  0.1714302221115051E+01  0.1765960051070219E+01  0.1766619507288341E+01  0.1756582377311009E+01  0.1817242835425079E+01  0.1977409914255044E+01  0.2589903308913144E+01  0.2619567198610248E+01  0.3000000000000000E+01
