  0.0000000000000000E+00  0.5553676033022370E-02  0.2065536655851313E-01  0.7275281240668330E-01  0.1415853460286901E+00  0.1991479603297894E+00  0.1989890803335485E+00  0.9826698310647747E-01 -0.9954597844752244E-01 -0.3531169414388713E+00 -0.5953810749280881E+00 -0.7482936152159206E+00 -0.7560763388607994E+00 -0.6355448671210933E+00 -0.4637917520775032E+00 -0.2965025640289115E+00 -0.1571885563452218E+00 -0.5440633834790820E-01  0.7519686998146813E-02  0.1856614586378859E-01  0.0000000000000000E+00
  0.0000000000000000E+00 -0.2360278486478567E-01 -0.6542037660180726E-01 -0.1223083037041924E+00 -0.1808081509968031E+00 -0.2223855668176303E+00 -0.2286521121192475E+00 -0.1810590376917441E+00 -0.8115017936189696E-01  0.5566628363705325E-01  0.2000087963647551E+00  0.3182031888495158E+00  0.3814893471110160E+00  0.3855084560308745E+00  0.3481162648128016E+00  0.2854150436948071E+00  0.2081731938468686E+00  0.1294933962491203E+00  0.6137877878901550E-01  0.2184082917283010E-01  0.0000000000000000E+00
  0.0000000000000000E+00 -0.6525467856133463E-01 -0.1756057632469086E+00 -0.2941720987058939E+00 -0.4008391069617192E+00 -0.4680087401231016E+00 -0.4869672560241939E+00 -0.4449101299687547E+00 -0.3429965165332133E+00 -0.1861180905277115E+00  0.4645314166177229E-02  0.2063159513326268E+00  0.3883917024722486E+00  0.5209805009715300E+00  0.5805570423609014E+00  0.5597425670555100E+00  0.4673310251953839E+00  0.3340738503994528E+00  0.1916560233651933E+00  0.8408863338227890E-01  0.0000000000000000E+00
  0.0000000000000000E+00 -0.8237586910261463E-01 -0.2659788627787730E+00 -0.4219988233312562E+00 -0.5585469476467753E+00 -0.6444181324403394E+00 -0.6862037468565078E+00 -0.6715794951765731E+00 -0.6060323895685764E+00 -0.4858078365139483E+00 -0.3222479562700183E+00 -0.1243215191291467E+00  0.8375385465684235E-01  0.2726165667418614E+00  0.4126626399769871E+00  0.4832473095495595E+00  0.4708433716607034E+00  0.3844332862640134E+00  0.2473236767962034E+00  0.1108417712407918E+00  0.0000000000000000E+00
  0.0000000000000000E+00 -0.7599619120977805E-01 -0.3108389730234872E+00 -0.4829369505458191E+00 -0.6403839401535145E+00 -0.7430870021959466E+00 -0.8117077803842688E+00 -0.8296384191380719E+00 -0.8063316110885161E+00 -0.7309273792230434E+00 -0.6076810943519638E+00 -0.4356475064631788E+00 -0.2349898448685709E+00 -0.3842982487091940E-01  0.1234312376419169E+00  0.2380755334380770E+00  0.2934283368174250E+00  0.2798712690351911E+00  0.1955945217971092E+00  0.9390223977953979E-01  0.0000000000000000E+00
  0.0000000000000000E+00 -0.5902310956346691E-01 -0.3013260263066632E+00 -0.4707622532841647E+00 -0.6348045018377985E+00 -0.7452703348108122E+00 -0.8329698576278410E+00 -0.8793537401925531E+00 -0.8983791859130427E+00 -0.8774925124218236E+00 -0.8131127569594284E+00 -0.6889435254374063E+00 -0.5087327135686486E+00 -0.3080756428885719E+00 -0.1364465140056929E+00 -0.1076463335687902E-01  0.7517222468089302E-01  0.1138688630826972E+00  0.8929465343557973E-01  0.5190939425252591E-01  0.0000000000000000E+00
  0.0000000000000000E+00 -0.3635718453787502E-01 -0.2443467907979111E+00 -0.4014336531534395E+00 -0.5622360237536685E+00 -0.6763806080764097E+00 -0.7763815892999063E+00 -0.8428064902516278E+00 -0.8917693735518981E+00 -0.9166611232272877E+00 -0.9145703583977515E+00 -0.8591586578402921E+00 -0.7251953777062206E+00 -0.5274330008327160E+00 -0.3313926947287155E+00 -0.1891706308499960E+00 -0.9221602325423808E-01 -0.2726570419527162E-01 -0.3258680437657448E-02  0.1179147010745150E-01  0.0000000000000000E+00
  0.0000000000000000E+00 -0.4875011715767333E-03 -0.1486601860462537E+00 -0.2898804160531461E+00 -0.4426089002872415E+00 -0.5595051033558687E+00 -0.6674092151442494E+00 -0.7463842570589834E+00 -0.8101267828885456E+00 -0.8604171625752665E+00 -0.9043749577285423E+00 -0.9218818087384081E+00 -0.8646095151196336E+00 -0.7033840631293662E+00 -0.4839101112710670E+00 -0.2971658501082863E+00 -0.1747813050036346E+00 -0.9228484901111333E-01 -0.3791239815717483E-01  0.2244858424409688E-02  0.0000000000000000E+00
  0.0000000000000000E+00  0.5571364614502248E-01 -0.2756669291841990E-01 -0.1488939274033373E+00 -0.2918394249819635E+00 -0.4116931841731321E+00 -0.5268498593423514E+00 -0.6170727757641484E+00 -0.6889213698477912E+00 -0.7474444071073818E+00 -0.8104948285849841E+00 -0.8796669466278548E+00 -0.9081741009766297E+00 -0.8267556294851319E+00 -0.6251867792874111E+00 -0.3904772876131205E+00 -0.2111056788155823E+00 -0.9445950135335100E-01 -0.2093856397442301E-01  0.2285781460675600E-01  0.0000000000000000E+00
  0.0000000000000000E+00  0.1201192569050225E+00  0.9869097557709777E-01  0.9391272973517878E-02 -0.1181055256722926E+00 -0.2367344364991680E+00 -0.3557718963664570E+00 -0.4567707507004464E+00 -0.5386681221814039E+00 -0.6032751364074223E+00 -0.6696070286436601E+00 -0.7610462093178056E+00 -0.8564525463047385E+00 -0.8750005235932756E+00 -0.7475364767864794E+00 -0.5110969562853738E+00 -0.2771423657739697E+00 -0.1068074894777525E+00 -0.4860822856877257E-02  0.4352397793368135E-01  0.0000000000000000E+00
  0.0000000000000000E+00  0.1646424428863116E+00  0.2055460556839342E+00  0.1677307851919880E+00  0.6995433673646696E-01 -0.3659013934611040E-01 -0.1503055674548554E+00 -0.2566397964730353E+00 -0.3505170676719224E+00 -0.4288945856735535E+00 -0.5023093512673595E+00 -0.6009089236245162E+00 -0.7346814467761296E+00 -0.8433267535023751E+00 -0.8221188889372638E+00 -0.6411296230400949E+00 -0.3927006443338426E+00 -0.1768708334532183E+00 -0.3367758862270397E-01  0.3413463146970646E-01  0.0000000000000000E+00
  0.0000000000000000E+00  0.1736113407631691E+00  0.2738785561827261E+00  0.3059536884042856E+00  0.2581587646672548E+00  0.1788968478021083E+00  0.8212177623920373E-01 -0.1987384570617398E-01 -0.1216396811352868E+00 -0.2182671586257537E+00 -0.3106677339448485E+00 -0.4203523499937308E+00 -0.5732552384445820E+00 -0.7480072623216482E+00 -0.8385172549976281E+00 -0.7520041430096251E+00 -0.5304720274639536E+00 -0.2923792086974474E+00 -0.1075114102259453E+00 -0.9657051941039604E-02  0.0000000000000000E+00
  0.0000000000000000E+00  0.1495394816182980E+00  0.2931289107989730E+00  0.4022137904190020E+00  0.4233446324303480E+00  0.3887854823190643E+00  0.3211675015022428E+00  0.2340721580534579E+00  0.1326921688252047E+00  0.2099367749711853E-01 -0.9689202503939945E-01 -0.2288370689384243E+00 -0.3951839701029805E+00 -0.6098435080174583E+00 -0.7993340829994910E+00 -0.8315147904719040E+00 -0.6726856663189312E+00 -0.4337062091333084E+00 -0.2153819027077973E+00 -0.7838689048505827E-01  0.0000000000000000E+00
  0.0000000000000000E+00  0.1032874433000910E+00  0.2620751876253300E+00  0.4364535025209403E+00  0.5360929276189773E+00  0.5631989245085489E+00  0.5379404968940639E+00  0.4756563800084391E+00  0.3831292200168150E+00  0.2636475559710020E+00  0.1226608519060641E+00 -0.3688053297785569E-01 -0.2173195044294892E+00 -0.4489150090540376E+00 -0.7095076579387962E+00 -0.8688537444890926E+00 -0.8104652588849277E+00 -0.5946728679201865E+00 -0.3551551722991538E+00 -0.1653604684361796E+00  0.0000000000000000E+00
  0.0000000000000000E+00  0.4489709447844237E-01  0.1891553699580793E+00  0.3963838181777800E+00  0.5653558180660235E+00  0.6626137085964632E+00  0.6920986884921523E+00  0.6655208691029653E+00  0.5909535898177523E+00  0.4725867870115216E+00  0.3174958454508663E+00  0.1367182599789123E+00 -0.5370788541615699E-01 -0.2821532704696272E+00 -0.5754808218507511E+00 -0.8482864031561074E+00 -0.9262465688726612E+00 -0.7680527052038715E+00 -0.5237065852014953E+00 -0.2674586181394103E+00  0.0000000000000000E+00
  0.0000000000000000E+00 -0.1836617811417380E-01  0.8784550212444507E-01  0.2837692889833581E+00  0.4911593526883932E+00  0.6500454237329381E+00  0.7389641873167950E+00  0.7569769312208172E+00  0.7096182757305303E+00  0.6030450248940237E+00  0.4490515168959506E+00  0.2661744958664833E+00  0.8153015044620167E-01 -0.1224233358482084E+00 -0.4038686568989340E+00 -0.7500048922358487E+00 -0.9859701644861374E+00 -0.9329840988671633E+00 -0.7115938255580632E+00 -0.3817238613692001E+00  0.0000000000000000E+00
  0.0000000000000000E+00 -0.7345257751243790E-01 -0.2386931369912028E-01  0.1232746750872608E+00  0.3230741815415561E+00  0.5100729792542783E+00  0.6431332876669530E+00  0.7048528060382208E+00  0.6935572873044692E+00  0.6158808525355826E+00  0.4884332488033418E+00  0.3339897946872351E+00  0.1804762877838962E+00  0.2220316947619870E-01 -0.2036660877418130E+00 -0.5558080485747762E+00 -0.9360257624733859E+00 -0.1039993000432109E+01 -0.8930045767502666E+00 -0.4975160849811734E+00  0.0000000000000000E+00
  0.0000000000000000E+00 -0.7622575077672496E-01 -0.7346162874302445E-01  0.1461070371790535E-01  0.1641961461730741E+00  0.3283932509468935E+00  0.4662157762107687E+00  0.5521195058783611E+00  0.5768560463994959E+00  0.5432708969251069E+00  0.4659481187767115E+00  0.3639443452132868E+00  0.2594462033763524E+00  0.1554131225478705E+00  0.1141918985165362E-01 -0.2657412527877412E+00 -0.7149053238028755E+00 -0.9940047524852363E+00 -0.9980868477007722E+00 -0.5759741669168511E+00  0.0000000000000000E+00
  0.0000000000000000E+00  0.2257743039776692E-01  0.8679208801528347E-01  0.1618768863127808E+00  0.2528679749964159E+00  0.3541132901363135E+00  0.4479498236818540E+00  0.5154712658061873E+00  0.5453491912624712E+00  0.5352619659457227E+00  0.4938281800788232E+00  0.4326829090756021E+00  0.3684300583559241E+00  0.3042214656203008E+00  0.2320684109529872E+00  0.8300899121097592E-01 -0.2928892307244614E+00 -0.6561964289096932E+00 -0.8687861478777945E+00 -0.5151992422532738E+00  0.0000000000000000E+00
  0.0000000000000000E+00  0.4265009972594342E+00  0.5528212191862081E+00  0.6119456908266107E+00  0.6369241075403181E+00  0.6551709121320525E+00  0.6720160427359886E+00  0.6817680445215557E+00  0.6783924383450316E+00  0.6590518702946054E+00  0.6278788556526547E+00  0.5884158968339220E+00  0.5513759457818836E+00  0.5127538048846706E+00  0.4884829679176469E+00  0.4421422046531180E+00  0.2966226446254918E+00  0.1221312189491784E+00 -0.1528964855953199E+00 -0.4492214695407159E-01  0.0000000000000000E+00
  0.3000000000000000E+01  0.1743074438619464E+01  0.1428328430456659E+01  0.1326039813832949E+01  0.1342095652375461E+01  0.1388600553740156E+01  0.1431901695473888E+01  0.1470167132241520E+01  0.1510171876227376E+01  0.1558106355061907E+01  0.1610191613120859E+01  0.1667435218573836E+01  0.1714302221010273E+01  0.1765960050966289E+01  0.1766619507200046E+01  0.1756582377251622E+01  0.1817242835399063E+01  0.1977409914242771E+01  0.2589903308908165E+01  0.2619567198608940E+01  0.3000000000000000E+01
