  0.0000000000000000E+00  0.2352648835876351E-01  0.2775476138864135E-01  0.2610079830497505E-01  0.9994001329337719E-02 -0.2358502243312981E-01 -0.8092689695333231E-01 -0.1638944159859596E+00 -0.2658561961667389E+00 -0.3692742933732611E+00 -0.4503957603688906E+00 -0.4895384534989439E+00 -0.4802134055353804E+00 -0.4309411427398033E+00 -0.3582964879552767E+00 -0.2788615965407619E+00 -0.2030862601508404E+00 -0.1374670475144296E+00 -0.7960184691912081E-01 -0.3907683934655751E-01  0.0000000000000000E+00
  0.0000000000000000E+00 -0.2200848055517482E-01 -0.2557963126328018E-01 -0.2826255045598153E-01 -0.2171683311064316E-01 -0.4567525915050745E-02  0.2683532272883883E-01  0.7333647699342360E-01  0.1315282353948381E+00  0.1926743769788801E+00  0.2450307991884696E+00  0.2783122884451901E+00  0.2875561246629603E+00  0.2742213121203826E+00  0.2438697561434239E+00  0.2036501169824257E+00  0.1590087973652856E+00  0.1155863241800307E+00  0.7234135031014535E-01  0.3984146449428965E-01  0.0000000000000000E+00
  0.0000000000000000E+00 -0.4249895330676095E-01 -0.4898413240119918E-01 -0.5868685306296955E-01 -0.5515649800259177E-01 -0.3728760017828205E-01 -0.4209287668158166E-03  0.5611501499431120E-01  0.1287285100177754E+00  0.2087488375633792E+00  0.2846966371965182E+00  0.3453984118366263E+00  0.3824549684535006E+00  0.3917227936213446E+00  0.3733127804749950E+00  0.3320887544065153E+00  0.2739401319450163E+00  0.2092919250256625E+00  0.1374222040113152E+00  0.8044755413631144E-01  0.0000000000000000E+00
  0.0000000000000000E+00 -0.5799313439728125E-01 -0.7206291869303760E-01 -0.9280591411640216E-01 -0.9795057199417906E-01 -0.8645333238137426E-01 -0.5162472322213289E-01  0.7508821233101910E-02  0.8661829951670182E-01  0.1755984079568427E+00  0.2620820544588924E+00  0.3344172793593068E+00  0.3835785664574385E+00  0.4043785764061283E+00  0.3954684791255698E+00  0.3604715399083512E+00  0.3039068411088091E+00  0.2371564182442405E+00  0.1578275904757397E+00  0.9396219758250790E-01  0.0000000000000000E+00
  0.0000000000000000E+00 -0.7051848281482123E-01 -0.9664109260488692E-01 -0.1330455185930577E+00 -0.1534379816011754E+00 -0.1574294717024458E+00 -0.1365435368771500E+00 -0.8947450484259270E-01 -0.1942060833198490E-01  0.6531896224467007E-01  0.1544797528340058E+00  0.2367381299344313E+00  0.3013139590981668E+00  0.3400828424171149E+00  0.3487931720545142E+00  0.3287857716801258E+00  0.2832558414938676E+00  0.2241045920893005E+00  0.1485782683988049E+00  0.9072076837902904E-01  0.0000000000000000E+00
  0.0000000000000000E+00 -0.8365499390951710E-01 -0.1265882291519644E+00 -0.1847796566470202E+00 -0.2302994606622850E+00 -0.2650818144296221E+00 -0.2789140444726602E+00 -0.2678986921707526E+00 -0.2285919652442948E+00 -0.1627907058989578E+00 -0.7655440292190249E-01  0.1847914792683740E-01  0.1081020776752114E+00  0.1793208523482968E+00  0.2231103058333443E+00  0.2359341991611084E+00  0.2177428532783388E+00  0.1789900123374815E+00  0.1183443249841695E+00  0.7674702892072603E-01  0.0000000000000000E+00
  0.0000000000000000E+00 -0.9695556623143299E-01 -0.1602526520222800E+00 -0.2457570548224264E+00 -0.3266903313114727E+00 -0.4084114101710039E+00 -0.4761284832810717E+00 -0.5178297431722098E+00 -0.5195056782602675E+00 -0.4775278374215596E+00 -0.3954208778179758E+00 -0.2862202140453641E+00 -0.1676760158401905E+00 -0.5772192573711694E-01  0.3019733411680619E-01  0.8783691554977129E-01  0.1110877981058392E+00  0.1056980061747775E+00  0.7200467627787263E-01  0.5424578862151982E-01  0.0000000000000000E+00
  0.0000000000000000E+00 -0.1079829135838410E+00 -0.1911456352797525E+00 -0.3052412373633981E+00 -0.4254896190877425E+00 -0.5589560319948007E+00 -0.6814727029998204E+00 -0.7721195613169396E+00 -0.8126440330198687E+00 -0.7979334837119402E+00 -0.7268893906411886E+00 -0.6101075260867955E+00 -0.4660489638656930E+00 -0.3184577986762633E+00 -0.1870038172106476E+00 -0.8421194960484361E-01 -0.1639511355117698E-01  0.1753821142979714E-01  0.1940855553010860E-01  0.2798031692582418E-01  0.0000000000000000E+00
  0.0000000000000000E+00 -0.1128211999894311E+00 -0.2078651858479329E+00 -0.3428234158199488E+00 -0.4919178590503938E+00 -0.6616599310872799E+00 -0.8199654192104977E+00 -0.9466338802290706E+00 -0.1027122368896811E+01 -0.1052012228025265E+01 -0.1011540046278255E+01 -0.9067277361264738E+00 -0.7496785707635120E+00 -0.5682799597159653E+00 -0.3927412074785342E+00 -0.2453378030719740E+00 -0.1353535691735824E+00 -0.6273412891052112E-01 -0.2358769829227468E-01  0.7607284607583228E-02  0.0000000000000000E+00
  0.0000000000000000E+00 -0.1074403140240273E+00 -0.1987607653524478E+00 -0.3374820423441490E+00 -0.4921250524633136E+00 -0.6700767736508707E+00 -0.8393045627283707E+00 -0.9877998129045210E+00 -0.1105308302892578E+01 -0.1179409475428680E+01 -0.1195216217340128E+01 -0.1138274296162685E+01 -0.1002535915183717E+01 -0.8066190545746591E+00 -0.5878935624692342E+00 -0.3873737803686970E+00 -0.2286656449253082E+00 -0.1157919712507609E+00 -0.4337044737525057E-01  0.1977675868196724E-02  0.0000000000000000E+00
  0.0000000000000000E+00 -0.8924671313531780E-01 -0.1590418350817647E+00 -0.2803028193130876E+00 -0.4135403778182969E+00 -0.5697892488659143E+00 -0.7235059964387537E+00 -0.8706943796740130E+00 -0.1006344392543837E+01 -0.1122864079373758E+01 -0.1208292669517569E+01 -0.1238005020933863E+01 -0.1181737290761329E+01 -0.1027530212022194E+01 -0.7979230205417351E+00 -0.5462070184903519E+00 -0.3237831592146100E+00 -0.1565536923235507E+00 -0.4848053089031627E-01  0.6264271958848496E-02  0.0000000000000000E+00
  0.0000000000000000E+00 -0.5918368132162805E-01 -0.9535838185020010E-01 -0.1809958108548989E+00 -0.2718069797401013E+00 -0.3832463541825987E+00 -0.5002169830859616E+00 -0.6237643780193525E+00 -0.7530174163266672E+00 -0.8865250135836144E+00 -0.1021853280018729E+01 -0.1141798839248976E+01 -0.1206152431886661E+01 -0.1167402884633828E+01 -0.1004690333758917E+01 -0.7517671838710847E+00 -0.4778649293173692E+00 -0.2440275597033670E+00 -0.8253752531479762E-01 -0.5894905749518510E-02  0.0000000000000000E+00
  0.0000000000000000E+00 -0.2370454905555478E-01 -0.2387164197826221E-01 -0.6389506787163114E-01 -0.1024825732972438E+00 -0.1577497481232065E+00 -0.2277107818320139E+00 -0.3170555856923115E+00 -0.4259148669069401E+00 -0.5533559484229540E+00 -0.7023908061392710E+00 -0.8722450839396956E+00 -0.1039186517542483E+01 -0.1146169249872512E+01 -0.1125189710093984E+01 -0.9559198194093014E+00 -0.6890886929894430E+00 -0.4103551691162368E+00 -0.1847138732677958E+00 -0.6141906062219216E-01  0.0000000000000000E+00
  0.0000000000000000E+00  0.7101989731920392E-02  0.3743898529436018E-01  0.4338840941506064E-01  0.5570426956043918E-01  0.5730185976157657E-01  0.3750367469611399E-01 -0.1408792041002443E-01 -0.9912102198085902E-01 -0.2139854491706974E+00 -0.3571223727215154E+00 -0.5333024702909099E+00 -0.7444889858432271E+00 -0.9613680379889974E+00 -0.1101365711713217E+01 -0.1082154944952120E+01 -0.8940913620110473E+00 -0.6197621846071173E+00 -0.3461986349676683E+00 -0.1558531001403337E+00  0.0000000000000000E+00
  0.0000000000000000E+00  0.2444133320941645E-01  0.7594092816420363E-01  0.1204939905992516E+00  0.1740212544195582E+00  0.2233413774820726E+00  0.2507778601907017E+00  0.2389749328010967E+00  0.1815759365739709E+00  0.8207925223620441E-01 -0.5153765434757872E-01 -0.2157744394925600E+00 -0.4206464587954180E+00 -0.6783952666858507E+00 -0.9411442126788859E+00 -0.1096372691435164E+01 -0.1045957932056500E+01 -0.8272923743977185E+00 -0.5379121445052676E+00 -0.2690601773408530E+00  0.0000000000000000E+00
  0.0000000000000000E+00  0.2697892914879390E-01  0.8941369736393129E-01  0.1607494903955223E+00  0.2418276181825960E+00  0.3224710074851169E+00  0.3851996498791923E+00  0.4096031207305972E+00  0.3841874426056195E+00  0.3089784045172388E+00  0.1926979771044596E+00  0.4546640943831924E-01 -0.1318184827634637E+00 -0.3684408173970266E+00 -0.6772709730649641E+00 -0.9842622578480382E+00 -0.1115903990641940E+01 -0.1005878971216442E+01 -0.7398584866394307E+00 -0.3908357563637048E+00  0.0000000000000000E+00
  0.0000000000000000E+00  0.1788259842357398E-01  0.8347729217194735E-01  0.1714586752236633E+00  0.2685429734133831E+00  0.3644223642784239E+00  0.4456110015108992E+00  0.4948126732817362E+00  0.4994273961942022E+00  0.4559886383987462E+00  0.3700649234363725E+00  0.2493914025796250E+00  0.1027198668794602E+00 -0.8606412384765828E-01 -0.3579922130783948E+00 -0.7347723204161939E+00 -0.1054776337678955E+01 -0.1111277036560939E+01 -0.9256293474352485E+00 -0.5101523295828699E+00  0.0000000000000000E+00
  0.0000000000000000E+00  0.1808548203055369E-01  0.8226238125626506E-01  0.1827977085182032E+00  0.2912709550761960E+00  0.3943358645647228E+00  0.4824582407939885E+00  0.5444172131775287E+00  0.5705394644049032E+00  0.5558017018673961E+00  0.5022684015100758E+00  0.4130141955142614E+00  0.2968512623437224E+00  0.1511866489785245E+00 -0.4187555495189010E-01 -0.3713907666985450E+00 -0.8038513741098151E+00 -0.1052148844539323E+01 -0.1026494318560506E+01 -0.5880589522813175E+00  0.0000000000000000E+00
  0.0000000000000000E+00  0.6451949072424935E-01  0.1683616070751077E+00  0.2985080876073291E+00  0.4178867802056648E+00  0.5190012396140246E+00  0.5995909774785400E+00  0.6553150447739921E+00  0.6811335523433761E+00  0.6732001183210392E+00  0.6329986897540770E+00  0.5624703107707728E+00  0.4714467098410633E+00  0.3604849567595158E+00  0.2401889912472430E+00  0.4003492639509306E-01 -0.3418240489720326E+00 -0.6927483816534462E+00 -0.8865053120837457E+00 -0.5221170496673773E+00  0.0000000000000000E+00
  0.0000000000000000E+00  0.4223307705715402E+00  0.5787860153893084E+00  0.6811395034728509E+00  0.7405392313406485E+00  0.7770350588934907E+00  0.7994475154507386E+00  0.8084959159270740E+00  0.8022647197417738E+00  0.7792822556232567E+00  0.7415238011708527E+00  0.6914706621528549E+00  0.6361812286954316E+00  0.5753028538134675E+00  0.5222418441252954E+00  0.4486958194182339E+00  0.2903436016533335E+00  0.1117694901398610E+00 -0.1584886346875328E+00 -0.4604484655132673E-01  0.0000000000000000E+00
  0.3000000000000000E+01  0.1797527179009629E+01  0.1432003560907183E+01  0.1255089577188776E+01  0.1196269086183719E+01  0.1187896062933552E+01  0.1201248431126325E+01  0.1229827296992770E+01  0.1274339393118055E+01  0.1335353351451269E+01  0.1408427286241519E+01  0.1488058324312208E+01  0.1562903023754769E+01  0.1634576395319113E+01  0.1673463458871357E+01  0.1693947468140391E+01  0.1787145146067967E+01  0.1971943147926971E+01  0.2588960591978852E+01  0.2616017489986603E+01  0.3000000000000000E+01
