  0.0000000000000000E+00  0.5553719428805143E-02  0.2065552628599240E-01  0.7275315502421253E-01  0.1415859811109066E+00  0.1991491592357156E+00  0.1989911619200339E+00  0.9826994088063640E-01 -0.9954247779692771E-01 -0.3531134483235379E+00 -0.5953782487383825E+00 -0.7482920551573806E+00 -0.7560762300940072E+00 -0.6355455699125251E+00 -0.4637926114911719E+00 -0.2965033217386162E+00 -0.1571891437205652E+00 -0.5440675338669160E-01  0.7519443509733714E-02  0.1856607072899673E-01  0.0000000000000000E+00
  0.0000000000000000E+00 -0.2360284409683927E-01 -0.6542046170052902E-01 -0.1223084657749781E+00 -0.1808084188441201E+00 -0.2223860630569874E+00 -0.2286529615015528E+00 -0.1810602730637316E+00 -0.8115168058482025E-01  0.5566471845858362E-01  0.2000074409480160E+00  0.3182022819274455E+00  0.3814889913544434E+00  0.3855084692155017E+00  0.3481164442934465E+00  0.2854152970667351E+00  0.2081734687355213E+00  0.1294936406845152E+00  0.6137895272766963E-01  0.2184088545243040E-01  0.0000000000000000E+00
  0.0000000000000000E+00 -0.6525481286171267E-01 -0.1756058588155947E+00 -0.2941722423007218E+00 -0.4008392754214535E+00 -0.4680090299352466E+00 -0.4869677225846246E+00 -0.4449108783105583E+00 -0.3429975195513885E+00 -0.1861192929477871E+00  0.4644074105665546E-02  0.2063147906249558E+00  0.3883907439693231E+00  0.5209798377339799E+00  0.5805567213891674E+00  0.5597425694615892E+00  0.4673312624859986E+00  0.3340741686668540E+00  0.1916563016927426E+00  0.8408872708628791E-01  0.0000000000000000E+00
  0.0000000000000000E+00 -0.8237599451951816E-01 -0.2659787338243755E+00 -0.4219985996119779E+00 -0.5585465585096160E+00 -0.6444177325541600E+00 -0.6862033667702835E+00 -0.6715792792267294E+00 -0.6060323419139562E+00 -0.4858080364661715E+00 -0.3222483621724005E+00 -0.1243221172778686E+00  0.8375314955705652E-01  0.2726158373536879E+00  0.4126619813989938E+00  0.4832468298139521E+00  0.4708431418029256E+00  0.3844332514104494E+00  0.2473237412947226E+00  0.1108417617168792E+00  0.0000000000000000E+00
  0.0000000000000000E+00 -0.7599633591593480E-01 -0.3108386704755673E+00 -0.4829365017718614E+00 -0.6403832464853921E+00 -0.7430862945706523E+00 -0.8117070314573138E+00 -0.8296377724801993E+00 -0.8063310624322947E+00 -0.7309270771174288E+00 -0.6076810701965673E+00 -0.4356477665809001E+00 -0.2349902724911969E+00 -0.3843033629676211E-01  0.1234306503441314E+00  0.2380749201928591E+00  0.2934278219039769E+00  0.2798709108918641E+00  0.1955943086702613E+00  0.9390212442627226E-01  0.0000000000000000E+00
  0.0000000000000000E+00 -0.5902329727603371E-01 -0.3013257150583969E+00 -0.4707618192004714E+00 -0.6348038208844555E+00 -0.7452696610827240E+00 -0.8329690710104960E+00 -0.8793529148957810E+00 -0.8983782669123310E+00 -0.8774916772257497E+00 -0.8131121759274053E+00 -0.6889433337573487E+00 -0.5087328279880545E+00 -0.3080758898894433E+00 -0.1364468519844357E+00 -0.1076509413931610E-01  0.7517171391330076E-01  0.1138683956989057E+00  0.8929430508964258E-01  0.5190919833134181E-01  0.0000000000000000E+00
  0.0000000000000000E+00 -0.3635745919380937E-01 -0.2443466800143981E+00 -0.4014335032175914E+00 -0.5622357243473944E+00 -0.6763804127739428E+00 -0.7763813178023897E+00 -0.8428061026643844E+00 -0.8917687110436068E+00 -0.9166602667616381E+00 -0.9145695275995558E+00 -0.8591581289234007E+00 -0.7251952231947824E+00 -0.5274330564518926E+00 -0.3313928172067688E+00 -0.1891708472036349E+00 -0.9221633845911968E-01 -0.2726605793331583E-01 -0.3258961348017590E-02  0.1179129958631130E-01  0.0000000000000000E+00
  0.0000000000000000E+00 -0.4879119841227390E-03 -0.1486603838414847E+00 -0.2898806558470711E+00 -0.4426090968388501E+00 -0.5595054943270326E+00 -0.6674096032315313E+00 -0.7463845051896051E+00 -0.8101266453430960E+00 -0.8604165778858519E+00 -0.9043740957413621E+00 -0.9218810242457268E+00 -0.8646090616374911E+00 -0.7033839110760808E+00 -0.4839100783713844E+00 -0.2971658742331470E+00 -0.1747813820892656E+00 -0.9228496661314053E-01 -0.3791248993442928E-01  0.2244805767060462E-02  0.0000000000000000E+00
  0.0000000000000000E+00  0.5571308878973080E-01 -0.2756715918995141E-01 -0.1488945036293945E+00 -0.2918400169181057E+00 -0.4116940133372664E+00 -0.5268507616543484E+00 -0.6170735847601482E+00 -0.6889218167005243E+00 -0.7474443066825793E+00 -0.8104942142175495E+00 -0.8796661297747987E+00 -0.9081734355873233E+00 -0.8267552549300159E+00 -0.6251865936739105E+00 -0.3904772066361842E+00 -0.2111056413072699E+00 -0.9445946841150016E-01 -0.2093852483519088E-01  0.2285784874440948E-01  0.0000000000000000E+00
  0.0000000000000000E+00  0.1201187136317071E+00  0.9869042101965997E-01  0.9390553076715736E-02 -0.1181062532163425E+00 -0.2367353432921676E+00 -0.3557728782670639E+00 -0.4567716817503102E+00 -0.5386688023085068E+00 -0.6032753589052260E+00 -0.6696067033265731E+00 -0.7610455157134914E+00 -0.8564518165034071E+00 -0.8749999938157499E+00 -0.7475361312946541E+00 -0.5110967600445434E+00 -0.2771422911490194E+00 -0.1068074458169304E+00 -0.4860782159555656E-02  0.4352401090958398E-01  0.0000000000000000E+00
  0.0000000000000000E+00  0.1646421201077510E+00  0.2055456261096680E+00  0.1677301575518814E+00  0.6995374935409571E-01 -0.3659075600428206E-01 -0.1503061643189146E+00 -0.2566403329852553E+00 -0.3505174762026216E+00 -0.4288947435106992E+00 -0.5023091334271691E+00 -0.6009083706403813E+00 -0.7346807648397434E+00 -0.8433261873963923E+00 -0.8221184606420826E+00 -0.6411293064242298E+00 -0.3927004879571919E+00 -0.1768707767664369E+00 -0.3367756816565540E-01  0.3413463831784955E-01  0.0000000000000000E+00
  0.0000000000000000E+00  0.1736112877754503E+00  0.2738783714476273E+00  0.3059533102439265E+00  0.2581584772408012E+00  0.1788967036912401E+00  0.8212179891663866E-01 -0.1987370290111355E-01 -0.1216394828517233E+00 -0.2182669094300854E+00 -0.3106673664010235E+00 -0.4203518467827234E+00 -0.5732546468209017E+00 -0.7480067554902090E+00 -0.8385168566553115E+00 -0.7520037923107927E+00 -0.5304717922979929E+00 -0.2923791015903571E+00 -0.1075113661897955E+00 -0.9657039441640210E-02  0.0000000000000000E+00
  0.0000000000000000E+00  0.1495396183974034E+00  0.2931289622153514E+00  0.4022136867873038E+00  0.4233446456161349E+00  0.3887857592449541E+00  0.3211680754481980E+00  0.2340729320777871E+00  0.1326929872007397E+00  0.2099441967204043E-01 -0.9689138243048745E-01 -0.2288365299635756E+00 -0.3951834709093320E+00 -0.6098431186673077E+00 -0.7993337994543958E+00 -0.8315145066591028E+00 -0.6726854181499912E+00 -0.4337060710924939E+00 -0.2153818269521534E+00 -0.7838685889178204E-01  0.0000000000000000E+00
  0.0000000000000000E+00  0.1032876626440060E+00  0.2620753810047248E+00  0.4364535927038542E+00  0.5360931264442259E+00  0.5631994186533991E+00  0.5379413459966916E+00  0.4756574822856625E+00  0.3831303827153297E+00  0.2636485854452313E+00  0.1226616510644843E+00 -0.3688000266342310E-01 -0.2173191200157629E+00 -0.4489147687828883E+00 -0.7095075390535414E+00 -0.8688536029544581E+00 -0.8104650649634860E+00 -0.5946727391210768E+00 -0.3551550885561747E+00 -0.1653604280595578E+00  0.0000000000000000E+00
  0.0000000000000000E+00  0.4489731453177752E-01  0.1891555905317035E+00  0.3963839731847743E+00  0.5653560391770504E+00  0.6626141728921452E+00  0.6920994754175038E+00  0.6655219003253512E+00  0.5909546830786534E+00  0.4725877300544239E+00  0.3174965071341434E+00  0.1367186004726621E+00 -0.5370769436683411E-01 -0.2821531923105730E+00 -0.5754808657987837E+00 -0.8482864361190656E+00 -0.9262464788308288E+00 -0.7680526140264080E+00 -0.5237065175271197E+00 -0.2674585805491179E+00  0.0000000000000000E+00
  0.0000000000000000E+00 -0.1836600672561516E-01  0.8784567748303729E-01  0.2837694064805699E+00  0.4911594548538887E+00  0.6500456441625477E+00  0.7389646136369430E+00  0.7569775212272911E+00  0.7096188891024453E+00  0.6030454804889849E+00  0.4490517056506007E+00  0.2661744261797136E+00  0.8153004166395722E-01 -0.1224234250697889E+00 -0.4038688109053080E+00 -0.7500050662283051E+00 -0.9859701971626128E+00 -0.9329840598398320E+00 -0.7115937848258934E+00 -0.3817238337019640E+00  0.0000000000000000E+00
  0.0000000000000000E+00 -0.7345247786493458E-01 -0.2386919194807573E-01  0.1232747351730789E+00  0.3230741378279731E+00  0.5100728891145715E+00  0.6431332214885123E+00  0.7048527600660669E+00  0.6935571889191443E+00  0.6158805992910341E+00  0.4884328061504200E+00  0.3339892369532039E+00  0.1804758466380152E+00  0.2220293220307901E-01 -0.2036662686592125E+00 -0.5558082676971109E+00 -0.9360258871892013E+00 -0.1039993013267819E+01 -0.8930045612398594E+00 -0.4975160700752554E+00  0.0000000000000000E+00
  0.0000000000000000E+00 -0.7622572327758501E-01 -0.7346156365512377E-01  0.1461073859389351E-01  0.1641960713023703E+00  0.3283930449837048E+00  0.4662154594088044E+00  0.5521190844775464E+00  0.5768555022231898E+00  0.5432702080789211E+00  0.4659473170510951E+00  0.3639435335175045E+00  0.2594455753588598E+00  0.1554128016738281E+00  0.1141905317116936E-01 -0.2657414031235323E+00 -0.7149054635861296E+00 -0.9940047985678148E+00 -0.9980868478216690E+00 -0.5759741622831568E+00  0.0000000000000000E+00
  0.0000000000000000E+00  0.2257740436423633E-01  0.8679207691048205E-01  0.1618768832345105E+00  0.2528679259632516E+00  0.3541131411184296E+00  0.4479495503294206E+00  0.5154708605015672E+00  0.5453486533739457E+00  0.5352613093641154E+00  0.4938274561470788E+00  0.4326822084061561E+00  0.3684295072980843E+00  0.3042211727982039E+00  0.2320683357218259E+00  0.8300895845292193E-01 -0.2928893032769471E+00 -0.6561964715310791E+00 -0.8687861506994753E+00 -0.5151992382628623E+00  0.0000000000000000E+00
  0.0000000000000000E+00  0.4265009682722843E+00  0.5528211878043012E+00  0.6119456649638099E+00  0.6369240681416720E+00  0.6551708313194942E+00  0.6720158999877444E+00  0.6817678315900694E+00  0.6783921582001804E+00  0.6590515380259960E+00  0.6278785013395531E+00  0.5884155592091690E+00  0.5513756748773611E+00  0.5127536375925481E+00  0.4884829194604804E+00  0.4421422073906153E+00  0.2966226349356567E+00  0.1221312085170382E+00 -0.1528964845603725E+00 -0.4492213997668396E-01  0.0000000000000000E+00
  0.3000000000000000E+01  0.1743074499547383E+01  0.1428328513497578E+01  0.1326039888343081E+01  0.1342095721538235E+01  0.1388600647159947E+01  0.1431901850366188E+01  0.1470167365731359E+01  0.1510172178773405E+01  0.1558106695286127E+01  0.1610191952128419E+01  0.1667435530778649E+01  0.1714302482666001E+01  0.1765960260020560E+01  0.1766619577340385E+01  0.1756582336281076E+01  0.1817242791916083E+01  0.1977409902917806E+01  0.2589903302981642E+01  0.2619567181667189E+01  0.3000000000000000E+01
