  0.0000000000000000E+00  0.5553676013514183E-02  0.2065536654615510E-01  0.7275281242340065E-01  0.1415853460932743E+00  0.1991479604632095E+00  0.1989890805472216E+00  0.9826698337481543E-01 -0.9954597816197541E-01 -0.3531169411773959E+00 -0.5953810747288492E+00 -0.7482936151054113E+00 -0.7560763388407983E+00 -0.6355448671478269E+00 -0.4637917521094864E+00 -0.2965025640502054E+00 -0.1571885563522463E+00 -0.5440633834109970E-01  0.7519687014192283E-02  0.1856614587985518E-01  0.0000000000000000E+00
  0.0000000000000000E+00 -0.2360278486042893E-01 -0.6542037661813692E-01 -0.1223083037440652E+00 -0.1808081510633915E+00 -0.2223855669115421E+00 -0.2286521122415943E+00 -0.1810590378307402E+00 -0.8115017950216941E-01  0.5566628351337844E-01  0.2000087962729487E+00  0.3182031887990054E+00  0.3814893471011110E+00  0.3855084560454811E+00  0.3481162648368226E+00  0.2854150437203472E+00  0.2081731938686090E+00  0.1294933962614955E+00  0.6137877879141294E-01  0.2184082916731583E-01  0.0000000000000000E+00
  0.0000000000000000E+00 -0.6525467856777260E-01 -0.1756057633082556E+00 -0.2941720988087950E+00 -0.4008391070969003E+00 -0.4680087402714168E+00 -0.4869672561775615E+00 -0.4449101301174053E+00 -0.3429965166684836E+00 -0.1861180906372606E+00  0.4645314089996810E-02  0.2063159512916051E+00  0.3883917024625347E+00  0.5209805009886163E+00  0.5805570424009815E+00  0.5597425671108363E+00  0.4673310252535807E+00  0.3340738504433867E+00  0.1916560233884311E+00  0.8408863338180265E-01  0.0000000000000000E+00
  0.0000000000000000E+00 -0.8237586909561524E-01 -0.2659788628309974E+00 -0.4219988234011685E+00 -0.5585469477244721E+00 -0.6444181325096469E+00 -0.6862037469202208E+00 -0.6715794952332137E+00 -0.6060323896192217E+00 -0.4858078365545940E+00 -0.3222479562984822E+00 -0.1243215191453232E+00  0.8375385464988441E-01  0.2726165667416233E+00  0.4126626399875001E+00  0.4832473095760629E+00  0.4708433717020101E+00  0.3844332863039621E+00  0.2473236768232289E+00  0.1108417712382801E+00  0.0000000000000000E+00
  0.0000000000000000E+00 -0.7599619119370710E-01 -0.3108389730484046E+00 -0.4829369505673824E+00 -0.6403839401731022E+00 -0.7430870022041720E+00 -0.8117077803906331E+00 -0.8296384191448678E+00 -0.8063316111021043E+00 -0.7309273792432230E+00 -0.6076810943757587E+00 -0.4356475064858740E+00 -0.2349898448882795E+00 -0.3842982489192592E-01  0.1234312376194196E+00  0.2380755334231703E+00  0.2934283368183950E+00  0.2798712690448640E+00  0.1955945218053531E+00  0.9390223976948875E-01  0.0000000000000000E+00
  0.0000000000000000E+00 -0.5902310954210659E-01 -0.3013260262898442E+00 -0.4707622532454414E+00 -0.6348045017848287E+00 -0.7452703347388977E+00 -0.8329698575480482E+00 -0.8793537401119534E+00 -0.8983791858429371E+00 -0.8774925123703690E+00 -0.8131127569286244E+00 -0.6889435254234573E+00 -0.5087327135652217E+00 -0.3080756428977713E+00 -0.1364465140322491E+00 -0.1076463339374875E-01  0.7517222464847283E-01  0.1138688630590371E+00  0.8929465341810276E-01  0.5190939423217757E-01  0.0000000000000000E+00
  0.0000000000000000E+00 -0.3635718451153934E-01 -0.2443467907458362E+00 -0.4014336530726649E+00 -0.5622360236552751E+00 -0.6763806079601811E+00 -0.7763815891767406E+00 -0.8428064901308330E+00 -0.8917693734453749E+00 -0.9166611231464949E+00 -0.9145703583466602E+00 -0.8591586578137625E+00 -0.7251953776926989E+00 -0.5274330008297978E+00 -0.3313926947453604E+00 -0.1891706308889188E+00 -0.9221602330292317E-01 -0.2726570424026474E-01 -0.3258680471050021E-02  0.1179147008184478E-01  0.0000000000000000E+00
  0.0000000000000000E+00 -0.4875011352732516E-03 -0.1486601859699422E+00 -0.2898804159458931E+00 -0.4426089001605861E+00 -0.5595051032099952E+00 -0.6674092149868143E+00 -0.7463842569002548E+00 -0.8101267827410874E+00 -0.8604171624552591E+00 -0.9043749576464435E+00 -0.9218818086924687E+00 -0.8646095150942766E+00 -0.7033840631130766E+00 -0.4839101112681412E+00 -0.2971658501275462E+00 -0.1747813050403466E+00 -0.9228484905082152E-01 -0.3791239818459139E-01  0.2244858407598907E-02  0.0000000000000000E+00
  0.0000000000000000E+00  0.5571364618890262E-01 -0.2756669283608655E-01 -0.1488939272872657E+00 -0.2918394248467301E+00 -0.4116931840188888E+00 -0.5268498591751343E+00 -0.6170727755946961E+00 -0.6889213696868868E+00 -0.7474444069713529E+00 -0.8104948284889140E+00 -0.8796669465751142E+00 -0.9081741009505470E+00 -0.8267556294659216E+00 -0.6251867792706065E+00 -0.3904772876074425E+00 -0.2111056788209945E+00 -0.9445950136350609E-01 -0.2093856397801041E-01  0.2285781460842288E-01  0.0000000000000000E+00
  0.0000000000000000E+00  0.1201192569354138E+00  0.9869097564216062E-01  0.9391273078091490E-02 -0.1181055255471565E+00 -0.2367344363565188E+00 -0.3557718962110621E+00 -0.4567707505404843E+00 -0.5386681220241742E+00 -0.6032751362668805E+00 -0.6696070285386254E+00 -0.7610462092608502E+00 -0.8564525462841923E+00 -0.8750005235834020E+00 -0.7475364767716257E+00 -0.5110969562716018E+00 -0.2771423657620597E+00 -0.1068074894651994E+00 -0.4860822841855380E-02  0.4352397794917165E-01  0.0000000000000000E+00
  0.0000000000000000E+00  0.1646424428856440E+00  0.2055460557133098E+00  0.1677307852655293E+00  0.6995433683429088E-01 -0.3659013923287439E-01 -0.1503055673306431E+00 -0.2566397963430352E+00 -0.3505170675406565E+00 -0.4288945855496714E+00 -0.5023093511673176E+00 -0.6009089235672532E+00 -0.7346814467614099E+00 -0.8433267535066421E+00 -0.8221188889348234E+00 -0.6411296230320035E+00 -0.3927006443244370E+00 -0.1768708334403627E+00 -0.3367758860817710E-01  0.3413463148463163E-01  0.0000000000000000E+00
  0.0000000000000000E+00  0.1736113407332174E+00  0.2738785561704762E+00  0.3059536884338186E+00  0.2581587647246598E+00  0.1788968478740680E+00  0.8212177631945153E-01 -0.1987384562142948E-01 -0.1216396810482162E+00 -0.2182671585393866E+00 -0.3106677338693666E+00 -0.4203523499465512E+00 -0.5732552384360274E+00 -0.7480072623393710E+00 -0.8385172550115052E+00 -0.7520041430125076E+00 -0.5304720274626145E+00 -0.2923792086926105E+00 -0.1075114102192121E+00 -0.9657051933515131E-02  0.0000000000000000E+00
  0.0000000000000000E+00  0.1495394815711265E+00  0.2931289107508890E+00  0.4022137904005770E+00  0.4233446324393839E+00  0.3887854823432988E+00  0.3211675015334414E+00  0.2340721580879488E+00  0.1326921688621534E+00  0.2099367753612731E-01 -0.9689202500290084E-01 -0.2288370689138498E+00 -0.3951839701026950E+00 -0.6098435080443148E+00 -0.7993340830281654E+00 -0.8315147904875680E+00 -0.6726856663260690E+00 -0.4337062091355969E+00 -0.2153819027065068E+00 -0.7838689048276069E-01  0.0000000000000000E+00
  0.0000000000000000E+00  0.1032874432475624E+00  0.2620751875546775E+00  0.4364535024588914E+00  0.5360929275761388E+00  0.5631989244802785E+00  0.5379404968733288E+00  0.4756563799911910E+00  0.3831292200017962E+00  0.2636475559584535E+00  0.1226608518955880E+00 -0.3688053298619287E-01 -0.2173195044418678E+00 -0.4489150090847875E+00 -0.7095076579754261E+00 -0.8688537445150203E+00 -0.8104652588995916E+00 -0.5946728679284580E+00 -0.3551551723018789E+00 -0.1653604684365812E+00  0.0000000000000000E+00
  0.0000000000000000E+00  0.4489709442881534E-01  0.1891553698816888E+00  0.3963838180859642E+00  0.5653558179766429E+00  0.6626137085153214E+00  0.6920986884176208E+00  0.6655208690325384E+00  0.5909535897501839E+00  0.4725867869477413E+00  0.3174958453935982E+00  0.1367182599357633E+00 -0.5370788544324193E-01 -0.2821532704996610E+00 -0.5754808218861388E+00 -0.8482864031855796E+00 -0.9262465688914094E+00 -0.7680527052160108E+00 -0.5237065852075231E+00 -0.2674586181414935E+00  0.0000000000000000E+00
  0.0000000000000000E+00 -0.1836617815492227E-01  0.8784550205589148E-01  0.2837692888815189E+00  0.4911593525681227E+00  0.6500454236069407E+00  0.7389641871912159E+00  0.7569769310980610E+00  0.7096182756120629E+00  0.6030450247833209E+00  0.4490515167996473E+00  0.2661744957967046E+00  0.8153015040879855E-01 -0.1224233358726850E+00 -0.4038686569244611E+00 -0.7500048922604453E+00 -0.9859701645038563E+00 -0.9329840988796948E+00 -0.7115938255657677E+00 -0.3817238613722554E+00  0.0000000000000000E+00
  0.0000000000000000E+00 -0.7345257753618468E-01 -0.2386931374641572E-01  0.1232746750029755E+00  0.3230741814243582E+00  0.5100729791145140E+00  0.6431332875151535E+00  0.7048528058834973E+00  0.6935572871549315E+00  0.6158808524005041E+00  0.4884332486935852E+00  0.3339897946141817E+00  0.1804762877505491E+00  0.2220316946394479E-01 -0.2036660877518413E+00 -0.5558080485876064E+00 -0.9360257624852037E+00 -0.1039993000441608E+01 -0.8930045767575812E+00 -0.4975160849843715E+00  0.0000000000000000E+00
  0.0000000000000000E+00 -0.7622575077368199E-01 -0.7346162874818370E-01  0.1461070368853093E-01  0.1641961461124025E+00  0.3283932508574035E+00  0.4662157761009216E+00  0.5521195057595213E+00  0.5768560462838801E+00  0.5432708968251386E+00  0.4659481187032989E+00  0.3639443451733010E+00  0.2594462033683222E+00  0.1554131225559228E+00  0.1141918985834471E-01 -0.2657412527871307E+00 -0.7149053238063219E+00 -0.9940047524895113E+00 -0.9980868477058620E+00 -0.5759741669192908E+00  0.0000000000000000E+00
  0.0000000000000000E+00  0.2257743041729498E-01  0.8679208803909361E-01  0.1618768863352752E+00  0.2528679750060374E+00  0.3541132901271398E+00  0.4479498236550689E+00  0.5154712657684299E+00  0.5453491912232649E+00  0.5352619659151674E+00  0.4938281800649055E+00  0.4326829090817815E+00  0.3684300583789143E+00  0.3042214656485476E+00  0.2320684109723969E+00  0.8300899122017251E-01 -0.2928892307218072E+00 -0.6561964289093114E+00 -0.8687861478799176E+00 -0.5151992422544317E+00  0.0000000000000000E+00
  0.0000000000000000E+00  0.4265009972697008E+00  0.5528212192053599E+00  0.6119456908501281E+00  0.6369241075625670E+00  0.6551709121487131E+00  0.6720160427456103E+00  0.6817680445257662E+00  0.6783924383476311E+00  0.6590518703000259E+00  0.6278788556640909E+00  0.5884158968525460E+00  0.5513759458058564E+00  0.5127538049095541E+00  0.4884829679359198E+00  0.4421422046632285E+00  0.2966226446292887E+00  0.1221312189506629E+00 -0.1528964855955107E+00 -0.4492214695443717E-01  0.0000000000000000E+00
  0.3000000000000000E+01  0.1743074438608193E+01  0.1428328430423014E+01  0.1326039813784891E+01  0.1342095652318336E+01  0.1388600553681000E+01  0.1431901695418238E+01  0.1470167132191131E+01  0.1510171876180372E+01  0.1558106355015090E+01  0.1610191613072633E+01  0.1667435218524143E+01  0.1714302220961345E+01  0.1765960050919885E+01  0.1766619507164638E+01  0.1756582377230487E+01  0.1817242835390327E+01  0.1977409914238700E+01  0.2589903308906614E+01  0.2619567198608880E+01  0.3000000000000000E+01
