  0.0000000000000000E+00 -0.2556161361674351E-02 -0.1974317254407232E-01 -0.2092390478431827E-01 -0.2232422903754250E-01 -0.5405972027628347E-01 -0.1460607876506811E+00 -0.3051140129864624E+00 -0.5073098167414265E+00 -0.6971124262086005E+00 -0.8149268291637128E+00 -0.8138907690244684E+00 -0.7057803952502717E+00 -0.5459042569403529E+00 -0.3804540732447108E+00 -0.2340168271367414E+00 -0.1169166473120303E+00 -0.3337182755987811E-01  0.1361083836039009E-01  0.1615721699714872E-01  0.0000000000000000E+00
  0.0000000000000000E+00 -0.1500942019814486E-01 -0.3193224372836246E-01 -0.5842740318669698E-01 -0.8206841431494714E-01 -0.8424813486974085E-01 -0.5191643496941855E-01  0.2075567566468793E-01  0.1235847663099164E+00  0.2358407067515944E+00  0.3306603775990869E+00  0.3858005836222040E+00  0.3956746196665716E+00  0.3705666600431265E+00  0.3207497314649421E+00  0.2548303730985845E+00  0.1807347161090458E+00  0.1100729803975976E+00  0.5144060850523055E-01  0.2066241208651311E-01  0.0000000000000000E+00
  0.0000000000000000E+00 -0.4758442195610894E-01 -0.1155399037291597E+00 -0.1962061143444092E+00 -0.2685294719823839E+00 -0.3068041248855060E+00 -0.3018100925589367E+00 -0.2428469859923986E+00 -0.1365555178116774E+00  0.1040969404618257E-01  0.1770543036335480E+00  0.3435109818421435E+00  0.4812434637494431E+00  0.5657957231890265E+00  0.5817951211501153E+00  0.5304742921590121E+00  0.4252875010151072E+00  0.2968471136329146E+00  0.1679326638760817E+00  0.7814445325668806E-01  0.0000000000000000E+00
  0.0000000000000000E+00 -0.7600371724790689E-01 -0.2215675527638750E+00 -0.3566795573840152E+00 -0.4771832964734783E+00 -0.5507105385904764E+00 -0.5803225304532481E+00 -0.5523575822385610E+00 -0.4758783281044214E+00 -0.3465329429872628E+00 -0.1802566997431686E+00  0.1258856096444803E-01  0.2034882353411139E+00  0.3643783437895954E+00  0.4696970558019673E+00  0.5050936433688654E+00  0.4647195630022556E+00  0.3667293693582031E+00  0.2315142348878500E+00  0.1097256024929112E+00  0.0000000000000000E+00
  0.0000000000000000E+00 -0.7738914097082873E-01 -0.2943354598632479E+00 -0.4607972312700712E+00 -0.6148016330097720E+00 -0.7128660716229622E+00 -0.7743395699558063E+00 -0.7790033845487281E+00 -0.7395270907125339E+00 -0.6426131763168627E+00 -0.5007827424500736E+00 -0.3181682190788457E+00 -0.1225470014551739E+00  0.5821607335933471E-01  0.2009011948201143E+00  0.2938615649487795E+00  0.3246841318047793E+00  0.2928284336626977E+00  0.2002802611334826E+00  0.1005482414752152E+00  0.0000000000000000E+00
  0.0000000000000000E+00 -0.6400013088535429E-01 -0.3190540828440821E+00 -0.4965401601076043E+00 -0.6713051547806035E+00 -0.7864263501160195E+00 -0.8774434425847006E+00 -0.9180390319294425E+00 -0.9249133454069934E+00 -0.8769294038104648E+00 -0.7770798449394046E+00 -0.6178744113624556E+00 -0.4219466400185008E+00 -0.2269472975349469E+00 -0.6734651798137915E-01  0.4926930291682685E-01  0.1225757790300638E+00  0.1467635236646013E+00  0.1100555753380593E+00  0.6531508513894597E-01  0.0000000000000000E+00
  0.0000000000000000E+00 -0.4390444692291007E-01 -0.2881286392670984E+00 -0.4580852441966814E+00 -0.6346746278607436E+00 -0.7544318123367741E+00 -0.8616695914215610E+00 -0.9288966393611021E+00 -0.9765259076885683E+00 -0.9853705146045232E+00 -0.9500490142297041E+00 -0.8464658935841101E+00 -0.6724518570352673E+00 -0.4629916548900031E+00 -0.2766785540575467E+00 -0.1423381467262965E+00 -0.4973567181861125E-01  0.7398725741402394E-02  0.1976048050361811E-01  0.2561235179165083E-01  0.0000000000000000E+00
  0.0000000000000000E+00 -0.1509998835942801E-01 -0.2095218498666530E+00 -0.3638172732983306E+00 -0.5322384458037959E+00 -0.6528594563870959E+00 -0.7679877019945217E+00 -0.8508616068633861E+00 -0.9219571587338476E+00 -0.9724456703310684E+00 -0.1000469352444427E+01 -0.9760881800579979E+00 -0.8636458885480643E+00 -0.6642779065231671E+00 -0.4407243857582954E+00 -0.2652304089629998E+00 -0.1492547681270887E+00 -0.7168614875466517E-01 -0.2580844994018061E-01  0.8230442219492946E-02  0.0000000000000000E+00
  0.0000000000000000E+00  0.3154682292744903E-01 -0.9536684690577733E-01 -0.2306153451785030E+00 -0.3874978863748996E+00 -0.5091227091961228E+00 -0.6286439475320815E+00 -0.7203054199850470E+00 -0.7989060308807852E+00 -0.8655827555261282E+00 -0.9311511970512042E+00 -0.9808107751665663E+00 -0.9626545634070927E+00 -0.8277979380134611E+00 -0.5977108305611283E+00 -0.3653977224315453E+00 -0.1971354743183668E+00 -0.8852988689416488E-01 -0.2138941960912532E-01  0.1994495611998886E-01  0.0000000000000000E+00
  0.0000000000000000E+00  0.9588440038615947E-01  0.3621930739065025E-01 -0.7265032888349421E-01 -0.2160503029868015E+00 -0.3385514536163052E+00 -0.4622308382460316E+00 -0.5633301593095248E+00 -0.6468991611486130E+00 -0.7158100252936840E+00 -0.7889893148334169E+00 -0.8783169804864314E+00 -0.9479108263452833E+00 -0.9189873084628710E+00 -0.7478247579952444E+00 -0.4940788686029214E+00 -0.2641117570991115E+00 -0.1028065971020437E+00 -0.7800468491792287E-02  0.3822604360106525E-01  0.0000000000000000E+00
  0.0000000000000000E+00  0.1543425593573169E+00  0.1603611367592621E+00  0.9421050918134112E-01 -0.2617515146223678E-01 -0.1426141169621873E+00 -0.2649220947346820E+00 -0.3738274930117851E+00 -0.4666341037003858E+00 -0.5423220043363308E+00 -0.6154839591195892E+00 -0.7144570459329990E+00 -0.8379252628437368E+00 -0.9150775596971179E+00 -0.8519542372138379E+00 -0.6412777785391932E+00 -0.3836025436336505E+00 -0.1700791842255125E+00 -0.3217190073845144E-01  0.3230946922578629E-01  0.0000000000000000E+00
  0.0000000000000000E+00  0.1815663561456448E+00  0.2535068383442014E+00  0.2508105749019286E+00  0.1719647035884862E+00  0.7497086582458277E-01 -0.3509570348931880E-01 -0.1435871584449586E+00 -0.2453054722184771E+00 -0.3362928090840983E+00 -0.4209304443373989E+00 -0.5242232776225848E+00 -0.6711392873638193E+00 -0.8283153002189670E+00 -0.8868975917702770E+00 -0.7693928172882084E+00 -0.5310872709633001E+00 -0.2879499220547870E+00 -0.1039191455298771E+00 -0.8413281877054526E-02  0.0000000000000000E+00
  0.0000000000000000E+00  0.1714748785849427E+00  0.2994790398732917E+00  0.3744609266216486E+00  0.3586961330617729E+00  0.2987306915886244E+00  0.2134011151659263E+00  0.1162521867509488E+00  0.1231297138296546E-01 -0.9454845504296666E-01 -0.2020050166262738E+00 -0.3212184045356618E+00 -0.4789250627774608E+00 -0.6839120357917745E+00 -0.8533399416201838E+00 -0.8591980807211883E+00 -0.6817591806420137E+00 -0.4345268129346130E+00 -0.2131544842518293E+00 -0.7678363606095888E-01  0.0000000000000000E+00
  0.0000000000000000E+00  0.1326753153320991E+00  0.2920701494836990E+00  0.4429690816832816E+00  0.5067686253934230E+00  0.5032677385235995E+00  0.4558180789093348E+00  0.3800702367009473E+00  0.2822695324175827E+00  0.1654475703978738E+00  0.3367354514912808E-01 -0.1121736623893559E+00 -0.2820839659948918E+00 -0.5071853080867496E+00 -0.7580583327509167E+00 -0.8995102679191856E+00 -0.8237930690044281E+00 -0.5994427497133608E+00 -0.3550627650561463E+00 -0.1646137046433585E+00  0.0000000000000000E+00
  0.0000000000000000E+00  0.7611687563939912E-01  0.2345393081137263E+00  0.4376353835568284E+00  0.5816535288852062E+00  0.6494464325677066E+00  0.6542278616726656E+00  0.6110413367630557E+00  0.5282487854082392E+00  0.4094989708655669E+00  0.2600685807981241E+00  0.8858036934252761E-01 -0.9520199617073738E-01 -0.3205480749529312E+00 -0.6114463952041551E+00 -0.8758254248778328E+00 -0.9403234440191441E+00 -0.7745250725063699E+00 -0.5251015765727324E+00 -0.2675150788300034E+00  0.0000000000000000E+00
  0.0000000000000000E+00  0.1001784110203024E-01  0.1385440702522270E+00  0.3521339592952203E+00  0.5549529991236835E+00  0.6950683349567937E+00  0.7621926738086113E+00  0.7624603053781874E+00  0.7039008076970721E+00  0.5924612006012039E+00  0.4377565598852085E+00  0.2550543263849125E+00  0.6721302383586318E-01 -0.1407470160534884E+00 -0.4253480203857335E+00 -0.7709539540914783E+00 -0.9984850814752009E+00 -0.9395688315157400E+00 -0.7135868356754342E+00 -0.3822430390081103E+00  0.0000000000000000E+00
  0.0000000000000000E+00 -0.5448522748296594E-01  0.2044750489254678E-01  0.1992039555572825E+00  0.4170348787417333E+00  0.6055853523594316E+00  0.7293692881577160E+00  0.7778643020066459E+00  0.7537163467935587E+00  0.6648345903594701E+00  0.5268167532758766E+00  0.3603105389721664E+00  0.1917222374443689E+00  0.2024749752554732E-01 -0.2133525263021420E+00 -0.5699308110878251E+00 -0.9461791319719414E+00 -0.1045967596985628E+01 -0.8950269728161129E+00 -0.4982141117750665E+00  0.0000000000000000E+00
  0.0000000000000000E+00 -0.7532941388779382E-01 -0.5630082325825002E-01  0.6051721789114219E-01  0.2386177869215974E+00  0.4215834902881164E+00  0.5664469750822434E+00  0.6500574771811095E+00  0.6663829916424340E+00  0.6203227287729440E+00  0.5275045283726515E+00  0.4074280995473745E+00  0.2831427487554652E+00  0.1615903852793336E+00  0.7886509525060374E-02 -0.2750623311792195E+00 -0.7227848173054546E+00 -0.9991774197962593E+00 -0.9998778793109111E+00 -0.5766545903586220E+00  0.0000000000000000E+00
  0.0000000000000000E+00  0.1020891012757323E-01  0.7573076018665297E-01  0.1621856322437907E+00  0.2741597466182272E+00  0.3970117818889887E+00  0.5066114388419856E+00  0.5816818126944613E+00  0.6112666785888230E+00  0.5943860730622353E+00  0.5414801475541723E+00  0.4660643853228050E+00  0.3868086643353043E+00  0.3091743864002302E+00  0.2296272107282799E+00  0.7639430909554344E-01 -0.2984028786931139E+00 -0.6600561361403401E+00 -0.8700739514610629E+00 -0.5155727995131447E+00  0.0000000000000000E+00
  0.0000000000000000E+00  0.4215388888781076E+00  0.5439709743676298E+00  0.6050190198918050E+00  0.6376493659340672E+00  0.6662050821819852E+00  0.6924906983249012E+00  0.7082437385308077E+00  0.7064285212753877E+00  0.6846977606664653E+00  0.6484967962700381E+00  0.6029609211999009E+00  0.5596437384209352E+00  0.5158835339164314E+00  0.4880819208938882E+00  0.4400605577927040E+00  0.2949605553029139E+00  0.1206532178766110E+00 -0.1533989925239768E+00 -0.4488722432968630E-01  0.0000000000000000E+00
  0.3000000000000000E+01  0.1745592243493250E+01  0.1443817837083764E+01  0.1347128572568376E+01  0.1361211648816026E+01  0.1398396535343033E+01  0.1429139343867282E+01  0.1456950597102038E+01  0.1491981114762660E+01  0.1540292791062840E+01  0.1595989758744058E+01  0.1657181621723102E+01  0.1707877449072499E+01  0.1761523784650936E+01  0.1765381448046615E+01  0.1756212635717431E+01  0.1816715455398145E+01  0.1977984210229827E+01  0.2590123026110867E+01  0.2619088873475914E+01  0.3000000000000000E+01
