  0.0000000000000000E+00  0.5553676495411997E-02  0.2065536686635228E-01  0.7275281194921895E-01  0.1415853441441874E+00  0.1991479560307492E+00  0.1989890726974092E+00  0.9826697257668698E-01 -0.9954599047227447E-01 -0.3531169530113925E+00 -0.5953810839404762E+00 -0.7482936199837251E+00 -0.7560763390858738E+00 -0.6355448649635727E+00 -0.4637917496109493E+00 -0.2965025620505093E+00 -0.1571885550351709E+00 -0.5440633767334269E-01  0.7519687155241456E-02  0.1856614571142223E-01  0.0000000000000000E+00
  0.0000000000000000E+00 -0.2360278494239893E-01 -0.6542037628193680E-01 -0.1223083027735619E+00 -0.1808081492718195E+00 -0.2223855640464784E+00 -0.2286521080222653E+00 -0.1810590324406995E+00 -0.8115017350479002E-01  0.5566628931035332E-01  0.2000088009846736E+00  0.3182031917304881E+00  0.3814893480708952E+00  0.3855084557441421E+00  0.3481162639810999E+00  0.2854150426802869E+00  0.2081731928812368E+00  0.1294933955449480E+00  0.6137877842677045E-01  0.2184082916959679E-01  0.0000000000000000E+00
  0.0000000000000000E+00 -0.6525467833178479E-01 -0.1756057619794581E+00 -0.2941720963714669E+00 -0.4008391036712711E+00 -0.4680087361086861E+00 -0.4869672513693866E+00 -0.4449101247454115E+00 -0.3429965109866445E+00 -0.1861180850803325E+00  0.4645319013544582E-02  0.2063159552077392E+00  0.3883917051268118E+00  0.5209805022688534E+00  0.5805570423323504E+00  0.5597425659903514E+00  0.4673310236085395E+00  0.3340738489615014E+00  0.1916560224355528E+00  0.8408863322021262E-01  0.0000000000000000E+00
  0.0000000000000000E+00 -0.8237586909225224E-01 -0.2659788618121497E+00 -0.4219988218926462E+00 -0.5585469460090934E+00 -0.6444181307754694E+00 -0.6862037450845803E+00 -0.6715794931471910E+00 -0.6060323872431287E+00 -0.4858078338910387E+00 -0.3222479534859906E+00 -0.1243215163371770E+00  0.8375385722689738E-01  0.2726165688619572E+00  0.4126626413943838E+00  0.4832473100634986E+00  0.4708433712979618E+00  0.3844332855350658E+00  0.2473236761622074E+00  0.1108417712889495E+00  0.0000000000000000E+00
  0.0000000000000000E+00 -0.7599619136676267E-01 -0.3108389727507744E+00 -0.4829369503415849E+00 -0.6403839401551092E+00 -0.7430870023641880E+00 -0.8117077805683881E+00 -0.8296384191122544E+00 -0.8063316106857455E+00 -0.7309273782138309E+00 -0.6076810926946320E+00 -0.4356475042959138E+00 -0.2349898425641314E+00 -0.3842982268243766E-01  0.1234312396432184E+00  0.2380755350705715E+00  0.2934283377970285E+00  0.2798712694753395E+00  0.1955945219909224E+00  0.9390224014819938E-01  0.0000000000000000E+00
  0.0000000000000000E+00 -0.5902310981154409E-01 -0.3013260268781624E+00 -0.4707622543321549E+00 -0.6348045033974390E+00 -0.7452703367294761E+00 -0.8329698598433688E+00 -0.8793537425057485E+00 -0.8983791881362043E+00 -0.8774925141011960E+00 -0.8131127576752186E+00 -0.6889435249866642E+00 -0.5087327123029157E+00 -0.3080756413308799E+00 -0.1364465123200461E+00 -0.1076463154271733E-01  0.7517222632371852E-01  0.1138688643608547E+00  0.8929465433436339E-01  0.5190939493378364E-01  0.0000000000000000E+00
  0.0000000000000000E+00 -0.3635718482937875E-01 -0.2443467918967997E+00 -0.4014336548244566E+00 -0.5622360259129674E+00 -0.6763806104853242E+00 -0.7763815919734914E+00 -0.8428064931237389E+00 -0.8917693766073214E+00 -0.9166611261239801E+00 -0.9145703605923983E+00 -0.8591586587872091E+00 -0.7251953774146168E+00 -0.5274329998656316E+00 -0.3313926935452674E+00 -0.1891706294206383E+00 -0.9221602165719583E-01 -0.2726570272480074E-01 -0.3258679371700810E-02  0.1179147082573857E-01  0.0000000000000000E+00
  0.0000000000000000E+00 -0.4875015500064339E-03 -0.1486601873520367E+00 -0.2898804179176160E+00 -0.4426089025416045E+00 -0.5595051057587679E+00 -0.6674092177766832E+00 -0.7463842599635374E+00 -0.8101267861941220E+00 -0.8604171661368888E+00 -0.9043749610704341E+00 -0.9218818111170655E+00 -0.8646095161097667E+00 -0.7033840629924065E+00 -0.4839101106575530E+00 -0.2971658493123945E+00 -0.1747813040376539E+00 -0.9228484805252722E-01 -0.3791239752444960E-01  0.2244858784294386E-02  0.0000000000000000E+00
  0.0000000000000000E+00  0.5571364573237208E-01 -0.2756669413516492E-01 -0.1488939291980862E+00 -0.2918394271040776E+00 -0.4116931863917160E+00 -0.5268498617122925E+00 -0.6170727783171686E+00 -0.6889213727514547E+00 -0.7474444104095169E+00 -0.8104948320665645E+00 -0.8796669496737605E+00 -0.9081741029722324E+00 -0.8267556302731767E+00 -0.6251867792997038E+00 -0.3904772873486076E+00 -0.2111056785304912E+00 -0.9445950113877995E-01 -0.2093856396487890E-01  0.2285781450744069E-01  0.0000000000000000E+00
  0.0000000000000000E+00  0.1201192567111291E+00  0.9869097470161868E-01  0.9391271403345841E-02 -0.1181055276576089E+00 -0.2367344386629867E+00 -0.3557718987080802E+00 -0.4567707531969744E+00 -0.5386681249153121E+00 -0.6032751394386573E+00 -0.6696070319102866E+00 -0.7610462124358731E+00 -0.8564525487590056E+00 -0.8750005250564168E+00 -0.7475364774071969E+00 -0.5110969564071406E+00 -0.2771423657794071E+00 -0.1068074895939647E+00 -0.4860823119669551E-02  0.4352397762680061E-01  0.0000000000000000E+00
  0.0000000000000000E+00  0.1646424430809114E+00  0.2055460553027328E+00  0.1677307839752162E+00  0.6995433489684166E-01 -0.3659014155739489E-01 -0.1503055699791767E+00 -0.2566397992142705E+00 -0.3505170705603169E+00 -0.4288945886694701E+00 -0.5023093543266163E+00 -0.6009089265304258E+00 -0.7346814492246756E+00 -0.8433267552071255E+00 -0.8221188899438115E+00 -0.6411296235071339E+00 -0.3927006444838627E+00 -0.1768708335627548E+00 -0.3367758879538814E-01  0.3413463125083430E-01  0.0000000000000000E+00
  0.0000000000000000E+00  0.1736113413066512E+00  0.2738785563416807E+00  0.3059536876818973E+00  0.2581587631041760E+00  0.1788968456314529E+00  0.8212177359149522E-01 -0.1987384865484623E-01 -0.1216396841984042E+00 -0.2182671616634791E+00 -0.3106677368511673E+00 -0.4203523525956269E+00 -0.5732552406140742E+00 -0.7480072638944347E+00 -0.8385172560475760E+00 -0.7520041436480466E+00 -0.5304720277609782E+00 -0.2923792088137913E+00 -0.1075114103020979E+00 -0.9657052028316310E-02  0.0000000000000000E+00
  0.0000000000000000E+00  0.1495394823817802E+00  0.2931289114711047E+00  0.4022137903435173E+00  0.4233446314068886E+00  0.3887854804886525E+00  0.3211674990443852E+00  0.2340721552030664E+00  0.1326921658349970E+00  0.2099367459489610E-01 -0.9689202767991828E-01 -0.2288370711456170E+00 -0.3951839718551418E+00 -0.6098435092347477E+00 -0.7993340838234542E+00 -0.8315147910454256E+00 -0.6726856666601706E+00 -0.4337062092854148E+00 -0.2153819027786370E+00 -0.7838689052588328E-01  0.0000000000000000E+00
  0.0000000000000000E+00  0.1032874441611665E+00  0.2620751887215032E+00  0.4364535032273532E+00  0.5360929274884118E+00  0.5631989234945672E+00  0.5379404951449487E+00  0.4756563777842911E+00  0.3831292176145419E+00  0.2636475536775455E+00  0.1226608499216564E+00 -0.3688053452899753E-01 -0.2173195056254968E+00 -0.4489150098124720E+00 -0.7095076583962497E+00 -0.8688537448345584E+00 -0.8104652591450189E+00 -0.5946728680550551E+00 -0.3551551723685149E+00 -0.1653604684697358E+00  0.0000000000000000E+00
  0.0000000000000000E+00  0.4489709533845222E-01  0.1891553712966228E+00  0.3963838196544844E+00  0.5653558190854543E+00  0.6626137088752576E+00  0.6920986880500131E+00  0.6655208681559126E+00  0.5909535886582976E+00  0.4725867859308682E+00  0.3174958446312012E+00  0.1367182594369080E+00 -0.5370788589301756E-01 -0.2821532707580127E+00 -0.5754808219460801E+00 -0.8482864032235607E+00 -0.9262465689854786E+00 -0.7680527052793891E+00 -0.5237065852404617E+00 -0.2674586181638654E+00  0.0000000000000000E+00
  0.0000000000000000E+00 -0.1836617735754927E-01  0.8784550349726043E-01  0.2837692910217108E+00  0.4911593548784762E+00  0.6500454256149977E+00  0.7389641887030697E+00  0.7569769321820445E+00  0.7096182764684135E+00  0.6030450256213236E+00  0.4490515176959254E+00  0.2661744966042283E+00  0.8153015079852331E-01 -0.1224233357235043E+00 -0.4038686567615218E+00 -0.7500048921030773E+00 -0.9859701644551239E+00 -0.9329840988823561E+00 -0.7115938255584894E+00 -0.3817238613792426E+00  0.0000000000000000E+00
  0.0000000000000000E+00 -0.7345257704577914E-01 -0.2386931260626778E-01  0.1232746771109413E+00  0.3230741842977610E+00  0.5100729823487887E+00  0.6431332907681205E+00  0.7048528089902911E+00  0.6935572900816324E+00  0.6158808551393625E+00  0.4884332511380885E+00  0.3339897965187010E+00  0.1804762888066369E+00  0.2220316985400861E-01 -0.2036660875694797E+00 -0.5558080484160699E+00 -0.9360257623728095E+00 -0.1039993000414379E+01 -0.8930045767272754E+00 -0.4975160849783020E+00  0.0000000000000000E+00
  0.0000000000000000E+00 -0.7622575083685819E-01 -0.7346162849706057E-01  0.1461070468707439E-01  0.1641961480203922E+00  0.3283932535351020E+00  0.4662157792659802E+00  0.5521195091339093E+00  0.5768560496394713E+00  0.5432708999570075E+00  0.4659481213872283E+00  0.3639443471748179E+00  0.2594462044835680E+00  0.1554131228962003E+00  0.1141918988119253E-01 -0.2657412527731688E+00 -0.7149053237410845E+00 -0.9940047524754808E+00 -0.9980868476799422E+00 -0.5759741669100293E+00  0.0000000000000000E+00
  0.0000000000000000E+00  0.2257743002024583E-01  0.8679208759300816E-01  0.1618768860577255E+00  0.2528679752327826E+00  0.3541132910030420E+00  0.4479498251165152E+00  0.5154712676287743E+00  0.5453491932505117E+00  0.5352619678683250E+00  0.4938281817158935E+00  0.4326829102482986E+00  0.3684300589575776E+00  0.3042214656938223E+00  0.2320684107910235E+00  0.8300899105039636E-01 -0.2928892307606939E+00 -0.6561964289320770E+00 -0.8687861478768191E+00 -0.5151992422539803E+00  0.0000000000000000E+00
  0.0000000000000000E+00  0.4265009971076054E+00  0.5528212188780051E+00  0.6119456904879752E+00  0.6369241073366250E+00  0.6551709121804082E+00  0.6720160430653747E+00  0.6817680450774659E+00  0.6783924390197784E+00  0.6590518709640737E+00  0.6278788562077557E+00  0.5884158972029739E+00  0.5513759459282711E+00  0.5127538048364340E+00  0.4884829677671555E+00  0.4421422045130921E+00  0.2966226445721011E+00  0.1221312189207985E+00 -0.1528964856045027E+00 -0.4492214695919480E-01  0.0000000000000000E+00
  0.3000000000000000E+01  0.1743074438697430E+01  0.1428328430958993E+01  0.1326039814593800E+01  0.1342095653222908E+01  0.1388600554461817E+01  0.1431901695920391E+01  0.1470167132396377E+01  0.1510171876191176E+01  0.1558106354976104E+01  0.1610191613092626E+01  0.1667435218639377E+01  0.1714302221172764E+01  0.1765960051184520E+01  0.1766619507489557E+01  0.1756582377511120E+01  0.1817242835523003E+01  0.1977409914305527E+01  0.2589903308936689E+01  0.2619567198623604E+01  0.3000000000000000E+01
