  0.0000000000000000E+00  0.6838676334157495E-02  0.2146803424357591E-01  0.7139561734298489E-01  0.1362699545508786E+00  0.1874294383381520E+00  0.1788577914217875E+00  0.7120195376729094E-01 -0.1298770512380418E+00 -0.3817851167320300E+00 -0.6172195321328634E+00 -0.7593813941953607E+00 -0.7561210660136450E+00 -0.6301115949018582E+00 -0.4578432009939645E+00 -0.2918859314810412E+00 -0.1542845780979391E+00 -0.5309422194179869E-01  0.7595178623692050E-02  0.1801603338700029E-01  0.0000000000000000E+00
  0.0000000000000000E+00 -0.2384850946630218E-01 -0.6441174779781811E-01 -0.1195382853834493E+00 -0.1757773405063065E+00 -0.2145625954978831E+00 -0.2174849559528701E+00 -0.1671846803244272E+00 -0.6603344548861949E-01  0.6998853524964974E-01  0.2114133883313339E+00  0.3250893062056212E+00  0.3835869930645995E+00  0.3845947674529311E+00  0.3459129228148702E+00  0.2828237638719044E+00  0.2057850947881645E+00  0.1278321216336128E+00  0.6060342905394656E-01  0.2190969740026140E-01  0.0000000000000000E+00
  0.0000000000000000E+00 -0.6470685206474903E-01 -0.1717672091498784E+00 -0.2872192388073629E+00 -0.3910620669680409E+00 -0.4562583481554974E+00 -0.4735970764368228E+00 -0.4303520872059907E+00 -0.3279773877039002E+00 -0.1718195109830808E+00  0.1702063286113846E-01  0.2158865244215029E+00  0.3946399131801535E+00  0.5236727074569353E+00  0.5798955674506462E+00  0.5565853601346721E+00  0.4630707062665545E+00  0.3304021429590398E+00  0.1894054657855317E+00  0.8374512558778448E-01  0.0000000000000000E+00
  0.0000000000000000E+00 -0.8252887195707352E-01 -0.2627560729492604E+00 -0.4172048521999112E+00 -0.5528285050995253E+00 -0.6385504869797755E+00 -0.6800082277920938E+00 -0.6648868859745048E+00 -0.5987584296583877E+00 -0.4780998778168315E+00 -0.3144458236574855E+00 -0.1168562839513848E+00  0.9033520841643441E-01  0.2777623659862072E+00  0.4157854954671017E+00  0.4839674596671628E+00  0.4694064288929831E+00  0.3822512182246930E+00  0.2455842946141073E+00  0.1109327472122522E+00  0.0000000000000000E+00
  0.0000000000000000E+00 -0.7670146210859081E-01 -0.3094888664070964E+00 -0.4815306335457237E+00 -0.6391240198899748E+00 -0.7422659916364667E+00 -0.8108332203913550E+00 -0.8282944626231958E+00 -0.8040203009986634E+00 -0.7272295730676017E+00 -0.6025484360581531E+00 -0.4295171544997777E+00 -0.2287802764381593E+00 -0.3274970865560738E-01  0.1283776896283728E+00  0.2418450226940604E+00  0.2954287835899725E+00  0.2805463459124721E+00  0.1957886961649164E+00  0.9474153243094582E-01  0.0000000000000000E+00
  0.0000000000000000E+00 -0.6006780671980494E-01 -0.3025773892830264E+00 -0.4732200496972470E+00 -0.6383612884608357E+00 -0.7499023155910739E+00 -0.8382790429756822E+00 -0.8848542290245600E+00 -0.9034020049459108E+00 -0.8809742163843002E+00 -0.8141156419610703E+00 -0.6871344613961407E+00 -0.5050637251521737E+00 -0.3038231199996559E+00 -0.1320312602296022E+00 -0.6239383174853675E-02  0.7907556808401758E-01  0.1167626991528281E+00  0.9128070561768141E-01  0.5350332536815523E-01  0.0000000000000000E+00
  0.0000000000000000E+00 -0.3768417068935300E-01 -0.2476068806879683E+00 -0.4063315545575277E+00 -0.5683733457959815E+00 -0.6834544441531273E+00 -0.7841308508526635E+00 -0.8509345468070141E+00 -0.8999404142470442E+00 -0.9239576278767418E+00 -0.9197419532373047E+00 -0.8610683048025694E+00 -0.7240409676894306E+00 -0.5246499681960445E+00 -0.3281235013538965E+00 -0.1853941091092267E+00 -0.8816271465720973E-01 -0.2366222510149412E-01 -0.6962556656267826E-03  0.1353334597453542E-01  0.0000000000000000E+00
  0.0000000000000000E+00 -0.2347139052759221E-02 -0.1531543639459088E+00 -0.2961057504745293E+00 -0.4499844214298954E+00 -0.5676737041540828E+00 -0.6762794127633025E+00 -0.7558096224929219E+00 -0.8200571068903679E+00 -0.8702791314055964E+00 -0.9130243778033691E+00 -0.9277143174922268E+00 -0.8668241872979791E+00 -0.7027460445252207E+00 -0.4820655259977515E+00 -0.2949041919648301E+00 -0.1721486260729645E+00 -0.8975510801500938E-01 -0.3626435285098786E-01  0.3179487129685506E-02  0.0000000000000000E+00
  0.0000000000000000E+00  0.5342584187563236E-01 -0.3232205881184272E-01 -0.1555547698785934E+00 -0.2995672893316662E+00 -0.4201283815191167E+00 -0.5358825935923434E+00 -0.6264825681707457E+00 -0.6987383277047695E+00 -0.7574635845505437E+00 -0.8200928715807797E+00 -0.8875323258289206E+00 -0.9130985805660806E+00 -0.8285391863778532E+00 -0.6249561745271941E+00 -0.3895756200152413E+00 -0.2102055979559866E+00 -0.9376745743071301E-01 -0.2081535784068031E-01  0.2265969278105110E-01  0.0000000000000000E+00
  0.0000000000000000E+00  0.1184689200689465E+00  0.9479077356351247E-01  0.3118986356406778E-02 -0.1256908507972022E+00 -0.2451689776761020E+00 -0.3648823622954271E+00 -0.4662484827558918E+00 -0.5484045269464053E+00 -0.6130730736630507E+00 -0.6790997678610518E+00 -0.7693795051038435E+00 -0.8626715320999825E+00 -0.8785646178359390E+00 -0.7488787225006033E+00 -0.5111674938657997E+00 -0.2770281819335792E+00 -0.1070360172425363E+00 -0.5501387148872411E-02  0.4274438406889033E-01  0.0000000000000000E+00
  0.0000000000000000E+00  0.1645743088892976E+00  0.2033964895025880E+00  0.1626884916436105E+00  0.6305194554700713E-01 -0.4466333948378087E-01 -0.1592901374669106E+00 -0.2661602514296300E+00 -0.3602425921392669E+00 -0.4384822105794422E+00 -0.5113838428972920E+00 -0.6088652304095189E+00 -0.7409677406571621E+00 -0.8475431200492501E+00 -0.8244758336013686E+00 -0.6420479340937481E+00 -0.3929110296588633E+00 -0.1770961564092877E+00 -0.3412732403837503E-01  0.3353858827935059E-01  0.0000000000000000E+00
  0.0000000000000000E+00  0.1751290601025628E+00  0.2738763282215204E+00  0.3028887574189361E+00  0.2526477671515703E+00  0.1717939727923860E+00  0.7387376218880748E-01 -0.2880787631941190E-01 -0.1308120663940117E+00 -0.2272567296767505E+00 -0.3190172841184465E+00 -0.4274835335402176E+00 -0.5788543693111835E+00 -0.7519055652675988E+00 -0.8410294881627295E+00 -0.7533707057126493E+00 -0.5309988662468296E+00 -0.2925669165133554E+00 -0.1076742953061053E+00 -0.9893519142948367E-02  0.0000000000000000E+00
  0.0000000000000000E+00  0.1521069223139964E+00  0.2951984564807272E+00  0.4016728243272469E+00  0.4200587060819304E+00  0.3834941661417301E+00  0.3145001512546328E+00  0.2265806537269130E+00  0.1248684121564640E+00  0.1331838007472973E-01 -0.1039244299602222E+00 -0.2346938068773324E+00 -0.3996713817179277E+00 -0.6128474712550587E+00 -0.8013267715929415E+00 -0.8327762033827713E+00 -0.6733147570985405E+00 -0.4339468796335605E+00 -0.2154823043869445E+00 -0.7846489845043142E-01  0.0000000000000000E+00
  0.0000000000000000E+00  0.1063249349309316E+00  0.2657766315990781E+00  0.4387351138478747E+00  0.5359429772551428E+00  0.5608408968394987E+00  0.5339642727959272E+00  0.4706907757421348E+00  0.3777424209367952E+00  0.2583714185372685E+00  0.1179379098478741E+00 -0.4072887281685619E-01 -0.2203042515961336E+00 -0.4507697298439839E+00 -0.7106417308996554E+00 -0.8696382157465962E+00 -0.8109273414211734E+00 -0.5948682096633514E+00 -0.3552325956044010E+00 -0.1653996993422657E+00  0.0000000000000000E+00
  0.0000000000000000E+00  0.4794416300697030E-01  0.1937087756256305E+00  0.4012357640625411E+00  0.5688720855281919E+00  0.6642491059189727E+00  0.6920804974713872E+00  0.6643907768944652E+00  0.5892933420982035E+00  0.4709149548049618E+00  0.3161390342144110E+00  0.1356587846654168E+00 -0.5481653144859130E-01 -0.2828510211155477E+00 -0.5757772099659428E+00 -0.8484974616199320E+00 -0.9264216887123650E+00 -0.7681226626808499E+00 -0.5237136145248484E+00 -0.2674717500981326E+00  0.0000000000000000E+00
  0.0000000000000000E+00 -0.1571859768310938E-01  0.9245237784362910E-01  0.2903574494429437E+00  0.4981735717373977E+00  0.6562884074526888E+00  0.7440216490087166E+00  0.7610065096977157E+00  0.7130024484268586E+00  0.6061222043216024E+00  0.4518834110544197E+00  0.2683590642735760E+00  0.8245826316128603E-01 -0.1221481490003049E+00 -0.4036449141339425E+00 -0.7498323249986092E+00 -0.9859016454121490E+00 -0.9329504895196984E+00 -0.7115243013048035E+00 -0.3817076230035323E+00  0.0000000000000000E+00
  0.0000000000000000E+00 -0.7182685477827348E-01 -0.2021911117524871E-01  0.1297510576666866E+00  0.3316595936788754E+00  0.5196202720066510E+00  0.6527291338884279E+00  0.7140082166351397E+00  0.7020662587145760E+00  0.6235685611659066E+00  0.4949411528279115E+00  0.3387239866518792E+00  0.1829036827344361E+00  0.2299540211323834E-01 -0.2033954034334390E+00 -0.5556342858119429E+00 -0.9358939140000198E+00 -0.1039941679619603E+01 -0.8929028646355831E+00 -0.4974803909724241E+00  0.0000000000000000E+00
  0.0000000000000000E+00 -0.7636671263657888E-01 -0.7255532070000767E-01  0.1775734638252855E-01  0.1699187475836918E+00  0.3362077553174821E+00  0.4752897388191074E+00  0.5616242037191033E+00  0.5860815114628991E+00  0.5515757468869407E+00  0.4727223091873854E+00  0.3686624915266697E+00  0.2618191416595120E+00  0.1559648698858234E+00  0.1130791896860646E-01 -0.2659064607094732E+00 -0.7149194013336303E+00 -0.9940330332359676E+00 -0.9980169920158071E+00 -0.5759430429328549E+00  0.0000000000000000E+00
  0.0000000000000000E+00  0.2134074301238243E-01  0.8544915492360480E-01  0.1610939844657952E+00  0.2535729961932943E+00  0.3566385738696654E+00  0.4520451138287305E+00  0.5205487847494885E+00  0.5507034371979255E+00  0.5401896337641801E+00  0.4977294772695126E+00  0.4351594116298608E+00  0.3693769704963515E+00  0.3039699190728312E+00  0.2314573290704206E+00  0.8248510082458643E-01 -0.2931014748900462E+00 -0.6563219313939528E+00 -0.8687830085185781E+00 -0.5151932420712191E+00  0.0000000000000000E+00
  0.0000000000000000E+00  0.4259742987836991E+00  0.5518020355998979E+00  0.6108494813371794E+00  0.6362410868196461E+00  0.6552189556839467E+00  0.6728460334610409E+00  0.6831886590819718E+00  0.6800654199726249E+00  0.6606101649600826E+00  0.6290323326470341E+00  0.5890083661675842E+00  0.5513838476892583E+00  0.5123302752221730E+00  0.4879420287890981E+00  0.4417215909765447E+00  0.2964467775103373E+00  0.1220314099054649E+00 -0.1529212346533246E+00 -0.4492633358225738E-01  0.0000000000000000E+00
  0.3000000000000000E+01  0.1743417846661285E+01  0.1430043048123911E+01  0.1328545540454257E+01  0.1344849735734356E+01  0.1390981706817825E+01  0.1433507013445608E+01  0.1470982807503573E+01  0.1510507177280051E+01  0.1558359138883932E+01  0.1610632479328410E+01  0.1668134313127108E+01  0.1715225427428577E+01  0.1766979093406312E+01  0.1767631242703126E+01  0.1757320327894952E+01  0.1817558192578942E+01  0.1977583838889653E+01  0.2589980695441396E+01  0.2619585758675553E+01  0.3000000000000000E+01
