  0.0000000000000000E+00  0.8305738227122300E-02  0.2187814941442884E-01  0.6824880197573535E-01  0.1267010034029465E+00  0.1674235993087265E+00  0.1452716815993567E+00  0.2632096793592076E-01 -0.1800180023914840E+00 -0.4286998736066501E+00 -0.6519709318764135E+00 -0.7753872406184010E+00 -0.7538484367737841E+00 -0.6194798839341246E+00 -0.4467424991050175E+00 -0.2831630557558660E+00 -0.1484881033226010E+00 -0.4997066236431152E-01  0.8571568775670974E-02  0.1768872489053296E-01  0.0000000000000000E+00
  0.0000000000000000E+00 -0.2402564621759836E-01 -0.6269551580967385E-01 -0.1151150096437363E+00 -0.1677124754656662E+00 -0.2017960605640030E+00 -0.1990827334592677E+00 -0.1441025231517193E+00 -0.4068702002821895E-01  0.9411344391343188E-01  0.2306311498796643E+00  0.3366190344923685E+00  0.3871493995995925E+00  0.3832593093457495E+00  0.3424081491525499E+00  0.2786036432726585E+00  0.2018264849559491E+00  0.1249496831187052E+00  0.5909481379532368E-01  0.2176369996350289E-01  0.0000000000000000E+00
  0.0000000000000000E+00 -0.6377120042567277E-01 -0.1662083980145927E+00 -0.2770962269554736E+00 -0.3764364229940522E+00 -0.4379645823832825E+00 -0.4519765187784464E+00 -0.4059866015192370E+00 -0.3020790624761409E+00 -0.1463595418663545E+00  0.3992251776257952E-01  0.2344698628587042E+00  0.4075997620249935E+00  0.5302980441031241E+00  0.5804819483526320E+00  0.5526478740621095E+00  0.4569913515452463E+00  0.3248783869918042E+00  0.1858560101616420E+00  0.8297982478104161E-01  0.0000000000000000E+00
  0.0000000000000000E+00 -0.8259234928989660E-01 -0.2581492001154806E+00 -0.4100351669621768E+00 -0.5436766944163989E+00 -0.6283221564889615E+00 -0.6684666554928500E+00 -0.6517964906002197E+00 -0.5840623302430629E+00 -0.4620610240159747E+00 -0.2977240494527733E+00 -0.1004705829923515E+00  0.1049875031271098E+00  0.2893200265557031E+00  0.4232318595493260E+00  0.4868950040509636E+00  0.4684301738332037E+00  0.3796140735698083E+00  0.2432497416782947E+00  0.1109491542936878E+00  0.0000000000000000E+00
  0.0000000000000000E+00 -0.7752164209942985E-01 -0.3075100746636402E+00 -0.4790594263175689E+00 -0.6363600110842697E+00 -0.7396171158365387E+00 -0.8076939287316803E+00 -0.8240554812661746E+00 -0.7979191484279256E+00 -0.7185030634480207E+00 -0.5910319556948005E+00 -0.4160557518680967E+00 -0.2153214229062731E+00 -0.2085400441804077E-01  0.1382536093454979E+00  0.2492921321635885E+00  0.2997445830620056E+00  0.2824071636614757E+00  0.1965383714858786E+00  0.9593784927609687E-01  0.0000000000000000E+00
  0.0000000000000000E+00 -0.6136285167649336E-01 -0.3042508158120641E+00 -0.4762142805427785E+00 -0.6426243631427005E+00 -0.7554314972047994E+00 -0.8446500209687193E+00 -0.8914452951344267E+00 -0.9092242531151674E+00 -0.8842200311129397E+00 -0.8129798194791997E+00 -0.6809359913392475E+00 -0.4957296409590036E+00 -0.2942992383590081E+00 -0.1234583296336468E+00  0.1719747504300089E-02  0.8574130149838967E-01  0.1216193709113852E+00  0.9448713461077084E-01  0.5574630892712129E-01  0.0000000000000000E+00
  0.0000000000000000E+00 -0.3938803004331567E-01 -0.2521240041762683E+00 -0.4128196117989720E+00 -0.5764359885640957E+00 -0.6926836035784965E+00 -0.7943741266727279E+00 -0.8620279670821078E+00 -0.9115919287821145E+00 -0.9347249975091790E+00 -0.9271483582461157E+00 -0.8625347127166429E+00 -0.7196235839865246E+00 -0.5175738688601285E+00 -0.3214591064457669E+00 -0.1791693357063735E+00 -0.8204292645970229E-01 -0.1840018062281284E-01  0.2925282562075273E-02  0.1582990087952293E-01  0.0000000000000000E+00
  0.0000000000000000E+00 -0.4858066261434668E-02 -0.1595135025492838E+00 -0.3045805027571723E+00 -0.4598959081857534E+00 -0.5784615035801198E+00 -0.6879941978267569E+00 -0.7685945216761597E+00 -0.8342716762012008E+00 -0.8854207917498514E+00 -0.9271403426921327E+00 -0.9372817815874214E+00 -0.8693718801881402E+00 -0.6995530362974443E+00 -0.4772564592069855E+00 -0.2908069083101002E+00 -0.1684232035550485E+00 -0.8649335647666201E-01 -0.3425119589302981E-01  0.4242300412369011E-02  0.0000000000000000E+00
  0.0000000000000000E+00  0.5010706851185962E-01 -0.3932681183304320E-01 -0.1649650472871671E+00 -0.3103095085472096E+00 -0.4315797506591388E+00 -0.5479806645156438E+00 -0.6392108012213187E+00 -0.7125685618898630E+00 -0.7726995845158368E+00 -0.8361761140080257E+00 -0.9018488548325564E+00 -0.9220903179696677E+00 -0.8307113936907767E+00 -0.6227712874632166E+00 -0.3868443508884113E+00 -0.2084071515661413E+00 -0.9282054833984632E-01 -0.2077811217856051E-01  0.2228735128567454E-01  0.0000000000000000E+00
  0.0000000000000000E+00  0.1157059483610439E+00  0.8855421591103932E-01 -0.6345930556734349E-02 -0.1369735838163880E+00 -0.2575093306954309E+00 -0.3780492866264920E+00 -0.4799080094497331E+00 -0.5625588391095309E+00 -0.6278990625665887E+00 -0.6947939400876108E+00 -0.7848960109490868E+00 -0.8753137903448107E+00 -0.8856231048008475E+00 -0.7504016827351482E+00 -0.5099455147133961E+00 -0.2757813706471900E+00 -0.1067044827379014E+00 -0.6033183715367204E-02  0.4189146032449713E-01  0.0000000000000000E+00
  0.0000000000000000E+00  0.1638300394276245E+00  0.1992098798566523E+00  0.1542239472874489E+00  0.5173236070965994E-01 -0.5778854162560450E-01 -0.1738169116728933E+00 -0.2814854191994979E+00 -0.3757880283225319E+00 -0.4538329896763419E+00 -0.5265437326898849E+00 -0.6236888183022284E+00 -0.7543510590643354E+00 -0.8572367313906449E+00 -0.8292824292774460E+00 -0.6430800880576641E+00 -0.3924020618184939E+00 -0.1765995529110919E+00 -0.3416243029169420E-01  0.3311800725067186E-01  0.0000000000000000E+00
  0.0000000000000000E+00  0.1766583492188382E+00  0.2725259258239324E+00  0.2966224787308857E+00  0.2423619085195506E+00  0.1587945110312754E+00  0.5888642305756463E-01 -0.4496813515420032E-01 -0.1472729999056210E+00 -0.2431888663311172E+00 -0.3338814152116108E+00 -0.4410599538776190E+00 -0.5911553881765469E+00 -0.7619105380346062E+00 -0.8474586838497243E+00 -0.7562453540257800E+00 -0.5316896237195859E+00 -0.2924127333977868E+00 -0.1074580136771027E+00 -0.9888081343600056E-02  0.0000000000000000E+00
  0.0000000000000000E+00  0.1553208172470630E+00  0.2969169859962740E+00  0.3987695615660404E+00  0.4123706058091453E+00  0.3722277809578022E+00  0.3007252423371768E+00  0.2113087223613030E+00  0.1090765098187809E+00 -0.1978969479859843E-02 -0.1178443630047576E+00 -0.2466401559938671E+00 -0.4099601827878559E+00 -0.6215078862064566E+00 -0.8077376101346428E+00 -0.8364240545306251E+00 -0.6748415958746348E+00 -0.4343751552557454E+00 -0.2154392531299467E+00 -0.7839772327388159E-01  0.0000000000000000E+00
  0.0000000000000000E+00  0.1104514290920438E+00  0.2702660307560819E+00  0.4401685386221607E+00  0.5327759864610283E+00  0.5535586997754218E+00  0.5236606197644734E+00  0.4585544695630207E+00  0.3648810014500607E+00  0.2458729020965380E+00  0.1067254141883929E+00 -0.4999550422218792E-01 -0.2279361330856903E+00 -0.4571176947232039E+00 -0.7157924522446606E+00 -0.8730966420080175E+00 -0.8126741549668147E+00 -0.5956256317589174E+00 -0.3554053559320620E+00 -0.1654176053914098E+00  0.0000000000000000E+00
  0.0000000000000000E+00  0.5229225777286861E-01  0.2000124323645463E+00  0.4071725018963739E+00  0.5717383920920588E+00  0.6633048349435214E+00  0.6879040024974981E+00  0.6580900581952492E+00  0.5820256253644607E+00  0.4637500732049871E+00  0.3098630252929756E+00  0.1306100470763794E+00 -0.5912447333896905E-01 -0.2865543807765110E+00 -0.5790626349966712E+00 -0.8511151155398227E+00 -0.9279459393652945E+00 -0.7689140719648001E+00 -0.5239750366493984E+00 -0.2675517919431402E+00  0.0000000000000000E+00
  0.0000000000000000E+00 -0.1180769643314026E-01  0.9935544464662710E-01  0.2998680630870923E+00  0.5074862853881542E+00  0.6634496372404902E+00  0.7485373270272220E+00  0.7633922471963382E+00  0.7141387957051740E+00  0.6068301541196049E+00  0.4525833817274158E+00  0.2688505807293911E+00  0.8199141991893773E-01 -0.1233327782273932E+00 -0.4051535759561374E+00 -0.7514301315899697E+00 -0.9869919032535662E+00 -0.9336186244203892E+00 -0.7117672521050481E+00 -0.3818037523014862E+00  0.0000000000000000E+00
  0.0000000000000000E+00 -0.6933145942527420E-01 -0.1434040643063446E-01  0.1400312063404802E+00  0.3448083471194395E+00  0.5335589761783187E+00  0.6659881331622802E+00  0.7259821156868926E+00  0.7126945582623073E+00  0.6328937552498425E+00  0.5027524213699511E+00  0.3444411290721202E+00  0.1858337566136067E+00  0.2367691286439648E-01 -0.2037600052232617E+00 -0.5565043274851571E+00 -0.9366041529664721E+00 -0.1040463779772865E+01 -0.8930929268624095E+00 -0.4975654852855546E+00  0.0000000000000000E+00
  0.0000000000000000E+00 -0.7644557432174788E-01 -0.7061647232898399E-01  0.2351265145670750E-01  0.1797552997990821E+00  0.3490667041032059E+00  0.4896985331325165E+00  0.5762953824983776E+00  0.6000502885986623E+00  0.5640587472151543E+00  0.4830022808389477E+00  0.3760923075292657E+00  0.2659631390257428E+00  0.1572741515269850E+00  0.1122935614308859E-01 -0.2665606369982699E+00 -0.7154519719011107E+00 -0.9944659173796330E+00 -0.9981699552915690E+00 -0.5760109547578348E+00  0.0000000000000000E+00
  0.0000000000000000E+00  0.1958915561966532E-01  0.8373712712383646E-01  0.1606739932222462E+00  0.2558757804595460E+00  0.3619999440594142E+00  0.4598766463651244E+00  0.5298199154473744E+00  0.5603033960726717E+00  0.5490825694655801E+00  0.5050631511994883E+00  0.4403539457807065E+00  0.3722085912034156E+00  0.3046942096791147E+00  0.2311162179684598E+00  0.8175499662914022E-01 -0.2935813136096581E+00 -0.6566771942980099E+00 -0.8689096844120059E+00 -0.5152397685862691E+00  0.0000000000000000E+00
  0.0000000000000000E+00  0.4253064206361423E+00  0.5505232579593723E+00  0.6096866866922657E+00  0.6359901646222937E+00  0.6563290921385190E+00  0.6753086216889502E+00  0.6866195893012793E+00  0.6838811294279503E+00  0.6642236477643360E+00  0.6319938045989644E+00  0.5910850011564280E+00  0.5524954190989507E+00  0.5126339351087111E+00  0.4877396525517054E+00  0.4413648618400517E+00  0.2962467072674124E+00  0.1218685151730954E+00 -0.1529862181476178E+00 -0.4494146094380953E-01  0.0000000000000000E+00
  0.3000000000000000E+01  0.1743669893711238E+01  0.1432167353245720E+01  0.1331613933145449E+01  0.1347905286592665E+01  0.1393012667643857E+01  0.1433950781298274E+01  0.1469961147543536E+01  0.1508660007788821E+01  0.1556411626172572E+01  0.1609081737402595E+01  0.1667098942311422E+01  0.1714722333906563E+01  0.1766792404352981E+01  0.1767897260313344E+01  0.1757660411108985E+01  0.1817678564588105E+01  0.1977717260182704E+01  0.2590048970030848E+01  0.2619584614245159E+01  0.3000000000000000E+01
