  0.0000000000000000E+00  0.5575713352257761E-02  0.2067240794504102E-01  0.7274351924838696E-01  0.1415337858032058E+00  0.1990421840675731E+00  0.1988300662267725E+00  0.9808368408820650E-01 -0.9972531659780381E-01 -0.3532690753115021E+00 -0.5954908636124818E+00 -0.7483560378138598E+00 -0.7560965928094970E+00 -0.6355455384510237E+00 -0.4637924461333327E+00 -0.2965105235041432E+00 -0.1572050514417422E+00 -0.5443092976281916E-01  0.7491920702982241E-02  0.1854517166970833E-01  0.0000000000000000E+00
  0.0000000000000000E+00 -0.2360913554646362E-01 -0.6540422546074666E-01 -0.1222689455386912E+00 -0.1807437151771770E+00 -0.2223004058296673E+00 -0.2285502589247578E+00 -0.1809549974376017E+00 -0.8105617367774787E-01  0.5573886176977700E-01  0.2000543506129947E+00  0.3182212651600164E+00  0.3814850092834733E+00  0.3854923094426475E+00  0.3480968150217550E+00  0.2853971003179687E+00  0.2081603378374334E+00  0.1294896070103850E+00  0.6138311874118959E-01  0.2184923099789624E-01  0.0000000000000000E+00
  0.0000000000000000E+00 -0.6525169328713309E-01 -0.1755402684371990E+00 -0.2940633173676866E+00 -0.4006973597283253E+00 -0.4678590334214289E+00 -0.4868207105475009E+00 -0.4447813082245987E+00 -0.3428938376310474E+00 -0.1860524900021711E+00  0.4672188226502214E-02  0.2063077576661892E+00  0.3883584350409229E+00  0.5209313898769187E+00  0.5804979989319323E+00  0.5596807774497630E+00  0.4672759620705579E+00  0.3340378912683358E+00  0.1916412769265510E+00  0.8409286466339705E-01  0.0000000000000000E+00
  0.0000000000000000E+00 -0.8238789611243320E-01 -0.2659167522582965E+00 -0.4219153812183517E+00 -0.5584509988294051E+00 -0.6443329089771138E+00 -0.6861271982214056E+00 -0.6715183308752435E+00 -0.6059856247664727E+00 -0.4857825056925007E+00 -0.3222446581256094E+00 -0.1243387815554584E+00  0.8372390918494849E-01  0.2725810135333445E+00  0.4126208132284337E+00  0.4831969829554191E+00  0.4707878252765309E+00  0.3843875359788891E+00  0.2472962392471471E+00  0.1108441819474540E+00  0.0000000000000000E+00
  0.0000000000000000E+00 -0.7601896905864416E-01 -0.3108018405125477E+00 -0.4828998038981945E+00 -0.6403417498575034E+00 -0.7430578738993044E+00 -0.8116802024049533E+00 -0.8296148048459038E+00 -0.8063050467140815E+00 -0.7309035883133519E+00 -0.6076649281406792E+00 -0.4356439223402219E+00 -0.2349952680325719E+00 -0.3843463299387583E-01  0.1234280216835210E+00  0.2380650522339098E+00  0.2934056023955544E+00  0.2798459767984434E+00  0.1955769043564869E+00  0.9390881726688205E-01  0.0000000000000000E+00
  0.0000000000000000E+00 -0.5905302856471596E-01 -0.3013351683866073E+00 -0.4707923912812208E+00 -0.6348428032911209E+00 -0.7453303482452428E+00 -0.8330350301082893E+00 -0.8794183997227564E+00 -0.8984290139443559E+00 -0.8775251142655928E+00 -0.8131332134384680E+00 -0.6889616342158232E+00 -0.5087515630801213E+00 -0.3080838915558146E+00 -0.1364358029521552E+00 -0.1074489983051303E-01  0.7518643883094808E-01  0.1138760500163746E+00  0.8930024502916857E-01  0.5192429086462981E-01  0.0000000000000000E+00
  0.0000000000000000E+00 -0.3639539893762856E-01 -0.2444018886383808E+00 -0.4015198259571180E+00 -0.5623373925611999E+00 -0.6765056642150188E+00 -0.7765118611770654E+00 -0.8429294579250276E+00 -0.8918659197114850E+00 -0.9167212760718380E+00 -0.9145989237850709E+00 -0.8591734859508889E+00 -0.7252128923339813E+00 -0.5274474173300063E+00 -0.3313851734655026E+00 -0.1891388831196635E+00 -0.9217578333141135E-01 -0.2723017453012729E-01 -0.3232609518501877E-02  0.1181335815653187E-01  0.0000000000000000E+00
  0.0000000000000000E+00 -0.5413144897250440E-03 -0.1487525044567402E+00 -0.2900088401532313E+00 -0.4427582475294563E+00 -0.5596829563259980E+00 -0.6676002568364392E+00 -0.7465713940229816E+00 -0.8102866689472857E+00 -0.8605286227701396E+00 -0.9044327428671289E+00 -0.9219031618514956E+00 -0.8646242337942237E+00 -0.7034038412192812E+00 -0.4839192185083040E+00 -0.2971490055547418E+00 -0.1747447666313114E+00 -0.9224549293956756E-01 -0.3788524295834847E-01  0.2261797095174797E-02  0.0000000000000000E+00
  0.0000000000000000E+00  0.5564658448742187E-01 -0.2767431771293756E-01 -0.1490428121714116E+00 -0.2920108830297983E+00 -0.4118943816026273E+00 -0.5270686233193593E+00 -0.6172907748628194E+00 -0.6891165621026843E+00 -0.7475906748566110E+00 -0.8105753851866816E+00 -0.8796903561566163E+00 -0.9081758413615572E+00 -0.8267659411061189E+00 -0.6252049495345076E+00 -0.3904854399513882E+00 -0.2111002853528497E+00 -0.9444730157302932E-01 -0.2093274283903808E-01  0.2285768563080059E-01  0.0000000000000000E+00
  0.0000000000000000E+00  0.1200679880299145E+00  0.9860041938229092E-01  0.9251571737050794E-02 -0.1182686313338829E+00 -0.2369232228438037E+00 -0.3559777801779205E+00 -0.4569801426365073E+00 -0.5388658389927172E+00 -0.6034374466676915E+00 -0.6697078993869530E+00 -0.7610771028327752E+00 -0.8564412048874618E+00 -0.8749889445572051E+00 -0.7475431188275079E+00 -0.5111097714192110E+00 -0.2771560923999338E+00 -0.1068213191265650E+00 -0.4876356426035613E-02  0.4350807393855494E-01  0.0000000000000000E+00
  0.0000000000000000E+00  0.1646334557161731E+00  0.2055004061609305E+00  0.1676302759442417E+00  0.6982860258734509E-01 -0.3673344687289130E-01 -0.1504601184857219E+00 -0.2567986213265313E+00 -0.3506731849634340E+00 -0.4290340335300908E+00 -0.5024080676578271E+00 -0.6009451989052760E+00 -0.7346633076525215E+00 -0.8432933964442123E+00 -0.8221038690622655E+00 -0.6411293265665361E+00 -0.3927083121780903E+00 -0.1768852768043590E+00 -0.3369420141238125E-01  0.3411775064646660E-01  0.0000000000000000E+00
  0.0000000000000000E+00  0.1736440236525791E+00  0.2738881903234859E+00  0.3059119265594077E+00  0.2580902560114330E+00  0.1788182257233988E+00  0.8204054373339777E-01 -0.1995542831902003E-01 -0.1217219978813583E+00 -0.2183475376325408E+00 -0.3107321690599413E+00 -0.4203792223475697E+00 -0.5732333636562957E+00 -0.7479585095891362E+00 -0.8384809568634787E+00 -0.7519871201789280E+00 -0.5304661726928830E+00 -0.2923822910045598E+00 -0.1075186102750028E+00 -0.9665754358874101E-02  0.0000000000000000E+00
  0.0000000000000000E+00  0.1495974016512626E+00  0.2931864865555730E+00  0.4022353381056626E+00  0.4233414857941256E+00  0.3887761080204727E+00  0.3211618650228107E+00  0.2340705948332180E+00  0.1326897041872932E+00  0.2098588816731511E-01 -0.9690125511442015E-01 -0.2288369802662221E+00 -0.3951569821459850E+00 -0.6097883907672325E+00 -0.7992827843662262E+00 -0.8314829933587420E+00 -0.6726680017035863E+00 -0.4336989975420982E+00 -0.2153814325496022E+00 -0.7838890475525194E-01  0.0000000000000000E+00
  0.0000000000000000E+00  0.1033536403665195E+00  0.2621620823714844E+00  0.4365297866561109E+00  0.5361539715224161E+00  0.5632559517169365E+00  0.5380029307463111E+00  0.4757247375517480E+00  0.3831977615738675E+00  0.2637086781149915E+00  0.1227109677714670E+00 -0.3684342214128013E-01 -0.2172835254755987E+00 -0.4488621312278586E+00 -0.7094526989698139E+00 -0.8688135636573363E+00 -0.8104396110613493E+00 -0.5946581651408046E+00 -0.3551492870119026E+00 -0.1653588328427445E+00  0.0000000000000000E+00
  0.0000000000000000E+00  0.4495965719605262E-01  0.1892485510396845E+00  0.3964940000466646E+00  0.5654681429150534E+00  0.6627276177020340E+00  0.6922182400756360E+00  0.6656456022448579E+00  0.5910780857574001E+00  0.4727020681228505E+00  0.3175935755136963E+00  0.1367874857049529E+00 -0.5366358481271518E-01 -0.2821091891300058E+00 -0.5754342274475449E+00 -0.8482477702792405E+00 -0.9262190888189639E+00 -0.7680342566730776E+00 -0.5236969946890039E+00 -0.2674549162686188E+00  0.0000000000000000E+00
  0.0000000000000000E+00 -0.1831542044683160E-01  0.8792734619674906E-01  0.2838872102086743E+00  0.4912993433537243E+00  0.6501982594873439E+00  0.7391258025786248E+00  0.7571426745035389E+00  0.7097810951603315E+00  0.6031941180309730E+00  0.4491748434937313E+00  0.2662576541650804E+00  0.8157362054938086E-01 -0.1223940663025829E+00 -0.4038394540448352E+00 -0.7499773995712129E+00 -0.9859479035400928E+00 -0.9329667509635986E+00 -0.7115829536052146E+00 -0.3817192231853704E+00  0.0000000000000000E+00
  0.0000000000000000E+00 -0.7342326122498519E-01 -0.2381386557979273E-01  0.1233689661255537E+00  0.3232024861741137E+00  0.5102265496112117E+00  0.6433030421868239E+00  0.7050282209003973E+00  0.6937263054547224E+00  0.6160288987290117E+00  0.4885461299928655E+00  0.3340564818456044E+00  0.1805009990964536E+00  0.2221082847905540E-01 -0.2036580905297056E+00 -0.5557970817790812E+00 -0.9360137468654025E+00 -0.1039980969395301E+01 -0.8929949394698738E+00 -0.4975116391744853E+00  0.0000000000000000E+00
  0.0000000000000000E+00 -0.7622862467518605E-01 -0.7345521482456883E-01  0.1464205210420218E-01  0.1642582914643225E+00  0.3284835178223003E+00  0.4663259566565364E+00  0.5522372577603681E+00  0.5769668813922775E+00  0.5433597393997972E+00  0.4660033108241974E+00  0.3639613111975675E+00  0.2594331454271458E+00  0.1553927229257801E+00  0.1140753785631158E-01 -0.2657450600041579E+00 -0.7149041696796837E+00 -0.9940001416426030E+00 -0.9980804019074281E+00 -0.5759709544889313E+00  0.0000000000000000E+00
  0.0000000000000000E+00  0.2255456132744127E-01  0.8676447234083301E-01  0.1618499765398394E+00  0.2528528132243010E+00  0.3541150670744274E+00  0.4479669032650677E+00  0.5154963267703465E+00  0.5453716823869834E+00  0.5352709872888151E+00  0.4938163781564605E+00  0.4326494048338036E+00  0.3683829534787075E+00  0.3041778772792343E+00  0.2320431666711536E+00  0.8299800066272459E-01 -0.2928937456975180E+00 -0.6561975351410788E+00 -0.8687834399043367E+00 -0.5151976451265909E+00  0.0000000000000000E+00
  0.0000000000000000E+00  0.4264883353594709E+00  0.5527982882864019E+00  0.6119175480117912E+00  0.6368962792707449E+00  0.6551473665534481E+00  0.6719979185432563E+00  0.6817534612652327E+00  0.6783774078723481E+00  0.6590319954966681E+00  0.6278515824511384E+00  0.5883811963298897E+00  0.5513376787369995E+00  0.5127183227266010E+00  0.4884595693629110E+00  0.4421304391406519E+00  0.2966180259771216E+00  0.1221293562467302E+00 -0.1528961280869645E+00 -0.4492148512275480E-01  0.0000000000000000E+00
  0.3000000000000000E+01  0.1743089555249028E+01  0.1428369607481627E+01  0.1326097332504466E+01  0.1342163975412066E+01  0.1388672967414083E+01  0.1431973147635299E+01  0.1470235942974648E+01  0.1510239458769939E+01  0.1558175000798811E+01  0.1610261630803045E+01  0.1667505815844134E+01  0.1714369917267709E+01  0.1766022909099431E+01  0.1766664458582420E+01  0.1756606683240769E+01  0.1817252176371117E+01  0.1977414396118731E+01  0.2589904944356557E+01  0.2619566810241674E+01  0.3000000000000000E+01
