  0.0000000000000000E+00  0.5563539336912893E-02  0.4726703735548371E-02  0.2720576655242002E-01  0.5307954281414079E-01  0.5041329836065839E-01 -0.1815159185226350E-01 -0.1690312266979062E+00 -0.3821012023011073E+00 -0.6039387460433872E+00 -0.7687186647254487E+00 -0.8148511923723341E+00 -0.7322514080228476E+00 -0.5764741195101487E+00 -0.4059598109674249E+00 -0.2522663129137930E+00 -0.1284120743544891E+00 -0.3938237591673921E-01  0.1173642220563270E-01  0.1661566043634576E-01  0.0000000000000000E+00
  0.0000000000000000E+00 -0.2037538071794302E-01 -0.4719318702061832E-01 -0.8577675343726575E-01 -0.1221491711689338E+00 -0.1372094708352081E+00 -0.1150988997413197E+00 -0.4658414059739825E-01  0.5999623278419383E-01  0.1844184214405980E+00  0.2976443445413163E+00  0.3722887028314195E+00  0.3953307396611099E+00  0.3764563595534705E+00  0.3291310544758876E+00  0.2635310583134652E+00  0.1882336515909674E+00  0.1153340703278110E+00  0.5420212044759606E-01  0.2115157276776033E-01  0.0000000000000000E+00
  0.0000000000000000E+00 -0.5556260281691616E-01 -0.1368528573263066E+00 -0.2301244937593772E+00 -0.3133679706926607E+00 -0.3612151141449659E+00 -0.3634482910762227E+00 -0.3087836484901009E+00 -0.2021125039485258E+00 -0.5068348172159307E-01  0.1242143688985001E+00  0.3020149161219244E+00  0.4537408109604820E+00  0.5528949591502629E+00  0.5814333524602378E+00  0.5383268620266026E+00  0.4362888804184131E+00  0.3066198350666939E+00  0.1743427835484209E+00  0.8007037873962676E-01  0.0000000000000000E+00
  0.0000000000000000E+00 -0.8044937352811046E-01 -0.2369596080774252E+00 -0.3796097380483658E+00 -0.5056166877890478E+00 -0.5843921883740195E+00 -0.6183797023013868E+00 -0.5950292895669353E+00 -0.5216841105213733E+00 -0.3950390872401167E+00 -0.2290996670464749E+00 -0.3384124783414572E-01  0.1637810569462209E+00  0.3348104107511209E+00  0.4517937651531868E+00  0.4980663527513955E+00  0.4657103162177086E+00  0.3711321749005665E+00  0.2356892920609251E+00  0.1103750963831517E+00  0.0000000000000000E+00
  0.0000000000000000E+00 -0.7899860554392509E-01 -0.2997223708155103E+00 -0.4689611079022480E+00 -0.6240476821055059E+00 -0.7249951683317404E+00 -0.7893266163189332E+00 -0.7992743751893168E+00 -0.7651569512470737E+00 -0.6751725986361474E+00 -0.5383270527541077E+00 -0.3578049347958502E+00 -0.1592730520946656E+00  0.2746228329354741E-01  0.1770441231509263E+00  0.2772904233581115E+00  0.3154905703647656E+00  0.2889620960137053E+00  0.1988718309620501E+00  0.9908540619742422E-01  0.0000000000000000E+00
  0.0000000000000000E+00 -0.6434345444868489E-01 -0.3130539228298478E+00 -0.4891433585219739E+00 -0.6601182927167061E+00 -0.7752617537784322E+00 -0.8659658990729759E+00 -0.9103315831708834E+00 -0.9225083176305708E+00 -0.8846218821316325E+00 -0.7958521097490857E+00 -0.6459804599281835E+00 -0.4523364657536975E+00 -0.2535307473078036E+00 -0.8889067014633271E-01  0.3158603368056731E-01  0.1091933282955019E+00  0.1376958712656822E+00  0.1043978124789339E+00  0.6202266159677349E-01  0.0000000000000000E+00
  0.0000000000000000E+00 -0.4344833987221140E-01 -0.2734541627850889E+00 -0.4402761286281956E+00 -0.6106457129890479E+00 -0.7293947439748799E+00 -0.8341788142391962E+00 -0.9024494787495921E+00 -0.9517879106120432E+00 -0.9679318841927079E+00 -0.9447269673561752E+00 -0.8564543480195301E+00 -0.6931371899727395E+00 -0.4848606559087255E+00 -0.2938770621507032E+00 -0.1560181360320862E+00 -0.6134960826218956E-01 -0.1780074675983784E-02  0.1371468426079932E-01  0.2217552561812897E-01  0.0000000000000000E+00
  0.0000000000000000E+00 -0.1241425074671780E-01 -0.1893081264378699E+00 -0.3404254094611651E+00 -0.5024920123490491E+00 -0.6226362075226417E+00 -0.7352492139548311E+00 -0.8177646475515531E+00 -0.8871985601848682E+00 -0.9391474097416729E+00 -0.9740405478096611E+00 -0.9642602414213234E+00 -0.8688663556416032E+00 -0.6794394858378198E+00 -0.4550178464811571E+00 -0.2747896331649127E+00 -0.1561053241302793E+00 -0.7685972257650509E-01 -0.2879443345542698E-01  0.6808821770419089E-02  0.0000000000000000E+00
  0.0000000000000000E+00  0.3762687636249023E-01 -0.7292596005443547E-01 -0.2050308167488356E+00 -0.3564751094399890E+00 -0.4784720990703680E+00 -0.5966275553564705E+00 -0.6883531367401947E+00 -0.7647788478982935E+00 -0.8290703376220179E+00 -0.8945707527016253E+00 -0.9517309758579581E+00 -0.9493389622113803E+00 -0.8309359481030409E+00 -0.6082059988724444E+00 -0.3737149840711022E+00 -0.2013340588844857E+00 -0.9006304329178098E-01 -0.2121239445047263E-01  0.2068287318500226E-01  0.0000000000000000E+00
  0.0000000000000000E+00  0.1030156974560754E+00  0.5709409278229983E-01 -0.4722460152025473E-01 -0.1851945016722410E+00 -0.3076421724684940E+00 -0.4302690691056858E+00 -0.5319878377102889E+00 -0.6150405454185268E+00 -0.6821234797737243E+00 -0.7525455406868029E+00 -0.8425226694952216E+00 -0.9210162854652003E+00 -0.9077019825869272E+00 -0.7499822971142185E+00 -0.5006416821615655E+00 -0.2687322914288907E+00 -0.1044176498733532E+00 -0.7333974312562235E-02  0.3933160767983359E-01  0.0000000000000000E+00
  0.0000000000000000E+00  0.1580539194242134E+00  0.1759380634289860E+00  0.1169194352988833E+00  0.3517534006208791E-02 -0.1109765686360827E+00 -0.2312033516334342E+00 -0.3400514923035129E+00 -0.4334687905066755E+00 -0.5096271055347692E+00 -0.5818613514648283E+00 -0.6796173527905339E+00 -0.8060568049127873E+00 -0.8936396339036333E+00 -0.8441556082508028E+00 -0.6425653299056866E+00 -0.3872690510286414E+00 -0.1727401523395233E+00 -0.3308110573476854E-01  0.3239453711759964E-01  0.0000000000000000E+00
  0.0000000000000000E+00  0.1800944567270109E+00  0.2614440180862078E+00  0.2679961076828063E+00  0.1983991974349656E+00  0.1059592146980296E+00 -0.5122061982291828E-03 -0.1075228384934337E+00 -0.2095750462438941E+00 -0.3022279064807562E+00 -0.3885887775281133E+00 -0.4926259200326783E+00 -0.6404206208873898E+00 -0.8030810667284991E+00 -0.8722904474160167E+00 -0.7648037405437903E+00 -0.5316235676975762E+00 -0.2898455909369859E+00 -0.1053650663371272E+00 -0.9087499649249814E-02  0.0000000000000000E+00
  0.0000000000000000E+00  0.1659181516481821E+00  0.2992608583272834E+00  0.3836280675027386E+00  0.3787289447534830E+00  0.3258773256243950E+00  0.2456323344775543E+00  0.1513081939696694E+00  0.4795210685365245E-01 -0.6039542514453759E-01 -0.1707143844806694E+00 -0.2930645396079117E+00 -0.4524410473298112E+00 -0.6599397641809404E+00 -0.8360938114948501E+00 -0.8507606709880589E+00 -0.6793347583439259E+00 -0.4346683155116657E+00 -0.2141375631598545E+00 -0.7747583603048955E-01  0.0000000000000000E+00
  0.0000000000000000E+00  0.1249500940295651E+00  0.2847161249826011E+00  0.4423021174809916E+00  0.5166694313410909E+00  0.5220378394880504E+00  0.4811275531450881E+00  0.4094287340160680E+00  0.3132486423707295E+00  0.1957127991167261E+00  0.6130560739591193E-01 -0.8850851789934978E-01 -0.2612486172320060E+00 -0.4878501413753268E+00 -0.7419380456329011E+00 -0.8895905555276212E+00 -0.8196955829044099E+00 -0.5981641175949726E+00 -0.3553175269929329E+00 -0.1649971877847883E+00  0.0000000000000000E+00
  0.0000000000000000E+00  0.6781477213732540E-01  0.2224987225729105E+00  0.4271390589519788E+00  0.5787374089187487E+00  0.6552619926747432E+00  0.6674405393039440E+00  0.6293808669291097E+00  0.5492490686284524E+00  0.4307514609012462E+00  0.2796097373891039E+00  0.1050076924365224E+00 -0.8115145805557182E-01 -0.3073626325223467E+00 -0.5990984765074931E+00 -0.8665633124035519E+00 -0.9357399653335240E+00 -0.7725584158583786E+00 -0.5247958559330829E+00 -0.2676073937943489E+00  0.0000000000000000E+00
  0.0000000000000000E+00  0.2320314695519738E-02  0.1247161054321107E+00  0.3339390355524833E+00  0.5388819174506656E+00  0.6850300121819586E+00  0.7589088897036806E+00  0.7646856827276520E+00  0.7096200274325062E+00  0.5995931990253326E+00  0.4447064420828006E+00  0.2610677038859747E+00  0.7317908480564578E-01 -0.1339714814793067E+00 -0.4177331820543500E+00 -0.7637633283676741E+00 -0.9942924051825904E+00 -0.9375012100987388E+00 -0.7130258388759858E+00 -0.3821565947638186E+00  0.0000000000000000E+00
  0.0000000000000000E+00 -0.5987331645361599E-01  0.7975754565777019E-02  0.1782515762576720E+00  0.3918339209384623E+00  0.5809271165721679E+00  0.7082109160797799E+00  0.7610845796753756E+00  0.7408529029358841E+00  0.6549370421998471E+00  0.5191569554294116E+00  0.3549204036527244E+00  0.1895667489956887E+00  0.2146540686435589E-01 -0.2099013025761421E+00 -0.5651678666588660E+00 -0.9427903957428850E+00 -0.1044105796964127E+01 -0.8944349338322539E+00 -0.4980508996301753E+00  0.0000000000000000E+00
  0.0000000000000000E+00 -0.7583425309027045E-01 -0.6162716710393380E-01  0.4708692327413998E-01  0.2175457920621812E+00  0.3959018623540391E+00  0.5395037407141822E+00  0.6243051281205251E+00  0.6431937129588329E+00  0.6003913973987663E+00  0.5112742381407587E+00  0.3954789272095346E+00  0.2761843198336510E+00  0.1595381256995600E+00  0.8859981539060301E-02 -0.2722038751926222E+00 -0.7202720057805464E+00 -0.9976250408663910E+00 -0.9993697221918815E+00 -0.5764872541950086E+00  0.0000000000000000E+00
  0.0000000000000000E+00  0.1364106817747235E-01  0.7861109935353358E-01  0.1616080487026688E+00  0.2675691824555800E+00  0.3844962190422788E+00  0.4899704582529667E+00  0.5632030782501627E+00  0.5929716408856559E+00  0.5778409175485417E+00  0.5277809921496401E+00  0.4559690363060832E+00  0.3807100005375610E+00  0.3069979172753396E+00  0.2299429716723577E+00  0.7817852674371133E-01 -0.2967547000236648E+00 -0.6589485206674885E+00 -0.8697428164963965E+00 -0.5155042839769149E+00  0.0000000000000000E+00
  0.0000000000000000E+00  0.4229400620754740E+00  0.5463951504433801E+00  0.6067754880440657E+00  0.6371357893321300E+00  0.6627456770116011E+00  0.6864084086533182E+00  0.7005472925978269E+00  0.6983414091615568E+00  0.6772572951384326E+00  0.6423691053151951E+00  0.5984234472501362E+00  0.5568119819755093E+00  0.5145685693620158E+00  0.4879632002967759E+00  0.4405970344543550E+00  0.2954727024894243E+00  0.1210783625421154E+00 -0.1532840102316927E+00 -0.4493494624129272E-01  0.0000000000000000E+00
  0.3000000000000000E+01  0.1744820881951050E+01  0.1439425648023393E+01  0.1341281584570472E+01  0.1356161814459190E+01  0.1396259188007475E+01  0.1430745232293012E+01  0.1461561200456682E+01  0.1497947413400985E+01  0.1546069032133244E+01  0.1600673676204055E+01  0.1660698694555675E+01  0.1710274054611033E+01  0.1763292209189292E+01  0.1766053370782030E+01  0.1756387423380646E+01  0.1816827192508062E+01  0.1977816391706165E+01  0.2590109214198681E+01  0.2619300554746963E+01  0.3000000000000000E+01
