  0.0000000000000000E+00 -0.2312969516067791E-01 -0.7872402104826896E-01 -0.1342540436120093E+00 -0.1935180581230028E+00 -0.2825930541835091E+00 -0.4187390536053845E+00 -0.5865593603647151E+00 -0.7512455959309040E+00 -0.8567539184794430E+00 -0.8657292815201981E+00 -0.7752857705130753E+00 -0.6266751333938487E+00 -0.4626420216045833E+00 -0.3090663264252441E+00 -0.1789038065120413E+00 -0.7731625361949135E-01 -0.7060136604179867E-02  0.2811520454173483E-01  0.2125999560217771E-01  0.0000000000000000E+00
  0.0000000000000000E+00 -0.2170810715285158E-02  0.2398034288919373E-02  0.3295541225191623E-02  0.8293086484780254E-02  0.3455777851233822E-01  0.8944255443092891E-01  0.1704720671752895E+00  0.2626138786155862E+00  0.3448230540603387E+00  0.3975524453367427E+00  0.4131325458652193E+00  0.3969802245157200E+00  0.3573993134337438E+00  0.3003112709908820E+00  0.2322309941544326E+00  0.1599448259509050E+00  0.9402770700559515E-01  0.4166123731957372E-01  0.1707019638898697E-01  0.0000000000000000E+00
  0.0000000000000000E+00 -0.2964212730653338E-01 -0.7152991818151085E-01 -0.1243674199364345E+00 -0.1686387986686620E+00 -0.1789197186464944E+00 -0.1504113903125978E+00 -0.7514315883884666E-01  0.3659603991585456E-01  0.1777152437015729E+00  0.3269280544900300E+00  0.4641118670825825E+00  0.5642655401533114E+00  0.6095559186966478E+00  0.5918674865474020E+00  0.5177891759512566E+00  0.4025182242332236E+00  0.2750229844126056E+00  0.1530989165004560E+00  0.7247058476913862E-01  0.0000000000000000E+00
  0.0000000000000000E+00 -0.6380022927701182E-01 -0.1862169109308788E+00 -0.3004623038822972E+00 -0.3995123478773999E+00 -0.4509207124105857E+00 -0.4615005863088294E+00 -0.4158635531762823E+00 -0.3265896233075686E+00 -0.1888243420924294E+00 -0.2306944217975053E-01  0.1577843400396633E+00  0.3250943282150486E+00  0.4550088960667103E+00  0.5274361511453692E+00  0.5332591823436563E+00  0.4709549676695048E+00  0.3621724211965576E+00  0.2254490853409516E+00  0.1080536085768337E+00  0.0000000000000000E+00
  0.0000000000000000E+00 -0.7201170933145896E-01 -0.2786174345838899E+00 -0.4332423892251978E+00 -0.5762948024173136E+00 -0.6609171132371818E+00 -0.7098504006924398E+00 -0.6971859121990511E+00 -0.6404881459964771E+00 -0.5252416085280727E+00 -0.3729786763666265E+00 -0.1913441925622195E+00 -0.9936293155417697E-02  0.1503499731116873E+00  0.2722153877387622E+00  0.3446559726703802E+00  0.3553212653979580E+00  0.3081219347848561E+00  0.2072342269913864E+00  0.1038153662640395E+00  0.0000000000000000E+00
  0.0000000000000000E+00 -0.6168182918691383E-01 -0.3267482543769267E+00 -0.5022059311732033E+00 -0.6802127806588570E+00 -0.7925464092387789E+00 -0.8811544641106641E+00 -0.9092542039887824E+00 -0.8981829394007452E+00 -0.8217235310225983E+00 -0.6946774949430309E+00 -0.5188799021158222E+00 -0.3272987689750402E+00 -0.1499578627795750E+00 -0.7018725438691362E-02  0.9810655909765106E-01  0.1593535314389465E+00  0.1711961689925854E+00  0.1242135615475648E+00  0.7181049080601522E-01  0.0000000000000000E+00
  0.0000000000000000E+00 -0.4316630010033468E-01 -0.3156406319751985E+00 -0.4899440924182048E+00 -0.6801240044664022E+00 -0.8043714584872756E+00 -0.9192135028498977E+00 -0.9845965897438248E+00 -0.1024480326800035E+01 -0.1008149725504639E+01 -0.9352302448806862E+00 -0.7918526746081344E+00 -0.5985672792423247E+00 -0.3976167742393353E+00 -0.2309367166885788E+00 -0.1083398046539773E+00 -0.2200966322416922E-01  0.2813021131007766E-01  0.3197629530373235E-01  0.3128478160467342E-01  0.0000000000000000E+00
  0.0000000000000000E+00 -0.1864961417872744E-01 -0.2508171379929176E+00 -0.4111903999429905E+00 -0.5959476811895771E+00 -0.7217773548590495E+00 -0.8478988599868625E+00 -0.9374332145134294E+00 -0.1015294661829872E+01 -0.1058966628883482E+01 -0.1059815402746309E+01 -0.9868841320514605E+00 -0.8269980058688017E+00 -0.6093366391107892E+00 -0.3991704398477722E+00 -0.2424677998801433E+00 -0.1356456262856685E+00 -0.6279596917742580E-01 -0.2189541927722329E-01  0.9126664054653479E-02  0.0000000000000000E+00
  0.0000000000000000E+00  0.2044975913497117E-01 -0.1436715119320313E+00 -0.2843662844849039E+00 -0.4545544005548974E+00 -0.5775479880360594E+00 -0.7043468489229897E+00 -0.8033054246945337E+00 -0.8956115624822109E+00 -0.9740711189730014E+00 -0.1038089428541190E+01 -0.1057529678293329E+01 -0.9848015764550200E+00 -0.8014256151440011E+00 -0.5578102985591490E+00 -0.3399762458984353E+00 -0.1872868952149850E+00 -0.8714184554219710E-01 -0.2382142957457678E-01  0.1686527453960133E-01  0.0000000000000000E+00
  0.0000000000000000E+00  0.7923527352312179E-01 -0.1227166357222275E-01 -0.1283974608307923E+00 -0.2828409039037620E+00 -0.4048689793807774E+00 -0.5320781173677440E+00 -0.6366630678633528E+00 -0.7296855657242646E+00 -0.8130831660226859E+00 -0.9010438716012390E+00 -0.9882818930905347E+00 -0.1024015379431539E+01 -0.9405953038646884E+00 -0.7279906803065750E+00 -0.4661327965142845E+00 -0.2462485215964543E+00 -0.9585616595780169E-01 -0.7308290858978001E-02  0.3652802067229331E-01  0.0000000000000000E+00
  0.0000000000000000E+00  0.1410200153538026E+00  0.1186450097410098E+00  0.3925802325945579E-01 -0.9472018262630000E-01 -0.2140920837172814E+00 -0.3411170159640990E+00 -0.4525719589095250E+00 -0.5485409273886805E+00 -0.6296903862584549E+00 -0.7138017588761487E+00 -0.8230265727200491E+00 -0.9376029042399888E+00 -0.9773655437297598E+00 -0.8666707186018722E+00 -0.6275255263785011E+00 -0.3647534358287153E+00 -0.1559272164719991E+00 -0.2467250490169813E-01  0.3547748209488591E-01  0.0000000000000000E+00
  0.0000000000000000E+00  0.1783138312328579E+00  0.2246090456944029E+00  0.2011944472621877E+00  0.1023980373082309E+00 -0.4358094911777359E-02 -0.1233228517409729E+00 -0.2368883688192750E+00 -0.3398330376328609E+00 -0.4286545784142843E+00 -0.5122229785211602E+00 -0.6196541156586096E+00 -0.7684327884350636E+00 -0.9080084991271696E+00 -0.9288981783519010E+00 -0.7770180334698645E+00 -0.5227827384172842E+00 -0.2761127534994556E+00 -0.9459918884477968E-01 -0.2793404388509291E-02  0.0000000000000000E+00
  0.0000000000000000E+00  0.1787726851625879E+00  0.2873468793090950E+00  0.3368531679914011E+00  0.2943718006974694E+00  0.2171680959376368E+00  0.1189521917836163E+00  0.1428024964524820E-01 -0.9140178575172074E-01 -0.1938152013116584E+00 -0.2927823573121746E+00 -0.4052086893821333E+00 -0.5621229107163989E+00 -0.7618352492913069E+00 -0.9078315935792463E+00 -0.8824046857285501E+00 -0.6850006314022188E+00 -0.4299298489968435E+00 -0.2064993276373341E+00 -0.7210520614267393E-01  0.0000000000000000E+00
  0.0000000000000000E+00  0.1476244710657646E+00  0.2983667905237020E+00  0.4256905753435464E+00  0.4593352043587126E+00  0.4322167445268787E+00  0.3680947628646274E+00  0.2829103618511924E+00  0.1827336245154645E+00  0.7040615228262603E-01 -0.5114593396558046E-01 -0.1845466661231115E+00 -0.3472234516917851E+00 -0.5707049257635463E+00 -0.8116098023758799E+00 -0.9302735193980027E+00 -0.8341474255136959E+00 -0.6007889628121399E+00 -0.3517481596259728E+00 -0.1617905575706557E+00  0.0000000000000000E+00
  0.0000000000000000E+00  0.9518674832239661E-01  0.2572874138563825E+00  0.4471491474536485E+00  0.5643027349446297E+00  0.6057247695554269E+00  0.5905401876382802E+00  0.5357662662829414E+00  0.4497310928028662E+00  0.3347727767866400E+00  0.1944141703726726E+00  0.3457794369571583E-01 -0.1403754611152167E+00 -0.3639497171896083E+00 -0.6535230231547140E+00 -0.9065373543954423E+00 -0.9537051961305195E+00 -0.7790257128984921E+00 -0.5243195227409129E+00 -0.2661151480118063E+00  0.0000000000000000E+00
  0.0000000000000000E+00  0.2985896197271611E-01  0.1721682234261805E+00  0.3896397502291920E+00  0.5778474888403421E+00  0.6955994513221119E+00  0.7424202948682130E+00  0.7294725159666836E+00  0.6658175604378874E+00  0.5556721784674499E+00  0.4062028771558063E+00  0.2294514865962554E+00  0.4516513735822602E-01 -0.1635369632795566E+00 -0.4513197526265101E+00 -0.7954544449770402E+00 -0.1011650368083023E+01 -0.9450026172795053E+00 -0.7141901015364696E+00 -0.3817237056415635E+00  0.0000000000000000E+00
  0.0000000000000000E+00 -0.3916268339751333E-01  0.5569483700928651E-01  0.2549056518755319E+00  0.4782064153290243E+00  0.6588369619134563E+00  0.7690644499159427E+00  0.8050566119079868E+00  0.7726312536216584E+00  0.6792753348832378E+00  0.5385677615049081E+00  0.3682673234648318E+00  0.1937833990956324E+00  0.1536821013330517E-01 -0.2243672677134531E+00 -0.5855748470663082E+00 -0.9569273752077974E+00 -0.1050979723425708E+01 -0.8960631034383040E+00 -0.4981612484488572E+00  0.0000000000000000E+00
  0.0000000000000000E+00 -0.7333425425866302E-01 -0.3871840027435695E-01  0.1021182040757665E+00  0.3002964097976937E+00  0.4930445782334873E+00  0.6385026193336976E+00  0.7173794049428013E+00  0.7268218826353318E+00  0.6726311770051544E+00  0.5702114761184409E+00  0.4384320993890594E+00  0.3014462709985056E+00  0.1679588982970810E+00  0.6391422205481724E-02 -0.2828034957507339E+00 -0.7301753554808631E+00 -0.1003139125963398E+01 -0.1000769376067399E+01 -0.5767516205114334E+00  0.0000000000000000E+00
  0.0000000000000000E+00 -0.1620448264021396E-02  0.6654776984501140E-01  0.1657043434185580E+00  0.2972265261684819E+00  0.4377104625718455E+00  0.5586646299425172E+00  0.6383316302336308E+00  0.6669190154016950E+00  0.6445167393852441E+00  0.5826634721180182E+00  0.4960343282706360E+00  0.4053034287458404E+00  0.3172058371451100E+00  0.2309516834568272E+00  0.7318525335779742E-01 -0.3023621240085839E+00 -0.6625026988252990E+00 -0.8704111730044103E+00 -0.5153701464439856E+00  0.0000000000000000E+00
  0.0000000000000000E+00  0.4158956113222924E+00  0.5354779002412569E+00  0.5998628212466958E+00  0.6407995641777446E+00  0.6792573020212712E+00  0.7139011013367702E+00  0.7345721217756442E+00  0.7337450491315105E+00  0.7097072036978865E+00  0.6690369462280962E+00  0.6181778010212308E+00  0.5694946778574111E+00  0.5211751530242490E+00  0.4898325262978579E+00  0.4394983314002485E+00  0.2939097442908244E+00  0.1198920301454917E+00 -0.1533269651111238E+00 -0.4442102573922838E-01  0.0000000000000000E+00
  0.3000000000000000E+01  0.1750692717769101E+01  0.1460114069121241E+01  0.1366115879678471E+01  0.1374827833635248E+01  0.1399938556508032E+01  0.1416961325932206E+01  0.1434615264906698E+01  0.1465683868007163E+01  0.1515395128291584E+01  0.1575552633433730E+01  0.1641500925206944E+01  0.1696819395173607E+01  0.1753680378072363E+01  0.1761454104563254E+01  0.1754690259157052E+01  0.1815908643118943E+01  0.1977821210738226E+01  0.2589569722328961E+01  0.2617892930773699E+01  0.3000000000000000E+01
