  0.0000000000000000E+00  0.8752745067420020E-02  0.1681444077518526E-01  0.5261396321294803E-01  0.9510407688517558E-01  0.1127508218089586E+00  0.6394158117925502E-01 -0.7497031761499873E-01 -0.2880282795231180E+00 -0.5253719704706372E+00 -0.7194150660499780E+00 -0.8016439142504795E+00 -0.7445963228651078E+00 -0.5964365981377627E+00 -0.4241279661552075E+00 -0.2657803105214828E+00 -0.1370867703284622E+00 -0.4390061229712211E-01  0.1042122213651725E-01  0.1707478071673926E-01  0.0000000000000000E+00
  0.0000000000000000E+00 -0.2304057306140349E-01 -0.5620724832180908E-01 -0.1019842873690896E+00 -0.1462833045852114E+00 -0.1701783182425137E+00 -0.1563473707864985E+00 -0.9298432428553735E-01  0.1341053855532330E-01  0.1438345298536718E+00  0.2686496025664849E+00  0.3578938885019923E+00  0.3927015071459827E+00  0.3798825872793155E+00  0.3351183281715510E+00  0.2701196952601488E+00  0.1940481030678658E+00  0.1193775508762585E+00  0.5623123251241183E-01  0.2142060774803712E-01  0.0000000000000000E+00
  0.0000000000000000E+00 -0.6036897411679046E-01 -0.1518073041902420E+00 -0.2533388988943209E+00 -0.3437458368704586E+00 -0.3977841329185826E+00 -0.4051005311802404E+00 -0.3539232904716108E+00 -0.2477966638571481E+00 -0.9386838090962174E-01  0.8653374164947684E-01  0.2720377512554973E+00  0.4335081985728402E+00  0.5432111637001836E+00  0.5812270183594455E+00  0.5445787752589636E+00  0.4450575388751351E+00  0.3142320403316535E+00  0.1791149196737527E+00  0.8133660396085061E-01  0.0000000000000000E+00
  0.0000000000000000E+00 -0.8219384967761663E-01 -0.2474061071968384E+00 -0.3943547440785086E+00 -0.5237177359595553E+00 -0.6054084295781434E+00 -0.6421873385285922E+00 -0.6218908399083316E+00 -0.5508745879206238E+00 -0.4262529381026752E+00 -0.2608686511841241E+00 -0.6459069644448109E-01  0.1368312716902425E+00  0.3141664721067384E+00  0.4389944565023133E+00  0.4930790891949402E+00  0.4667538246354643E+00  0.3746357249802143E+00  0.2388541980296610E+00  0.1107147833459194E+00  0.0000000000000000E+00
  0.0000000000000000E+00 -0.7888383597961615E-01 -0.3032900004903599E+00 -0.4737287698791029E+00 -0.6296913277859119E+00 -0.7320445988949228E+00 -0.7981305286301374E+00 -0.8112800586471440E+00 -0.7808025006042667E+00 -0.6957195481987578E+00 -0.5628995719583412E+00 -0.3846138548379567E+00 -0.1847658255842170E+00  0.5660179973447144E-02  0.1597339352739062E+00  0.2650089335689226E+00  0.3087005235798995E+00  0.2862045819379422E+00  0.1979853992743263E+00  0.9791080587847957E-01  0.0000000000000000E+00
  0.0000000000000000E+00 -0.6353888556111922E-01 -0.3085328479377672E+00 -0.4829456328987069E+00 -0.6515222228166928E+00 -0.7659375897422793E+00 -0.8559959947717605E+00 -0.9019825690847867E+00 -0.9170752051626909E+00 -0.8856290044364856E+00 -0.8049597857629356E+00 -0.6628964331092527E+00 -0.4724386069208414E+00 -0.2719783728320616E+00 -0.1042963346421156E+00  0.1855643316912252E-01  0.9921233395385021E-01  0.1310233303179506E+00  0.1004037714967503E+00  0.5957213733792305E-01  0.0000000000000000E+00
  0.0000000000000000E+00 -0.4220336201506066E-01 -0.2629038860021773E+00 -0.4271885967750756E+00 -0.5939597676071461E+00 -0.7118025514925581E+00 -0.8150150974263030E+00 -0.8833644079524012E+00 -0.9330941720119618E+00 -0.9531225569631057E+00 -0.9376095178490196E+00 -0.8602922942105182E+00 -0.7057988936177001E+00 -0.4997045525536502E+00 -0.3060582768751798E+00 -0.1660045523491580E+00 -0.7002588624956368E-01 -0.8595401482828356E-02  0.9370316729179267E-02  0.1967181625770155E-01  0.0000000000000000E+00
  0.0000000000000000E+00 -0.9511403907868808E-02 -0.1747186434832254E+00 -0.3234834474182763E+00 -0.4819715825902040E+00 -0.6017083892971000E+00 -0.7127909539449845E+00 -0.7946984791604956E+00 -0.8625408623356189E+00 -0.9145986662792744E+00 -0.9532235627078596E+00 -0.9530332057706762E+00 -0.8700918652152787E+00 -0.6889694916192514E+00 -0.4649418372915486E+00 -0.2816737510916771E+00 -0.1611780400586242E+00 -0.8070301233185127E-01 -0.3091768088628976E-01  0.5842613299112552E-02  0.0000000000000000E+00
  0.0000000000000000E+00  0.4307580934916119E-01 -0.5647699245829131E-01 -0.1862420862193597E+00 -0.3346004882835324E+00 -0.4567248694349573E+00 -0.5740769950847167E+00 -0.6657635963261899E+00 -0.7407399751172413E+00 -0.8032221848337769E+00 -0.8681169976591099E+00 -0.9296790903723195E+00 -0.9379243123504529E+00 -0.8316064036950025E+00 -0.6150508426306872E+00 -0.3795574184413365E+00 -0.2043215211541881E+00 -0.9109363094930450E-01 -0.2091962431862453E-01  0.2142009512124225E-01  0.0000000000000000E+00
  0.0000000000000000E+00  0.1090082260802426E+00  0.7263054838825160E-01 -0.2812660002452947E-01 -0.1626991388340651E+00 -0.2848466201964974E+00 -0.4066781149780637E+00 -0.5087093537194635E+00 -0.5915894362814135E+00 -0.6577876712138004E+00 -0.7265546809047522E+00 -0.8167730308609106E+00 -0.9010102863749225E+00 -0.8985222572556267E+00 -0.7507340113270127E+00 -0.5050657342806596E+00 -0.2719660560581297E+00 -0.1054527244635975E+00 -0.6794110053018477E-02  0.4040799057040446E-01  0.0000000000000000E+00
  0.0000000000000000E+00  0.1611182688394225E+00  0.1876684823634529E+00  0.1343569676070668E+00  0.2580086625907895E-01 -0.8700900211570266E-01 -0.2055847502305698E+00 -0.3141959419306050E+00 -0.4081493606339138E+00 -0.4851210585370239E+00 -0.5573914135485467E+00 -0.6547507665171114E+00 -0.7832173683658388E+00 -0.8778936582288351E+00 -0.8380845545689523E+00 -0.6432152703822039E+00 -0.3898263498003104E+00 -0.1746165434698241E+00 -0.3366228013391493E-01  0.3263683512956891E-01  0.0000000000000000E+00
  0.0000000000000000E+00  0.1789456964814245E+00  0.2674310013592757E+00  0.2814590943364997E+00  0.2186542317640310E+00  0.1297368288658677E+00  0.2595046034262605E-01 -0.7990381310939590E-01 -0.1822749267443785E+00 -0.2764853751646443E+00 -0.3646906916399053E+00 -0.4699118290985554E+00 -0.6186435096618140E+00 -0.7850654104371941E+00 -0.8617039127269555E+00 -0.7614238054328832E+00 -0.5319891855223001E+00 -0.2912220931375242E+00 -0.1064278272889246E+00 -0.9521956093671105E-02  0.0000000000000000E+00
  0.0000000000000000E+00  0.1614373845263914E+00  0.2989192454542652E+00  0.3909451114467736E+00  0.3942832305748835E+00  0.3467936533853401E+00  0.2702118876110174E+00  0.1778602345956316E+00  0.7478153544172823E-01 -0.3494178323139801E-01 -0.1477331314344339E+00 -0.2727725940044075E+00 -0.4337006568550766E+00 -0.6430055641237148E+00 -0.8238085524372816E+00 -0.8447658065568606E+00 -0.6776695262827180E+00 -0.4348025902825544E+00 -0.2148772933119737E+00 -0.7797213942233774E-01  0.0000000000000000E+00
  0.0000000000000000E+00  0.1186611410457278E+00  0.2786897428585418E+00  0.4417857747657563E+00  0.5243356734592406E+00  0.5364060026829197E+00  0.5002004193145623E+00  0.4312443238296842E+00  0.3359827197077713E+00  0.2176326483075265E+00  0.8108294392978355E-01 -0.7169286887891778E-01 -0.2465568135016060E+00 -0.4742145694796440E+00 -0.7304622373562324E+00 -0.8825331885693192E+00 -0.8168677038843960E+00 -0.5972986558007118E+00 -0.3555390983210208E+00 -0.1652802099336788E+00  0.0000000000000000E+00
  0.0000000000000000E+00  0.6105579976357912E-01  0.2127024297622675E+00  0.4185713405756423E+00  0.5760643714735034E+00  0.6592449691783423E+00  0.6768246778970525E+00  0.6422869420240652E+00  0.5638226172687126E+00  0.4453135787258961E+00  0.2929269653813636E+00  0.1162997536925629E+00 -0.7135250140510782E-01 -0.2980103312953767E+00 -0.5901630862462391E+00 -0.8598243665378198E+00 -0.9324918807214136E+00 -0.7711731575974240E+00 -0.5246155691431151E+00 -0.2676816459389715E+00  0.0000000000000000E+00
  0.0000000000000000E+00 -0.3847485584793366E-02  0.1135745437112946E+00  0.3190722669329443E+00  0.5254155255633349E+00  0.6760354120860170E+00  0.7548923968011652E+00  0.7646426798848590E+00  0.7120928169372683E+00  0.6032182845666442E+00  0.4485790547047764E+00  0.2648217002940494E+00  0.7731554289588312E-01 -0.1290134510776430E+00 -0.4119642788821499E+00 -0.7582575363782341E+00 -0.9911605643697294E+00 -0.9359585186657412E+00 -0.7126336635614415E+00 -0.3820934895249116E+00  0.0000000000000000E+00
  0.0000000000000000E+00 -0.6408452299542108E-01 -0.1906851937208366E-02  0.1614606161342332E+00  0.3714295076053897E+00  0.5606707753647867E+00  0.6904520572293310E+00  0.7465995032849083E+00  0.7294861842229325E+00  0.6462448563126040E+00  0.5128398399298839E+00  0.3509879386832591E+00  0.1883580641125402E+00  0.2276633804463864E-01 -0.2069170015794764E+00 -0.5611815230061974E+00 -0.9400495528632985E+00 -0.1042604532145539E+01 -0.8939741728591220E+00 -0.4979156267619898E+00  0.0000000000000000E+00
  0.0000000000000000E+00 -0.7629400892763813E-01 -0.6588588618219895E-01  0.3642134936647595E-01  0.2008457413764026E+00  0.3755733366477343E+00  0.5182295503474278E+00  0.6041075286304469E+00  0.6253119164858923E+00  0.5855460079145666E+00  0.4998720662702565E+00  0.3877501637389932E+00  0.2722017254506331E+00  0.1588740735178845E+00  0.1016371592024515E-01 -0.2695279566891554E+00 -0.7180657927988197E+00 -0.9962731412499607E+00 -0.9989327265714494E+00 -0.5763347004472573E+00  0.0000000000000000E+00
  0.0000000000000000E+00  0.1608530955489014E-01  0.8056474812599282E-01  0.1607335435792765E+00  0.2619713137095811E+00  0.3743560519152480E+00  0.4768131143272732E+00  0.5489327477617935E+00  0.5792781666725185E+00  0.5660078972815176E+00  0.5186040515078331E+00  0.4497906196211840E+00  0.3774614889866449E+00  0.3063034379161514E+00  0.2306784789090252E+00  0.7990145490965207E-01 -0.2952668497151820E+00 -0.6579468019319528E+00 -0.8694340056338662E+00 -0.5154284846300821E+00  0.0000000000000000E+00
  0.0000000000000000E+00  0.4239772980147146E+00  0.5481013824346262E+00  0.6078243537341015E+00  0.6363396575068175E+00  0.6596680194316925E+00  0.6813951342042358E+00  0.6944612718506004E+00  0.6921840995148948E+00  0.6718383932253231E+00  0.6381584945178083E+00  0.5955257026822915E+00  0.5551768790812207E+00  0.5139169249106437E+00  0.4880034080484920E+00  0.4410360969196071E+00  0.2958778703052545E+00  0.1214398820125337E+00 -0.1531774877770928E+00 -0.4496672169545778E-01  0.0000000000000000E+00
  0.3000000000000000E+01  0.1744153415510746E+01  0.1436260600822114E+01  0.1337260482376972E+01  0.1352952341189128E+01  0.1395351993620171E+01  0.1432627711714566E+01  0.1465548932209992E+01  0.1502725868127834E+01  0.1550492717605548E+01  0.1604128567954408E+01  0.1663213511574309E+01  0.1711930851742983E+01  0.1764552663184220E+01  0.1766668254763549E+01  0.1756793164150831E+01  0.1817099539369055E+01  0.1977733552030446E+01  0.2590098457697412E+01  0.2619471680456291E+01  0.3000000000000000E+01
