  0.0000000000000000E+00  0.1243939250209565E-01  0.1940706105501503E-01  0.2650022728555460E-01  0.3281635789660348E-01  0.3843279767372226E-01  0.4322501148890692E-01  0.4708062649088695E-01  0.4986610013186824E-01  0.5144158512933063E-01  0.5167209595999003E-01  0.5044073451643771E-01  0.4766373654575907E-01  0.4330761431175173E-01  0.3740748940570448E-01  0.3008462402953695E-01  0.2156154868355572E-01  0.1220579072744765E-01  0.2765288320828988E-02 -0.3658082104511671E-02  0.0000000000000000E+00
  0.0000000000000000E+00 -0.8951694374567736E-02 -0.1308013441983151E-01 -0.1767508770248577E-01 -0.2183337721803767E-01 -0.2557494631931273E-01 -0.2878540262517396E-01 -0.3137662735142453E-01 -0.3325538033032669E-01 -0.3432982417039800E-01 -0.3451443413970023E-01 -0.3373701167009090E-01 -0.3194708766485760E-01 -0.2912561814650248E-01 -0.2529523029941855E-01 -0.2052972363279910E-01 -0.1496173127922777E-01 -0.8808453602846284E-02 -0.2510335010064202E-02  0.2224463678666413E-02  0.0000000000000000E+00
  0.0000000000000000E+00 -0.1441569062160756E-01 -0.1983334220447951E-01 -0.2652503582190270E-01 -0.3268377375750952E-01 -0.3829204128421591E-01 -0.4313119638661498E-01 -0.4704925556338663E-01 -0.4990004085911184E-01 -0.5154788738186335E-01 -0.5187120645911065E-01 -0.5077030049383498E-01 -0.4817752644881373E-01 -0.4406924012775572E-01 -0.3847820149255118E-01 -0.3150454686886037E-01 -0.2332364515412758E-01 -0.1421957008109120E-01 -0.4765716709363620E-02  0.3015308931487568E-02  0.0000000000000000E+00
  0.0000000000000000E+00 -0.1632637285503175E-01 -0.2216872489485155E-01 -0.2952641122566600E-01 -0.3631900459763452E-01 -0.4256207348379158E-01 -0.4799778001866743E-01 -0.5244684140390981E-01 -0.5573798616590667E-01 -0.5771234895634193E-01 -0.5822509535491948E-01 -0.5715253086056362E-01 -0.5440268616046524E-01 -0.4992884962038443E-01 -0.4374454688166417E-01 -0.3593791373615332E-01 -0.2668451835086434E-01 -0.1629914292413486E-01 -0.5466476974808079E-02  0.3409043868526900E-02  0.0000000000000000E+00
  0.0000000000000000E+00 -0.1720867818685165E-01 -0.2353313660124117E-01 -0.3147338213307997E-01 -0.3880210398217215E-01 -0.4557755713490006E-01 -0.5153437930976815E-01 -0.5648313707873460E-01 -0.6023594826507821E-01 -0.6261211920556392E-01 -0.6343883194594825E-01 -0.6255805496448623E-01 -0.5983836763866516E-01 -0.5519193857891477E-01 -0.4859576074008113E-01 -0.4011567212176666E-01 -0.2993298342778811E-01 -0.1842370397654930E-01 -0.6418048705801132E-02  0.3227499656561757E-02  0.0000000000000000E+00
  0.0000000000000000E+00 -0.1789823548735453E-01 -0.2485699605411689E-01 -0.3354320878964974E-01 -0.4157434478519544E-01 -0.4903800392709996E-01 -0.5566859565411086E-01 -0.6127260404498829E-01 -0.6564808930479668E-01 -0.6859044497709842E-01 -0.6989167223809582E-01 -0.6934681660872767E-01 -0.6676726570075155E-01 -0.6200254828788233E-01 -0.5497116550129792E-01 -0.4570030424833152E-01 -0.3437493818245348E-01 -0.2145564678737717E-01 -0.7959665288400095E-02  0.2652787083285538E-02  0.0000000000000000E+00
  0.0000000000000000E+00 -0.1861747923420517E-01 -0.2636223273527628E-01 -0.3598775376155041E-01 -0.4492089917252121E-01 -0.5326939831487703E-01 -0.6076894109646339E-01 -0.6722588523778888E-01 -0.7242648656414483E-01 -0.7614069680665896E-01 -0.7811832131860691E-01 -0.7809347992354161E-01 -0.7579829202014178E-01 -0.7098964353065614E-01 -0.6349239972100112E-01 -0.5326209864155061E-01 -0.4047000667121162E-01 -0.2568184171017232E-01 -0.1017108356615363E-01  0.1753665256469376E-02  0.0000000000000000E+00
  0.0000000000000000E+00 -0.1943420246038361E-01 -0.2811823849096415E-01 -0.3887664890238764E-01 -0.4890749921788815E-01 -0.5833816975119634E-01 -0.6690918246499630E-01 -0.7443321747885488E-01 -0.8068967494265697E-01 -0.8542416221272309E-01 -0.8833885424708313E-01 -0.8909198048759921E-01 -0.8730871921161193E-01 -0.8261066250563665E-01 -0.7467247792255322E-01 -0.6331623181845919E-01 -0.4865461417796775E-01 -0.3137445324961890E-01 -0.1312192066730398E-01  0.5559885045560619E-03  0.0000000000000000E+00
  0.0000000000000000E+00 -0.2037673588099112E-01 -0.3016156907406296E-01 -0.4224623091152190E-01 -0.5356154526543545E-01 -0.6426311538969429E-01 -0.7410561598306926E-01 -0.8292018640349733E-01 -0.9048980248943042E-01 -0.9654215124497337E-01 -0.1007307333403330E+00 -0.1026245700628484E+00 -0.1017098783737806E+00 -0.9741524912601995E-01 -0.8917782317305852E-01 -0.7657660697434421E-01 -0.5956762082046164E-01 -0.3895400698300930E-01 -0.1694057024351644E-01 -0.9484678341617212E-03  0.0000000000000000E+00
  0.0000000000000000E+00 -0.2146668217213327E-01 -0.3252689297211239E-01 -0.4613094845600031E-01 -0.5890274896010938E-01 -0.7104535942408359E-01 -0.8234562349329759E-01 -0.9267382371916438E-01 -0.1018353482021954E+00 -0.1095553076249525E+00 -0.1154466532659514E+00 -0.1189834243848351E+00 -0.1194821296551346E+00 -0.1161071530970017E+00 -0.1079304532500333E+00 -0.9410101461568032E-01 -0.7421533962120305E-01 -0.4912007762764853E-01 -0.2186233231263319E-01 -0.2817277001517404E-02  0.0000000000000000E+00
  0.0000000000000000E+00 -0.2273444041232594E-01 -0.3526503242748955E-01 -0.5057846308219560E-01 -0.6495113435820402E-01 -0.7866847110867693E-01 -0.9157979222103156E-01 -0.1036264943627787E+00 -0.1146663528239722E+00 -0.1244503450443458E+00 -0.1325751936811845E+00 -0.1384325192712753E+00 -0.1411534480797977E+00 -0.1395653756898768E+00 -0.1322044818032061E+00 -0.1174862581056887E+00 -0.9424656524878472E-01 -0.6312054653827899E-01 -0.2840234456057127E-01 -0.5291750966182457E-02  0.0000000000000000E+00
  0.0000000000000000E+00 -0.2423814578429644E-01 -0.3846895582728559E-01 -0.5567043801016313E-01 -0.7173631048409079E-01 -0.8709560896752531E-01 -0.1017074823282072E+00 -0.1156296177541190E+00 -0.1288146197960204E+00 -0.1410844341932149E+00 -0.1520688218699180E+00 -0.1611250230417314E+00 -0.1672258646660374E+00 -0.1688224412422283E+00 -0.1637260410489524E+00 -0.1491678595860830E+00 -0.1224783136405053E+00 -0.8340259914279478E-01 -0.3797678848124373E-01 -0.9303832856640758E-02  0.0000000000000000E+00
  0.0000000000000000E+00 -0.2610031598182593E-01 -0.4232152843667396E-01 -0.6155695262879449E-01 -0.7931144767814305E-01 -0.9626546789628178E-01 -0.1125577315925873E+00 -0.1284195545042567E+00 -0.1439504948293747E+00 -0.1591051841912159E+00 -0.1736282429242013E+00 -0.1869484439251207E+00 -0.1979969228322417E+00 -0.2049208320077949E+00 -0.2046952206228210E+00 -0.1928133218745889E+00 -0.1638644691727219E+00 -0.1151939202474895E+00 -0.5489339345122033E-01 -0.1798324707380779E-01  0.0000000000000000E+00
  0.0000000000000000E+00 -0.2858611314589868E-01 -0.4718197585328533E-01 -0.6850435705127662E-01 -0.8776026111120123E-01 -0.1060703851658062E+00 -0.1238476114230375E+00 -0.1415575225956455E+00 -0.1594964693832339E+00 -0.1778204492521035E+00 -0.1965016791087841E+00 -0.2152221410954159E+00 -0.2331376158080025E+00 -0.2484129981719467E+00 -0.2573954588210361E+00 -0.2534743520701544E+00 -0.2268755675146264E+00 -0.1697831295400430E+00 -0.9132481261551086E-01 -0.3994165037876748E-01  0.0000000000000000E+00
  0.0000000000000000E+00 -0.3226815017983899E-01 -0.5370701198946285E-01 -0.7689981072299350E-01 -0.9710965471806335E-01 -0.1162140658628587E+00 -0.1350070780036766E+00 -0.1542257166047581E+00 -0.1743813153826939E+00 -0.1958775828148514E+00 -0.2190297541485857E+00 -0.2440132586141266E+00 -0.2706532861577736E+00 -0.2978614967411864E+00 -0.3223146866856542E+00 -0.3359269414116581E+00 -0.3235089607495099E+00 -0.2681401831753123E+00 -0.1740120084329414E+00 -0.9250715193459151E-01  0.0000000000000000E+00
  0.0000000000000000E+00 -0.3827452940185552E-01 -0.6281590626450394E-01 -0.8686365160207526E-01 -0.1067003635136745E+00 -0.1254441726186530E+00 -0.1443285120056247E+00 -0.1643082427585672E+00 -0.1860368639385453E+00 -0.2101285994522366E+00 -0.2372792408083405E+00 -0.2683431299920121E+00 -0.3043069229545681E+00 -0.3459243608899858E+00 -0.3922793338017143E+00 -0.4367463493366278E+00 -0.4605389934461375E+00 -0.4332014329842654E+00 -0.3364404877960847E+00 -0.1940715301945094E+00  0.0000000000000000E+00
  0.0000000000000000E+00 -0.4830569337531251E-01 -0.7409225806151436E-01 -0.9561072715332618E-01 -0.1119977852311475E+00 -0.1280830296988195E+00 -0.1453319581615380E+00 -0.1646250100649284E+00 -0.1864996268856666E+00 -0.2115727659644540E+00 -0.2407463721774939E+00 -0.2754298975170567E+00 -0.3178422114931849E+00 -0.3713153236282742E+00 -0.4398731125899235E+00 -0.5240623230888576E+00 -0.6087472918958597E+00 -0.6464026349538032E+00 -0.5696274819228176E+00 -0.3354084194668894E+00  0.0000000000000000E+00
  0.0000000000000000E+00 -0.6060604356525054E-01 -0.7808409134192289E-01 -0.8691391450429646E-01 -0.9291085725432220E-01 -0.1020583581000136E+00 -0.1147857772494158E+00 -0.1309907217767226E+00 -0.1505350363290925E+00 -0.1736280725461309E+00 -0.2009358835984804E+00 -0.2337812898306152E+00 -0.2746385858155383E+00 -0.3282216635772238E+00 -0.4034640322900861E+00 -0.5130305893210120E+00 -0.6588568503530399E+00 -0.7831290799690657E+00 -0.7690284410775204E+00 -0.4580133589424994E+00  0.0000000000000000E+00
  0.0000000000000000E+00 -0.5741590042863549E-01 -0.1488846999820690E-01  0.6351758732457515E-02  0.1762334043140839E-01  0.1835716349682968E-01  0.1222404898745495E-01  0.1408449272140562E-02 -0.1293169660276570E-01 -0.3039837655047016E-01 -0.5110179295178203E-01 -0.7558040202487773E-01 -0.1050209262628043E+00 -0.1421303283517745E+00 -0.1948938380258736E+00 -0.2826030002151874E+00 -0.4374590607581922E+00 -0.6209331728307085E+00 -0.7411980466287804E+00 -0.4433565922978313E+00  0.0000000000000000E+00
  0.0000000000000000E+00  0.2115260313589181E+00  0.2941481260963504E+00  0.3394883453914854E+00  0.3521756381475907E+00  0.3519439719280989E+00  0.3475078710290222E+00  0.3415572855763191E+00  0.3346704380783774E+00  0.3268462112520578E+00  0.3180062869315808E+00  0.3082053061217854E+00  0.2976947707117152E+00  0.2873186478073546E+00  0.2755801800043817E+00  0.2567042107698030E+00  0.1885222697350650E+00  0.9118049228344514E-01 -0.1227005526442926E+00 -0.1307234827097517E-01  0.0000000000000000E+00
  0.3000000000000000E+01  0.2308006005494610E+01  0.2102667151712742E+01  0.1987886722558001E+01  0.1961096425988636E+01  0.1962525247712533E+01  0.1969700435900388E+01  0.1976736592543183E+01  0.1983056989162102E+01  0.1989062989693356E+01  0.1994879346253475E+01  0.1999803679609766E+01  0.2001894761602050E+01  0.1995913728226161E+01  0.1978365621960982E+01  0.1947284367475404E+01  0.1996974130036613E+01  0.2105525350318956E+01  0.2626903611304098E+01  0.2595860452515094E+01  0.3000000000000000E+01
