  0.0000000000000000E+00  0.5419676097960464E-02 -0.2199709287963245E-01 -0.7612920265030401E-01 -0.1711662473311876E+00 -0.3095625570870517E+00 -0.4781209804603445E+00 -0.6459637744739115E+00 -0.7747110468670018E+00 -0.8330436337504310E+00 -0.8080658601904237E+00 -0.7136424507853599E+00 -0.5815371439583672E+00 -0.4424346000622562E+00 -0.3151077366039514E+00 -0.2088152580802921E+00 -0.1259999859170846E+00 -0.6688983674592841E-01 -0.2631382468528315E-01 -0.1099501592966128E-01  0.0000000000000000E+00
  0.0000000000000000E+00 -0.1237659349415268E-01 -0.7622078442761897E-03  0.2009843292024706E-01  0.6113605762813996E-01  0.1228783472444933E+00  0.2014290588000795E+00  0.2853018939388198E+00  0.3595842029285208E+00  0.4105992132521505E+00  0.4304510676794452E+00  0.4198693374540728E+00  0.3858866704662395E+00  0.3366318138981060E+00  0.2782503655044307E+00  0.2167617138831084E+00  0.1566907995748497E+00  0.1043590614191008E+00  0.5876673682796549E-01  0.3128112947935713E-01  0.0000000000000000E+00
  0.0000000000000000E+00 -0.3171010438449757E-01 -0.2428371641246101E-01 -0.1583390388956284E-01  0.1224192555323232E-01  0.5907248464642803E-01  0.1261661959398940E+00  0.2099419073425479E+00  0.3040415619185607E+00  0.3987540060060205E+00  0.4832873428479117E+00  0.5459655615768585E+00  0.5761228674403511E+00  0.5674608416320620E+00  0.5196433599093406E+00  0.4414698835690332E+00  0.3440724128074645E+00  0.2461873475113741E+00  0.1499863857986133E+00  0.8284837250841011E-01  0.0000000000000000E+00
  0.0000000000000000E+00 -0.5569199084504212E-01 -0.7178267077138772E-01 -0.9636519911421032E-01 -0.1060567371791764E+00 -0.1014396479396493E+00 -0.7263757102259660E-01 -0.1737997525592518E-01  0.6359678037469019E-01  0.1624686849120218E+00  0.2693028046457591E+00  0.3705748577872405E+00  0.4520018126758035E+00  0.5004332948647194E+00  0.5063711926846577E+00  0.4696546872127894E+00  0.3945864272980837E+00  0.3011209732874506E+00  0.1925211697855977E+00  0.1071401710765429E+00  0.0000000000000000E+00
  0.0000000000000000E+00 -0.7952300048608199E-01 -0.1410881976300809E+00 -0.2202396147699009E+00 -0.2923049578214772E+00 -0.3486448987932593E+00 -0.3673182666740467E+00 -0.3438755385663584E+00 -0.2772436969617352E+00 -0.1775537016337337E+00 -0.5605389404560346E-01  0.7050127008917331E-01  0.1869311527219149E+00  0.2791150407196015E+00  0.3360564918126046E+00  0.3520899983367235E+00  0.3240764242318577E+00  0.2653485706955807E+00  0.1757673680030221E+00  0.1025199824196581E+00  0.0000000000000000E+00
  0.0000000000000000E+00 -0.9911024424818557E-01 -0.2262098760466858E+00 -0.3704302473986991E+00 -0.5103048886043632E+00 -0.6217843511839580E+00 -0.6813755304793120E+00 -0.6883222400177861E+00 -0.6393694791997793E+00 -0.5440162893946207E+00 -0.4116974724201818E+00 -0.2626582662181695E+00 -0.1155466806429828E+00  0.1204064043620034E-01  0.1095966906744392E+00  0.1709602300351726E+00  0.1908209305399885E+00  0.1750620287857800E+00  0.1205843709187990E+00  0.7885883817916722E-01  0.0000000000000000E+00
  0.0000000000000000E+00 -0.1048293581049066E+00 -0.2975485108388438E+00 -0.4928687085717735E+00 -0.6803205289101629E+00 -0.8268188125484617E+00 -0.9205757144491055E+00 -0.9609102687394480E+00 -0.9413914590299665E+00 -0.8661186932708450E+00 -0.7372935574513252E+00 -0.5733625155359449E+00 -0.3970854242444098E+00 -0.2352686022394374E+00 -0.1035388259334422E+00 -0.7559587734326157E-02  0.5040750495960459E-01  0.7268445945228225E-01  0.5706274845737715E-01  0.4889530791922760E-01  0.0000000000000000E+00
  0.0000000000000000E+00 -0.9667143865644864E-01 -0.3257967753597284E+00 -0.5449871886584738E+00 -0.7528072088455091E+00 -0.9169982287748702E+00 -0.1037188296408259E+01 -0.1111559860230181E+01 -0.1135294165682166E+01 -0.1104636364866578E+01 -0.1009072442406838E+01 -0.8529984944423799E+00 -0.6553032834164305E+00 -0.4531305518094620E+00 -0.2793577502458680E+00 -0.1486955549140902E+00 -0.6018514697637004E-01 -0.7905429470212692E-02  0.1083800048167951E-01  0.2742272796169790E-01  0.0000000000000000E+00
  0.0000000000000000E+00 -0.7797524554835468E-01 -0.2923537494138612E+00 -0.5056672920145021E+00 -0.7034379316017842E+00 -0.8635780767011850E+00 -0.9908374681339475E+00 -0.1087704420085075E+01 -0.1155943872068038E+01 -0.1190444876964893E+01 -0.1170041837202038E+01 -0.1073928805874029E+01 -0.8970944175030388E+00 -0.6693419167902950E+00 -0.4428096364052375E+00 -0.2597340634737196E+00 -0.1318731790597963E+00 -0.5056081124922927E-01 -0.5627577746474177E-02  0.2371466282530263E-01  0.0000000000000000E+00
  0.0000000000000000E+00 -0.4491523022886617E-01 -0.1968974607169547E+00 -0.3824956675915078E+00 -0.5487135947536422E+00 -0.6892785490617486E+00 -0.8060288979204416E+00 -0.9052389550794757E+00 -0.9958029782322859E+00 -0.1082692891927393E+01 -0.1150295311460875E+01 -0.1162188098851605E+01 -0.1077456209629733E+01 -0.8872971400997508E+00 -0.6347714315050658E+00 -0.3896281406458271E+00 -0.1996082258412299E+00 -0.7383451045297282E-01 -0.2850795103640680E-02  0.3283561765758414E-01  0.0000000000000000E+00
  0.0000000000000000E+00  0.1126659499040555E-01 -0.5788671036787760E-01 -0.2033494021675580E+00 -0.3318323553414165E+00 -0.4497633757543248E+00 -0.5532549236157823E+00 -0.6457625760331932E+00 -0.7359037848605545E+00 -0.8379613252862447E+00 -0.9567024796503855E+00 -0.1068491854925484E+01 -0.1116352382355669E+01 -0.1042602103324505E+01 -0.8408484715394946E+00 -0.5729110103743338E+00 -0.3204183588074800E+00 -0.1313179380859253E+00 -0.1777818354468673E-01  0.3300751331237706E-01  0.0000000000000000E+00
  0.0000000000000000E+00  0.8628198396679529E-01  0.9342962357564179E-01  0.5484279028485805E-03 -0.9036196756272222E-01 -0.1860591613266904E+00 -0.2807965186578788E+00 -0.3726081224729484E+00 -0.4624880716036119E+00 -0.5609554226952216E+00 -0.6857564603780064E+00 -0.8427132022792163E+00 -0.9959700776909867E+00 -0.1067352568379384E+01 -0.9898612604997483E+00 -0.7737291778009849E+00 -0.5007801220600900E+00 -0.2557331755964613E+00 -0.8361902823215939E-01  0.2456287730921679E-03  0.0000000000000000E+00
  0.0000000000000000E+00  0.1460222713641484E+00  0.2158196217787572E+00  0.1909783639147004E+00  0.1448718095054484E+00  0.7863358215053433E-01 -0.3109323278516905E-02 -0.9594262457870044E-01 -0.1944301337911129E+00 -0.2984090040567183E+00 -0.4187456259337061E+00 -0.5765950090777735E+00 -0.7758592645441091E+00 -0.9621299351919466E+00 -0.1034662542871322E+01 -0.9334009459891550E+00 -0.6973186616186486E+00 -0.4281962327318128E+00 -0.2006593857937417E+00 -0.6897634285153374E-01  0.0000000000000000E+00
  0.0000000000000000E+00  0.1640373028759874E+00  0.2803851417312577E+00  0.3332610457096215E+00  0.3454835858856597E+00  0.3205261776380378E+00  0.2628004230367558E+00  0.1778719277310864E+00  0.7330756004247388E-01 -0.4456516374705194E-01 -0.1729481478732925E+00 -0.3233205265436779E+00 -0.5222943195299047E+00 -0.7671542396091372E+00 -0.9723461478219845E+00 -0.1021688270791105E+01 -0.8752834179387580E+00 -0.6200312459228856E+00 -0.3557312979912734E+00 -0.1625353977104926E+00  0.0000000000000000E+00
  0.0000000000000000E+00  0.1394041760632273E+00  0.2767286428178209E+00  0.3977627526685353E+00  0.4755042453844234E+00  0.5028492585844472E+00  0.4814766795126676E+00  0.4168243699207412E+00  0.3171208328569068E+00  0.1918148230079338E+00  0.5221198076346670E-01 -0.9788997605222299E-01 -0.2782976368247384E+00 -0.5255227731591996E+00 -0.8133336219711697E+00 -0.1020364958613276E+01 -0.1013460548924038E+01 -0.8135301330073197E+00 -0.5377608003436608E+00 -0.2710211727531482E+00  0.0000000000000000E+00
  0.0000000000000000E+00  0.8859051663118427E-01  0.2194910023275125E+00  0.3802431236633634E+00  0.5139501101619965E+00  0.5954674273272396E+00  0.6175002426379149E+00  0.5824221145375168E+00  0.4991358170341361E+00  0.3805410944354572E+00  0.2426014562513414E+00  0.9566834541008945E-01 -0.6462271704632205E-01 -0.2783289026343510E+00 -0.5789258863577296E+00 -0.9081609823437745E+00 -0.1079034205874889E+01 -0.9870463925316552E+00 -0.7340947502441841E+00 -0.3897655929898023E+00  0.0000000000000000E+00
  0.0000000000000000E+00  0.2821779563927664E-01  0.1354557032907207E+00  0.3052197625530254E+00  0.4708059813375466E+00  0.5927157938930415E+00  0.6538179493263567E+00  0.6523880860942235E+00  0.5973793419667449E+00  0.5030694860490957E+00  0.3861881243673943E+00  0.2566285183173957E+00  0.1183258317267587E+00 -0.5117502806836795E-01 -0.3036814740651448E+00 -0.6742772724885944E+00 -0.1018689985226198E+01 -0.1092148778730365E+01 -0.9177988915503131E+00 -0.5076647551003327E+00  0.0000000000000000E+00
  0.0000000000000000E+00 -0.9868904870381981E-02  0.6290583450439481E-01  0.2150648131371392E+00  0.3833932423104054E+00  0.5244894861945829E+00  0.6155554814823043E+00  0.6502367202480561E+00  0.6340840021194878E+00  0.5779042572337665E+00  0.4952618626851822E+00  0.3940501856261189E+00  0.2815695435881441E+00  0.1517198469044781E+00 -0.2379005997527399E-01 -0.3353740452857776E+00 -0.7747867348821557E+00 -0.1035662981961161E+01 -0.1019240212600639E+01 -0.5852878334716748E+00  0.0000000000000000E+00
  0.0000000000000000E+00  0.2151646324530027E-01  0.1140683665376670E+00  0.2594803775653036E+00  0.4126841824024773E+00  0.5454711656953888E+00  0.6403602501992236E+00  0.6896867727391672E+00  0.6950527993285018E+00  0.6630476681857472E+00  0.6045983050815208E+00  0.5271670907069744E+00  0.4406363996178354E+00  0.3440398459396802E+00  0.2388493588964048E+00  0.5515677913760142E-01 -0.3241500340276514E+00 -0.6810165950792860E+00 -0.8815519273960936E+00 -0.5202746958914368E+00  0.0000000000000000E+00
  0.0000000000000000E+00  0.4067441532385034E+00  0.5471455842192158E+00  0.6473918904529636E+00  0.7171526534535797E+00  0.7676535022394381E+00  0.7984494153887154E+00  0.8063701755372237E+00  0.7920020390218508E+00  0.7593853651966215E+00  0.7155695762005602E+00  0.6649339057750583E+00  0.6141844064807271E+00  0.5607850202747638E+00  0.5160736543171911E+00  0.4506912707262863E+00  0.2951315161154013E+00  0.1162265260494545E+00 -0.1564127842815700E+00 -0.4558649082638513E-01  0.0000000000000000E+00
  0.3000000000000000E+01  0.1801284003529790E+01  0.1472631613880020E+01  0.1317304706206413E+01  0.1261226222041738E+01  0.1242510658977075E+01  0.1245012004033077E+01  0.1270576246127496E+01  0.1319046682262949E+01  0.1384891572595883E+01  0.1457889576479840E+01  0.1532365373381800E+01  0.1598083180175654E+01  0.1661684785115389E+01  0.1690628395944831E+01  0.1703082966958743E+01  0.1790455417626145E+01  0.1970303826772350E+01  0.2587686425448616E+01  0.2616484776587719E+01  0.3000000000000000E+01
