  0.0000000000000000E+00  0.5553676020166154E-02  0.2065536655048483E-01  0.7275281241823722E-01  0.1415853460728005E+00  0.1991479604215861E+00  0.1989890804822097E+00  0.9826698329538985E-01 -0.9954597824450173E-01 -0.3531169412515496E+00 -0.5953810747847923E+00 -0.7482936151369031E+00 -0.7560763388479403E+00 -0.6355448671425357E+00 -0.4637917521029490E+00 -0.2965025640467157E+00 -0.1571885563527536E+00 -0.5440633834549824E-01  0.7519687007439851E-02  0.1856614587388539E-01  0.0000000000000000E+00
  0.0000000000000000E+00 -0.2360278486201912E-01 -0.6542037661257034E-01 -0.1223083037307166E+00 -0.1808081510414309E+00 -0.2223855668813631E+00 -0.2286521122034539E+00 -0.1810590377888750E+00 -0.8115017946129195E-01  0.5566628354815618E-01  0.2000087962977523E+00  0.3182031888118109E+00  0.3814893471026536E+00  0.3855084560404347E+00  0.3481162648294014E+00  0.2854150437127806E+00  0.2081731938624328E+00  0.1294933962583788E+00  0.6137877879139022E-01  0.2184082916950705E-01  0.0000000000000000E+00
  0.0000000000000000E+00 -0.6525467856589121E-01 -0.1756057632872262E+00 -0.2941720987739125E+00 -0.4008391070514921E+00 -0.4680087402225032E+00 -0.4869672561281520E+00 -0.4449101300712350E+00 -0.3429965166283776E+00 -0.1861180906070810E+00  0.4645314108464665E-02  0.2063159512985297E+00  0.3883917024600206E+00  0.5209805009787685E+00  0.5805570423852554E+00  0.5597425670916262E+00  0.4673310252345447E+00  0.3340738504296382E+00  0.1916560233816105E+00  0.8408863338240652E-01  0.0000000000000000E+00
  0.0000000000000000E+00 -0.8237586909846834E-01 -0.2659788628126453E+00 -0.4219988233768283E+00 -0.5585469476973448E+00 -0.6444181324857885E+00 -0.6862037468987475E+00 -0.6715794952151467E+00 -0.6060323896042282E+00 -0.4858078365443053E+00 -0.3222479562934249E+00 -0.1243215191452231E+00  0.8375385464675293E-01  0.2726165667367602E+00  0.4126626399799528E+00  0.4832473095643265E+00  0.4708433716865666E+00  0.3844332862899726E+00  0.2473236768141371E+00  0.1108417712391430E+00  0.0000000000000000E+00
  0.0000000000000000E+00 -0.7599619119974577E-01 -0.3108389730390146E+00 -0.4829369505589900E+00 -0.6403839401647983E+00 -0.7430870021998993E+00 -0.8117077803869998E+00 -0.8296384191415909E+00 -0.8063316110970570E+00 -0.7309273792370979E+00 -0.6076810943698155E+00 -0.4356475064816669E+00 -0.2349898448856740E+00 -0.3842982488868602E-01  0.1234312376235171E+00  0.2380755334250399E+00  0.2934283368155394E+00  0.2798712690398865E+00  0.1955945218015664E+00  0.9390223977251058E-01  0.0000000000000000E+00
  0.0000000000000000E+00 -0.5902310955005018E-01 -0.3013260262948582E+00 -0.4707622532578207E+00 -0.6348045018014192E+00 -0.7452703347620853E+00 -0.8329698575735633E+00 -0.8793537401375450E+00 -0.8983791858645607E+00 -0.8774925123859686E+00 -0.8131127569384390E+00 -0.6889435254294984E+00 -0.5087327135691440E+00 -0.3080756428975510E+00 -0.1364465140256971E+00 -0.1076463338361209E-01  0.7517222465717774E-01  0.1138688630651315E+00  0.8929465342268998E-01  0.5190939423846361E-01  0.0000000000000000E+00
  0.0000000000000000E+00 -0.3635718452140773E-01 -0.2443467907636082E+00 -0.4014336531003219E+00 -0.5622360236885929E+00 -0.6763806079999894E+00 -0.7763815892186170E+00 -0.8428064901712806E+00 -0.8917693734796669E+00 -0.9166611231709811E+00 -0.9145703583611119E+00 -0.8591586578215360E+00 -0.7251953776983028E+00 -0.5274330008328757E+00 -0.3313926947414048E+00 -0.1891706308769706E+00 -0.9221602328765269E-01 -0.2726570422620924E-01 -0.3258680460588470E-02  0.1179147009011081E-01  0.0000000000000000E+00
  0.0000000000000000E+00 -0.4875011489571668E-03 -0.1486601859969762E+00 -0.2898804159837901E+00 -0.4426089002051396E+00 -0.5595051032618678E+00 -0.6674092150426830E+00 -0.7463842569559347E+00 -0.8101267827912207E+00 -0.8604171624938350E+00 -0.9043749576705526E+00 -0.9218818087046300E+00 -0.8646095151015967E+00 -0.7033840631194468E+00 -0.4839101112704317E+00 -0.2971658501217170E+00 -0.1747813050281896E+00 -0.9228484903754020E-01 -0.3791239817537564E-01  0.2244858413308848E-02  0.0000000000000000E+00
  0.0000000000000000E+00  0.5571364617220924E-01 -0.2756669286590671E-01 -0.1488939273290615E+00 -0.2918394248952764E+00 -0.4116931840748225E+00 -0.5268498592358449E+00 -0.6170727756558048E+00 -0.6889213697436231E+00 -0.7474444070171351E+00 -0.8104948285183994E+00 -0.8796669465885523E+00 -0.9081741009559470E+00 -0.8267556294713601E+00 -0.6251867792768462E+00 -0.3904772876100573E+00 -0.2111056788194283E+00 -0.9445950135998166E-01 -0.2093856397660637E-01  0.2285781460801200E-01  0.0000000000000000E+00
  0.0000000000000000E+00  0.1201192569234995E+00  0.9869097561822351E-01  0.9391273040124458E-02 -0.1181055255922319E+00 -0.2367344364081818E+00 -0.3557718962673643E+00 -0.4567707505981834E+00 -0.5386681220800829E+00 -0.6032751363152830E+00 -0.6696070285722988E+00 -0.7610462092759037E+00 -0.8564525462864913E+00 -0.8750005235837524E+00 -0.7475364767757463E+00 -0.5110969562764490E+00 -0.2771423657665519E+00 -0.1068074894697576E+00 -0.4860822847081066E-02  0.4352397794384348E-01  0.0000000000000000E+00
  0.0000000000000000E+00  0.1646424428851664E+00  0.2055460557022788E+00  0.1677307852389166E+00  0.6995433679959646E-01 -0.3659013927280519E-01 -0.1503055673741630E+00 -0.2566397963882909E+00 -0.3505170675859713E+00 -0.4288945855916598E+00 -0.5023093511995947E+00 -0.6009089235829959E+00 -0.7346814467615302E+00 -0.8433267535010370E+00 -0.8221188889333181E+00 -0.6411296230338555E+00 -0.3927006443275915E+00 -0.1768708334450346E+00 -0.3367758861340964E-01  0.3413463147932096E-01  0.0000000000000000E+00
  0.0000000000000000E+00  0.1736113407436239E+00  0.2738785561746778E+00  0.3059536884234505E+00  0.2581587647053090E+00  0.1788968478504615E+00  0.8212177629377264E-01 -0.1987384564811785E-01 -0.1216396810755148E+00 -0.2182671585664076E+00 -0.3106677338923255E+00 -0.4203523499590627E+00 -0.5732552384344214E+00 -0.7480072623289121E+00 -0.8385172550036681E+00 -0.7520041430097621E+00 -0.5304720274622885E+00 -0.2923792086941260E+00 -0.1075114102216063E+00 -0.9657051936227158E-02  0.0000000000000000E+00
  0.0000000000000000E+00  0.1495394815879385E+00  0.2931289107681374E+00  0.4022137904077022E+00  0.4233446324379231E+00  0.3887854823378565E+00  0.3211675015268723E+00  0.2340721580810997E+00  0.1326921688546817E+00  0.2099367752760796E-01 -0.9689202501107511E-01 -0.2288370689183955E+00 -0.3951839700988260E+00 -0.6098435080311645E+00 -0.7993340830151994E+00 -0.8315147904801032E+00 -0.6726856663223796E+00 -0.4337062091342662E+00 -0.2153819027067808E+00 -0.7838689048353012E-01  0.0000000000000000E+00
  0.0000000000000000E+00  0.1032874432663357E+00  0.2620751875799379E+00  0.4364535024814898E+00  0.5360929275931003E+00  0.5631989244936851E+00  0.5379404968856633E+00  0.4756563800033896E+00  0.3831292200135525E+00  0.2636475559689008E+00  0.1226608519043813E+00 -0.3688053297936442E-01 -0.2173195044343385E+00 -0.4489150090712017E+00 -0.7095076579602986E+00 -0.8688537445042083E+00 -0.8104652588932237E+00 -0.5946728679248683E+00 -0.3551551723006011E+00 -0.1653604684363163E+00  0.0000000000000000E+00
  0.0000000000000000E+00  0.4489709444647486E-01  0.1891553699087134E+00  0.3963838181185838E+00  0.5653558180092926E+00  0.6626137085465165E+00  0.6920986884480342E+00  0.6655208690626285E+00  0.5909535897796576E+00  0.4725867869754386E+00  0.3174958454179712E+00  0.1367182599538072E+00 -0.5370788543167313E-01 -0.2821532704874503E+00 -0.5754808218723793E+00 -0.8482864031741377E+00 -0.9262465688838726E+00 -0.7680527052110888E+00 -0.5237065852050512E+00 -0.2674586181406020E+00  0.0000000000000000E+00
  0.0000000000000000E+00 -0.1836617814053101E-01  0.8784550207978294E-01  0.2837692889168563E+00  0.4911593526102404E+00  0.6500454236519942E+00  0.7389641872373054E+00  0.7569769311440736E+00  0.7096182756568893E+00  0.6030450248250074E+00  0.4490515168353573E+00  0.2661744958220442E+00  0.8153015042238734E-01 -0.1224233358636052E+00 -0.4038686569150722E+00 -0.7500048922514291E+00 -0.9859701644971313E+00 -0.9329840988747969E+00 -0.7115938255627555E+00 -0.3817238613710289E+00  0.0000000000000000E+00
  0.0000000000000000E+00 -0.7345257752784838E-01 -0.2386931373021748E-01  0.1232746750315215E+00  0.3230741814640254E+00  0.5100729791621533E+00  0.6431332875674390E+00  0.7048528059372225E+00  0.6935572872069461E+00  0.6158808524471224E+00  0.4884332487307767E+00  0.3339897946381047E+00  0.1804762877608988E+00  0.2220316946766131E-01 -0.2036660877485176E+00 -0.5558080485832186E+00 -0.9360257624809855E+00 -0.1039993000437999E+01 -0.8930045767547917E+00 -0.4975160849831288E+00  0.0000000000000000E+00
  0.0000000000000000E+00 -0.7622575077470491E-01 -0.7346162874660821E-01  0.1461070369797782E-01  0.1641961461320563E+00  0.3283932508865554E+00  0.4662157761368728E+00  0.5521195057984274E+00  0.5768560463214415E+00  0.5432708968569255E+00  0.4659481187255652E+00  0.3639443451839607E+00  0.2594462033685551E+00  0.1554131225517884E+00  0.1141918985556105E-01 -0.2657412527875589E+00 -0.7149053238052697E+00 -0.9940047524879330E+00 -0.9980868477039413E+00 -0.5759741669183590E+00  0.0000000000000000E+00
  0.0000000000000000E+00  0.2257743041048914E-01  0.8679208803074354E-01  0.1618768863271128E+00  0.2528679750018168E+00  0.3541132901288094E+00  0.4479498236622682E+00  0.5154712657789482E+00  0.5453491912338714E+00  0.5352619659224422E+00  0.4938281800662608E+00  0.4326829090763355E+00  0.3684300583682792E+00  0.3042214656372080E+00  0.2320684109651593E+00  0.8300899121691070E-01 -0.2928892307228377E+00 -0.6561964289094608E+00 -0.8687861478791037E+00 -0.5151992422539799E+00  0.0000000000000000E+00
  0.0000000000000000E+00  0.4265009972660138E+00  0.5528212191985570E+00  0.6119456908417104E+00  0.6369241075543580E+00  0.6551709121421156E+00  0.6720160427411045E+00  0.6817680445228215E+00  0.6783924383450003E+00  0.6590518702962618E+00  0.6278788556582117E+00  0.5884158968442827E+00  0.5513759457960435E+00  0.5127538048998856E+00  0.4884829679291270E+00  0.4421422046596138E+00  0.2966226446279216E+00  0.1221312189501358E+00 -0.1528964855954170E+00 -0.4492214695427840E-01  0.0000000000000000E+00
  0.3000000000000000E+01  0.1743074438612448E+01  0.1428328430435073E+01  0.1326039813801982E+01  0.1342095652338743E+01  0.1388600553702462E+01  0.1431901695438955E+01  0.1470167132210484E+01  0.1510171876198870E+01  0.1558106355033657E+01  0.1610191613091626E+01  0.1667435218543487E+01  0.1714302220980148E+01  0.1765960050937551E+01  0.1766619507177778E+01  0.1756582377238069E+01  0.1817242835393398E+01  0.1977409914240132E+01  0.2589903308907147E+01  0.2619567198608855E+01  0.3000000000000000E+01
