  0.0000000000000000E+00  0.5558669613684827E-02  0.2065992599511751E-01  0.7275310155556314E-01  0.1415794307647643E+00  0.1991367816494725E+00  0.1989772634932104E+00  0.9826134318837992E-01 -0.9954333287770858E-01 -0.3531080431763616E+00 -0.5953712507154370E+00 -0.7482894347183243E+00 -0.7560810001259768E+00 -0.6355550736225459E+00 -0.4638036080943441E+00 -0.2965144697403360E+00 -0.1572000090487848E+00 -0.5441731949025957E-01  0.7510194823965560E-02  0.1856030623803630E-01  0.0000000000000000E+00
  0.0000000000000000E+00 -0.2360460130178447E-01 -0.6541716133615637E-01 -0.1223007685215280E+00 -0.1807964852435673E+00 -0.2223723502418551E+00 -0.2286399310087688E+00 -0.1810516191156072E+00 -0.8114872353697042E-01  0.5566194897120599E-01  0.2000010618230351E+00  0.3181951639527812E+00  0.3814834947098938E+00  0.3855048351918919E+00  0.3481141674089834E+00  0.2854142761816889E+00  0.2081738053906609E+00  0.1294956221481367E+00  0.6138192539678532E-01  0.2184348845385932E-01  0.0000000000000000E+00
  0.0000000000000000E+00 -0.6525513429166858E-01 -0.1755915580133516E+00 -0.2941492040090209E+00 -0.4008100249659378E+00 -0.4679802690760929E+00 -0.4869425295330962E+00 -0.4448935141584416E+00 -0.3429895034886198E+00 -0.1861221962627436E+00  0.4631934753668292E-02  0.2062960571400193E+00  0.3883694840037046E+00  0.5209594319531297E+00  0.5805388941326063E+00  0.5597283588047305E+00  0.4673214071231978E+00  0.3340695469541505E+00  0.1916559710143215E+00  0.8409077159961424E-01  0.0000000000000000E+00
  0.0000000000000000E+00 -0.8237987537847112E-01 -0.2659637217236520E+00 -0.4219787448368335E+00 -0.5585232631195031E+00 -0.6443975611158497E+00 -0.6861860823951234E+00 -0.6715677512720383E+00 -0.6060264321830023E+00 -0.4858100198602629E+00 -0.3222578331823368E+00 -0.1243381059536473E+00  0.8373392999019341E-01  0.2725964243989776E+00  0.4126433054624520E+00  0.4832292388406921E+00  0.4708276929642596E+00  0.3844224080545957E+00  0.2473181383892357E+00  0.1108422806181193E+00  0.0000000000000000E+00
  0.0000000000000000E+00 -0.7600280257587581E-01 -0.3108279780595046E+00 -0.4829251247503625E+00 -0.6403689623089660E+00 -0.7430751351382798E+00 -0.8116961044179039E+00 -0.8296289676646714E+00 -0.8063229419049988E+00 -0.7309225134355278E+00 -0.6076816965093128E+00 -0.4356545745345680E+00 -0.2350006445750766E+00 -0.3844042049782217E-01  0.1234213933777695E+00  0.2380647034559476E+00  0.2934165252529192E+00  0.2798611251402193E+00  0.1955879694823985E+00  0.9390246981889863E-01  0.0000000000000000E+00
  0.0000000000000000E+00 -0.5903164136518079E-01 -0.3013254664303523E+00 -0.4707656312686285E+00 -0.6348074890258160E+00 -0.7452783646875953E+00 -0.8329778916851147E+00 -0.8793611216675474E+00 -0.8983822076566724E+00 -0.8774927276877204E+00 -0.8131137150584219E+00 -0.6889492666257060E+00 -0.5087426220763686E+00 -0.3080840347134829E+00 -0.1364502817507267E+00 -0.1076674792891516E-01  0.7516887955785319E-01  0.1138648709440525E+00  0.8929192299875804E-01  0.5191067202804753E-01  0.0000000000000000E+00
  0.0000000000000000E+00 -0.3636830081453271E-01 -0.2443584712187713E+00 -0.4014521853573075E+00 -0.5622566532258853E+00 -0.6764076045342095E+00 -0.7764088591743852E+00 -0.8428305058879769E+00 -0.8917840547306197E+00 -0.9166650879028949E+00 -0.9145676910572473E+00 -0.8591574194330398E+00 -0.7252005448459758E+00 -0.5274403940777053E+00 -0.3313948227842762E+00 -0.1891670284885818E+00 -0.9221094008737458E-01 -0.2726171388599893E-01 -0.3255794093464988E-02  0.1179474079663313E-01  0.0000000000000000E+00
  0.0000000000000000E+00 -0.5033490455711719E-03 -0.1486831033769498E+00 -0.2899120074832435E+00 -0.4426449971717713E+00 -0.5595496625091987E+00 -0.6674567593140974E+00 -0.7464291876568875E+00 -0.8101609718274573E+00 -0.8604347779328242E+00 -0.9043767742757208E+00 -0.9218766839929626E+00 -0.8646084244231405E+00 -0.7033893811981144E+00 -0.4839144702620670E+00 -0.2971636584480184E+00 -0.1747742614703656E+00 -0.9227714226413755E-01 -0.3790703290407851E-01  0.2248339936151644E-02  0.0000000000000000E+00
  0.0000000000000000E+00  0.5569352844583248E-01 -0.2759537978734798E-01 -0.1489329820279637E+00 -0.2918839132440840E+00 -0.4117468419205038E+00 -0.5269083300322703E+00 -0.6171300184149696E+00 -0.6889694091940177E+00 -0.7474748518183497E+00 -0.8105037465059658E+00 -0.8796601127171455E+00 -0.9081651424644837E+00 -0.8267542820973375E+00 -0.6251910240951997E+00 -0.3904800704928302E+00 -0.2111048885777251E+00 -0.9445657717882740E-01 -0.2093678957420604E-01  0.2285821824021247E-01  0.0000000000000000E+00
  0.0000000000000000E+00  0.1201030075020973E+00  0.9866569661879256E-01  0.9353530074583571E-02 -0.1181486212690751E+00 -0.2367850322729740E+00 -0.3558270937441138E+00 -0.4568262160729847E+00 -0.5387184112408971E+00 -0.6033124104728238E+00 -0.6696236827910127E+00 -0.7610418266051695E+00 -0.8564381240268352E+00 -0.8749900971527785E+00 -0.7475347652419640E+00 -0.5110992975999571E+00 -0.2771459250866662E+00 -0.1068108990694305E+00 -0.4864283950252338E-02  0.4352051737453300E-01  0.0000000000000000E+00
  0.0000000000000000E+00  0.1646379189952537E+00  0.2055325182509794E+00  0.1677034899953199E+00  0.6992205178116205E-01 -0.3662634886067824E-01 -0.1503438695874582E+00 -0.2566783476613403E+00 -0.3505538202338331E+00 -0.4289251714377875E+00 -0.5023265262033314E+00 -0.6009073846698785E+00 -0.7346653485718102E+00 -0.8433092238050013E+00 -0.8221094190082249E+00 -0.6411265772537352E+00 -0.3927016218186338E+00 -0.1768743450329626E+00 -0.3368169948774274E-01  0.3413052104874386E-01  0.0000000000000000E+00
  0.0000000000000000E+00  0.1736186883382799E+00  0.2738800591077201E+00  0.3059426111636285E+00  0.2581431961329127E+00  0.1788809812058358E+00  0.8210742962582286E-01 -0.1988679958925321E-01 -0.1216522347520880E+00 -0.2182790316850091E+00 -0.3106749972763661E+00 -0.4203493427660624E+00 -0.5732393975768626E+00 -0.7479860760557209E+00 -0.8385017552874122E+00 -0.7519956469891925E+00 -0.5304683254623970E+00 -0.2923792155054717E+00 -0.1075130116777465E+00 -0.9659197178494771E-02  0.0000000000000000E+00
  0.0000000000000000E+00  0.1495540896672069E+00  0.2931433918780102E+00  0.4022198195316524E+00  0.4233472306944243E+00  0.3887900547237127E+00  0.3211764390951334E+00  0.2340843788957836E+00  0.1327047708866134E+00  0.2100414221141975E-01 -0.9688325896556578E-01 -0.2288275230235630E+00 -0.3951684450563106E+00 -0.6098222075698253E+00 -0.7993155883399669E+00 -0.8315026203941907E+00 -0.6726784114039105E+00 -0.4337030329420333E+00 -0.2153811881567977E+00 -0.7838718407195758E-01  0.0000000000000000E+00
  0.0000000000000000E+00  0.1033044231045995E+00  0.2620972127321715E+00  0.4364733820948341E+00  0.5361116908987905E+00  0.5632206873178093E+00  0.5379676975659945E+00  0.4756878794224939E+00  0.3831615963902689E+00  0.2636768832224224E+00  0.1226850404503008E+00 -0.3686262934729039E-01 -0.2173037330632032E+00 -0.4488965041624546E+00 -0.7094900653977786E+00 -0.8688405848894359E+00 -0.8104562486072893E+00 -0.5946676631933995E+00 -0.3551528875348976E+00 -0.1653597073536973E+00  0.0000000000000000E+00
  0.0000000000000000E+00  0.4491303205231078E-01  0.1891784744506844E+00  0.3964110699670885E+00  0.5653854947046750E+00  0.6626473082764301E+00  0.6921376185591070E+00  0.6655639466756139E+00  0.5909975382260444E+00  0.4726271938487457E+00  0.3175291837166681E+00  0.1367411839189120E+00 -0.5369292941531494E-01 -0.2821395080029123E+00 -0.5754675182503288E+00 -0.8482753834884954E+00 -0.9262379916170305E+00 -0.7680468021067649E+00 -0.5237034196505235E+00 -0.2674573127789735E+00  0.0000000000000000E+00
  0.0000000000000000E+00 -0.1835347646237434E-01  0.8786504246462436E-01  0.2837966877907920E+00  0.4911925029039121E+00  0.6500837657179515E+00  0.7390075327945776E+00  0.7570235278062060E+00  0.7096648502638233E+00  0.6030870308846197E+00  0.4490847916543455E+00  0.2661954180686772E+00  0.8154085980292403E-01 -0.1224158583132689E+00 -0.4038615431449957E+00 -0.7499983328515555E+00 -0.9859640995887592E+00 -0.9329789451721515E+00 -0.7115905446091981E+00 -0.3817223824166691E+00  0.0000000000000000E+00
  0.0000000000000000E+00 -0.7344533315319865E-01 -0.2385661936893295E-01  0.1232950948118846E+00  0.3231014429384839E+00  0.5101061364282650E+00  0.6431711366571871E+00  0.7048928345602210E+00  0.6935958308781043E+00  0.6159133173544230E+00  0.4884557641103637E+00  0.3340003102195650E+00  0.1804780094778124E+00  0.2220303014554182E-01 -0.2036652280472149E+00 -0.5558064784155662E+00 -0.9360232589928377E+00 -0.1039989704871601E+01 -0.8930018394985499E+00 -0.4975147614364351E+00  0.0000000000000000E+00
  0.0000000000000000E+00 -0.7622624651798278E-01 -0.7346035488769768E-01  0.1461654127913052E-01  0.1642073777760580E+00  0.3284094849392868E+00  0.4662356646787856E+00  0.5521404354595584E+00  0.5768745223568791E+00  0.5432831673188876E+00  0.4659517062288648E+00  0.3639391409431934E+00  0.2594360595685925E+00  0.1554047245386215E+00  0.1141513412046135E-01 -0.2657431012564397E+00 -0.7149058542510894E+00 -0.9940036952527690E+00 -0.9980850841044943E+00 -0.5759732544865120E+00  0.0000000000000000E+00
  0.0000000000000000E+00  0.2257205258510580E-01  0.8678556083385419E-01  0.1618700215090021E+00  0.2528626137136436E+00  0.3541102258217240E+00  0.4479486963197034E+00  0.5154705538764405E+00  0.5453466233955068E+00  0.5352552629449052E+00  0.4938161987924559E+00  0.4326663831819069E+00  0.3684121976804435E+00  0.3042074828422064E+00  0.2320613940524845E+00  0.8300621076215460E-01 -0.2928907460099938E+00 -0.6561968767109985E+00 -0.8687853959583834E+00 -0.5151987677405068E+00  0.0000000000000000E+00
  0.0000000000000000E+00  0.4264977586846370E+00  0.5528155574597111E+00  0.6119386594950539E+00  0.6369166492891658E+00  0.6551636514078134E+00  0.6720091220636334E+00  0.6817610752607953E+00  0.6783846557243743E+00  0.6590425001071141E+00  0.6278676629748962E+00  0.5884032796268900E+00  0.5513633424390524E+00  0.5127430962709891E+00  0.4884765688245122E+00  0.4421393140701559E+00  0.2966214535661550E+00  0.1221307287970933E+00 -0.1528963505042552E+00 -0.4492190976564885E-01  0.0000000000000000E+00
  0.3000000000000000E+01  0.1743078776531195E+01  0.1428338888454721E+01  0.1326054043023841E+01  0.1342112665846146E+01  0.1388619271598284E+01  0.1431921330128803E+01  0.1470187328094054E+01  0.1510192656222384E+01  0.1558127762623563E+01  0.1610213209867767E+01  0.1667456544301237E+01  0.1714322170363286E+01  0.1765978194029239E+01  0.1766631687578948E+01  0.1756588268551687E+01  0.1817244893291541E+01  0.1977410936897722E+01  0.2589903655554382E+01  0.2619566961556440E+01  0.3000000000000000E+01
