  0.0000000000000000E+00  0.5553680565274721E-02  0.2065539137176822E-01  0.7275286335425102E-01  0.1415854254473534E+00  0.1991480744757181E+00  0.1989892289581993E+00  0.9826714919409668E-01 -0.9954581127162185E-01 -0.3531167878092145E+00 -0.5953809476047305E+00 -0.7482935276940150E+00 -0.7560763000167818E+00 -0.6355448601250587E+00 -0.4637917555551725E+00 -0.2965025687968041E+00 -0.1571885587940380E+00 -0.5440633647143500E-01  0.7519693231890501E-02  0.1856615402785175E-01  0.0000000000000000E+00
  0.0000000000000000E+00 -0.2360279161992340E-01 -0.6542039721241751E-01 -0.1223083350419707E+00 -0.1808081893906300E+00 -0.2223856127794899E+00 -0.2286521652802763E+00 -0.1810590932645638E+00 -0.8115023117748335E-01  0.5566624040960964E-01  0.2000087663077855E+00  0.3182031739462722E+00  0.3814893476321028E+00  0.3855084646290834E+00  0.3481162751066598E+00  0.2854150541016066E+00  0.2081732038795125E+00  0.1294934035041765E+00  0.6137878215199120E-01  0.2184082676246972E-01  0.0000000000000000E+00
  0.0000000000000000E+00 -0.6525469429449546E-01 -0.1756058002654843E+00 -0.2941721417716610E+00 -0.4008391427245365E+00 -0.4680087638627518E+00 -0.4869672668826295E+00 -0.4449101305995947E+00 -0.3429965048040719E+00 -0.1861180665803856E+00  0.4645351318626137E-02  0.2063159941448015E+00  0.3883917428795265E+00  0.5209805337621914E+00  0.5805570697648070E+00  0.5597425935080156E+00  0.4673310528444995E+00  0.3340738740410943E+00  0.1916560396878641E+00  0.8408863431526091E-01  0.0000000000000000E+00
  0.0000000000000000E+00 -0.8237587403622647E-01 -0.2659788702696187E+00 -0.4219988139788383E+00 -0.5585469121367760E+00 -0.6444180763249274E+00 -0.6862036741461840E+00 -0.6715794136584623E+00 -0.6060322989981382E+00 -0.4858077412558509E+00 -0.3222478562467983E+00 -0.1243214241267609E+00  0.8375393370145839E-01  0.2726166197805997E+00  0.4126626699705015E+00  0.4832473279769190E+00  0.4708433893476564E+00  0.3844333027742071E+00  0.2473236905724661E+00  0.1108417686012365E+00  0.0000000000000000E+00
  0.0000000000000000E+00 -0.7599619429733184E-01 -0.3108389536952558E+00 -0.4829369070488574E+00 -0.6403838705090195E+00 -0.7430869207981803E+00 -0.8117076899356861E+00 -0.8296383288949454E+00 -0.8063315198622986E+00 -0.7309272917757000E+00 -0.6076810063919212E+00 -0.4356474205604426E+00 -0.2349897684769608E+00 -0.3842977345051309E-01  0.1234312593471132E+00  0.2380755370105896E+00  0.2934283357449338E+00  0.2798712671433534E+00  0.1955945202235956E+00  0.9390223092902700E-01  0.0000000000000000E+00
  0.0000000000000000E+00 -0.5902311603143937E-01 -0.3013259891427532E+00 -0.4707621908802415E+00 -0.6348044126743544E+00 -0.7452702373105889E+00 -0.8329697500851496E+00 -0.8793536326521452E+00 -0.8983790774480558E+00 -0.8774924112541957E+00 -0.8131126605589120E+00 -0.6889434314040523E+00 -0.5087326240788025E+00 -0.3080755763580304E+00 -0.1364464862934693E+00 -0.1076463529628604E-01  0.7517221022305244E-01  0.1138688440223138E+00  0.8929463528251157E-01  0.5190937704462496E-01  0.0000000000000000E+00
  0.0000000000000000E+00 -0.3635719810504590E-01 -0.2443467563971453E+00 -0.4014336006095395E+00 -0.5622359510999912E+00 -0.6763805357879019E+00 -0.7763815120195701E+00 -0.8428064151629954E+00 -0.8917692983303831E+00 -0.9166610564062985E+00 -0.9145702992984994E+00 -0.8591585963339047E+00 -0.7251953028859245E+00 -0.5274329267868511E+00 -0.3313926532228400E+00 -0.1891706290910958E+00 -0.9221604314977438E-01 -0.2726573274469383E-01 -0.3258706496166354E-02  0.1179144933841938E-01  0.0000000000000000E+00
  0.0000000000000000E+00 -0.4875230221690611E-03 -0.1486601679739277E+00 -0.2898803870032882E+00 -0.4426088564241945E+00 -0.5595050632401753E+00 -0.6674091695138726E+00 -0.7463842084155622E+00 -0.8101267280583317E+00 -0.8604171128000729E+00 -0.9043749228067558E+00 -0.9218817818737073E+00 -0.8646094712846581E+00 -0.7033839954766764E+00 -0.4839100514200358E+00 -0.2971658291950470E+00 -0.1747813137856835E+00 -0.9228487067065616E-01 -0.3791241707071312E-01  0.2244845189274958E-02  0.0000000000000000E+00
  0.0000000000000000E+00  0.5571361377765199E-01 -0.2756669783539550E-01 -0.1488939279245817E+00 -0.2918394154575467E+00 -0.4116931813734053E+00 -0.5268498539039356E+00 -0.6170727656613825E+00 -0.6889213478445285E+00 -0.7474443806714045E+00 -0.8104948157243438E+00 -0.8796669541073487E+00 -0.9081741022286540E+00 -0.8267555943802438E+00 -0.6251867172547722E+00 -0.3904772424816170E+00 -0.2111056611865099E+00 -0.9445949956245762E-01 -0.2093856437167016E-01  0.2285781530762304E-01  0.0000000000000000E+00
  0.0000000000000000E+00  0.1201192171293007E+00  0.9869094934297874E-01  0.9391244750601168E-02 -0.1181055467572330E+00 -0.2367344647060030E+00 -0.3557719247895364E+00 -0.4567707742099441E+00 -0.5386681306318182E+00 -0.6032751301289956E+00 -0.6696070262317987E+00 -0.7610462335754821E+00 -0.8564525850522865E+00 -0.8750005364164685E+00 -0.7475364417745346E+00 -0.5110969074000765E+00 -0.2771423306531332E+00 -0.1068074668654650E+00 -0.4860807473411281E-02  0.4352398953843142E-01  0.0000000000000000E+00
  0.0000000000000000E+00  0.1646424063606464E+00  0.2055460168548879E+00  0.1677307373836566E+00  0.6995429451277006E-01 -0.3659018472330718E-01 -0.1503056124688858E+00 -0.2566398375717817E+00 -0.3505170978125767E+00 -0.4288945998388698E+00 -0.5023093593237081E+00 -0.6009089526200854E+00 -0.7346815044116182E+00 -0.8433268082414253E+00 -0.8221188964340610E+00 -0.6411295939681477E+00 -0.3927006127280896E+00 -0.1768708075031871E+00 -0.3367757011243697E-01  0.3413464492435155E-01  0.0000000000000000E+00
  0.0000000000000000E+00  0.1736113156038505E+00  0.2738785152900730E+00  0.3059536308661733E+00  0.2581587104852430E+00  0.1788967970453043E+00  0.8212173043675203E-01 -0.1987388749901469E-01 -0.1216397186052563E+00 -0.2182671874901359E+00 -0.3106677556344052E+00 -0.4203523829472364E+00 -0.5732553005852165E+00 -0.7480073429934354E+00 -0.8385173034220000E+00 -0.7520041441941414E+00 -0.5304720112581397E+00 -0.2923791913227889E+00 -0.1075113958239473E+00 -0.9657041842765744E-02  0.0000000000000000E+00
  0.0000000000000000E+00  0.1495394691880781E+00  0.2931288759137453E+00  0.4022137312604884E+00  0.4233445713526099E+00  0.3887854289716213E+00  0.3211674588736884E+00  0.2340721222449854E+00  0.1326921338309171E+00  0.2099364170700892E-01 -0.9689206066619155E-01 -0.2288371103027307E+00 -0.3951840302796089E+00 -0.6098435973362002E+00 -0.7993341612750720E+00 -0.8315148226779109E+00 -0.6726856685747907E+00 -0.4337062039981787E+00 -0.2153818937697849E+00 -0.7838688412276436E-01  0.0000000000000000E+00
  0.0000000000000000E+00  0.1032874408192032E+00  0.2620751634420013E+00  0.4364534484555909E+00  0.5360928626347101E+00  0.5631988648570053E+00  0.5379404495997167E+00  0.4756563416607020E+00  0.3831291814852114E+00  0.2636475101839917E+00  0.1226607987380634E+00 -0.3688058960803413E-01 -0.2173195638947738E+00 -0.4489150932470732E+00 -0.7095077490357266E+00 -0.8688538015977817E+00 -0.8104652783428384E+00 -0.5946728748666442E+00 -0.3551551700347366E+00 -0.1653604655217731E+00  0.0000000000000000E+00
  0.0000000000000000E+00  0.4489709782046265E-01  0.1891553577496860E+00  0.3963837757744622E+00  0.5653557546307688E+00  0.6626136409831951E+00  0.6920986274399907E+00  0.6655208144512080E+00  0.5909535337507721E+00  0.4725867212628876E+00  0.3174957693855845E+00  0.1367181838915736E+00 -0.5370794762408872E-01 -0.2821533414031389E+00 -0.5754809073698040E+00 -0.8482864728071593E+00 -0.9262466012077692E+00 -0.7680527211267655E+00 -0.5237065896749848E+00 -0.2674586183130446E+00  0.0000000000000000E+00
  0.0000000000000000E+00 -0.1836617282527468E-01  0.8784550120289970E-01  0.2837692651290206E+00  0.4911593015752050E+00  0.6500453552554240E+00  0.7389641125819397E+00  0.7569768540285249E+00  0.7096181930378960E+00  0.6030449321756735E+00  0.4490514169649527E+00  0.2661744036105866E+00  0.8153008630807393E-01 -0.1224233891406870E+00 -0.4038687215071858E+00 -0.7500049584626615E+00 -0.9859702026893362E+00 -0.9329841190207576E+00 -0.7115938345791591E+00 -0.3817238639124278E+00  0.0000000000000000E+00
  0.0000000000000000E+00 -0.7345257240441255E-01 -0.2386930268841418E-01  0.1232746761368213E+00  0.3230741584959357E+00  0.5100729305685738E+00  0.6431332191428089E+00  0.7048527229660303E+00  0.6935571924938601E+00  0.6158807486318388E+00  0.4884331445731875E+00  0.3339897059936782E+00  0.1804762327457071E+00  0.2220313750318427E-01 -0.2036661227479653E+00 -0.5558080962934240E+00 -0.9360257978562124E+00 -0.1039993020088199E+01 -0.8930045871131813E+00 -0.4975160888000472E+00  0.0000000000000000E+00
  0.0000000000000000E+00 -0.7622574510259303E-01 -0.7346160939541657E-01  0.1461072711331958E-01  0.1641961592700931E+00  0.3283932444978233E+00  0.4662157486197816E+00  0.5521194597264070E+00  0.5768559861797210E+00  0.5432708288262253E+00  0.4659480527273591E+00  0.3639442930695463E+00  0.2594461763046421E+00  0.1554131157411080E+00  0.1141918398143392E-01 -0.2657412741914987E+00 -0.7149053478845242E+00 -0.9940047675627011E+00 -0.9980868562522548E+00 -0.5759741705261177E+00  0.0000000000000000E+00
  0.0000000000000000E+00  0.2257743548202868E-01  0.8679210044952317E-01  0.1618769105822514E+00  0.2528680051813482E+00  0.3541133169248555E+00  0.4479498406808336E+00  0.5154712708451494E+00  0.5453491856795654E+00  0.5352619538520876E+00  0.4938281680851195E+00  0.4326829041548771E+00  0.3684300653195430E+00  0.3042214818266897E+00  0.2320684250366995E+00  0.8300899164315530E-01 -0.2928892397672428E+00 -0.6561964366651306E+00 -0.8687861524932414E+00 -0.5151992439963731E+00  0.0000000000000000E+00
  0.0000000000000000E+00  0.4265010011890931E+00  0.5528212281274382E+00  0.6119457069483067E+00  0.6369241296679863E+00  0.6551709365233392E+00  0.6720160655631402E+00  0.6817680634390161E+00  0.6783924528897574E+00  0.6590518818803355E+00  0.6278788667590993E+00  0.5884159102092318E+00  0.5513759626982802E+00  0.5127538244893923E+00  0.4884829848883571E+00  0.4421422141837578E+00  0.2966226464453978E+00  0.1221312180144590E+00 -0.1528964865426850E+00 -0.4492214698929933E-01  0.0000000000000000E+00
  0.3000000000000000E+01  0.1743074431914749E+01  0.1428328416067209E+01  0.1326039789737331E+01  0.1342095616177389E+01  0.1388600507354838E+01  0.1431901643991413E+01  0.1470167080528101E+01  0.1510171827010293E+01  0.1558106308211081E+01  0.1610191567807822E+01  0.1667435173527182E+01  0.1714302177224702E+01  0.1765960008358513E+01  0.1766619470371628E+01  0.1756582349091882E+01  0.1817242820896564E+01  0.1977409909291492E+01  0.2589903307134813E+01  0.2619567196971524E+01  0.3000000000000000E+01
