  0.0000000000000000E+00  0.9013258536447258E-02  0.2096686412186247E-01  0.6362728026507747E-01  0.1160302315791075E+00  0.1475405196642284E+00  0.1142031822752674E+00 -0.1352737814726956E-01 -0.2234031033916717E+00 -0.4683571862585651E+00 -0.6804627218176937E+00 -0.7874698967451019E+00 -0.7509392661911871E+00 -0.6103012653835994E+00 -0.4374752910698403E+00 -0.2759635766901369E+00 -0.1437409424796319E+00 -0.4744036663935763E-01  0.9333988125141857E-02  0.1740821190365005E-01  0.0000000000000000E+00
  0.0000000000000000E+00 -0.2389561263945992E-01 -0.6059464094950236E-01 -0.1104995583120509E+00 -0.1598319645499193E+00 -0.1898069428047655E+00 -0.1824213659711478E+00 -0.1237622191909029E+00 -0.1879522843956495E-01  0.1145768129557350E+00  0.2466096272213553E+00  0.3459000566895183E+00  0.3898368111405303E+00  0.3820623997460061E+00  0.3394839166233579E+00  0.2751174832955260E+00  0.1985865713664084E+00  0.1226104830929444E+00  0.5788693185892226E-01  0.2163689568343260E-01  0.0000000000000000E+00
  0.0000000000000000E+00 -0.6267357938193249E-01 -0.1608170587266446E+00 -0.2678713946710752E+00 -0.3634656620706505E+00 -0.4218803087500682E+00 -0.4330609156381759E+00 -0.3848140357199781E+00 -0.2797887887103666E+00 -0.1246267473913600E+00  0.5936615984637213E-01  0.2502302733234529E+00  0.4185711672304038E+00  0.5358859338544190E+00  0.5809764588002333E+00  0.5493888731964411E+00  0.4520187716195932E+00  0.3203910826394755E+00  0.1829947837019086E+00  0.8231889895394785E-01  0.0000000000000000E+00
  0.0000000000000000E+00 -0.8257886934288737E-01 -0.2539479222835958E+00 -0.4037371194384372E+00 -0.5355661265069391E+00 -0.6190375807028152E+00 -0.6578054775905841E+00 -0.6396542298828618E+00 -0.5705114972471068E+00 -0.4473932357760189E+00 -0.2825581270185669E+00 -0.8568336267354629E-01  0.1181458792824931E+00  0.2996321046819744E+00  0.4298325016115273E+00  0.4895328186121941E+00  0.4677513832524410E+00  0.3775180227419420E+00  0.2413818368291949E+00  0.1109002010682313E+00  0.0000000000000000E+00
  0.0000000000000000E+00 -0.7818157229842364E-01 -0.3057390845718208E+00 -0.4767935719405507E+00 -0.6335164729332347E+00 -0.7364911118933508E+00 -0.8038054579563996E+00 -0.8189601514981929E+00 -0.7910829172190137E+00 -0.7093781523807606E+00 -0.5796317927742656E+00 -0.4031955500915107E+00 -0.2027329975822115E+00 -0.9897725230301033E-02  0.1471684104555222E+00  0.2558742937687268E+00  0.3035318474362284E+00  0.2840373509247356E+00  0.1971803784443603E+00  0.9684088151990436E-01  0.0000000000000000E+00
  0.0000000000000000E+00 -0.6237797994023863E-01 -0.3057849386139527E+00 -0.4787362556508886E+00 -0.6459552896950270E+00 -0.7595171753513510E+00 -0.8491456871985641E+00 -0.8958031918236740E+00 -0.9126474948131497E+00 -0.8852037312840043E+00 -0.8101442839833718E+00 -0.6738873566136822E+00 -0.4863186366493887E+00 -0.2851479366753447E+00 -0.1155441416883204E+00  0.8756025417072313E-02  0.9145150127240080E-01  0.1256670127990349E+00  0.9707777512421673E-01  0.5746604869092889E-01  0.0000000000000000E+00
  0.0000000000000000E+00 -0.4070634124718511E-01 -0.2562431230523081E+00 -0.4184406643881322E+00 -0.5832334927700351E+00 -0.7002261655307616E+00 -0.8025661581503810E+00 -0.8706745450495567E+00 -0.9204750924479974E+00 -0.9425972780855617E+00 -0.9319529419306263E+00 -0.8621523939014477E+00 -0.7143048654223368E+00 -0.5103584644921406E+00 -0.3151264840058621E+00 -0.1736677526693572E+00 -0.7691736359483264E-01 -0.1414475678157771E-01  0.5765006314483216E-02  0.1755871147988097E-01  0.0000000000000000E+00
  0.0000000000000000E+00 -0.6925002895583138E-02 -0.1654130848931968E+00 -0.3120923941188036E+00 -0.4685876113888565E+00 -0.5877298742695404E+00 -0.6979048278545142E+00 -0.7791758005415159E+00 -0.8458733410358558E+00 -0.8976320741010013E+00 -0.9383296749405187E+00 -0.9443834631702167E+00 -0.8702446740692504E+00 -0.6955450736366535E+00 -0.4723084981457273E+00 -0.2870422977429840E+00 -0.1653414847829922E+00 -0.8396370080686619E-01 -0.3276687764464332E-01  0.4976141279184274E-02  0.0000000000000000E+00
  0.0000000000000000E+00  0.4715036295432355E-01 -0.4600505188597484E-01 -0.1735081389491443E+00 -0.3200121536067288E+00 -0.4417557313500462E+00 -0.5585655271919963E+00 -0.6500804183376656E+00 -0.7241739934745836E+00 -0.7854035720286476E+00 -0.8496490242940192E+00 -0.9138200297856964E+00 -0.9292162936955137E+00 -0.8315971603196827E+00 -0.6198977495615742E+00 -0.3839704961868537E+00 -0.2067556729731284E+00 -0.9209664103842402E-01 -0.2083818569562627E-01  0.2191775586890678E-01  0.0000000000000000E+00
  0.0000000000000000E+00  0.1130141200242754E+00  0.8237984903460323E-01 -0.1514642603908601E-01 -0.1473874215423478E+00 -0.2687373795130439E+00 -0.3898588463333660E+00 -0.4918828926639062E+00 -0.5746862723027615E+00 -0.6404353039591868E+00 -0.7081737230916012E+00 -0.7984206772734018E+00 -0.8863957621816495E+00 -0.8914601252132032E+00 -0.7509653773734852E+00 -0.5081952102108945E+00 -0.2743461170205717E+00 -0.1062680083835173E+00 -0.6413123291000622E-02  0.4122347543396666E-01  0.0000000000000000E+00
  0.0000000000000000E+00  0.1628338091850622E+00  0.1947970243629264E+00  0.1461724067273704E+00  0.4113677922771326E-01 -0.6990157305682063E-01 -0.1870594642040180E+00 -0.2952156504233031E+00 -0.3894410260382192E+00 -0.4670740602460475E+00 -0.5396025034975904E+00 -0.6368185525132205E+00 -0.7665999744509084E+00 -0.8661529592745922E+00 -0.8333213439593137E+00 -0.6434621730103054E+00 -0.3915433987224717E+00 -0.1759013834083055E+00 -0.3403109053743016E-01  0.3286572650176596E-01  0.0000000000000000E+00
  0.0000000000000000E+00  0.1777083655985527E+00  0.2706972563059450E+00  0.2904860406791614E+00  0.2326334318471523E+00  0.1467052898491642E+00  0.4510099705093360E-01 -0.5966832523338843E-01 -0.1620676008472271E+00 -0.2573130290470232E+00 -0.3469609215582291E+00 -0.4532465466337566E+00 -0.6027055426587763E+00 -0.7716781142344058E+00 -0.8536157181571739E+00 -0.7586757746199632E+00 -0.5320352120639704E+00 -0.2920578548765967E+00 -0.1071070860580997E+00 -0.9779274769958622E-02  0.0000000000000000E+00
  0.0000000000000000E+00  0.1579239303629124E+00  0.2979435341986169E+00  0.3956603064601462E+00  0.4049682933412241E+00  0.3616652951691337E+00  0.2879669193211077E+00  0.1972623039586947E+00  0.9462232048795974E-01 -0.1591396516971591E-01 -0.1304929028628440E+00 -0.2576427574948835E+00 -0.4198512729243921E+00 -0.6304033810683594E+00 -0.8144545535255777E+00 -0.8400452559800574E+00 -0.6761939054477353E+00 -0.4346825245748288E+00 -0.2152876233578095E+00 -0.7826281362298768E-01  0.0000000000000000E+00
  0.0000000000000000E+00  0.1139040553238184E+00  0.2738843818086579E+00  0.4409776798298510E+00  0.5294200552089903E+00  0.5465262914023654E+00  0.5139404904415796E+00  0.4471820252034311E+00  0.3528104922796255E+00  0.2340587591003507E+00  0.9600536273597443E-01 -0.5901397847777251E-01 -0.2355875954799342E+00 -0.4640359044104446E+00 -0.7217271530268717E+00 -0.8770028673934248E+00 -0.8145072904195741E+00 -0.5964110101446306E+00 -0.3555359841485277E+00 -0.1654001938467611E+00  0.0000000000000000E+00
  0.0000000000000000E+00  0.5596783492204682E-01  0.2053432736202798E+00  0.4120347879986234E+00  0.5737376382796483E+00  0.6618368556620183E+00  0.6835017451898409E+00  0.6517040798556377E+00  0.5746305576441251E+00  0.4562632575852929E+00  0.3030240901664641E+00  0.1248903645322111E+00 -0.6397361747037843E-01 -0.2910222884051226E+00 -0.5833669294785988E+00 -0.8545504430433835E+00 -0.9298171229557446E+00 -0.7698851366139039E+00 -0.5242906214723947E+00 -0.2676362155039703E+00  0.0000000000000000E+00
  0.0000000000000000E+00 -0.8475843412473844E-02  0.1052859499211968E+00  0.3079419608191271E+00  0.5151595079991040E+00  0.6690105841088755E+00  0.7515755432596841E+00  0.7643501977676127E+00  0.7137607109964982E+00  0.6058358975141145E+00  0.4514505607857912E+00  0.2676811179534733E+00  0.8044587454918069E-01 -0.1253400637566469E+00 -0.4076162090903298E+00 -0.7539693834035063E+00 -0.9886052536371254E+00 -0.9345658859167585E+00 -0.7121442036416817E+00 -0.3819411134517515E+00  0.0000000000000000E+00
  0.0000000000000000E+00 -0.6716035454819715E-01 -0.9199346554515960E-02  0.1489454746485205E+00  0.3560119515758580E+00  0.5451439611051349E+00  0.6766431251219108E+00  0.7351788307317219E+00  0.7204070012485977E+00  0.6392411601762740E+00  0.5077478688787410E+00  0.3478766798515571E+00  0.1874007580658078E+00  0.2365736909714189E-01 -0.2047449674020614E+00 -0.5581321177771096E+00 -0.9378560661096614E+00 -0.1041286292339298E+01 -0.8934497650814680E+00 -0.4977146291293955E+00  0.0000000000000000E+00
  0.0000000000000000E+00 -0.7643515830153287E-01 -0.6875587075646099E-01  0.2874534472425221E-01  0.1884566358387136E+00  0.3601753991228671E+00  0.5018466427213387E+00  0.5883381940071495E+00  0.6111896080295391E+00  0.5737255980266773E+00  0.4907655378247077E+00  0.3816098389997910E+00  0.2690465030449057E+00  0.1582355756121455E+00  0.1100061377242649E-01 -0.2675620798127442E+00 -0.7163655417265874E+00 -0.9951363391226521E+00 -0.9984658654009064E+00 -0.5761408562344223E+00  0.0000000000000000E+00
  0.0000000000000000E+00  0.1812200500328729E-01  0.8236948331524392E-01  0.1605593433001334E+00  0.2582184249573246E+00  0.3669813868903998E+00  0.4668766771010939E+00  0.5378788285066688E+00  0.5684560320135942E+00  0.5564963249928886E+00  0.5111194455857542E+00  0.4446799439059119E+00  0.3746973532598310E+00  0.3055341416232514E+00  0.2310203516342787E+00  0.8108149932495440E-01 -0.2941839481838008E+00 -0.6571479919984460E+00 -0.8691135058396451E+00 -0.5153172154808833E+00  0.0000000000000000E+00
  0.0000000000000000E+00  0.4247637313949761E+00  0.5494996955010237E+00  0.6088404286668890E+00  0.6360128749102716E+00  0.6575768485295510E+00  0.6777233829858943E+00  0.6898231273986610E+00  0.6873477008421177E+00  0.6674629335208000E+00  0.6346597051132626E+00  0.5930304232408757E+00  0.5536758459977532E+00  0.5131833848442631E+00  0.4878291911772792E+00  0.4412088263621631E+00  0.2961005810300362E+00  0.1217015969742436E+00 -0.1530652364205061E+00 -0.4495844807233890E-01  0.0000000000000000E+00
  0.3000000000000000E+01  0.1743830810818359E+01  0.1433870396812173E+01  0.1334038057299466E+01  0.1350179800226510E+01  0.1394250841301747E+01  0.1433706528143411E+01  0.1468409446310686E+01  0.1506412929487241E+01  0.1554107524430488E+01  0.1607140330245966E+01  0.1665588674183285E+01  0.1713669815266571E+01  0.1765983987090462E+01  0.1767532778102441E+01  0.1757455020238465E+01  0.1817514308726091E+01  0.1977747217078823E+01  0.2590082203421873E+01  0.2619558128736133E+01  0.3000000000000000E+01
