  0.0000000000000000E+00  0.5553676056945220E-02  0.2065536657315886E-01  0.7275281238321712E-01  0.1415853459401180E+00  0.1991479601415811E+00  0.1989890800204224E+00  0.9826698269781725E-01 -0.9954597889613204E-01 -0.3531169418593184E+00 -0.5953810752521491E+00 -0.7482936153922810E+00 -0.7560763388825551E+00 -0.6355448670621572E+00 -0.4637917520085529E+00 -0.2965025639771471E+00 -0.1571885563168263E+00 -0.5440633834202141E-01  0.7519686987351365E-02  0.1856614584759392E-01  0.0000000000000000E+00
  0.0000000000000000E+00 -0.2360278486948754E-01 -0.6542037658208405E-01 -0.1223083036541253E+00 -0.1808081509107414E+00 -0.2223855666907288E+00 -0.2286521119457966E+00 -0.1810590374846137E+00 -0.8115017914343424E-01  0.5566628383832442E-01  0.2000087965211054E+00  0.3182031889413036E+00  0.3814893471356748E+00  0.3855084560135625E+00  0.3481162647782819E+00  0.2854150436558885E+00  0.2081731938119476E+00  0.1294933962265353E+00  0.6137877878069421E-01  0.2184082917742103E-01  0.0000000000000000E+00
  0.0000000000000000E+00 -0.6525467855151740E-01 -0.1756057631730933E+00 -0.2941720985791589E+00 -0.4008391067921062E+00 -0.4680087399306054E+00 -0.4869672558169674E+00 -0.4449101297560237E+00 -0.3429965163264347E+00 -0.1861180903443451E+00  0.4645314311167137E-02  0.2063159514316298E+00  0.3883917025244691E+00  0.5209805009785303E+00  0.5805570423262928E+00  0.5597425669905184E+00  0.4673310251190164E+00  0.3340738503375846E+00  0.1916560233294340E+00  0.8408863337985702E-01  0.0000000000000000E+00
  0.0000000000000000E+00 -0.8237586910805447E-01 -0.2659788627186983E+00 -0.4219988232490242E+00 -0.5585469475555915E+00 -0.6444181323563480E+00 -0.6862037467758824E+00 -0.6715794950976869E+00 -0.6060323894898848E+00 -0.4858078364385865E+00 -0.3222479562021362E+00 -0.1243215190711216E+00  0.8375385470398333E-01  0.2726165667766201E+00  0.4126626399915834E+00  0.4832473095358125E+00  0.4708433716196761E+00  0.3844332862178647E+00  0.2473236767624749E+00  0.1108417712437881E+00  0.0000000000000000E+00
  0.0000000000000000E+00 -0.7599619122566316E-01 -0.3108389729988607E+00 -0.4829369505259836E+00 -0.6403839401397602E+00 -0.7430870021948640E+00 -0.8117077803853173E+00 -0.8296384191351509E+00 -0.8063316110735355E+00 -0.7309273791920631E+00 -0.6076810943068793E+00 -0.4356475064101752E+00 -0.2349898448153529E+00 -0.3842982481774895E-01  0.1234312376941412E+00  0.2380755334783177E+00  0.2934283368334783E+00  0.2798712690348094E+00  0.1955945217936694E+00  0.9390223979449396E-01  0.0000000000000000E+00
  0.0000000000000000E+00 -0.5902310958517612E-01 -0.3013260263316883E+00 -0.4707622533363746E+00 -0.6348045019115184E+00 -0.7452703349066641E+00 -0.8329698577356633E+00 -0.8793537403027173E+00 -0.8983791860130084E+00 -0.8774925124967629E+00 -0.8131127570005696E+00 -0.6889435254444859E+00 -0.5087327135528662E+00 -0.3080756428565286E+00 -0.1364465139557388E+00 -0.1076463329515271E-01  0.7517222473643001E-01  0.1138688631248839E+00  0.8929465346610437E-01  0.5190939428165812E-01  0.0000000000000000E+00
  0.0000000000000000E+00 -0.3635718456420105E-01 -0.2443467908610710E+00 -0.4014336532508045E+00 -0.5622360238747024E+00 -0.6763806082164781E+00 -0.7763815894504374E+00 -0.8428064904035255E+00 -0.8917693736951374E+00 -0.9166611233462139E+00 -0.9145703584797775E+00 -0.8591586578806522E+00 -0.7251953777150120E+00 -0.5274330008211040E+00 -0.3313926946960655E+00 -0.1891706307933057E+00 -0.9221602318583849E-01 -0.2726570413180053E-01 -0.3258680390817979E-02  0.1179147014169418E-01  0.0000000000000000E+00
  0.0000000000000000E+00 -0.4875012073562221E-03 -0.1486601861324541E+00 -0.2898804161749281E+00 -0.4426089004322947E+00 -0.5595051035192480E+00 -0.6674092153213356E+00 -0.7463842572419170E+00 -0.8101267830692497E+00 -0.8604171627374714E+00 -0.9043749578550853E+00 -0.9218818088182097E+00 -0.8646095151591492E+00 -0.7033840631428526E+00 -0.4839101112650366E+00 -0.2971658500794096E+00 -0.1747813049563628E+00 -0.9228484896104236E-01 -0.3791239812296606E-01  0.2244858444959529E-02  0.0000000000000000E+00
  0.0000000000000000E+00  0.5571364610275192E-01 -0.2756669300727349E-01 -0.1488939275301898E+00 -0.2918394251306498E+00 -0.4116931843389743E+00 -0.5268498595216279E+00 -0.6170727759485828E+00 -0.6889213700315824E+00 -0.7474444072775804E+00 -0.8104948287247178E+00 -0.8796669467235423E+00 -0.9081741010324379E+00 -0.8267556295157852E+00 -0.6251867793036883E+00 -0.3904772876148456E+00 -0.2111056788068183E+00 -0.9445950134132194E-01 -0.2093856397127325E-01  0.2285781460364955E-01  0.0000000000000000E+00
  0.0000000000000000E+00  0.1201192568779286E+00  0.9869097550913894E-01  0.9391272861002166E-02 -0.1181055258092056E+00 -0.2367344366533944E+00 -0.3557718965342821E+00 -0.4567707508748867E+00 -0.5386681223581794E+00 -0.6032751365759993E+00 -0.6696070287867559E+00 -0.7610462094176311E+00 -0.8564525463625352E+00 -0.8750005236261260E+00 -0.7475364768106489E+00 -0.5110969563005615E+00 -0.2771423657851370E+00 -0.1068074894909177E+00 -0.4860822874350756E-02  0.4352397791519413E-01  0.0000000000000000E+00
  0.0000000000000000E+00  0.1646424428914781E+00  0.2055460556544348E+00  0.1677307851119059E+00  0.6995433662539786E-01 -0.3659013947620775E-01 -0.1503055675994278E+00 -0.2566397966262611E+00 -0.3505170678291045E+00 -0.4288945858270242E+00 -0.5023093514023963E+00 -0.6009089237207856E+00 -0.7346814468283446E+00 -0.8433267535262094E+00 -0.8221188889563061E+00 -0.6411296230558210E+00 -0.3927006443453001E+00 -0.1768708334666388E+00 -0.3367758863833274E-01  0.3413463145313136E-01  0.0000000000000000E+00
  0.0000000000000000E+00  0.1736113407981651E+00  0.2738785561970206E+00  0.3059536883694510E+00  0.2581587645948041E+00  0.1788968477070624E+00  0.8212177612893411E-01 -0.1987384582547355E-01 -0.1216396812586296E+00 -0.2182671587483779E+00 -0.3106677340564576E+00 -0.4203523500762983E+00 -0.5732552384867472E+00 -0.7480072623311753E+00 -0.8385172550024876E+00 -0.7520041430181597E+00 -0.5304720274707274E+00 -0.2923792087040543E+00 -0.1075114102333275E+00 -0.9657051949116899E-02  0.0000000000000000E+00
  0.0000000000000000E+00  0.1495394816708782E+00  0.2931289108515224E+00  0.4022137904350181E+00  0.4233446324074314E+00  0.3887854822694492E+00  0.3211675014357202E+00  0.2340721579772355E+00  0.1326921687445173E+00  0.2099367741626152E-01 -0.9689202511369517E-01 -0.2288370689952138E+00 -0.3951839701312048E+00 -0.6098435080130248E+00 -0.7993340829871850E+00 -0.8315147904676713E+00 -0.6726856663188086E+00 -0.4337062091342083E+00 -0.2153819027103943E+00 -0.7838689048788261E-01  0.0000000000000000E+00
  0.0000000000000000E+00  0.1032874433584331E+00  0.2620751877034629E+00  0.4364535025863035E+00  0.5360929276544563E+00  0.5631989245166227E+00  0.5379404968828533E+00  0.4756563799858768E+00  0.3831292199893540E+00  0.2636475559436141E+00  0.1226608518825200E+00 -0.3688053299561334E-01 -0.2173195044377057E+00 -0.4489150090386783E+00 -0.7095076579131649E+00 -0.8688537444715826E+00 -0.8104652588765826E+00 -0.5946728679154184E+00 -0.3551551722981692E+00 -0.1653604684365248E+00  0.0000000000000000E+00
  0.0000000000000000E+00  0.4489709453416237E-01  0.1891553700447048E+00  0.3963838182805941E+00  0.5653558181597050E+00  0.6626137086707619E+00  0.6920986885483753E+00  0.6655208691469029E+00  0.5909535898557260E+00  0.4725867870480464E+00  0.3174958454868372E+00  0.1367182600079637E+00 -0.5370788539976452E-01 -0.2821532704472547E+00 -0.5754808218201261E+00 -0.8482864031304538E+00 -0.9262465688579543E+00 -0.7680527051945691E+00 -0.5237065851970213E+00 -0.2674586181381009E+00  0.0000000000000000E+00
  0.0000000000000000E+00 -0.1836617806764455E-01  0.8784550220478024E-01  0.2837692891034638E+00  0.4911593528273058E+00  0.6500454238719059E+00  0.7389641874471249E+00  0.7569769313416024E+00  0.7096182758441231E+00  0.6030450250013539E+00  0.4490515169928593E+00  0.2661744959401035E+00  0.8153015048543356E-01 -0.1224233358239575E+00 -0.4038686568732002E+00 -0.7500048922109084E+00 -0.9859701644696129E+00 -0.9329840988563511E+00 -0.7115938255513842E+00 -0.3817238613667565E+00  0.0000000000000000E+00
  0.0000000000000000E+00 -0.7345257748495172E-01 -0.2386931364159953E-01  0.1232746751917210E+00  0.3230741816866691E+00  0.5100729794247661E+00  0.6431332878482058E+00  0.7048528062198398E+00  0.6935572874792010E+00  0.6158808526956876E+00  0.4884332489378816E+00  0.3339897947822181E+00  0.1804762878309654E+00  0.2220316949393875E-01 -0.2036660877293350E+00 -0.5558080485597726E+00 -0.9360257624606463E+00 -0.1039993000423258E+01 -0.8930045767434600E+00 -0.4975160849783448E+00  0.0000000000000000E+00
  0.0000000000000000E+00 -0.7622575078047385E-01 -0.7346162873520476E-01  0.1461070375804147E-01  0.1641961462545466E+00  0.3283932510656147E+00  0.4662157763550897E+00  0.5521195060342102E+00  0.5768560465528991E+00  0.5432708970622623E+00  0.4659481188845818E+00  0.3639443452818684E+00  0.2594462034029495E+00  0.1554131225474246E+00  0.1141918984682933E-01 -0.2657412527872500E+00 -0.7149053237981230E+00 -0.9940047524810037E+00 -0.9980868476959064E+00 -0.5759741669145891E+00  0.0000000000000000E+00
  0.0000000000000000E+00  0.2257743037494853E-01  0.8679208798789767E-01  0.1618768862889431E+00  0.2528679749914637E+00  0.3541132901578578E+00  0.4479498237280630E+00  0.5154712658685543E+00  0.5453491913292482E+00  0.5352619660044426E+00  0.4938281801188673E+00  0.4326829090907964E+00  0.3684300583469876E+00  0.3042214655976253E+00  0.2320684109336566E+00  0.8300899120059464E-01 -0.2928892307269642E+00 -0.6561964289101219E+00 -0.8687861478758615E+00 -0.5151992422522670E+00  0.0000000000000000E+00
  0.0000000000000000E+00  0.4265009972481956E+00  0.5528212191647572E+00  0.6119456908007741E+00  0.6369241075176393E+00  0.6551709121182476E+00  0.6720160427328896E+00  0.6817680445269582E+00  0.6783924383539625E+00  0.6590518703012137E+00  0.6278788556523366E+00  0.5884158968243821E+00  0.5513759457639712E+00  0.5127538048625693E+00  0.4884829678993522E+00  0.4421422046420160E+00  0.2966226446213706E+00  0.1221312189474952E+00 -0.1528964855952870E+00 -0.4492214695385582E-01  0.0000000000000000E+00
  0.3000000000000000E+01  0.1743074438630362E+01  0.1428328430493626E+01  0.1326039813886621E+01  0.1342095652438546E+01  0.1388600553803115E+01  0.1431901695529394E+01  0.1470167132287680E+01  0.1510171876267361E+01  0.1558106355100801E+01  0.1610191613161857E+01  0.1667435218617650E+01  0.1714302221055074E+01  0.1765960051009917E+01  0.1766619507235600E+01  0.1756582377274547E+01  0.1817242835408924E+01  0.1977409914247392E+01  0.2589903308910000E+01  0.2619567198609301E+01  0.3000000000000000E+01
