  0.0000000000000000E+00  0.5554042366896203E-02  0.2065597088877741E-01  0.7275364431999243E-01  0.1415866520148668E+00  0.1991506355268140E+00  0.1989943979723672E+00  0.9827536433958994E-01 -0.9953541857961340E-01 -0.3531060137789100E+00 -0.5953721215991422E+00 -0.7482888394313505E+00 -0.7560764509040918E+00 -0.6355477141160655E+00 -0.4637951296490040E+00 -0.2965056043771380E+00 -0.1571910321610328E+00 -0.5440825429113499E-01  0.7518379202708148E-02  0.1856555891073125E-01  0.0000000000000000E+00
  0.0000000000000000E+00 -0.2360302964281175E-01 -0.6542037109040176E-01 -0.1223082689025528E+00 -0.1808082121171261E+00 -0.2223862501908466E+00 -0.2286539564317863E+00 -0.1810623653108426E+00 -0.8115469497630000E-01  0.5566121864156293E-01  0.2000041674515296E+00  0.3181999185932789E+00  0.3814878917580436E+00  0.3855082674052970E+00  0.3481166843447818E+00  0.2854157698590360E+00  0.2081740613638429E+00  0.1294942619562195E+00  0.6137948402114637E-01  0.2184116067238256E-01  0.0000000000000000E+00
  0.0000000000000000E+00 -0.6525504656153903E-01 -0.1756051423824279E+00 -0.2941711623876658E+00 -0.4008379843365115E+00 -0.4680081150457258E+00 -0.4869674713229917E+00 -0.4449117315929378E+00 -0.3429995035085134E+00 -0.1861223578542212E+00  0.4640380755446587E-02  0.2063109163484862E+00  0.3883872243700390E+00  0.5209770880998255E+00  0.5805549233853412E+00  0.5597417051999699E+00  0.4673311519304958E+00  0.3340745315775234E+00  0.1916568312661473E+00  0.8408904092787893E-01  0.0000000000000000E+00
  0.0000000000000000E+00 -0.8237645060254958E-01 -0.2659776375419028E+00 -0.4219971409416726E+00 -0.5585446991768069E+00 -0.6444161265917635E+00 -0.6862020489709143E+00 -0.6715786813230276E+00 -0.6060324680938280E+00 -0.4858091585977806E+00 -0.3222503641761451E+00 -0.1243248610568075E+00  0.8375009063347019E-01  0.2726128660075282E+00  0.4126593463951315E+00  0.4832447302334255E+00  0.4708417306663347E+00  0.3844325285650214E+00  0.2473235271697727E+00  0.1108417816751829E+00  0.0000000000000000E+00
  0.0000000000000000E+00 -0.7599697725930346E-01 -0.3108375480451293E+00 -0.4829351497192703E+00 -0.6403813359698082E+00 -0.7430845772269252E+00 -0.8117052828554416E+00 -0.8296363649443713E+00 -0.8063299210781447E+00 -0.7309266615625623E+00 -0.6076815604450215E+00 -0.4356492119661120E+00 -0.2349922279687414E+00 -0.3843232407187309E-01  0.1234287035807513E+00  0.2380729716931216E+00  0.2934260729040592E+00  0.2798696040716364E+00  0.1955935075828480E+00  0.9390192816784947E-01  0.0000000000000000E+00
  0.0000000000000000E+00 -0.5902411222016081E-01 -0.3013252022944377E+00 -0.4707613753890806E+00 -0.6348029562746925E+00 -0.7452691145263550E+00 -0.8329683279725775E+00 -0.8793520511768806E+00 -0.8983769776252545E+00 -0.8774903933214382E+00 -0.8131114756744875E+00 -0.6889437396540050E+00 -0.5087341081163997E+00 -0.3080772583562626E+00 -0.1364479653629896E+00 -0.1076622737806678E-01  0.7517047939577846E-01  0.1138672533629410E+00  0.8929348912081317E-01  0.5190892239286297E-01  0.0000000000000000E+00
  0.0000000000000000E+00 -0.3635855834920219E-01 -0.2443472186591938E+00 -0.4014344042831468E+00 -0.5622365103616931E+00 -0.6763817508942678E+00 -0.7763825259117915E+00 -0.8428068713891841E+00 -0.8917683900286244E+00 -0.9166589196833791E+00 -0.9145678601782461E+00 -0.8591572298622705E+00 -0.7251955704723778E+00 -0.5274339862298442E+00 -0.3313934427023632E+00 -0.1891711631908717E+00 -0.9221667571160970E-01 -0.2726648627549595E-01 -0.3259295950581298E-02  0.1179120217205153E-01  0.0000000000000000E+00
  0.0000000000000000E+00 -0.4895074471964661E-03 -0.1486620879251044E+00 -0.2898829550578442E+00 -0.4426116110043513E+00 -0.5595088502175913E+00 -0.6674131342613996E+00 -0.7463876058595127E+00 -0.8101283710557763E+00 -0.8604164310117575E+00 -0.9043724416043676E+00 -0.9218791493350074E+00 -0.8646082369760897E+00 -0.7033842295486664E+00 -0.4839105728088392E+00 -0.2971659403748127E+00 -0.1747811495941157E+00 -0.9228471652527205E-01 -0.3791231581455660E-01  0.2244939950834055E-02  0.0000000000000000E+00
  0.0000000000000000E+00  0.5571100987482185E-01 -0.2756962427747074E-01 -0.1488977637599454E+00 -0.2918436440101884E+00 -0.4116985970099762E+00 -0.5268557671531690E+00 -0.6170783444323328E+00 -0.6889253653420553E+00 -0.7474457610474657E+00 -0.8104933467681577E+00 -0.8796638946634502E+00 -0.9081714726398897E+00 -0.8267545447196378E+00 -0.6251867497786031E+00 -0.3904774277334021E+00 -0.2111056206592315E+00 -0.9445925829839744E-01 -0.2093834598480181E-01  0.2285794104038921E-01  0.0000000000000000E+00
  0.0000000000000000E+00  0.1201169045637956E+00  0.9868805316468632E-01  0.9387197320141177E-02 -0.1181099367757662E+00 -0.2367397663813837E+00 -0.3557777002646608E+00 -0.4567764305053032E+00 -0.5386728121415472E+00 -0.6032777675018165E+00 -0.6696068162891352E+00 -0.7610435841964401E+00 -0.8564492143523250E+00 -0.8749981961876142E+00 -0.7475354681909748E+00 -0.5110967198201175E+00 -0.2771425074553783E+00 -0.1068076522429465E+00 -0.4860955986474285E-02  0.4352384184882620E-01  0.0000000000000000E+00
  0.0000000000000000E+00  0.1646413789138235E+00  0.2055442045151460E+00  0.1677276503712416E+00  0.6995104981965251E-01 -0.3659370015501261E-01 -0.1503091705762258E+00 -0.2566432379054951E+00 -0.3505200654995449E+00 -0.4288965502220355E+00 -0.5023094539606106E+00 -0.6009068720928094E+00 -0.7346780765785292E+00 -0.8433237060260856E+00 -0.8221169719535136E+00 -0.6411286070464568E+00 -0.3927003682425405E+00 -0.1768709772793054E+00 -0.3367783759684315E-01  0.3413436749497503E-01  0.0000000000000000E+00
  0.0000000000000000E+00  0.1736116851729564E+00  0.2738782704776198E+00  0.3059522386708121E+00  0.2581573655139464E+00  0.1788958805889242E+00  0.8212139997167628E-01 -0.1987378379833943E-01 -0.1216394432787201E+00 -0.2182667708462253E+00 -0.3106667711296053E+00 -0.4203503638535578E+00 -0.5732521495400085E+00 -0.7480040732333879E+00 -0.8385148937199447E+00 -0.7520025651284077E+00 -0.5304711689436942E+00 -0.2923789611200518E+00 -0.1075114312255403E+00 -0.9657178174273286E-02  0.0000000000000000E+00
  0.0000000000000000E+00  0.1495407338858962E+00  0.2931300109605104E+00  0.4022141041630847E+00  0.4233451662805897E+00  0.3887869294294902E+00  0.3211700727977914E+00  0.2340755062400928E+00  0.1326956760665202E+00  0.2099683391805682E-01 -0.9688927943971268E-01 -0.2288345888344678E+00 -0.3951812101419803E+00 -0.6098406461451914E+00 -0.7993317714635255E+00 -0.8315130649145918E+00 -0.6726844789589580E+00 -0.4337056290997069E+00 -0.2153816717344658E+00 -0.7838683925492372E-01  0.0000000000000000E+00
  0.0000000000000000E+00  0.1032890248471798E+00  0.2620770658468892E+00  0.4364551132307590E+00  0.5360949012987731E+00  0.5632019802224745E+00  0.5379449098613444E+00  0.4756617812287832E+00  0.3831348631230249E+00  0.2636526542507124E+00  0.1226649845410844E+00 -0.3687757236098943E-01 -0.2173171106435438E+00 -0.4489128040067747E+00 -0.7095058541540560E+00 -0.8688522879034360E+00 -0.8104640597613230E+00 -0.5946721455206437E+00 -0.3551547973872987E+00 -0.1653603154111869E+00  0.0000000000000000E+00
  0.0000000000000000E+00  0.4489859142132371E-01  0.1891573198152900E+00  0.3963859407831072E+00  0.5653584025017176E+00  0.6626173078072820E+00  0.6921035684744835E+00  0.6655267157335276E+00  0.5909596902571428E+00  0.4725922763504471E+00  0.3175001227937223E+00  0.1367209672042287E+00 -0.5370614719413878E-01 -0.2821519099453539E+00 -0.5754797974859578E+00 -0.8482855501935709E+00 -0.9262456551847559E+00 -0.7680520180157184E+00 -0.5237061790802793E+00 -0.2674584288326325E+00  0.0000000000000000E+00
  0.0000000000000000E+00 -0.1836501379406790E-01  0.8784705853157258E-01  0.2837711859758330E+00  0.4911616492649460E+00  0.6500484691897097E+00  0.7389681921869160E+00  0.7569816471408792E+00  0.7096230984790756E+00  0.6030491621641829E+00  0.4490543877719018E+00  0.2661758589816820E+00  0.8153070868201723E-01 -0.1224229400473247E+00 -0.4038684248178946E+00 -0.7500047436265637E+00 -0.9859697431806097E+00 -0.9329835948073327E+00 -0.7115934749718676E+00 -0.3817236818735926E+00  0.0000000000000000E+00
  0.0000000000000000E+00 -0.7345191953757681E-01 -0.2386834602903617E-01  0.1232758869104676E+00  0.3230755395088763E+00  0.5100746324306140E+00  0.6431353710259832E+00  0.7048551499440761E+00  0.6935594543679698E+00  0.6158822626537440E+00  0.4884335439125534E+00  0.3339890216541294E+00  0.1804752569459848E+00  0.2220257510990034E-01 -0.2036664306472323E+00 -0.5558084061727815E+00 -0.9360258369754859E+00 -0.1039992761919450E+01 -0.8930043279611667E+00 -0.4975159474821325E+00  0.0000000000000000E+00
  0.0000000000000000E+00 -0.7622571903976823E-01 -0.7346146692392135E-01  0.1461097093224315E-01  0.1641963855237235E+00  0.3283934278490692E+00  0.4662158986792816E+00  0.5521194480803925E+00  0.5768555474313791E+00  0.5432696610413276E+00  0.4659460674754806E+00  0.3639417395064556E+00  0.2594438028430989E+00  0.1554116933331368E+00  0.1141857408505216E-01 -0.2657417115650292E+00 -0.7149056660441103E+00 -0.9940047617362670E+00 -0.9980867094649843E+00 -0.5759740848299558E+00  0.0000000000000000E+00
  0.0000000000000000E+00  0.2257704640725441E-01  0.8679165175073127E-01  0.1618763891353780E+00  0.2528673675761806E+00  0.3541124907238842E+00  0.4479487724875265E+00  0.5154698746073582E+00  0.5453473364579250E+00  0.5352595547240871E+00  0.4938252841555112E+00  0.4326798202538257E+00  0.3684273217606628E+00  0.3042197125937159E+00  0.2320677303039331E+00  0.8300874169667527E-01 -0.2928894909853123E+00 -0.6561965452980961E+00 -0.8687860923239654E+00 -0.5151991951842970E+00  0.0000000000000000E+00
  0.0000000000000000E+00  0.4265007171492337E+00  0.5528207803981300E+00  0.6119451590167427E+00  0.6369234744712462E+00  0.6551701400568168E+00  0.6720150943495947E+00  0.6817668872954796E+00  0.6783910464860121E+00  0.6590502461062677E+00  0.6278770711138870E+00  0.5884140822989368E+00  0.5513743292211949E+00  0.5127526060470070E+00  0.4884823888267764E+00  0.4421420124025042E+00  0.2966225424046129E+00  0.1221311656703098E+00 -0.1528964698960806E+00 -0.4492211204363235E-01  0.0000000000000000E+00
  0.3000000000000000E+01  0.1743074894959553E+01  0.1428329310556341E+01  0.1326040912085150E+01  0.1342096944162442E+01  0.1388602070553434E+01  0.1431903489438742E+01  0.1470169212720919E+01  0.1510174196999889E+01  0.1558108816405284E+01  0.1610194070813850E+01  0.1667437573357015E+01  0.1714304334097078E+01  0.1765961894452695E+01  0.1766620563823604E+01  0.1756582704489162E+01  0.1817242881800849E+01  0.1977409957690975E+01  0.2589903317364277E+01  0.2619567140946600E+01  0.3000000000000000E+01
