  0.0000000000000000E+00  0.5597363107854900E-02  0.2068764590567143E-01  0.7272841480155307E-01  0.1414672884065512E+00  0.1989008060931998E+00  0.1986002923807853E+00  0.9779241067657996E-01 -0.1000368939409485E+00 -0.3535547047095771E+00 -0.5957073610437806E+00 -0.7484736620275739E+00 -0.7561142543769983E+00 -0.6355125457803500E+00 -0.4637545982577786E+00 -0.2964851667527988E+00 -0.1571958486787146E+00 -0.5443707576237117E-01  0.7475575235114190E-02  0.1852858760179922E-01  0.0000000000000000E+00
  0.0000000000000000E+00 -0.2361433330399289E-01 -0.6538775506578756E-01 -0.1222270846449605E+00 -0.1806724427164453E+00 -0.2221987310032441E+00 -0.2284166249798997E+00 -0.1808019899803934E+00 -0.8090071317256585E-01  0.5587672418185281E-01  0.2001572532864138E+00  0.3182782623224436E+00  0.3814967696586420E+00  0.3854766907111660E+00  0.3480705771215405E+00  0.2853691098637533E+00  0.2081365818905382E+00  0.1294760563357942E+00  0.6138038112592949E-01  0.2185485248695691E-01  0.0000000000000000E+00
  0.0000000000000000E+00 -0.6524563680412378E-01 -0.1754756192916913E+00 -0.2939528391333283E+00 -0.4005500397427848E+00 -0.4676953869165323E+00 -0.4866495825589138E+00 -0.4446135592646002E+00 -0.3427390334586460E+00 -0.1859245321640187E+00  0.4764398815460813E-02  0.2063611249397569E+00  0.3883760545989276E+00  0.5209175263531479E+00  0.5804571331068429E+00  0.5596221628384611E+00  0.4672138969928998E+00  0.3339910932450115E+00  0.1916167186129027E+00  0.8409314506266995E-01  0.0000000000000000E+00
  0.0000000000000000E+00 -0.8239555564068506E-01 -0.2658597906737192E+00 -0.4218371127263594E+00 -0.5583619034883684E+00 -0.6442511255764022E+00 -0.6860500659898506E+00 -0.6714478168616724E+00 -0.6059204972409034E+00 -0.4857273275014931E+00 -0.3222019447763416E+00 -0.1243096501434235E+00  0.8374145941226073E-01  0.2725884594046332E+00  0.4126137513130306E+00  0.4831705797095137E+00  0.4707445048995173E+00  0.3843452369590836E+00  0.2472677809217907E+00  0.1108465427744883E+00  0.0000000000000000E+00
  0.0000000000000000E+00 -0.7603651668775387E-01 -0.3107732204269411E+00 -0.4828728071844823E+00 -0.6403153355382383E+00 -0.7430431696503020E+00 -0.8116671237449270E+00 -0.8296011871492814E+00 -0.8062837063633407E+00 -0.7308746429372009E+00 -0.6076310972490653E+00 -0.4356105858517129E+00 -0.2349656062634919E+00 -0.3840569597447793E-01  0.1234559104242226E+00  0.2380828537172125E+00  0.2934053035253757E+00  0.2798357386750771E+00  0.1955680661122414E+00  0.9391901730011033E-01  0.0000000000000000E+00
  0.0000000000000000E+00 -0.5907670911378730E-01 -0.3013512398073034E+00 -0.4708305597444108E+00 -0.6348952217897007E+00 -0.7454031663298859E+00 -0.8331162833635629E+00 -0.8795008650495643E+00 -0.8985002042660153E+00 -0.8775761154262401E+00 -0.8131609890840973E+00 -0.6889696724519423E+00 -0.5087473482225113E+00 -0.3080674281123455E+00 -0.1364036202714816E+00 -0.1070394506227257E-01  0.7522136103509076E-01  0.1139007848474917E+00  0.8931810971843625E-01  0.5194502049932328E-01  0.0000000000000000E+00
  0.0000000000000000E+00 -0.3642517864771326E-01 -0.2444570261994389E+00 -0.4016051592555525E+00 -0.5624412203561193E+00 -0.6766293307098490E+00 -0.7766434189673947E+00 -0.8430592018436688E+00 -0.8919808458248545E+00 -0.9168090886269852E+00 -0.9146544077076105E+00 -0.8592004042034352E+00 -0.7252227099143237E+00 -0.5274445812023975E+00 -0.3313632957431385E+00 -0.1890958864147705E+00 -0.9212400549180209E-01 -0.2718330314063533E-01 -0.3198293490386535E-02  0.1183942328812358E-01  0.0000000000000000E+00
  0.0000000000000000E+00 -0.5827699936357315E-03 -0.1488355164607795E+00 -0.2901250413700319E+00 -0.4428951296928259E+00 -0.5598412393228483E+00 -0.6677712178678973E+00 -0.7467440660282622E+00 -0.8104474704750705E+00 -0.8606607397417717E+00 -0.9045249814989056E+00 -0.9219557461509448E+00 -0.8646512896052374E+00 -0.7034174345884676E+00 -0.4839179038927929E+00 -0.2971262293405111E+00 -0.1747053371557260E+00 -0.9220396240769101E-01 -0.3785690662952935E-01  0.2278974811787810E-02  0.0000000000000000E+00
  0.0000000000000000E+00  0.5559588466589669E-01 -0.2776570110300392E-01 -0.1491709913568970E+00 -0.2921597487695337E+00 -0.4120645907933991E+00 -0.5272531628554571E+00 -0.6174778191441028E+00 -0.6892940952490498E+00 -0.7477416464984293E+00 -0.8106845730616519E+00 -0.8797537481258131E+00 -0.9082085276310097E+00 -0.8267866872290529E+00 -0.6252196190846573E+00 -0.3904883622047156E+00 -0.2110928036720087E+00 -0.9443579386998166E-01 -0.2092853149496856E-01  0.2285620468879777E-01  0.0000000000000000E+00
  0.0000000000000000E+00  0.1200314372676769E+00  0.9852633742491304E-01  0.9133717957934370E-02 -0.1184090020448330E+00 -0.2370834742983341E+00 -0.3561523719350109E+00 -0.4571596714639163E+00 -0.5390416439078322E+00 -0.6035944805664609E+00 -0.6698271397990917E+00 -0.7611461494456949E+00 -0.8564710804746534E+00 -0.8750040441321053E+00 -0.7475587973244165E+00 -0.5111221009080151E+00 -0.2771665449089359E+00 -0.1068329522504375E+00 -0.4891049399433408E-02  0.4349259350908174E-01  0.0000000000000000E+00
  0.0000000000000000E+00  0.1646313004242798E+00  0.2054645533747894E+00  0.1675447563583586E+00  0.6971616639302408E-01 -0.3686341823398234E-01 -0.1506025845851220E+00 -0.2569474603517982E+00 -0.3508228187312032E+00 -0.4291745959125696E+00 -0.5025223691681502E+00 -0.6010144155887996E+00 -0.7346878796441192E+00 -0.8432962468812030E+00 -0.8221096754842036E+00 -0.6411377200097912E+00 -0.3927170385154270E+00 -0.1768975518134676E+00 -0.3370853802579879E-01  0.3410276294236779E-01  0.0000000000000000E+00
  0.0000000000000000E+00  0.1736750788182425E+00  0.2738980439814065E+00  0.3058738801073627E+00  0.2580209386843730E+00  0.1787325426918496E+00  0.8194552454702704E-01 -0.2005548562438730E-01 -0.1218244799154863E+00 -0.2184485948389020E+00 -0.3108206514282614E+00 -0.4204372619037013E+00 -0.5732508713819844E+00 -0.7479480209321377E+00 -0.8384717556599863E+00 -0.7519859814067023E+00 -0.5304676974794199E+00 -0.2923869228076844E+00 -0.1075251919838026E+00 -0.9673292487754578E-02  0.0000000000000000E+00
  0.0000000000000000E+00  0.1496485868484063E+00  0.2932365238724965E+00  0.4022500543209962E+00  0.4233247638028625E+00  0.3887423959571084E+00  0.3211206057348537E+00  0.2340257819144046E+00  0.1326420696741664E+00  0.2093603101411589E-01 -0.9694801475952078E-01 -0.2288704501163992E+00 -0.3951645365244684E+00 -0.6097676624210864E+00 -0.7992588717635629E+00 -0.8314698392702410E+00 -0.6726616831553103E+00 -0.4336969014462785E+00 -0.2153826554986306E+00 -0.7839117471189708E-01  0.0000000000000000E+00
  0.0000000000000000E+00  0.1034117089232123E+00  0.2622382920561416E+00  0.4365934926678829E+00  0.5361945502805743E+00  0.5632798632363316E+00  0.5380186818024477E+00  0.4757368342587261E+00  0.3832072075705730E+00  0.2637150137554745E+00  0.1227149416383759E+00 -0.3684123395360580E-01 -0.2172763116017809E+00 -0.4488357740551125E+00 -0.7094200025143513E+00 -0.8687902607115093E+00 -0.8104260503107836E+00 -0.5946503594577541E+00 -0.3551466340238962E+00 -0.1653584285371628E+00  0.0000000000000000E+00
  0.0000000000000000E+00  0.4501515934795991E-01  0.1893325807393091E+00  0.3965923871789793E+00  0.5655612883994025E+00  0.6628103070971906E+00  0.6922932738563251E+00  0.6657160745171047E+00  0.5911451410431501E+00  0.4727644536170482E+00  0.3176485858165866E+00  0.1368277658592323E+00 -0.5363935671277116E-01 -0.2820817128860841E+00 -0.5754014976957543E+00 -0.8482205623204716E+00 -0.9262014662032495E+00 -0.7680226706366996E+00 -0.5236911435226347E+00 -0.2674528731660448E+00  0.0000000000000000E+00
  0.0000000000000000E+00 -0.1826949955053218E-01  0.8800410397425963E-01  0.2839993197699845E+00  0.4914293598487056E+00  0.6503325006976898E+00  0.7392583324028490E+00  0.7572714123518517E+00  0.7099045751033003E+00  0.6033085606643582E+00  0.4492733960487715E+00  0.2663280718706200E+00  0.8161048798032779E-01 -0.1223705527384149E+00 -0.4038153286692468E+00 -0.7499544808696125E+00 -0.9859312054684366E+00 -0.9329547527462434E+00 -0.7115754597593864E+00 -0.3817162363257126E+00  0.0000000000000000E+00
  0.0000000000000000E+00 -0.7339633259957709E-01 -0.2375952080538387E-01  0.1234644751984636E+00  0.3233331062081213E+00  0.5103802016195683E+00  0.6434682524166602E+00  0.7051953445888232E+00  0.6938867782215875E+00  0.6161728854889037E+00  0.4886623183849267E+00  0.3341332478295862E+00  0.1805357325946115E+00  0.2222320340690799E-01 -0.2036485858058605E+00 -0.5557853650064172E+00 -0.9360028093620711E+00 -0.1039971967329652E+01 -0.8929878271013127E+00 -0.4975085211985160E+00  0.0000000000000000E+00
  0.0000000000000000E+00 -0.7623171414838517E-01 -0.7344748917166832E-01  0.1467798854666583E-01  0.1643292058647848E+00  0.3285856729948915E+00  0.4664495489533046E+00  0.5523697139182927E+00  0.5770949307354811E+00  0.5434700221875981E+00  0.4660842973191402E+00  0.3640059107867067E+00  0.2594431943606745E+00  0.1553850835572856E+00  0.1140063232993874E-01 -0.2657464067415765E+00 -0.7149014483731040E+00 -0.9939963374987981E+00 -0.9980754924807662E+00 -0.5759685924182292E+00  0.0000000000000000E+00
  0.0000000000000000E+00  0.2253303500560358E-01  0.8673886390928202E-01  0.1618272236363934E+00  0.2528456749416167E+00  0.3541295016555912E+00  0.4480010051722780E+00  0.5155423868026919E+00  0.5454190411676504E+00  0.5353085219515439E+00  0.4938354268016487E+00  0.4326462747965297E+00  0.3683611762085699E+00  0.3041496515155004E+00  0.2320234301793194E+00  0.8298825688230581E-01 -0.2928969097498587E+00 -0.6561983028797956E+00 -0.8687814625595360E+00 -0.5151965403940154E+00  0.0000000000000000E+00
  0.0000000000000000E+00  0.4264773445244984E+00  0.5527777746458068E+00  0.6118928618807983E+00  0.6368738146080748E+00  0.6551317656729064E+00  0.6719905210776628E+00  0.6817522065521480E+00  0.6783779146463995E+00  0.6590292822974205E+00  0.6278421087248752E+00  0.5883636949624347E+00  0.5513140946966352E+00  0.5126933614566346E+00  0.4884410781753528E+00  0.4421201013282935E+00  0.2966140735369187E+00  0.1221277188406065E+00 -0.1528960048305273E+00 -0.4492113463334119E-01  0.0000000000000000E+00
  0.3000000000000000E+01  0.1743101001432109E+01  0.1428405539971862E+01  0.1326148637993999E+01  0.1342224231117392E+01  0.1388734204636872E+01  0.1432029441939290E+01  0.1470285767146248E+01  0.1510285297228452E+01  0.1558220675059282E+01  0.1610309100627023E+01  0.1667555189909226E+01  0.1714418892118664E+01  0.1766069567145597E+01  0.1766700195653261E+01  0.1756627952897425E+01  0.1817260869639385E+01  0.1977418540598385E+01  0.2589906551932046E+01  0.2619566863506008E+01  0.3000000000000000E+01
