  0.0000000000000000E+00  0.5553679971109227E-02  0.2065537459959388E-01  0.7275282101486857E-01  0.1415853488922284E+00  0.1991479465229592E+00  0.1989890356793188E+00  0.9826690414357364E-01 -0.9954608042633847E-01 -0.3531170454206123E+00 -0.5953811554238110E+00 -0.7482936514162246E+00 -0.7560763277383735E+00 -0.6355448324585193E+00 -0.4637917156263067E+00 -0.2965025339257127E+00 -0.1571885340703600E+00 -0.5440632292968706E-01  0.7519696410672655E-02  0.1856614983478169E-01  0.0000000000000000E+00
  0.0000000000000000E+00 -0.2360278663137514E-01 -0.6542038044132283E-01 -0.1223083056729122E+00 -0.1808081476825210E+00 -0.2223855537209600E+00 -0.2286520841510877E+00 -0.1810589933688636E+00 -0.8115012295383631E-01  0.5566634368728281E-01  0.2000088492333283E+00  0.3182032248103739E+00  0.3814893625364894E+00  0.3855084571016178E+00  0.3481162587675803E+00  0.2854150346487659E+00  0.2081731844770055E+00  0.1294933883337831E+00  0.6137877341106543E-01  0.2184082684380959E-01  0.0000000000000000E+00
  0.0000000000000000E+00 -0.6525467992301619E-01 -0.1756057667243746E+00 -0.2941720960038682E+00 -0.4008390941553347E+00 -0.4680087146399208E+00 -0.4869672167739444E+00 -0.4449100759630171E+00 -0.3429964492878474E+00 -0.1861180143587639E+00  0.4645392276173938E-02  0.2063160230148971E+00  0.3883917598710947E+00  0.5209805388463340E+00  0.5805570606764341E+00  0.5597425700205851E+00  0.4673310193606564E+00  0.3340738420716624E+00  0.1916560166438689E+00  0.8408863036621048E-01  0.0000000000000000E+00
  0.0000000000000000E+00 -0.8237586794499302E-01 -0.2659788621308605E+00 -0.4219988150624058E+00 -0.5585469316939349E+00 -0.6444181084548288E+00 -0.6862037151294861E+00 -0.6715794542490620E+00 -0.6060323389756890E+00 -0.4858077760487912E+00 -0.3222478878498041E+00 -0.1243214479941648E+00  0.8375392055397264E-01  0.2726166198734153E+00  0.4126626774634962E+00  0.4832473319140153E+00  0.4708433816414510E+00  0.3844332885490291E+00  0.2473236762733715E+00  0.1108417707611114E+00  0.0000000000000000E+00
  0.0000000000000000E+00 -0.7599619002249991E-01 -0.3108389708220973E+00 -0.4829369428331118E+00 -0.6403839294919126E+00 -0.7430869884112805E+00 -0.8117077641558998E+00 -0.8296383990783202E+00 -0.8063315856735239E+00 -0.7309273451511512E+00 -0.6076810488869522E+00 -0.4356474514176685E+00 -0.2349897885712263E+00 -0.3842977717575596E-01  0.1234312741813147E+00  0.2380755609150706E+00  0.2934283555775508E+00  0.2798712799614947E+00  0.1955945276526319E+00  0.9390224162344880E-01  0.0000000000000000E+00
  0.0000000000000000E+00 -0.5902310930274982E-01 -0.3013260231529052E+00 -0.4707622464644334E+00 -0.6348044939986186E+00 -0.7452703260161067E+00 -0.8329698496728769E+00 -0.8793537338547037E+00 -0.8983791808511193E+00 -0.8774925044429752E+00 -0.8131127380514248E+00 -0.6889434899878915E+00 -0.5087326668740105E+00 -0.3080755999986843E+00 -0.1364464833014009E+00 -0.1076461046642723E-01  0.7517224266409558E-01  0.1138688756841007E+00  0.8929466090150578E-01  0.5190939691031175E-01  0.0000000000000000E+00
  0.0000000000000000E+00 -0.3635718527934316E-01 -0.2443467875620478E+00 -0.4014336476924238E+00 -0.5622360173828813E+00 -0.6763806010827743E+00 -0.7763815840277675E+00 -0.8428064900227206E+00 -0.8917693811709676E+00 -0.9166611377242492E+00 -0.9145703704462627E+00 -0.8591586530149475E+00 -0.7251953500289348E+00 -0.5274329637013974E+00 -0.3313926672728496E+00 -0.1891706150573931E+00 -0.9221601243873231E-01 -0.2726569673553994E-01 -0.3258676551718648E-02  0.1179147100756538E-01  0.0000000000000000E+00
  0.0000000000000000E+00 -0.4875024978668894E-03 -0.1486601832378762E+00 -0.2898804117906838E+00 -0.4426088939566306E+00 -0.5595050948555431E+00 -0.6674092061485122E+00 -0.7463842521418566E+00 -0.8101267876114299E+00 -0.8604171818309603E+00 -0.9043749879813746E+00 -0.9218818336152056E+00 -0.8646095157202643E+00 -0.7033840392793838E+00 -0.4839100842990947E+00 -0.2971658357981912E+00 -0.1747812999152880E+00 -0.9228484806565855E-01 -0.3791239900884261E-01  0.2244856974743708E-02  0.0000000000000000E+00
  0.0000000000000000E+00  0.5571364397115208E-01 -0.2756669207069086E-01 -0.1488939261882662E+00 -0.2918394217195497E+00 -0.4116931785204948E+00 -0.5268498519534102E+00 -0.6170727700648387E+00 -0.6889213706230823E+00 -0.7474444220781307E+00 -0.8104948625101639E+00 -0.8796669904044387E+00 -0.9081741313746848E+00 -0.8267556302089789E+00 -0.6251867594832294E+00 -0.3904772699970244E+00 -0.2111056708095048E+00 -0.9445949994850844E-01 -0.2093856499698286E-01  0.2285781338115552E-01  0.0000000000000000E+00
  0.0000000000000000E+00  0.1201192529949536E+00  0.9869097253364134E-01  0.9391268309768974E-02 -0.1181055302336932E+00 -0.2367344407913425E+00 -0.3557719001812324E+00 -0.4567707548888482E+00 -0.5386681281374097E+00 -0.6032751496472889E+00 -0.6696070582181110E+00 -0.7610462572093978E+00 -0.8564525961608387E+00 -0.8750005515716245E+00 -0.7475364756785242E+00 -0.5110969426581156E+00 -0.2771423538051861E+00 -0.1068074824350110E+00 -0.4860819593857607E-02  0.4352397959211949E-01  0.0000000000000000E+00
  0.0000000000000000E+00  0.1646424376427022E+00  0.2055460481084304E+00  0.1677307730566326E+00  0.6995432150078203E-01 -0.3659015769993944E-01 -0.1503055883226780E+00 -0.2566398187643725E+00 -0.3505170897587789E+00 -0.4288946082574375E+00 -0.5023093809252985E+00 -0.6009089685104614E+00 -0.7346815028484860E+00 -0.8433268004927515E+00 -0.8221189092023723E+00 -0.6411296224988966E+00 -0.3927006367298503E+00 -0.1768708253793579E+00 -0.3367758303075009E-01  0.3413463508625034E-01  0.0000000000000000E+00
  0.0000000000000000E+00  0.1736113359183679E+00  0.2738785456521189E+00  0.3059536698686910E+00  0.2581587394311702E+00  0.1788968162474584E+00  0.8212173930544521E-01 -0.1987388604541043E-01 -0.1216397219068656E+00 -0.2182671970636706E+00 -0.3106677714961193E+00 -0.4203523931201343E+00 -0.5732552921649829E+00 -0.7480073171463697E+00 -0.8385172909166648E+00 -0.7520041563656140E+00 -0.5304720288329144E+00 -0.2923792052638811E+00 -0.1075114061582142E+00 -0.9657048878029218E-02  0.0000000000000000E+00
  0.0000000000000000E+00  0.1495394787406227E+00  0.2931289005110060E+00  0.4022137691294119E+00  0.4233446009951245E+00  0.3887854419793077E+00  0.3211674538777834E+00  0.2340721055734852E+00  0.1326921146274586E+00  0.2099362542901723E-01 -0.9689207283275525E-01 -0.2288371134848330E+00 -0.3951840179222086E+00 -0.6098435609326104E+00 -0.7993341263051584E+00 -0.8315148139504484E+00 -0.6726856755609162E+00 -0.4337062115035377E+00 -0.2153819015173226E+00 -0.7838688903189693E-01  0.0000000000000000E+00
  0.0000000000000000E+00  0.1032874430267713E+00  0.2620751810756455E+00  0.4364534839991493E+00  0.5360928963798905E+00  0.5631988821323657E+00  0.5379404457390000E+00  0.4756563229873699E+00  0.3831291602355599E+00  0.2636474972969053E+00  0.1226607980141717E+00 -0.3688057875643470E-01 -0.2173195453424737E+00 -0.4489150531737590E+00 -0.7095076997637031E+00 -0.8688537727356952E+00 -0.8104652730131763E+00 -0.5946728746943158E+00 -0.3551551739130777E+00 -0.1653604684992413E+00  0.0000000000000000E+00
  0.0000000000000000E+00  0.4489709647119817E-01  0.1891553691483423E+00  0.3963838080327841E+00  0.5653557948862182E+00  0.6626136727845024E+00  0.6920986424990485E+00  0.6655208162503810E+00  0.5909535334460593E+00  0.4725867309955737E+00  0.3174957939583608E+00  0.1367182181304235E+00 -0.5370791775990311E-01 -0.2821533022111266E+00 -0.5754808550427232E+00 -0.8482864301906665E+00 -0.9262465845316268E+00 -0.7680527141848373E+00 -0.5237065888641778E+00 -0.2674586192851622E+00  0.0000000000000000E+00
  0.0000000000000000E+00 -0.1836617490322363E-01  0.8784550708108541E-01  0.2837692909392686E+00  0.4911593453496269E+00  0.6500454045850794E+00  0.7389641573179916E+00  0.7569768933732720E+00  0.7096182336131209E+00  0.6030449825601487E+00  0.4490514786503840E+00  0.2661744664218297E+00  0.8153013031714879E-01 -0.1224233537614425E+00 -0.4038686776062920E+00 -0.7500049131323505E+00 -0.9859701784911357E+00 -0.9329841078326555E+00 -0.7115938300898405E+00 -0.3817238631064083E+00  0.0000000000000000E+00
  0.0000000000000000E+00 -0.7345257466236856E-01 -0.2386930470431254E-01  0.1232746881199061E+00  0.3230741926889805E+00  0.5100729837904376E+00  0.6431332838775725E+00  0.7048527950131773E+00  0.6935572717156635E+00  0.6158808358962907E+00  0.4884332347242395E+00  0.3339897859878577E+00  0.1804762838891524E+00  0.2220316526137074E-01 -0.2036660959283773E+00 -0.5558080609291915E+00 -0.9360257726657852E+00 -0.1039993007721249E+01 -0.8930045810376842E+00 -0.4975160868218959E+00  0.0000000000000000E+00
  0.0000000000000000E+00 -0.7622574962858604E-01 -0.7346162099138825E-01  0.1461071881843350E-01  0.1641961659711442E+00  0.3283932713656711E+00  0.4662157942331089E+00  0.5521195205168128E+00  0.5768560583574933E+00  0.5432709078236998E+00  0.4659481302704386E+00  0.3639443579042699E+00  0.2594462155651291E+00  0.1554131300331829E+00  0.1141919105430398E-01 -0.2657412574614597E+00 -0.7149053294592161E+00 -0.9940047572274567E+00 -0.9980868509135965E+00 -0.5759741683996852E+00  0.0000000000000000E+00
  0.0000000000000000E+00  0.2257743039999809E-01  0.8679209023837238E-01  0.1618768941615058E+00  0.2528679896962822E+00  0.3541133102916792E+00  0.4479498469312411E+00  0.5154712902287344E+00  0.5453492158530278E+00  0.5352619903806662E+00  0.4938282041906144E+00  0.4326829321807444E+00  0.3684300785616654E+00  0.3042214795680286E+00  0.2320684171846408E+00  0.8300899106395716E-01 -0.2928892327742387E+00 -0.6561964310813376E+00 -0.8687861496162126E+00 -0.5151992430394577E+00  0.0000000000000000E+00
  0.0000000000000000E+00  0.4265009984501264E+00  0.5528212213187901E+00  0.6119456954391436E+00  0.6369241157798265E+00  0.6551709240121789E+00  0.6720160574470685E+00  0.6817680609609551E+00  0.6783924555103374E+00  0.6590518875150785E+00  0.6278788724202857E+00  0.5884159127979660E+00  0.5513759599831028E+00  0.5127538162930855E+00  0.4884829747146971E+00  0.4421422073634351E+00  0.2966226452055046E+00  0.1221312186378011E+00 -0.1528964860560976E+00 -0.4492214717202113E-01  0.0000000000000000E+00
  0.3000000000000000E+01  0.1743074435049619E+01  0.1428328426282002E+01  0.1326039807844075E+01  0.1342095642356803E+01  0.1388600538255142E+01  0.1431901674590036E+01  0.1470167107345869E+01  0.1510171849322016E+01  0.1558106327835431E+01  0.1610191586929757E+01  0.1667435193786846E+01  0.1714302198612357E+01  0.1765960030688772E+01  0.1766619493040549E+01  0.1756582368973652E+01  0.1817242831609247E+01  0.1977409913005259E+01  0.2589903308552080E+01  0.2619567198476606E+01  0.3000000000000000E+01
