  0.0000000000000000E+00  0.5553677817362046E-02  0.2065536817681307E-01  0.7275281147110141E-01  0.1415853395656532E+00  0.1991479435027679E+00  0.1989890479962100E+00  0.9826693615041315E-01 -0.9954603379854002E-01 -0.3531169956848660E+00 -0.5953811173158785E+00 -0.7482936369571299E+00 -0.7560763383308167E+00 -0.6355448549755666E+00 -0.4637917384866888E+00 -0.2965025528864060E+00 -0.1571885485053003E+00 -0.5440633359375990E-01  0.7519689125885270E-02  0.1856614605972594E-01  0.0000000000000000E+00
  0.0000000000000000E+00 -0.2360278520304267E-01 -0.6542037597266419E-01 -0.1223083008771298E+00 -0.1808081449400708E+00 -0.2223855559778763E+00 -0.2286520947820889E+00 -0.1810590141159371E+00 -0.8115015194604111E-01  0.5566631109108321E-01  0.2000088193786681E+00  0.3182032036977095E+00  0.3814893525961636E+00  0.3855084552888375E+00  0.3481162612329249E+00  0.2854150390506031E+00  0.2081731892655201E+00  0.1294933926864010E+00  0.6137877669788866E-01  0.2184082875959555E-01  0.0000000000000000E+00
  0.0000000000000000E+00 -0.6525467779176597E-01 -0.1756057597411795E+00 -0.2941720911602879E+00 -0.4008390952545591E+00 -0.4680087244308609E+00 -0.4869672363500566E+00 -0.4449101061973981E+00 -0.3429964896366633E+00 -0.1861180624116164E+00  0.4645340820125887E-02  0.2063159741359986E+00  0.3883917194576743E+00  0.5209805108909459E+00  0.5805570452120858E+00  0.5597425642654033E+00  0.4673310192912599E+00  0.3340738444654430E+00  0.1916560192195512E+00  0.8408863233851258E-01  0.0000000000000000E+00
  0.0000000000000000E+00 -0.8237586868162716E-01 -0.2659788600791954E+00 -0.4219988184516240E+00 -0.5585469415268890E+00 -0.6444181252463675E+00 -0.6862037383294600E+00 -0.6715794844057421E+00 -0.6060323763725778E+00 -0.4858078207082964E+00 -0.3222479385819827E+00 -0.1243215007013861E+00  0.8375387197231404E-01  0.2726165811569572E+00  0.4126626501935490E+00  0.4832473148287640E+00  0.4708433722909258E+00  0.3844332844581136E+00  0.2473236747251212E+00  0.1108417713408998E+00  0.0000000000000000E+00
  0.0000000000000000E+00 -0.7599619124427918E-01 -0.3108389725236115E+00 -0.4829369498363064E+00 -0.6403839401585143E+00 -0.7430870023289943E+00 -0.8117077803372380E+00 -0.8296384177867075E+00 -0.8063316077530481E+00 -0.7309273725169839E+00 -0.6076810837448812E+00 -0.4356474925811637E+00 -0.2349898300957221E+00 -0.3842981136532832E-01  0.1234312493305966E+00  0.2380755429384464E+00  0.2934283430898237E+00  0.2798712724143353E+00  0.1955945235245093E+00  0.9390224132857371E-01  0.0000000000000000E+00
  0.0000000000000000E+00 -0.5902310990204800E-01 -0.3013260282081667E+00 -0.4707622563744569E+00 -0.6348045067976958E+00 -0.7452703407021246E+00 -0.8329698647263063E+00 -0.8793537478607171E+00 -0.8983791936575777E+00 -0.8774925180222228E+00 -0.8131127578277335E+00 -0.6889435199999339E+00 -0.5087327036983448E+00 -0.3080756323744647E+00 -0.1364465044741228E+00 -0.1076462419295156E-01  0.7517223281357636E-01  0.1138688693697816E+00  0.8929465771839200E-01  0.5190939698707701E-01  0.0000000000000000E+00
  0.0000000000000000E+00 -0.3635718496373926E-01 -0.2443467938655581E+00 -0.4014336577136634E+00 -0.5622360299395378E+00 -0.6763806147236906E+00 -0.7763815970994609E+00 -0.8428064995030429E+00 -0.8917693848719744E+00 -0.9166611353211370E+00 -0.9145703680496412E+00 -0.8591586610733070E+00 -0.7251953736513088E+00 -0.5274329931703775E+00 -0.3313926875151283E+00 -0.1891706241974766E+00 -0.9221601654180259E-01 -0.2726569820798336E-01 -0.3258676242449332E-02  0.1179147268036298E-01  0.0000000000000000E+00
  0.0000000000000000E+00 -0.4875016657491419E-03 -0.1486601891838776E+00 -0.2898804205836627E+00 -0.4426089057992559E+00 -0.5595051086590354E+00 -0.6674092210732390E+00 -0.7463842645823070E+00 -0.8101267935668508E+00 -0.8604171767149106E+00 -0.9043749731423733E+00 -0.9218818204651958E+00 -0.8646095190189219E+00 -0.7033840600111793E+00 -0.4839101061114511E+00 -0.2971658458942616E+00 -0.1747813013467059E+00 -0.9228484582132233E-01 -0.3791239621077901E-01  0.2244859410191404E-02  0.0000000000000000E+00
  0.0000000000000000E+00  0.5571364572593348E-01 -0.2756669551918270E-01 -0.1488939314599947E+00 -0.2918394297229518E+00 -0.4116931884402623E+00 -0.5268498636996224E+00 -0.6170727810597830E+00 -0.6889213777033144E+00 -0.7474444189975449E+00 -0.8104948443961691E+00 -0.8796669627823281E+00 -0.9081741120318009E+00 -0.8267556326463914E+00 -0.6251867771870911E+00 -0.3904772847624485E+00 -0.2111056770310334E+00 -0.9445950060201420E-01 -0.2093856414952859E-01  0.2285781409255984E-01  0.0000000000000000E+00
  0.0000000000000000E+00  0.1201192568885095E+00  0.9869097366890295E-01  0.9391269119399632E-02 -0.1181055307322713E+00 -0.2367344417089841E+00 -0.3557719019001657E+00 -0.4567707568405870E+00 -0.5386681297354227E+00 -0.6032751466492436E+00 -0.6696070427065866E+00 -0.7610462259653509E+00 -0.8564525613005557E+00 -0.8750005324987280E+00 -0.7475364791626153E+00 -0.5110969553095784E+00 -0.2771423644242246E+00 -0.1068074890166478E+00 -0.4860823301187370E-02  0.4352397717104908E-01  0.0000000000000000E+00
  0.0000000000000000E+00  0.1646424434273435E+00  0.2055460544284969E+00  0.1677307812648001E+00  0.6995433049025784E-01 -0.3659014703326744E-01 -0.1503055764283129E+00 -0.2566398063878065E+00 -0.3505170782459699E+00 -0.4288945971147818E+00 -0.5023093645164470E+00 -0.6009089389891737E+00 -0.7346814624448943E+00 -0.8433267655933824E+00 -0.8221188953162146E+00 -0.6411296249749251E+00 -0.3927006441244053E+00 -0.1768708328694394E+00 -0.3367758846823604E-01  0.3413463126482086E-01  0.0000000000000000E+00
  0.0000000000000000E+00  0.1736113418676300E+00  0.2738785556833309E+00  0.3059536846533793E+00  0.2581587573990871E+00  0.1788968376551095E+00  0.8212176367350517E-01 -0.1987385982832248E-01 -0.1216396957597662E+00 -0.2182671729791937E+00 -0.3106677480253455E+00 -0.4203523641365504E+00 -0.5732552528116623E+00 -0.7480072748929789E+00 -0.8385172634216612E+00 -0.7520041472727794E+00 -0.5304720289766306E+00 -0.2923792088185533E+00 -0.1075114100246953E+00 -0.9657051837763178E-02  0.0000000000000000E+00
  0.0000000000000000E+00  0.1495394832567480E+00  0.2931289113962233E+00  0.4022137877089318E+00  0.4233446253995730E+00  0.3887854712586189E+00  0.3211674870847958E+00  0.2340721414704521E+00  0.1326921515240220E+00  0.2099366087280133E-01 -0.9689204015499354E-01 -0.2288370821572189E+00 -0.3951839823063217E+00 -0.6098435190631954E+00 -0.7993340914607764E+00 -0.8315147956892525E+00 -0.6726856689814209E+00 -0.4337062101531309E+00 -0.2153819029158185E+00 -0.7838689048466954E-01  0.0000000000000000E+00
  0.0000000000000000E+00  0.1032874453972948E+00  0.2620751896784810E+00  0.4364535021058568E+00  0.5360929229039479E+00  0.5631989151941759E+00  0.5379404836027855E+00  0.4756563640768367E+00  0.3831292030908952E+00  0.2636475397650693E+00  0.1226608376663446E+00 -0.3688054438717585E-01 -0.2173195138873349E+00 -0.4489150173376417E+00 -0.7095076648044553E+00 -0.8688537493540165E+00 -0.8104652618174127E+00 -0.5946728694264759E+00 -0.3551551728721584E+00 -0.1653604686226149E+00  0.0000000000000000E+00
  0.0000000000000000E+00  0.4489709685733036E-01  0.1891553734029186E+00  0.3963838209813114E+00  0.5653558177388102E+00  0.6626137040058055E+00  0.6920986798524132E+00  0.6655208576262128E+00  0.5909535771463231E+00  0.4725867749093515E+00  0.3174958352385809E+00  0.1367182524296196E+00 -0.5370789128273447E-01 -0.2821532754810599E+00 -0.5754808262351881E+00 -0.8482864067030367E+00 -0.9262465713588171E+00 -0.7680527067391408E+00 -0.5237065859115083E+00 -0.2674586184299798E+00  0.0000000000000000E+00
  0.0000000000000000E+00 -0.1836617579421640E-01  0.8784550648686248E-01  0.2837692950549560E+00  0.4911593580667601E+00  0.6500454264774664E+00  0.7389641868217595E+00  0.7569769281570087E+00  0.7096182714199128E+00  0.6030450208301730E+00  0.4490515140802801E+00  0.2661744944770578E+00  0.8153014916402963E-01 -0.1224233375637139E+00 -0.4038686588031025E+00 -0.7500048941392532E+00 -0.9859701660976183E+00 -0.9329841001197529E+00 -0.7115938262108540E+00 -0.3817238616722759E+00  0.0000000000000000E+00
  0.0000000000000000E+00 -0.7345257596033869E-01 -0.2386930955411559E-01  0.1232746826255939E+00  0.3230741912179712E+00  0.5100729891906630E+00  0.6431332965262040E+00  0.7048528135029215E+00  0.6935572937757772E+00  0.6158808586596145E+00  0.4884332548184965E+00  0.3339898001098820E+00  0.1804762911858233E+00  0.2220317052794273E-01 -0.2036660879101742E+00 -0.5558080492352393E+00 -0.9360257632179172E+00 -0.1039993001274293E+01 -0.8930045772535159E+00 -0.4975160852340987E+00  0.0000000000000000E+00
  0.0000000000000000E+00 -0.7622575086410929E-01 -0.7346162715999256E-01  0.1461070843530061E-01  0.1641961543040266E+00  0.3283932616103903E+00  0.4662157881735444E+00  0.5521195182119759E+00  0.5768560585868290E+00  0.5432709086414329E+00  0.4659481295357193E+00  0.3639443542156630E+00  0.2594462094225092E+00  0.1554131251512730E+00  0.1141919035810163E-01 -0.2657412530405682E+00 -0.7149053240605847E+00 -0.9940047529647833E+00 -0.9980868480442843E+00 -0.5759741670928359E+00  0.0000000000000000E+00
  0.0000000000000000E+00  0.2257742932739392E-01  0.8679208706358835E-01  0.1618768865526777E+00  0.2528679776500420E+00  0.3541132955447118E+00  0.4479498314087244E+00  0.5154712750893117E+00  0.5453492013155217E+00  0.5352619760151710E+00  0.4938281893902978E+00  0.4326829168359901E+00  0.3684300637644500E+00  0.3042214681694302E+00  0.2320684114060535E+00  0.8300899078050769E-01 -0.2928892309488871E+00 -0.6561964291669261E+00 -0.8687861480888301E+00 -0.5151992423624102E+00  0.0000000000000000E+00
  0.0000000000000000E+00  0.4265009970155283E+00  0.5528212186015138E+00  0.6119456904540099E+00  0.6369241080527626E+00  0.6551709139330779E+00  0.6720160458492278E+00  0.6817680486619483E+00  0.6783924430604485E+00  0.6590518751024761E+00  0.6278788601065136E+00  0.5884159006014669E+00  0.5513759485362275E+00  0.5127538065073622E+00  0.4884829684236068E+00  0.4421422045746574E+00  0.2966226445593154E+00  0.1221312188460872E+00 -0.1528964856827546E+00 -0.4492214701042363E-01  0.0000000000000000E+00
  0.3000000000000000E+01  0.1743074438280809E+01  0.1428328431259047E+01  0.1326039815190648E+01  0.1342095653491754E+01  0.1388600553745478E+01  0.1431901693861041E+01  0.1470167129103467E+01  0.1510171872134176E+01  0.1558106350707743E+01  0.1610191609070757E+01  0.1667435215031590E+01  0.1714302218155767E+01  0.1765960048647343E+01  0.1766619506135233E+01  0.1756582377056535E+01  0.1817242835373167E+01  0.1977409914294812E+01  0.2589903308959434E+01  0.2619567198668860E+01  0.3000000000000000E+01
