  0.0000000000000000E+00  0.5553676174137823E-02  0.2065536664596909E-01  0.7275281226167191E-01  0.1415853454715602E+00  0.1991479591106364E+00  0.1989890782419809E+00  0.9826698030085373E-01 -0.9954598159096223E-01 -0.3531169444270320E+00 -0.5953810772451975E+00 -0.7482936164597456E+00 -0.7560763389664479E+00 -0.6355448666303667E+00 -0.4637917515101885E+00 -0.2965025635850288E+00 -0.1571885560702639E+00 -0.5440633823473301E-01  0.7519686984787166E-02  0.1856614578953553E-01  0.0000000000000000E+00
  0.0000000000000000E+00 -0.2360278489002350E-01 -0.6542037649140056E-01 -0.1223083034095978E+00 -0.1808081504745573E+00 -0.2223855660168463E+00 -0.2286521109824591E+00 -0.1810590362848750E+00 -0.8115017783415714E-01  0.5566628508288633E-01  0.2000087975173195E+00  0.3182031895494813E+00  0.3814893473246027E+00  0.3855084559341632E+00  0.3481162645843054E+00  0.2854150434265634E+00  0.2081731935983562E+00  0.1294933960771589E+00  0.6137877871118638E-01  0.2184082918738766E-01  0.0000000000000000E+00
  0.0000000000000000E+00 -0.6525467849593267E-01 -0.1756057628282326E+00 -0.2941720979671215E+00 -0.4008391059521116E+00 -0.4680087389399024E+00 -0.4869672547053964E+00 -0.4449101285537712E+00 -0.3429965150934337E+00 -0.1861180891783730E+00  0.4645315306760956E-02  0.2063159521886984E+00  0.3883917030073601E+00  0.5209805011721229E+00  0.5805570422427276E+00  0.5597425666946613E+00  0.4673310247248049E+00  0.3340738499967438E+00  0.1916560231183463E+00  0.8408863335169850E-01  0.0000000000000000E+00
  0.0000000000000000E+00 -0.8237586911809974E-01 -0.2659788624495875E+00 -0.4219988228666244E+00 -0.5585469471283644E+00 -0.6444181319434765E+00 -0.6862037463572875E+00 -0.6715794946478519E+00 -0.6060323890000038E+00 -0.4858078359149255E+00 -0.3222479556729796E+00 -0.1243215185621116E+00  0.8375385515958082E-01  0.2726165671446436E+00  0.4126626402191024E+00  0.4832473095753563E+00  0.4708433714761736E+00  0.3844332860118743E+00  0.2473236765975624E+00  0.1108417712574465E+00  0.0000000000000000E+00
  0.0000000000000000E+00 -0.7599619128245783E-01 -0.3108389729082864E+00 -0.4829369504582333E+00 -0.6403839401171487E+00 -0.7430870022249108E+00 -0.8117077804232971E+00 -0.8296384191349315E+00 -0.8063316109939584E+00 -0.7309273789917501E+00 -0.6076810939846536E+00 -0.4356475059987871E+00 -0.2349898443832346E+00 -0.3842982439924468E-01  0.1234312380875820E+00  0.2380755337955745E+00  0.2934283370062950E+00  0.2798712690958068E+00  0.1955945218133714E+00  0.9390223988016859E-01  0.0000000000000000E+00
  0.0000000000000000E+00 -0.5902310966724540E-01 -0.3013260264711489E+00 -0.4707622536054657E+00 -0.6348045023027773E+00 -0.7452703353980847E+00 -0.8329698582962424E+00 -0.8793537408821638E+00 -0.8983791865573842E+00 -0.8774925129088244E+00 -0.8131127572023861E+00 -0.6889435254073106E+00 -0.5087327133504762E+00 -0.3080756425747583E+00 -0.1364465136121808E+00 -0.1076463290431555E-01  0.7517222509094378E-01  0.1138688633992911E+00  0.8929465366148330E-01  0.5190939444338902E-01  0.0000000000000000E+00
  0.0000000000000000E+00 -0.3635718466179406E-01 -0.2443467911584704E+00 -0.4014336537059863E+00 -0.5622360244528387E+00 -0.6763806088716515E+00 -0.7763815901663773E+00 -0.8428064911500636E+00 -0.8917693744482020E+00 -0.9166611240223338E+00 -0.9145703589750992E+00 -0.8591586581093078E+00 -0.7251953777018177E+00 -0.5274330006680767E+00 -0.3313926944626290E+00 -0.1891706304679016E+00 -0.9221602280868439E-01 -0.2726570378233499E-01 -0.3258680135070877E-02  0.1179147032030512E-01  0.0000000000000000E+00
  0.0000000000000000E+00 -0.4875013371396818E-03 -0.1486601865080338E+00 -0.2898804167086739E+00 -0.4426089010737603E+00 -0.5595051042216652E+00 -0.6674092160868355E+00 -0.7463842580587927E+00 -0.8101267839380261E+00 -0.8604171636006114E+00 -0.9043749586069207E+00 -0.9218818093308496E+00 -0.8646095153900557E+00 -0.7033840631609192E+00 -0.4839101111723204E+00 -0.2971658499063470E+00 -0.1747813047155382E+00 -0.9228484871365691E-01 -0.3791239795661024E-01  0.2244858542266069E-02  0.0000000000000000E+00
  0.0000000000000000E+00  0.5571364595495647E-01 -0.2756669337375314E-01 -0.1488939280621752E+00 -0.2918394257578996E+00 -0.4116931850169783E+00 -0.5268498602508519E+00 -0.6170727767153673E+00 -0.6889213708473401E+00 -0.7474444081195284E+00 -0.8104948295228950E+00 -0.8796669473610197E+00 -0.9081741014352755E+00 -0.8267556296978228E+00 -0.6251867793482141E+00 -0.3904772875865568E+00 -0.2111056787494288E+00 -0.9445950128485016E-01 -0.2093856396291969E-01  0.2285781458279597E-01  0.0000000000000000E+00
  0.0000000000000000E+00  0.1201192567951580E+00  0.9869097523900873E-01  0.9391272395208676E-02 -0.1181055263879132E+00 -0.2367344372946453E+00 -0.3557718972305106E+00 -0.4567707516079812E+00 -0.5386681231313233E+00 -0.6032751373742309E+00 -0.6696070295611304E+00 -0.7610462100725370E+00 -0.8564525468298984E+00 -0.8750005239023292E+00 -0.7475364769548916E+00 -0.5110969563565710E+00 -0.2771423658144506E+00 -0.1068074895387892E+00 -0.4860822951487192E-02  0.4352397783005488E-01  0.0000000000000000E+00
  0.0000000000000000E+00  0.1646424429341461E+00  0.2055460555400035E+00  0.1677307847695109E+00  0.6995433612659437E-01 -0.3659014006882793E-01 -0.1503055682679622E+00 -0.2566397973447477E+00 -0.3505170685781442E+00 -0.4288945865846446E+00 -0.5023093521287522E+00 -0.6009089243375904E+00 -0.7346814472804886E+00 -0.8433267538117145E+00 -0.8221188891385907E+00 -0.6411296231592112E+00 -0.3927006443951238E+00 -0.1768708335145109E+00 -0.3367758869911625E-01  0.3413463138434136E-01  0.0000000000000000E+00
  0.0000000000000000E+00  0.1736113409544609E+00  0.2738785562553732E+00  0.3059536881974835E+00  0.2581587642215004E+00  0.1788968471983029E+00  0.8212177551914110E-01 -0.1987384649783020E-01 -0.1216396819564292E+00 -0.2182671594419706E+00 -0.3106677347080518E+00 -0.4203523506197666E+00 -0.5732552388770671E+00 -0.7480072625637009E+00 -0.8385172551549893E+00 -0.7520041431263277E+00 -0.5304720275290883E+00 -0.2923792087368674E+00 -0.1075114102619002E+00 -0.9657051980313558E-02  0.0000000000000000E+00
  0.0000000000000000E+00  0.1495394818955063E+00  0.2931289110657439E+00  0.4022137904663570E+00  0.4233446322200794E+00  0.3887854819091770E+00  0.3211675009490064E+00  0.2340721574133469E+00  0.1326921681510798E+00  0.2099367683485311E-01 -0.9689202564395985E-01 -0.2288370694254390E+00 -0.3951839704324446E+00 -0.6098435081639212E+00 -0.7993340830667934E+00 -0.8315147905351017E+00 -0.6726856663660790E+00 -0.4337062091580603E+00 -0.2153819027270372E+00 -0.7838689050054462E-01  0.0000000000000000E+00
  0.0000000000000000E+00  0.1032874436083933E+00  0.2620751880325148E+00  0.4364535028357853E+00  0.5360929277218008E+00  0.5631989243990428E+00  0.5379404966183173E+00  0.4756563796287354E+00  0.3831292195964465E+00  0.2636475555668913E+00  0.1226608515583731E+00 -0.3688053324591985E-01 -0.2173195046168673E+00 -0.4489150091016992E+00 -0.7095076579105597E+00 -0.8688537444749733E+00 -0.8104652588924153E+00 -0.5946728679229962E+00 -0.3551551723059526E+00 -0.1653604684423080E+00  0.0000000000000000E+00
  0.0000000000000000E+00  0.4489709477753333E-01  0.1891553704251804E+00  0.3963838187195431E+00  0.5653558185167177E+00  0.6626137088816380E+00  0.6920986886175962E+00  0.6655208691175475E+00  0.5909535897835814E+00  0.4725867869847774E+00  0.3174958454600015E+00  0.1367182600046815E+00 -0.5370788542345973E-01 -0.2821532704303739E+00 -0.5754808217563613E+00 -0.8482864030755204E+00 -0.9262465688376875E+00 -0.7680527051828244E+00 -0.5237065851920919E+00 -0.2674586181386109E+00  0.0000000000000000E+00
  0.0000000000000000E+00 -0.1836617785930374E-01  0.8784550257489898E-01  0.2837692896572951E+00  0.4911593534469867E+00  0.6500454244504801E+00  0.7389641879378557E+00  0.7569769317519612E+00  0.7096182762078921E+00  0.6030450253508721E+00  0.4490515173302684E+00  0.2661744962164114E+00  0.8153015062859899E-01 -0.1224233357470020E+00 -0.4038686567899519E+00 -0.7500048921298907E+00 -0.9859701644245311E+00 -0.9329840988323577E+00 -0.7115938255356759E+00 -0.3817238613624795E+00  0.0000000000000000E+00
  0.0000000000000000E+00 -0.7345257735933836E-01 -0.2386931336247707E-01  0.1232746757061511E+00  0.3230741823962693E+00  0.5100729802406967E+00  0.6431332886910623E+00  0.7048528070442194E+00  0.6935572882651295E+00  0.6158808534259533E+00  0.4884332495739285E+00  0.3339897952585559E+00  0.1804762880843563E+00  0.2220316958959940E-01 -0.2036660876737619E+00 -0.5558080484991302E+00 -0.9360257624145066E+00 -0.1039993000399043E+01 -0.8930045767240483E+00 -0.4975160849712684E+00  0.0000000000000000E+00
  0.0000000000000000E+00 -0.7622575079781099E-01 -0.7346162868556895E-01  0.1461070398002128E-01  0.1641961466920927E+00  0.3283932516914747E+00  0.4662157771053012E+00  0.5521195068400120E+00  0.5768560473526415E+00  0.5432708977977716E+00  0.4659481194960564E+00  0.3639443457140029E+00  0.2594462036198127E+00  0.1554131225959663E+00  0.1141918984093807E-01 -0.2657412527817807E+00 -0.7149053237763219E+00 -0.9940047524686294E+00 -0.9980868476812877E+00 -0.5759741669082370E+00  0.0000000000000000E+00
  0.0000000000000000E+00  0.2257743027103371E-01  0.8679208786680688E-01  0.1618768861978288E+00  0.2528679750103099E+00  0.3541132903239773E+00  0.4479498240293640E+00  0.5154712662612374E+00  0.5453491917560173E+00  0.5352619664049298E+00  0.4938281804380329E+00  0.4326829092891752E+00  0.3684300584107109E+00  0.3042214655559810E+00  0.2320684108666676E+00  0.8300899115509146E-01 -0.2928892307365882E+00 -0.6561964289133635E+00 -0.8687861478709470E+00 -0.5151992422499488E+00  0.0000000000000000E+00
  0.0000000000000000E+00  0.4265009972016385E+00  0.5528212190731568E+00  0.6119456906944243E+00  0.6369241074365188E+00  0.6551709120918102E+00  0.6720160427696670E+00  0.6817680446146956E+00  0.6783924384666222E+00  0.6590518704083187E+00  0.6278788557281519E+00  0.5884158968534913E+00  0.5513759457429883E+00  0.5127538048047695E+00  0.4884829678359434E+00  0.4421422045967992E+00  0.2966226446045750E+00  0.1221312189398979E+00 -0.1528964855963975E+00 -0.4492214695409284E-01  0.0000000000000000E+00
  0.3000000000000000E+01  0.1743074438666118E+01  0.1428328430647336E+01  0.1326039814114556E+01  0.1342095652700753E+01  0.1388600554048546E+01  0.1431901695720363E+01  0.1470167132417151E+01  0.1510171876356150E+01  0.1558106355179974E+01  0.1610191613253577E+01  0.1667435218728702E+01  0.1714302221181746E+01  0.1765960051141672E+01  0.1766619507358837E+01  0.1756582377364694E+01  0.1817242835449687E+01  0.1977409914266942E+01  0.2589903308918245E+01  0.2619567198612329E+01  0.3000000000000000E+01
