  0.0000000000000000E+00  0.5553690006721623E-02  0.2065545051848369E-01  0.7275300761045028E-01  0.1415857057707947E+00  0.1991486066626489E+00  0.1989901433469837E+00  0.9826843202457974E-01 -0.9954430744765802E-01 -0.3531152974892490E+00 -0.5953797468529481E+00 -0.7482928640775850E+00 -0.7560762475383525E+00 -0.6355451479332487E+00 -0.4637921076294304E+00 -0.2965028764349850E+00 -0.1571887933488435E+00 -0.5440649726519065E-01  0.7519604012636905E-02  0.1856613126861698E-01  0.0000000000000000E+00
  0.0000000000000000E+00 -0.2360281352564266E-01 -0.6542043834341635E-01 -0.1223084165762314E+00 -0.1808083238147083E+00 -0.2223858487033042E+00 -0.2286525523171332E+00 -0.1810596393454247E+00 -0.8115088238475149E-01  0.5566557117626880E-01  0.2000081933765507E+00  0.3182027953395325E+00  0.3814892035142903E+00  0.3855084762528977E+00  0.3481163561541366E+00  0.2854151648701470E+00  0.2081733215432628E+00  0.1294935052224390E+00  0.6137885184821251E-01  0.2184084661740123E-01  0.0000000000000000E+00
  0.0000000000000000E+00 -0.6525475057020635E-01 -0.1756058645117654E+00 -0.2941722421182438E+00 -0.4008392656733303E+00 -0.4680089394472638E+00 -0.4869675136044159E+00 -0.4449104860116943E+00 -0.3429969546019125E+00 -0.1861185839604426E+00  0.4644833276703860E-02  0.2063155219410125E+00  0.3883913630045186E+00  0.5209802808254443E+00  0.5805569608329796E+00  0.5597426181754559E+00  0.4673311712809449E+00  0.3340740184021265E+00  0.1916561595572744E+00  0.8408867112082066E-01  0.0000000000000000E+00
  0.0000000000000000E+00 -0.8237592088784219E-01 -0.2659788409781161E+00 -0.4219987537655442E+00 -0.5585467886613756E+00 -0.6444179442157220E+00 -0.6862035467554406E+00 -0.6715793476503115E+00 -0.6060322964527908E+00 -0.4858078320221300E+00 -0.3222480230282049E+00 -0.1243216619416797E+00  0.8375365671673629E-01  0.2726163347366060E+00  0.4126624161322791E+00  0.4832471505800766E+00  0.4708433163789312E+00  0.3844333060311109E+00  0.2473237275836113E+00  0.1108417637393954E+00  0.0000000000000000E+00
  0.0000000000000000E+00 -0.7599624497605563E-01 -0.3108388436218988E+00 -0.4829367368393694E+00 -0.6403836016660762E+00 -0.7430866412083749E+00 -0.8117073928128186E+00 -0.8296380722193036E+00 -0.8063313045008211E+00 -0.7309271764343297E+00 -0.6076810020534124E+00 -0.4356475279412876E+00 -0.2349899411557072E+00 -0.3842998090792139E-01  0.1234310199505180E+00  0.2380752895918233E+00  0.2934281332633373E+00  0.2798711299055620E+00  0.1955944395293970E+00  0.9390218103105225E-01  0.0000000000000000E+00
  0.0000000000000000E+00 -0.5902318166009752E-01 -0.3013258578624256E+00 -0.4707620010863119E+00 -0.6348041184475988E+00 -0.7452699377784294E+00 -0.8329694023276093E+00 -0.8793532692902734E+00 -0.8983786813623442E+00 -0.8774920561147195E+00 -0.8131124142039775E+00 -0.6889433454673699E+00 -0.5087326632968021E+00 -0.3080756740820101E+00 -0.1364466287830218E+00 -0.1076483177687456E-01  0.7517199524648530E-01  0.1138686494653700E+00  0.8929449014895127E-01  0.5190929086260827E-01  0.0000000000000000E+00
  0.0000000000000000E+00 -0.3635729629058299E-01 -0.2443466899292914E+00 -0.4014335061688756E+00 -0.5622357895465994E+00 -0.6763804079544531E+00 -0.7763813510211655E+00 -0.8428062094349893E+00 -0.8917689900361965E+00 -0.9166606825363790E+00 -0.9145699479869536E+00 -0.8591583738714852E+00 -0.7251952326656610E+00 -0.5274329437928208E+00 -0.3313927061373079E+00 -0.1891707299480978E+00 -0.9221618792711206E-01 -0.2726589160177923E-01 -0.3258831862430611E-02  0.1179137087257445E-01  0.0000000000000000E+00
  0.0000000000000000E+00 -0.4876711893576432E-03 -0.1486602140457284E+00 -0.2898804365117498E+00 -0.4426088802217727E+00 -0.5595051559480955E+00 -0.6674092560439986E+00 -0.7463842390834029E+00 -0.8101266110324464E+00 -0.8604168309997230E+00 -0.9043745478707780E+00 -0.9218814525478736E+00 -0.8646092799440539E+00 -0.7033839255004799E+00 -0.4839100342911178E+00 -0.2971658454800161E+00 -0.1747813594447228E+00 -0.9228493409906922E-01 -0.3791246522401345E-01  0.2244817020964799E-02  0.0000000000000000E+00
  0.0000000000000000E+00  0.5571341045304411E-01 -0.2756684836006171E-01 -0.1488941078458585E+00 -0.2918395932363834E+00 -0.4116934451483340E+00 -0.5268501410023586E+00 -0.6170730147887564E+00 -0.6889214571687796E+00 -0.7474442842968413E+00 -0.8104945337985847E+00 -0.8796666110133120E+00 -0.9081738293387512E+00 -0.8267554371175929E+00 -0.6251866341765513E+00 -0.3904772060757140E+00 -0.2111056478223763E+00 -0.9445949071061216E-01 -0.2093855052902806E-01  0.2285782938325638E-01  0.0000000000000000E+00
  0.0000000000000000E+00  0.1201190135217922E+00  0.9869075598698179E-01  0.9391002206686233E-02 -0.1181057835715632E+00 -0.2367347653003465E+00 -0.3557722497005283E+00 -0.4567710769085976E+00 -0.5386683348216210E+00 -0.6032751601218613E+00 -0.6696068550843491E+00 -0.7610459382194865E+00 -0.8564522909486002E+00 -0.8750003241699060E+00 -0.7475362977870569E+00 -0.5110968220435814E+00 -0.2771422947461309E+00 -0.1068074435890650E+00 -0.4860784747611078E-02  0.4352400923756686E-01  0.0000000000000000E+00
  0.0000000000000000E+00  0.1646422771575397E+00  0.2055458576368225E+00  0.1677305176330401E+00  0.6995410077638084E-01 -0.3659038383900435E-01 -0.1503057992249834E+00 -0.2566399979333305E+00 -0.3505172066558582E+00 -0.4288946121412321E+00 -0.5023092330703792E+00 -0.6009087128098676E+00 -0.7346812325333588E+00 -0.8433265895554640E+00 -0.8221187269756771E+00 -0.6411294644233902E+00 -0.3927005457085354E+00 -0.1768707787043751E+00 -0.3367755531625129E-01  0.3413465425111855E-01  0.0000000000000000E+00
  0.0000000000000000E+00  0.1736112813239858E+00  0.2738784355238976E+00  0.3059534910641620E+00  0.2581586179123019E+00  0.1788967670192981E+00  0.8212176976600155E-01 -0.1987379877115289E-01 -0.1216396068081629E+00 -0.2182670554709026E+00 -0.3106675810839536E+00 -0.4203521670555682E+00 -0.5732550670572494E+00 -0.7480071544687548E+00 -0.8385171544579435E+00 -0.7520040071810932E+00 -0.5304719171954377E+00 -0.2923791462649669E+00 -0.1075113750156615E+00 -0.9657033377131802E-02  0.0000000000000000E+00
  0.0000000000000000E+00  0.1495395032629531E+00  0.2931288749104183E+00  0.4022136800673944E+00  0.4233445772409643E+00  0.3887855452907203E+00  0.3211676955472429E+00  0.2340724394209357E+00  0.1326924695556831E+00  0.2099394825419301E-01 -0.9689179434137611E-01 -0.2288368899470847E+00 -0.3951838364527905E+00 -0.6098434592809078E+00 -0.7993340650750956E+00 -0.8315147187707744E+00 -0.6726855737476816E+00 -0.4337061502393669E+00 -0.2153818629196747E+00 -0.7838687040923890E-01  0.0000000000000000E+00
  0.0000000000000000E+00  0.1032875056973803E+00  0.2620752096908887E+00  0.4364534561435430E+00  0.5360929204195173E+00  0.5631990451426686E+00  0.5379407733510095E+00  0.4756567669793044E+00  0.3831296315113570E+00  0.2636479084066746E+00  0.1226611067302676E+00 -0.3688038681664833E-01 -0.2173194204068828E+00 -0.4489150152816000E+00 -0.7095077216214065E+00 -0.8688537591880842E+00 -0.8104652088128976E+00 -0.5946728277813861E+00 -0.3551551379991513E+00 -0.1653604496120060E+00  0.0000000000000000E+00
  0.0000000000000000E+00  0.4489716441727861E-01  0.1891554129147365E+00  0.3963837974247381E+00  0.5653558023466151E+00  0.6626137876599711E+00  0.6920989042001449E+00  0.6655211893942914E+00  0.5909539342030965E+00  0.4725870636025330E+00  0.3174960030344804E+00  0.1367182967671705E+00 -0.5370788643093841E-01 -0.2821533263661539E+00 -0.5754809433589189E+00 -0.8482865012519124E+00 -0.9262465749292749E+00 -0.7680526908893799E+00 -0.5237065656493651E+00 -0.2674586043392078E+00  0.0000000000000000E+00
  0.0000000000000000E+00 -0.1836612169227479E-01  0.8784554224342875E-01  0.2837692687249354E+00  0.4911592903587158E+00  0.6500453874972506E+00  0.7389642258060192E+00  0.7569770327403598E+00  0.7096183823973763E+00  0.6030450620272076E+00  0.4490514472028627E+00  0.2661743432278764E+00  0.8153002507337741E-01 -0.1224234369161463E+00 -0.4038687958266509E+00 -0.7500050403561377E+00 -0.9859702246657920E+00 -0.9329841097148480E+00 -0.7115938220808870E+00 -0.3817238543633056E+00  0.0000000000000000E+00
  0.0000000000000000E+00 -0.7345254258571347E-01 -0.2386927354537661E-01  0.1232746653775867E+00  0.3230740922582740E+00  0.5100728356180819E+00  0.6431331277741299E+00  0.7048526376501855E+00  0.6935570880529816E+00  0.6158805886226557E+00  0.4884329202643121E+00  0.3339894520955178E+00  0.1804760426185412E+00  0.2220303741101868E-01 -0.2036661999016383E+00 -0.5558081902840049E+00 -0.9360258535881864E+00 -0.1039993029978391E+01 -0.8930045844682734E+00 -0.4975160844039274E+00  0.0000000000000000E+00
  0.0000000000000000E+00 -0.7622573272187122E-01 -0.7346158494670044E-01  0.1461072990213581E-01  0.1641961054956040E+00  0.3283931263378691E+00  0.4662155774405742E+00  0.5521192427488373E+00  0.5768557214485965E+00  0.5432705130997048E+00  0.4659477034877197E+00  0.3639439542560650E+00  0.2594459241499132E+00  0.1554129921788353E+00  0.1141913250408667E-01 -0.2657413343033643E+00 -0.7149054056045784E+00 -0.9940047882192916E+00 -0.9980868587810581E+00 -0.5759741698632600E+00  0.0000000000000000E+00
  0.0000000000000000E+00  0.2257743347194624E-01  0.8679210641883077E-01  0.1618769197077831E+00  0.2528679911638737E+00  0.3541132556080196E+00  0.4479497226536742E+00  0.5154710957229538E+00  0.5453489571815899E+00  0.5352616817969120E+00  0.4938278763085890E+00  0.4326826301283023E+00  0.3684298577249611E+00  0.3042213786298519E+00  0.2320684039287368E+00  0.8300898245557581E-01 -0.2928892677604932E+00 -0.6561964537075101E+00 -0.8687861546915348E+00 -0.5151992429759072E+00  0.0000000000000000E+00
  0.0000000000000000E+00  0.4265009941320363E+00  0.5528212240019108E+00  0.6119457071166989E+00  0.6369241242462774E+00  0.6551709125743219E+00  0.6720160142228140E+00  0.6817679820157284E+00  0.6783923440919298E+00  0.6590517535464315E+00  0.6278787321799779E+00  0.5884157852686740E+00  0.5513758664248961E+00  0.5127537695726480E+00  0.4884829740121902E+00  0.4421422198141787E+00  0.2966226442438596E+00  0.1221312144516384E+00 -0.1528964862579005E+00 -0.4492214438574300E-01  0.0000000000000000E+00
  0.3000000000000000E+01  0.1743074451075837E+01  0.1428328434413098E+01  0.1326039798357686E+01  0.1342095618425041E+01  0.1388600517885054E+01  0.1431901679985232E+01  0.1470167149675769E+01  0.1510171924905800E+01  0.1558106421157617E+01  0.1610191679768655E+01  0.1667435274322280E+01  0.1714302258450273E+01  0.1765960069911908E+01  0.1766619481892166E+01  0.1756582323013040E+01  0.1817242799507928E+01  0.1977409902937574E+01  0.2589903304082167E+01  0.2619567190181322E+01  0.3000000000000000E+01
