  0.0000000000000000E+00  0.5553676796773252E-02  0.2065536710338020E-01  0.7275281170947651E-01  0.1415853429345071E+00  0.1991479530613439E+00  0.1989890671548695E+00  0.9826696466313800E-01 -0.9954599971236799E-01 -0.3531169620234591E+00 -0.5953810909838791E+00 -0.7482936236394367E+00 -0.7560763390881728E+00 -0.6355448630526439E+00 -0.4637917474542488E+00 -0.2965025602878143E+00 -0.1571885538090962E+00 -0.5440633695233377E-01  0.7519687449606266E-02  0.1856614570469792E-01  0.0000000000000000E+00
  0.0000000000000000E+00 -0.2360278499272986E-01 -0.6542037613068151E-01 -0.1223083022300792E+00 -0.1808081481764164E+00 -0.2223855621574603E+00 -0.2286521050734297E+00 -0.1810590284976003E+00 -0.8115016897129700E-01  0.5566629381127206E-01  0.2000088047301001E+00  0.3182031941267817E+00  0.3814893489338237E+00  0.3855084555942412E+00  0.3481162633751500E+00  0.2854150419072781E+00  0.2081731921246369E+00  0.1294933949646812E+00  0.6137877809529749E-01  0.2184082911792101E-01  0.0000000000000000E+00
  0.0000000000000000E+00 -0.6525467818141634E-01 -0.1756057612886643E+00 -0.2941720949807612E+00 -0.4008391015947422E+00 -0.4680087334110370E+00 -0.4869672480654197E+00 -0.4449101208296629E+00 -0.3429965066262590E+00 -0.1861180805896429E+00  0.4645323206421038E-02  0.2063159587409084E+00  0.3883917077132983E+00  0.5209805037300796E+00  0.5805570426712012E+00  0.5597425654340199E+00  0.4673310225648145E+00  0.3340738479417099E+00  0.1916560217354988E+00  0.8408863305846095E-01  0.0000000000000000E+00
  0.0000000000000000E+00 -0.8237586903195883E-01 -0.2659788613000870E+00 -0.4219988210373618E+00 -0.5585469449843818E+00 -0.6444181296259063E+00 -0.6862037437602844E+00 -0.6715794914994552E+00 -0.6060323852425129E+00 -0.4858078315097124E+00 -0.3222479508399720E+00 -0.1243215135901323E+00  0.8375385980837373E-01  0.2726165710190158E+00  0.4126626429159220E+00  0.4832473108115427E+00  0.4708433713046032E+00  0.3844332851690877E+00  0.2473236757799287E+00  0.1108417713119985E+00  0.0000000000000000E+00
  0.0000000000000000E+00 -0.7599619139407081E-01 -0.3108389726587913E+00 -0.4829369502548445E+00 -0.6403839402168816E+00 -0.7430870024798943E+00 -0.8117077806713998E+00 -0.8296384190127681E+00 -0.8063316102699798E+00 -0.7309273772615198E+00 -0.6076810911343685E+00 -0.4356475022286507E+00 -0.2349898403513694E+00 -0.3842982063006791E-01  0.1234312414568767E+00  0.2380755365579194E+00  0.2934283387659966E+00  0.2798712699842194E+00  0.1955945222465084E+00  0.9390224041564124E-01  0.0000000000000000E+00
  0.0000000000000000E+00 -0.5902310988994044E-01 -0.3013260272488897E+00 -0.4707622549558027E+00 -0.6348045043688609E+00 -0.7452703378867408E+00 -0.8329698612134045E+00 -0.8793537439651257E+00 -0.8983791895915648E+00 -0.8774925151852053E+00 -0.8131127579881240E+00 -0.6889435242946499E+00 -0.5087327109027537E+00 -0.3080756397800643E+00 -0.1364465108410783E+00 -0.1076463006429127E-01  0.7517222765223246E-01  0.1138688653960822E+00  0.8929465504865884E-01  0.5190939541225426E-01  0.0000000000000000E+00
  0.0000000000000000E+00 -0.3635718491991206E-01 -0.2443467925014072E+00 -0.4014336557305372E+00 -0.5622360271257841E+00 -0.6763806117979955E+00 -0.7763815934822169E+00 -0.8428064948500221E+00 -0.8917693786302050E+00 -0.9166611282133541E+00 -0.9145703622458681E+00 -0.8591586594121224E+00 -0.7251953769099768E+00 -0.5274329987852298E+00 -0.3313926924589557E+00 -0.1891706283318173E+00 -0.9221602051442349E-01 -0.2726570168857777E-01 -0.3258678634549135E-02  0.1179147129251968E-01  0.0000000000000000E+00
  0.0000000000000000E+00 -0.4875016562947923E-03 -0.1486601879851503E+00 -0.2898804188309202E+00 -0.4426089036579813E+00 -0.5595051068692046E+00 -0.6674092190100601E+00 -0.7463842614493664E+00 -0.8101267881573092E+00 -0.8604171685834459E+00 -0.9043749636323881E+00 -0.9218818130397812E+00 -0.8646095168121583E+00 -0.7033840626274407E+00 -0.4839101099449302E+00 -0.2971658486578407E+00 -0.1747813034012202E+00 -0.9228484746626843E-01 -0.3791239715395409E-01  0.2244858981552268E-02  0.0000000000000000E+00
  0.0000000000000000E+00  0.5571364563935593E-01 -0.2756669466449788E-01 -0.1488939300131469E+00 -0.2918394280695741E+00 -0.4116931873060541E+00 -0.5268498626652940E+00 -0.6170727794250215E+00 -0.6889213742567389E+00 -0.7474444125035373E+00 -0.8104948346832496E+00 -0.8796669522458711E+00 -0.9081741047213798E+00 -0.8267556308398825E+00 -0.6251867790853362E+00 -0.3904772869775849E+00 -0.2111056782694314E+00 -0.9445950100851151E-01 -0.2093856398551001E-01  0.2285781442440126E-01  0.0000000000000000E+00
  0.0000000000000000E+00  0.1201192567121408E+00  0.9869097433582379E-01  0.9391270675211449E-02 -0.1181055286151661E+00 -0.2367344396628024E+00 -0.3557718997785053E+00 -0.4567707543751072E+00 -0.5386681263274805E+00 -0.6032751412584928E+00 -0.6696070342574948E+00 -0.7610462150686168E+00 -0.8564525510579991E+00 -0.8750005264315904E+00 -0.7475364778453465E+00 -0.5110969563440527E+00 -0.2771423656370811E+00 -0.1068074895732398E+00 -0.4860823233180501E-02  0.4352397746839234E-01  0.0000000000000000E+00
  0.0000000000000000E+00  0.1646424432143010E+00  0.2055460551126993E+00  0.1677307833124452E+00  0.6995433382869759E-01 -0.3659014286913569E-01 -0.1503055715080947E+00 -0.2566398009032953E+00 -0.3505170723678606E+00 -0.4288945906202254E+00 -0.5023093565259705E+00 -0.6009089289590820E+00 -0.7346814515929161E+00 -0.8433267569955681E+00 -0.8221188909235777E+00 -0.6411296238581502E+00 -0.3927006445090369E+00 -0.1768708335281046E+00 -0.3367758881982531E-01  0.3413463117700057E-01  0.0000000000000000E+00
  0.0000000000000000E+00  0.1736113415596230E+00  0.2738785563390079E+00  0.3059536871310291E+00  0.2581587619599772E+00  0.1788968440141661E+00  0.8212177158036880E-01 -0.1987385091913866E-01 -0.1216396865498791E+00 -0.2182671639834119E+00 -0.3106677391207626E+00 -0.4203523548137573E+00 -0.5732552427650820E+00 -0.7480072657005524E+00 -0.8385172572621772E+00 -0.7520041443006152E+00 -0.5304720280186047E+00 -0.2923792088636197E+00 -0.1075114103012074E+00 -0.9657052038081086E-02  0.0000000000000000E+00
  0.0000000000000000E+00  0.1495394827283220E+00  0.2931289116882226E+00  0.4022137900337498E+00  0.4233446303874083E+00  0.3887854788115344E+00  0.3211674968229749E+00  0.2340721526326148E+00  0.1326921631484641E+00  0.2099367201058957E-01 -0.9689203002730606E-01 -0.2288370731729116E+00 -0.3951839736609307E+00 -0.6098435107786819E+00 -0.7993340849798758E+00 -0.8315147917832461E+00 -0.6726856670570435E+00 -0.4337062094461954E+00 -0.2153819028248522E+00 -0.7838689053807554E-01  0.0000000000000000E+00
  0.0000000000000000E+00  0.1032874445740420E+00  0.2620751891860435E+00  0.4364535033364222E+00  0.5360929269164454E+00  0.5631989221812079E+00  0.5379404931884429E+00  0.4756563754022539E+00  0.3831292150754539E+00  0.2636475512552591E+00  0.1226608478095278E+00 -0.3688053620274366E-01 -0.2173195069873732E+00 -0.4489150109300590E+00 -0.7095076592760169E+00 -0.8688537454679702E+00 -0.8104652595484010E+00 -0.5946728682651511E+00 -0.3551551724556913E+00 -0.1653604685018038E+00  0.0000000000000000E+00
  0.0000000000000000E+00  0.4489709578235893E-01  0.1891553719695477E+00  0.3963838202937324E+00  0.5653558192651155E+00  0.6626137083884264E+00  0.6920986869181311E+00  0.6655208665705077E+00  0.5909535868855071E+00  0.4725867842526775E+00  0.3174958432480593E+00  0.1367182584421908E+00 -0.5370788667239981E-01 -0.2821532713888219E+00 -0.5754808224518714E+00 -0.8482864036307801E+00 -0.9262465692960437E+00 -0.7680527054756828E+00 -0.5237065853344444E+00 -0.2674586182051674E+00  0.0000000000000000E+00
  0.0000000000000000E+00 -0.1836617693980196E-01  0.8784550428414041E-01  0.2837692921574473E+00  0.4911593559734787E+00  0.6500454263355754E+00  0.7389641889308289E+00  0.7569769320116206E+00  0.7096182761056834E+00  0.6030450252973852E+00  0.4490515175509466E+00  0.2661744966261650E+00  0.8153015074685080E-01 -0.1224233358776054E+00 -0.4038686569279702E+00 -0.7500048922687965E+00 -0.9859701646243515E+00 -0.9329840990286682E+00 -0.7115938256348292E+00 -0.3817238614177309E+00  0.0000000000000000E+00
  0.0000000000000000E+00 -0.7345257677412374E-01 -0.2386931190349510E-01  0.1232746784115200E+00  0.3230741860143997E+00  0.5100729841765285E+00  0.6431332924755011E+00  0.7048528105063770E+00  0.6935572914514351E+00  0.6158808564440750E+00  0.4884332523851762E+00  0.3339897975937808E+00  0.1804762894600073E+00  0.2220317007917992E-01 -0.2036660875323988E+00 -0.5558080484335282E+00 -0.9360257624214064E+00 -0.1039993000502847E+01 -0.8930045767793420E+00 -0.4975160850071019E+00  0.0000000000000000E+00
  0.0000000000000000E+00 -0.7622575086289624E-01 -0.7346162826985211E-01  0.1461070543261682E-01  0.1641961493580513E+00  0.3283932553370429E+00  0.4662157813300082E+00  0.5521195112946374E+00  0.5768560517911202E+00  0.5432709020209278E+00  0.4659481232572893E+00  0.3639443487005286E+00  0.2594462054670755E+00  0.1554131232945513E+00  0.1141918995648147E-01 -0.2657412527846003E+00 -0.7149053237431308E+00 -0.9940047525225019E+00 -0.9980868477133495E+00 -0.5759741669284477E+00  0.0000000000000000E+00
  0.0000000000000000E+00  0.2257742981630321E-01  0.8679208739063925E-01  0.1618768860258411E+00  0.2528679755869237E+00  0.3541132918179595E+00  0.4479498263313957E+00  0.5154712691179397E+00  0.5453491948751840E+00  0.5352619694901547E+00  0.4938281831934192E+00  0.4326829114440453E+00  0.3684300597467276E+00  0.3042214660202542E+00  0.2320684108107505E+00  0.8300899096840014E-01 -0.2928892307875925E+00 -0.6561964289620866E+00 -0.8687861478998271E+00 -0.5151992422666408E+00  0.0000000000000000E+00
  0.0000000000000000E+00  0.4265009970479943E+00  0.5528212187445936E+00  0.6119456903706522E+00  0.6369241073501117E+00  0.6551709123990781E+00  0.6720160435003470E+00  0.6817680456851744E+00  0.6783924397248006E+00  0.6590518716827468E+00  0.6278788568625865E+00  0.5884158977370445E+00  0.5513759462923640E+00  0.5127538050205941E+00  0.4884829677930097E+00  0.4421422044718271E+00  0.2966226445532826E+00  0.1221312189037050E+00 -0.1528964856164436E+00 -0.4492214696726619E-01  0.0000000000000000E+00
  0.3000000000000000E+01  0.1743074438672320E+01  0.1428328431156858E+01  0.1326039814913885E+01  0.1342095653536588E+01  0.1388600554620725E+01  0.1431901695830355E+01  0.1470167132062417E+01  0.1510171875700782E+01  0.1558106354441914E+01  0.1610191612605660E+01  0.1667435218232912E+01  0.1714302220869636E+01  0.1765960050958472E+01  0.1766619507431721E+01  0.1756582377552919E+01  0.1817242835552560E+01  0.1977409914326798E+01  0.2589903308949504E+01  0.2619567198635158E+01  0.3000000000000000E+01
