  0.0000000000000000E+00  0.5553676008641609E-02  0.2065536654265421E-01  0.7275281242592180E-01  0.1415853461049948E+00  0.1991479604860280E+00  0.1989890805798374E+00  0.9826698341034418E-01 -0.9954597812909624E-01 -0.3531169411508288E+00 -0.5953810747100649E+00 -0.7482936150939299E+00 -0.7560763388352414E+00 -0.6355448671449415E+00 -0.4637917521064828E+00 -0.2965025640460367E+00 -0.1571885563467192E+00 -0.5440633833422631E-01  0.7519687021345894E-02  0.1856614588502860E-01  0.0000000000000000E+00
  0.0000000000000000E+00 -0.2360278485904661E-01 -0.6542037662207274E-01 -0.1223083037531748E+00 -0.1808081510778530E+00 -0.2223855669300010E+00 -0.2286521122627391E+00 -0.1810590378511256E+00 -0.8115017951933542E-01  0.5566628350138648E-01  0.2000087962665673E+00  0.3182031887975879E+00  0.3814893471032348E+00  0.3855084560492247E+00  0.3481162648408056E+00  0.2854150437237765E+00  0.2081731938708602E+00  0.1294933962617705E+00  0.6137877879000227E-01  0.2184082916518223E-01  0.0000000000000000E+00
  0.0000000000000000E+00 -0.6525467856849823E-01 -0.1756057633235640E+00 -0.2941720988336025E+00 -0.4008391071285643E+00 -0.4680087403039749E+00 -0.4869672562083798E+00 -0.4449101301430325E+00 -0.3429965166871025E+00 -0.1861180906466693E+00  0.4645314089636879E-02  0.2063159512988338E+00  0.3883917024744629E+00  0.5209805010027324E+00  0.5805570424159340E+00  0.5597425671252927E+00  0.4673310252658614E+00  0.3340738504510851E+00  0.1916560233913527E+00  0.8408863338057529E-01  0.0000000000000000E+00
  0.0000000000000000E+00 -0.8237586909268237E-01 -0.2659788628452909E+00 -0.4219988234198405E+00 -0.5585469477455598E+00 -0.6444181325277407E+00 -0.6862037469358243E+00 -0.6715794952446200E+00 -0.6060323896266211E+00 -0.4858078365563013E+00 -0.3222479562944968E+00 -0.1243215191363369E+00  0.8375385466147162E-01  0.2726165667536274E+00  0.4126626399998491E+00  0.4832473095892905E+00  0.4708433717155699E+00  0.3844332863147133E+00  0.2473236768295574E+00  0.1108417712376554E+00  0.0000000000000000E+00
  0.0000000000000000E+00 -0.7599619118830031E-01 -0.3108389730569375E+00 -0.4829369505755842E+00 -0.6403839401824255E+00 -0.7430870022103468E+00 -0.8117077803963842E+00 -0.8296384191494633E+00 -0.8063316111070280E+00 -0.7309273792468409E+00 -0.6076810943767392E+00 -0.4356475064831708E+00 -0.2349898448833173E+00 -0.3842982488762579E-01  0.1234312376226442E+00  0.2380755334274813E+00  0.2934283368249560E+00  0.2798712690514779E+00  0.1955945218098494E+00  0.9390223976805542E-01  0.0000000000000000E+00
  0.0000000000000000E+00 -0.5902310953511383E-01 -0.3013260262876796E+00 -0.4707622532382379E+00 -0.6348045017758567E+00 -0.7452703347249243E+00 -0.8329698575330722E+00 -0.8793537400972762E+00 -0.8983791858318442E+00 -0.8774925123630255E+00 -0.8131127569232370E+00 -0.6889435254173149E+00 -0.5087327135579893E+00 -0.3080756428931397E+00 -0.1364465140327432E+00 -0.1076463339680718E-01  0.7517222464637723E-01  0.1138688630582016E+00  0.8929465341729460E-01  0.5190939422885096E-01  0.0000000000000000E+00
  0.0000000000000000E+00 -0.3635718450269923E-01 -0.2443467907330559E+00 -0.4014336530526110E+00 -0.5622360236318256E+00 -0.6763806079312793E+00 -0.7763815891468916E+00 -0.8428064901031145E+00 -0.8917693734244228E+00 -0.9166611231344731E+00 -0.9145703583417271E+00 -0.8591586578107058E+00 -0.7251953776872796E+00 -0.5274330008242857E+00 -0.3313926947454303E+00 -0.1891706308952874E+00 -0.9221602331157704E-01 -0.2726570424806337E-01 -0.3258680476885473E-02  0.1179147007676468E-01  0.0000000000000000E+00
  0.0000000000000000E+00 -0.4875011228686576E-03 -0.1486601859485537E+00 -0.2898804159160997E+00 -0.4426089001259567E+00 -0.5595051031686576E+00 -0.6674092149425015E+00 -0.7463842568572108E+00 -0.8101267827051374E+00 -0.8604171624315948E+00 -0.9043749576359636E+00 -0.9218818086899735E+00 -0.8646095150915429E+00 -0.7033840631073747E+00 -0.4839101112645189E+00 -0.2971658501306030E+00 -0.1747813050485126E+00 -0.9228484905991607E-01 -0.3791239819096278E-01  0.2244858403553148E-02  0.0000000000000000E+00
  0.0000000000000000E+00  0.5571364620431406E-01 -0.2756669281124010E-01 -0.1488939272528850E+00 -0.2918394248071054E+00 -0.4116931839722421E+00 -0.5268498591243989E+00 -0.6170727755443400E+00 -0.6889213696423665E+00 -0.7474444069392189E+00 -0.8104948284733066E+00 -0.8796669465733403E+00 -0.9081741009528048E+00 -0.8267556294641334E+00 -0.6251867792655088E+00 -0.3904772876045909E+00 -0.2111056788217381E+00 -0.9445950136619280E-01 -0.2093856397935145E-01  0.2285781460843890E-01  0.0000000000000000E+00
  0.0000000000000000E+00  0.1201192569470656E+00  0.9869097566285095E-01  0.9391273110000462E-02 -0.1181055255099363E+00 -0.2367344363133717E+00 -0.3557718961640178E+00 -0.4567707504927295E+00 -0.5386681219793324E+00 -0.6032751362308065E+00 -0.6696070285178998E+00 -0.7610462092574829E+00 -0.8564525462906369E+00 -0.8750005235884172E+00 -0.7475364767704957E+00 -0.5110969562680816E+00 -0.2771423657582222E+00 -0.1068074894615148E+00 -0.4860822837952734E-02  0.4352397795306921E-01  0.0000000000000000E+00
  0.0000000000000000E+00  0.1646424428874481E+00  0.2055460557233632E+00  0.1677307852879083E+00  0.6995433686217545E-01 -0.3659013920119317E-01 -0.1503055672966222E+00 -0.2566397963081927E+00 -0.3505170675064935E+00 -0.4288945855194547E+00 -0.5023093511470129E+00 -0.6009089235623236E+00 -0.7346814467696741E+00 -0.8433267535177686E+00 -0.8221188889400163E+00 -0.6411296230324295E+00 -0.3927006443224134E+00 -0.1768708334365952E+00 -0.3367758860397628E-01  0.3413463148881644E-01  0.0000000000000000E+00
  0.0000000000000000E+00  0.1736113407254350E+00  0.2738785561676026E+00  0.3059536884422245E+00  0.2581587647386664E+00  0.1788968478899018E+00  0.8212177633543290E-01 -0.1987384560566389E-01 -0.1216396810323550E+00 -0.2182671585238408E+00 -0.3106677338574407E+00 -0.4203523499435812E+00 -0.5732552384448554E+00 -0.7480072623543604E+00 -0.8385172550224410E+00 -0.7520041430176269E+00 -0.5304720274643283E+00 -0.2923792086918414E+00 -0.1075114102173756E+00 -0.9657051931337491E-02  0.0000000000000000E+00
  0.0000000000000000E+00  0.1495394815576606E+00  0.2931289107370105E+00  0.4022137903942273E+00  0.4233446324379230E+00  0.3887854823425674E+00  0.3211675015312604E+00  0.2340721580844388E+00  0.1326921688587124E+00  0.2099367753406590E-01 -0.9689202500430956E-01 -0.2288370689170938E+00 -0.3951839701121975E+00 -0.6098435080604583E+00 -0.7993340830428075E+00 -0.8315147904965883E+00 -0.6726856663309674E+00 -0.4337062091375720E+00 -0.2153819027066522E+00 -0.7838689048226134E-01  0.0000000000000000E+00
  0.0000000000000000E+00  0.1032874432323739E+00  0.2620751875343412E+00  0.4364535024401819E+00  0.5360929275599799E+00  0.5631989244641775E+00  0.5379404968552898E+00  0.4756563799713325E+00  0.3831292199816994E+00  0.2636475559401767E+00  0.1226608518802361E+00 -0.3688053299790511E-01 -0.2173195044528741E+00 -0.4489150090997004E+00 -0.7095076579906003E+00 -0.8688537445260697E+00 -0.8104652589065444E+00 -0.5946728679323974E+00 -0.3551551723034401E+00 -0.1653604684370180E+00  0.0000000000000000E+00
  0.0000000000000000E+00  0.4489709441462655E-01  0.1891553698603415E+00  0.3963838180601183E+00  0.5653558179493710E+00  0.6626137084867346E+00  0.6920986883869568E+00  0.6655208690001672E+00  0.5909535897176361E+00  0.4725867869173987E+00  0.3174958453676907E+00  0.1367182599171498E+00 -0.5370788545545096E-01 -0.2821532705116454E+00 -0.5754808218986802E+00 -0.8482864031959844E+00 -0.9262465688987471E+00 -0.7680527052208904E+00 -0.5237065852100358E+00 -0.2674586181424625E+00  0.0000000000000000E+00
  0.0000000000000000E+00 -0.1836617816631507E-01  0.8784550203757942E-01  0.2837692888548289E+00  0.4911593525357689E+00  0.6500454235708042E+00  0.7389641871522763E+00  0.7569769310576181E+00  0.7096182755720315E+00  0.6030450247465029E+00  0.4490515167691143E+00  0.2661744957760310E+00  0.8153015039778581E-01 -0.1224233358802956E+00 -0.4038686569321431E+00 -0.7500048922677555E+00 -0.9859701645097482E+00 -0.9329840988842530E+00 -0.7115938255685912E+00 -0.3817238613734612E+00  0.0000000000000000E+00
  0.0000000000000000E+00 -0.7345257754270967E-01 -0.2386931375840338E-01  0.1232746749825199E+00  0.3230741813961185E+00  0.5100729790801183E+00  0.6431332874765263E+00  0.7048528058431203E+00  0.6935572871157674E+00  0.6158808523661446E+00  0.4884332486674995E+00  0.3339897945990081E+00  0.1804762877451316E+00  0.2220316946223831E-01 -0.2036660877538938E+00 -0.5558080485905519E+00 -0.9360257624884034E+00 -0.1039993000444780E+01 -0.8930045767600746E+00 -0.4975160849855228E+00  0.0000000000000000E+00
  0.0000000000000000E+00 -0.7622575077299461E-01 -0.7346162874911470E-01  0.1461070368252721E-01  0.1641961460998450E+00  0.3283932508386194E+00  0.4662157760775550E+00  0.5521195057343065E+00  0.5768560462601589E+00  0.5432708968064455E+00  0.4659481186923533E+00  0.3639443451711027E+00  0.2594462033727448E+00  0.1554131225614353E+00  0.1141918986129779E-01 -0.2657412527863041E+00 -0.7149053238067329E+00 -0.9940047524907827E+00 -0.9980868477075352E+00 -0.5759741669201238E+00  0.0000000000000000E+00
  0.0000000000000000E+00  0.2257743042248438E-01  0.8679208804551582E-01  0.1618768863419567E+00  0.2528679750106075E+00  0.3541132901283570E+00  0.4479498236531539E+00  0.5154712657649136E+00  0.5453491912204623E+00  0.5352619659155085E+00  0.4938281800699930E+00  0.4326829090916913E+00  0.3684300583915736E+00  0.3042214656597444E+00  0.2320684109786873E+00  0.8300899122277089E-01 -0.2928892307207828E+00 -0.6561964289091229E+00 -0.8687861478806388E+00 -0.5151992422548509E+00  0.0000000000000000E+00
  0.0000000000000000E+00  0.4265009972726921E+00  0.5528212192107481E+00  0.6119456908568768E+00  0.6369241075695246E+00  0.6551709121550052E+00  0.6720160427509346E+00  0.6817680445304783E+00  0.6783924383525559E+00  0.6590518703060950E+00  0.6278788556718183E+00  0.5884158968618799E+00  0.5513759458158131E+00  0.5127538049185851E+00  0.4884829679417692E+00  0.4421422046661057E+00  0.2966226446304042E+00  0.1221312189510900E+00 -0.1528964855956216E+00 -0.4492214695461221E-01  0.0000000000000000E+00
  0.3000000000000000E+01  0.1743074438604408E+01  0.1428328430413271E+01  0.1326039813771327E+01  0.1342095652302034E+01  0.1388600553663341E+01  0.1431901695400350E+01  0.1470167132173479E+01  0.1510171876162794E+01  0.1558106354997223E+01  0.1610191613054538E+01  0.1667435218506051E+01  0.1714302220944134E+01  0.1765960050903989E+01  0.1766619507153380E+01  0.1756582377224454E+01  0.1817242835388005E+01  0.1977409914237607E+01  0.2589903308906226E+01  0.2619567198608986E+01  0.3000000000000000E+01
