  0.0000000000000000E+00  0.5554610015975847E-02  0.2065655362454280E-01  0.7275389728502035E-01  0.1415865074350691E+00  0.1991505312434105E+00  0.1989952577954613E+00  0.9827798355821876E-01 -0.9953118979375980E-01 -0.3531010672977534E+00 -0.5953678556109155E+00 -0.7482866988505533E+00 -0.7560769833176930E+00 -0.6355497826350052E+00 -0.4637975353664813E+00 -0.2965078714481014E+00 -0.1571930315865049E+00 -0.5440999105043370E-01  0.7517011884023317E-02  0.1856479803887845E-01  0.0000000000000000E+00
  0.0000000000000000E+00 -0.2360327072332776E-01 -0.6542004714748087E-01 -0.1223075398461805E+00 -0.1808071546749785E+00 -0.2223853019247148E+00 -0.2286535624296442E+00 -0.1810629883041358E+00 -0.8115632887422870E-01  0.5565884270516095E-01  0.2000016523497613E+00  0.3181979084472834E+00  0.3814867856872210E+00  0.3855078596197830E+00  0.3481166554417514E+00  0.2854159815995692E+00  0.2081744503427696E+00  0.1294947943613423E+00  0.6138003741756550E-01  0.2184153078423115E-01  0.0000000000000000E+00
  0.0000000000000000E+00 -0.6525520215400744E-01 -0.1756035878178998E+00 -0.2941687222535211E+00 -0.4008349565898663E+00 -0.4680053745307338E+00 -0.4869654294934712E+00 -0.4449109813541886E+00 -0.3430001764164459E+00 -0.1861245391822705E+00  0.4637101438368237E-02  0.2063070264912967E+00  0.3883833737439699E+00  0.5209737962243439E+00  0.5805524309587727E+00  0.5597400733506063E+00  0.4673303194418040E+00  0.3340743920335932E+00  0.1916571241367198E+00  0.8408939039157190E-01  0.0000000000000000E+00
  0.0000000000000000E+00 -0.8237702278175660E-01 -0.2659758205382792E+00 -0.4219947525882636E+00 -0.5585418292091157E+00 -0.6444136712031088E+00 -0.6862000080885247E+00 -0.6715775332023859E+00 -0.6060322051664281E+00 -0.4858101175574308E+00 -0.3222524414408527E+00 -0.1243278868465141E+00  0.8374664224991347E-01  0.2726094862323414E+00  0.4126562585604012E+00  0.4832420739736049E+00  0.4708396699834431E+00  0.3844312470383562E+00  0.2473229602467211E+00  0.1108418356006271E+00  0.0000000000000000E+00
  0.0000000000000000E+00 -0.7599786081615602E-01 -0.3108360634766726E+00 -0.4829334948315328E+00 -0.6403791394997489E+00 -0.7430827481448075E+00 -0.8117034607147550E+00 -0.8296349160473199E+00 -0.8063286921667376E+00 -0.7309261523271576E+00 -0.6076820107962839E+00 -0.4356507242256450E+00 -0.2349943178286371E+00 -0.3843438637937752E-01  0.1234267602560456E+00  0.2380709751389731E+00  0.2934241272283862E+00  0.2798680513810600E+00  0.1955925309508214E+00  0.9390183903166743E-01  0.0000000000000000E+00
  0.0000000000000000E+00 -0.5902524169892768E-01 -0.3013248982209422E+00 -0.4707614438446905E+00 -0.6348027760657853E+00 -0.7452695188181266E+00 -0.8329686266482129E+00 -0.8793522273457218E+00 -0.8983765676073912E+00 -0.8774897639355722E+00 -0.8131112471168599E+00 -0.6889445358283712E+00 -0.5087357402513536E+00 -0.3080787997617104E+00 -0.1364489539527156E+00 -0.1076706524169282E-01  0.7516950290242762E-01  0.1138662886952279E+00  0.8929281499848188E-01  0.5190887561825692E-01  0.0000000000000000E+00
  0.0000000000000000E+00 -0.3636004584444370E-01 -0.2443484714402018E+00 -0.4014364181267783E+00 -0.5622386394085737E+00 -0.6763846944873525E+00 -0.7763854178609828E+00 -0.8428092491219874E+00 -0.8917694038161613E+00 -0.9166584923925513E+00 -0.9145667269884773E+00 -0.8591566699033749E+00 -0.7251962624939421E+00 -0.5274351965722973E+00 -0.3313940302582516E+00 -0.1891710803583506E+00 -0.9221646622714584E-01 -0.2726640381562103E-01 -0.3259244394599814E-02  0.1179141846024983E-01  0.0000000000000000E+00
  0.0000000000000000E+00 -0.4916416810444223E-03 -0.1486648727217956E+00 -0.2898867698836948E+00 -0.4426159151564690E+00 -0.5595142977354366E+00 -0.6674189201610371E+00 -0.7463929383159325E+00 -0.8101320690382079E+00 -0.8604177387092343E+00 -0.9043716252971983E+00 -0.9218776634244831E+00 -0.8646077098449158E+00 -0.7033849059429395E+00 -0.4839112730055253E+00 -0.2971658380895603E+00 -0.1747804629142759E+00 -0.9228395312667553E-01 -0.3791177961090388E-01  0.2245301745783535E-02  0.0000000000000000E+00
  0.0000000000000000E+00  0.5570827461128563E-01 -0.2757327481875352E-01 -0.1489026844308247E+00 -0.2918492095571590E+00 -0.4117054249092326E+00 -0.5268632170650215E+00 -0.6170855593257104E+00 -0.6889311684981997E+00 -0.7474489751276114E+00 -0.8104935140625451E+00 -0.8796620189529757E+00 -0.9081696072186713E+00 -0.8267540555631993E+00 -0.6251872398567759E+00 -0.3904778258224652E+00 -0.2111055688838570E+00 -0.9445891157057924E-01 -0.2093810306067264E-01  0.2285802626889608E-01  0.0000000000000000E+00
  0.0000000000000000E+00  0.1201146344520428E+00  0.9868474663125380E-01  0.9382354130951117E-02 -0.1181153912299879E+00 -0.2367462254656255E+00 -0.3557847481379894E+00 -0.4567834612250863E+00 -0.5386790248930164E+00 -0.6032820483003711E+00 -0.6696081471421927E+00 -0.7610420562600853E+00 -0.8564465034300814E+00 -0.8749963045468649E+00 -0.7475349796975329E+00 -0.5110969314122195E+00 -0.2771429495990529E+00 -0.1068080623899012E+00 -0.4861342075157997E-02  0.4352346303932958E-01  0.0000000000000000E+00
  0.0000000000000000E+00  0.1646406360844374E+00  0.2055423731221072E+00  0.1677241346148363E+00  0.6994703402596381E-01 -0.3659815647312425E-01 -0.1503138235297496E+00 -0.2566478541968913E+00 -0.3505243697230593E+00 -0.4288999362035905E+00 -0.5023109364635938E+00 -0.6009058150491188E+00 -0.7346751640936721E+00 -0.8433208129661953E+00 -0.8221153458247697E+00 -0.6411279887422834E+00 -0.3927004077627798E+00 -0.1768713953999389E+00 -0.3367833401013533E-01  0.3413387617438204E-01  0.0000000000000000E+00
  0.0000000000000000E+00  0.1736125129244484E+00  0.2738783758493477E+00  0.3059508278754515E+00  0.2581555869913532E+00  0.1788942493722667E+00  0.8212013300824489E-01 -0.1987475924360144E-01 -0.1216403218566564E+00 -0.2182675494172847E+00 -0.3106669345325215E+00 -0.4203492007475064E+00 -0.5732493670327105E+00 -0.7480007511769008E+00 -0.8385124752241008E+00 -0.7520011787770630E+00 -0.5304705314914337E+00 -0.2923788975592816E+00 -0.1075116090534859E+00 -0.9657436571386171E-02  0.0000000000000000E+00
  0.0000000000000000E+00  0.1495425280386210E+00  0.2931317835803535E+00  0.4022148869336170E+00  0.4233457544901720E+00  0.3887880491374726E+00  0.3211720079449593E+00  0.2340780286083926E+00  0.1326982948531645E+00  0.2099912601335150E-01 -0.9688730379670997E-01 -0.2288326447694639E+00 -0.3951785975283908E+00 -0.6098374324477117E+00 -0.7993290512561144E+00 -0.8315112333579677E+00 -0.6726833595108825E+00 -0.4337051277048465E+00 -0.2153815346223359E+00 -0.7838685727281686E-01  0.0000000000000000E+00
  0.0000000000000000E+00  0.1032911348271362E+00  0.2620797790671384E+00  0.4364576019557634E+00  0.5360974724499520E+00  0.5632052459881969E+00  0.5379491758102725E+00  0.4756668041953870E+00  0.3831400617765685E+00  0.2636573829453963E+00  0.1226688903289177E+00 -0.3687468258423463E-01 -0.2173146326757781E+00 -0.4489101155368261E+00 -0.7095033945602379E+00 -0.8688504280601502E+00 -0.8104627468613819E+00 -0.5946713844318884E+00 -0.3551544512195715E+00 -0.1653601932586707E+00  0.0000000000000000E+00
  0.0000000000000000E+00  0.4490056386037916E-01  0.1891601265393577E+00  0.3963892420381744E+00  0.5653621514185008E+00  0.6626218234910453E+00  0.6921090566234089E+00  0.6655329450577820E+00  0.5909661028287878E+00  0.4725981552674755E+00  0.3175049187327854E+00  0.1367242218974854E+00 -0.5370400695324798E-01 -0.2821500091173259E+00 -0.5754780423310925E+00 -0.8482840967094271E+00 -0.9262444693178372E+00 -0.7680511918886461E+00 -0.5237057295481544E+00 -0.2674582381628424E+00  0.0000000000000000E+00
  0.0000000000000000E+00 -0.1836346000914664E-01  0.8784937158082390E-01  0.2837743621540748E+00  0.4911655440971737E+00  0.6500531579643491E+00  0.7389737210332572E+00  0.7569877547252521E+00  0.7096292614833469E+00  0.6030546738423400E+00  0.4490586449633093E+00  0.2661784182689944E+00  0.8153199854165205E-01 -0.1224220179511892E+00 -0.4038675760180451E+00 -0.7500039725708446E+00 -0.9859689638480922E+00 -0.9329828995805458E+00 -0.7115930285455861E+00 -0.3817234751564598E+00  0.0000000000000000E+00
  0.0000000000000000E+00 -0.7345104080100945E-01 -0.2386688872407490E-01  0.1232781256607903E+00  0.3230784764247875E+00  0.5100782528720430E+00  0.6431396154870560E+00  0.7048597218141153E+00  0.6935638530418435E+00  0.6158858492216227E+00  0.4884358192954547E+00  0.3339897944336539E+00  0.1804750969376818E+00  0.2220238639984021E-01 -0.2036664222988351E+00 -0.5558083140392029E+00 -0.9360255746811836E+00 -0.1039992337149367E+01 -0.8930039674074766E+00 -0.4975157686748316E+00  0.0000000000000000E+00
  0.0000000000000000E+00 -0.7622576108789633E-01 -0.7346133636899305E-01  0.1461152372953331E-01  0.1641974087992649E+00  0.3283948952687002E+00  0.4662177025992762E+00  0.5521213077490577E+00  0.5768570463525947E+00  0.5432703423465335E+00  0.4659456647121465E+00  0.3639403252163964E+00  0.2594419967663141E+00  0.1554103955332945E+00  0.1141798366506411E-01 -0.2657420128866013E+00 -0.7149057997950969E+00 -0.9940046415463664E+00 -0.9980864821926186E+00 -0.5759739646791407E+00  0.0000000000000000E+00
  0.0000000000000000E+00  0.2257641680289071E-01  0.8679088534203015E-01  0.1618755409774799E+00  0.2528665873597387E+00  0.3541118333322288E+00  0.4479481970657565E+00  0.5154692198725511E+00  0.5453463544905669E+00  0.5352580033922578E+00  0.4938230809056109E+00  0.4326771333869338E+00  0.3684246412853357E+00  0.3042177520967307E+00  0.2320668156987025E+00  0.8300839898648987E-01 -0.2928897085067930E+00 -0.6561966146019955E+00 -0.8687859946800764E+00 -0.5151991311884605E+00  0.0000000000000000E+00
  0.0000000000000000E+00  0.4265003155105905E+00  0.5528200947595562E+00  0.6119443013927109E+00  0.6369225243014853E+00  0.6551691433387394E+00  0.6720140564653582E+00  0.6817657670096577E+00  0.6783897690452859E+00  0.6590487433651067E+00  0.6278753474396449E+00  0.5884122196883264E+00  0.5513725424297726E+00  0.5127511489809743E+00  0.4884815635287617E+00  0.4421416643435722E+00  0.2966223941592934E+00  0.1221311037788527E+00 -0.1528964496985288E+00 -0.4492207718645439E-01  0.0000000000000000E+00
  0.3000000000000000E+01  0.1743075470271119E+01  0.1428330601063362E+01  0.1326042636799347E+01  0.1342099014455283E+01  0.1388604403316011E+01  0.1431906027669682E+01  0.1470171918843578E+01  0.1510177047354709E+01  0.1558111773296938E+01  0.1610197038586676E+01  0.1667440474321955E+01  0.1714307013996018E+01  0.1765964305153808E+01  0.1766622125112417E+01  0.1756583405955773E+01  0.1817243109015327E+01  0.1977410074061446E+01  0.2589903354415510E+01  0.2619567100370903E+01  0.3000000000000000E+01
