  0.0000000000000000E+00  0.5555898616631208E-02  0.2065769957874150E-01  0.7275390140975074E-01  0.1415848745735553E+00  0.1991475170494419E+00  0.1989920884508669E+00  0.9827645525979894E-01 -0.9953052967148976E-01 -0.3530987648991423E+00 -0.5953653223760215E+00 -0.7482856602008555E+00 -0.7560782636159962E+00 -0.6355525041196100E+00 -0.4638006749004620E+00 -0.2965110112902302E+00 -0.1571960433353772E+00 -0.5441287414857454E-01  0.7514520492633375E-02  0.1856326304448327E-01  0.0000000000000000E+00
  0.0000000000000000E+00 -0.2360373307495762E-01 -0.6541918095052374E-01 -0.1223055406070337E+00 -0.1808040816869453E+00 -0.2223818331574565E+00 -0.2286503791829272E+00 -0.1810610673145895E+00 -0.8115598183393849E-01  0.5565766891680534E-01  0.1999995915466254E+00  0.3181957823540827E+00  0.3814852396521684E+00  0.3855069070039873E+00  0.3481161078513565E+00  0.2854157841495631E+00  0.2081746123018814E+00  0.1294953771903134E+00  0.6138086042020833E-01  0.2184222909484912E-01  0.0000000000000000E+00
  0.0000000000000000E+00 -0.6525530060824165E-01 -0.1755998432728297E+00 -0.2941627204113504E+00 -0.4008273704872807E+00 -0.4679979824229274E+00 -0.4869590490979147E+00 -0.4449067466839696E+00 -0.3429984751733052E+00 -0.1861257581487263E+00  0.4633452263854787E-02  0.2063016868613927E+00  0.3883774553405088E+00  0.5209682168923517E+00  0.5805476486536076E+00  0.5597363411584593E+00  0.4673277935702671E+00  0.3340732574223657E+00  0.1916571017532584E+00  0.8408995032903065E-01  0.0000000000000000E+00
  0.0000000000000000E+00 -0.8237806219745267E-01 -0.2659718738864882E+00 -0.4219895540203642E+00 -0.5585357356489135E+00 -0.6444084249527291E+00 -0.6861955502152658E+00 -0.6715746408333583E+00 -0.6060308440841636E+00 -0.4858108950228239E+00 -0.3222552381913755E+00 -0.1243324271582883E+00  0.8374126083543475E-01  0.2726040992215243E+00  0.4126511338373136E+00  0.4832373157006810E+00  0.4708355543206857E+00  0.3844283937624711E+00  0.2473215038781766E+00  0.1108419719746252E+00  0.0000000000000000E+00
  0.0000000000000000E+00 -0.7599958018575949E-01 -0.3108332286624760E+00 -0.4829304813146347E+00 -0.6403753411028618E+00 -0.7430797786738694E+00 -0.8117005563111784E+00 -0.8296325970236235E+00 -0.8063265866787808E+00 -0.7309250453701631E+00 -0.6076823445167570E+00 -0.4356527520911674E+00 -0.2349973067532311E+00 -0.3843727879295553E-01  0.1234241163133178E+00  0.2380681106434147E+00  0.2934210264575076E+00  0.2798653976167284E+00  0.1955908189905356E+00  0.9390190646559184E-01  0.0000000000000000E+00
  0.0000000000000000E+00 -0.5902745526232803E-01 -0.3013248005639783E+00 -0.4707624065084152E+00 -0.6348036700977234E+00 -0.7452717373278388E+00 -0.8329708576964104E+00 -0.8793542871044288E+00 -0.8983774930155284E+00 -0.8774899555614988E+00 -0.8131116436231020E+00 -0.6889461994962435E+00 -0.5087384997369013E+00 -0.3080811307329287E+00 -0.1364500159737218E+00 -0.1076764901466131E-01  0.7516862184831229E-01  0.1138652532147911E+00  0.8929211450730089E-01  0.5190922435384645E-01  0.0000000000000000E+00
  0.0000000000000000E+00 -0.3636292164053976E-01 -0.2443515548921055E+00 -0.4014413090464798E+00 -0.5622441005425395E+00 -0.6763918131252775E+00 -0.7763926110417720E+00 -0.8428155858378718E+00 -0.8917733006966092E+00 -0.9166595812168572E+00 -0.9145660857124853E+00 -0.8591564300455464E+00 -0.7251977408657297E+00 -0.5274372679079748E+00 -0.3313946776908662E+00 -0.1891701708325775E+00 -0.9221513729402274E-01 -0.2726534339197241E-01 -0.3258468692506444E-02  0.1179229263056176E-01  0.0000000000000000E+00
  0.0000000000000000E+00 -0.4957375029150651E-03 -0.1486708596673952E+00 -0.2898950283186328E+00 -0.4426253654099704E+00 -0.5595259483253032E+00 -0.6674313545065951E+00 -0.7464046903975365E+00 -0.8101410196041070E+00 -0.8604223495548554E+00 -0.9043720918335071E+00 -0.9218763235326799E+00 -0.8646074780145433E+00 -0.7033864082454273E+00 -0.4839125216601716E+00 -0.2971653164781811E+00 -0.1747786290268991E+00 -0.9228192455258674E-01 -0.3791036060494877E-01  0.2246225048251905E-02  0.0000000000000000E+00
  0.0000000000000000E+00  0.5570308176801374E-01 -0.2758073294724231E-01 -0.1489128447771404E+00 -0.2918607970449366E+00 -0.4117193927691317E+00 -0.5268784422450006E+00 -0.6171004678292134E+00 -0.6889436870197596E+00 -0.7474568998667622E+00 -0.8104957934134902E+00 -0.8796601616083206E+00 -0.9081672263355456E+00 -0.8267537450747547E+00 -0.6251884489353368E+00 -0.3904786316725729E+00 -0.2111053980332327E+00 -0.9445815663837738E-01 -0.2093764078965725E-01  0.2285813120687264E-01  0.0000000000000000E+00
  0.0000000000000000E+00  0.1201104593611934E+00  0.9867820566101800E-01  0.9372576395127943E-02 -0.1181265683324098E+00 -0.2367593443190111E+00 -0.3557990636103179E+00 -0.4567978511908304E+00 -0.5386920831892877E+00 -0.6032917267665818E+00 -0.6696124313992985E+00 -0.7610408079354536E+00 -0.8564426238934012E+00 -0.8749935305511397E+00 -0.7475345761439357E+00 -0.5110976190178088E+00 -0.2771439359415809E+00 -0.1068089880833074E+00 -0.4862267028688165E-02  0.4352254513651505E-01  0.0000000000000000E+00
  0.0000000000000000E+00  0.1646395097491782E+00  0.2055389080592275E+00  0.1677171087584683E+00  0.6993870992689519E-01 -0.3660749123167004E-01 -0.1503236979293664E+00 -0.2566577950282768E+00 -0.3505338552532060E+00 -0.4289078348853849E+00 -0.5023153422772922E+00 -0.6009053040222719E+00 -0.7346708146657541E+00 -0.8433161097490947E+00 -0.8221128383606389E+00 -0.6411272294591763E+00 -0.3927007098326730E+00 -0.1768723515068625E+00 -0.3367943392717903E-01  0.3413278489045653E-01  0.0000000000000000E+00
  0.0000000000000000E+00  0.1736144611692029E+00  0.2738788303013450E+00  0.3059480417821725E+00  0.2581516401269777E+00  0.1788902325321375E+00  0.8211651569482592E-01 -0.1987801246094621E-01 -0.1216434740945058E+00 -0.2182705370758749E+00 -0.3106687323127519E+00 -0.4203483048780260E+00 -0.5732450820331946E+00 -0.7479950527083821E+00 -0.8385083248750299E+00 -0.7519989429213988E+00 -0.5304695830025022E+00 -0.2923789234880721E+00 -0.1075120479029247E+00 -0.9658010859147840E-02  0.0000000000000000E+00
  0.0000000000000000E+00  0.1495463471907063E+00  0.2931356069285885E+00  0.4022165568729213E+00  0.4233465505583989E+00  0.3887893650758878E+00  0.3211744599967272E+00  0.2340813360032045E+00  0.1327017049310300E+00  0.2100197955848618E-01 -0.9688489826954362E-01 -0.2288300352383829E+00 -0.3951744062382540E+00 -0.6098316971498269E+00 -0.7993240746105186E+00 -0.8315079885342052E+00 -0.6726814520320289E+00 -0.4337043016547736E+00 -0.2153813597501630E+00 -0.7838694264967794E-01  0.0000000000000000E+00
  0.0000000000000000E+00  0.1032955550730836E+00  0.2620855468566364E+00  0.4364628650317929E+00  0.5361024779485303E+00  0.5632110440396433E+00  0.5379563894984644E+00  0.4756751369051809E+00  0.3831486292865872E+00  0.2636651660894518E+00  0.1226753384835921E+00 -0.3686987901859400E-01 -0.2173103896466041E+00 -0.4489051284124934E+00 -0.7094986406312125E+00 -0.8688468891696005E+00 -0.8104603546095889E+00 -0.5946700092824544E+00 -0.3551538554673275E+00 -0.1653599978076090E+00  0.0000000000000000E+00
  0.0000000000000000E+00  0.4490470202456086E-01  0.1891661519124433E+00  0.3963963965924575E+00  0.5653699822462666E+00  0.6626307005096064E+00  0.6921193301794646E+00  0.6655443028355461E+00  0.5909776962358656E+00  0.4726088396055663E+00  0.3175137691292848E+00  0.1367303466439882E+00 -0.5369998788091046E-01 -0.2821462925683042E+00 -0.5754744259968150E+00 -0.8482811027498911E+00 -0.9262421726028658E+00 -0.7680496210824933E+00 -0.5237048934398864E+00 -0.2674578957804858E+00  0.0000000000000000E+00
  0.0000000000000000E+00 -0.1836016839759591E-01  0.8785444644406691E-01  0.2837815131263941E+00  0.4911742385104118E+00  0.6500632430485773E+00  0.7389851336278380E+00  0.7570000298573877E+00  0.7096415450734559E+00  0.6030657812458911E+00  0.4490674819940302E+00  0.2661840178761489E+00  0.8153489299257329E-01 -0.1224199811590816E+00 -0.4038656162320537E+00 -0.7500021542434026E+00 -0.9859673173916734E+00 -0.9329815192110505E+00 -0.7115921558202007E+00 -0.3817230839348176E+00  0.0000000000000000E+00
  0.0000000000000000E+00 -0.7344916763758648E-01 -0.2386361561504917E-01  0.1232834127138746E+00  0.3230855739881255E+00  0.5100869247402126E+00  0.6431495447551774E+00  0.7048702470548168E+00  0.6935740129822557E+00  0.6158944395689574E+00  0.4884418168565207E+00  0.3339926438481335E+00  0.1804756129365754E+00  0.2220239267484002E-01 -0.2036661457194991E+00 -0.5558078303662237E+00 -0.9360248651814993E+00 -0.1039991444048374E+01 -0.8930032352196053E+00 -0.4975154163322664E+00  0.0000000000000000E+00
  0.0000000000000000E+00 -0.7622589784122370E-01 -0.7346104002293087E-01  0.1461298941760236E-01  0.1642002805699472E+00  0.3283990886849188E+00  0.4662228739482924E+00  0.5521267759519862E+00  0.5768618959401255E+00  0.5432735876037438E+00  0.4659466475564358E+00  0.3639390039895060E+00  0.2594393644889307E+00  0.1554082034869188E+00  0.1141693156194094E-01 -0.2657424623638843E+00 -0.7149059008553399E+00 -0.9940043408063799E+00 -0.9980860074899830E+00 -0.5759737202788140E+00  0.0000000000000000E+00
  0.0000000000000000E+00  0.2257501315264669E-01  0.8678917087301737E-01  0.1618737159114217E+00  0.2528651346253885E+00  0.3541109717317564E+00  0.4479478438430919E+00  0.5154689847815329E+00  0.5453456468621556E+00  0.5352562264829546E+00  0.4938199307459946E+00  0.4326727950665826E+00  0.3684199483849512E+00  0.3042140694022166E+00  0.2320649617403872E+00  0.8300767434196660E-01 -0.2928900893349669E+00 -0.6561967184708829E+00 -0.8687857904347812E+00 -0.5151990041529473E+00  0.0000000000000000E+00
  0.0000000000000000E+00  0.4264994665313441E+00  0.5528186087031672E+00  0.6119424471700114E+00  0.6369205461507955E+00  0.6551672075316853E+00  0.6720122054678345E+00  0.6817639040426943E+00  0.6783876973439981E+00  0.6590462612065571E+00  0.6278723920594186E+00  0.5884088925053075E+00  0.5513692182021537E+00  0.5127483198042337E+00  0.4884798668450644E+00  0.4421408961843816E+00  0.2966220808933590E+00  0.1221309778240153E+00 -0.1528964125193059E+00 -0.4492201489436227E-01  0.0000000000000000E+00
  0.3000000000000000E+01  0.1743076613558614E+01  0.1428333344763516E+01  0.1326046374401388E+01  0.1342103496173002E+01  0.1388609349136700E+01  0.1431911227439588E+01  0.1470177272653450E+01  0.1510182554830161E+01  0.1558117442863283E+01  0.1610202754567739E+01  0.1667446117550660E+01  0.1714312293778490E+01  0.1765969109989515E+01  0.1766625361205194E+01  0.1756584985788822E+01  0.1817243667984956E+01  0.1977410348057071E+01  0.2589903447123137E+01  0.2619567040530140E+01  0.3000000000000000E+01
