  0.0000000000000000E+00 -0.3367772966135843E-01 -0.1158314133311018E+00 -0.2129885586979335E+00 -0.3064887901960512E+00 -0.4124670185548070E+00 -0.5466086181040154E+00 -0.6948745919220810E+00 -0.8261987281060610E+00 -0.8927261608282266E+00 -0.8679945631837747E+00 -0.7602510508333493E+00 -0.6079030300836314E+00 -0.4467218392687623E+00 -0.2983364926950461E+00 -0.1737366543163632E+00 -0.7715073052488436E-01 -0.1101330636297615E-01  0.2253326180332432E-01  0.1700516252243078E-01  0.0000000000000000E+00
  0.0000000000000000E+00  0.6105288604381553E-02  0.2715417253422405E-01  0.4901601472626197E-01  0.7092548211351911E-01  0.1062528446725412E+00  0.1623714009550878E+00  0.2369837142487003E+00  0.3168936345096284E+00  0.3835054105730824E+00  0.4212065321024830E+00  0.4258586845011919E+00  0.4026458355986183E+00  0.3585110877944235E+00  0.2988445670302611E+00  0.2301290049160980E+00  0.1587476478772856E+00  0.9479989759882315E-01  0.4379828595980664E-01  0.1923074343654704E-01  0.0000000000000000E+00
  0.0000000000000000E+00 -0.1536186384821377E-01 -0.3436889572842969E-01 -0.6594051451914756E-01 -0.9371234385549386E-01 -0.9370848453718345E-01 -0.5949441523875203E-01  0.1607655082401983E-01  0.1244821754228242E+00  0.2577900708910205E+00  0.3956250331236744E+00  0.5173250026702263E+00  0.6000344767122234E+00  0.6288114241145081E+00  0.5981972083957371E+00  0.5166503604319309E+00  0.3990922131069723E+00  0.2733863864334933E+00  0.1539281196827442E+00  0.7469739283207191E-01  0.0000000000000000E+00
  0.0000000000000000E+00 -0.5270669692092968E-01 -0.1512450762772705E+00 -0.2529374959062083E+00 -0.3420365695084270E+00 -0.3851588173602149E+00 -0.3869538337735814E+00 -0.3343784449271853E+00 -0.2393240358012176E+00 -0.9977772017419032E-01  0.6334909055939106E-01  0.2344497016953263E+00  0.3865850496280221E+00  0.4983008919725632E+00  0.5526890974984637E+00  0.5439575324096845E+00  0.4723307677471205E+00  0.3606786928343926E+00  0.2246524116687885E+00  0.1095575704020966E+00  0.0000000000000000E+00
  0.0000000000000000E+00 -0.6998291614882049E-01 -0.2610389560956813E+00 -0.4122643181757022E+00 -0.5488074876305836E+00 -0.6248248796085074E+00 -0.6627809887771174E+00 -0.6394153987720929E+00 -0.5722992074004541E+00 -0.4493655473642546E+00 -0.2936937235193965E+00 -0.1156556763944808E+00  0.5609640292360513E-01  0.2027637787985787E+00  0.3096703781169338E+00  0.3676107212860194E+00  0.3659426169502880E+00  0.3116938536744540E+00  0.2080774612304504E+00  0.1058589964685153E+00  0.0000000000000000E+00
  0.0000000000000000E+00 -0.6272453985461626E-01 -0.3277266502384407E+00 -0.5042028534306886E+00 -0.6783665153156136E+00 -0.7831535827303793E+00 -0.8622046489730599E+00 -0.8790900880164711E+00 -0.8556770894847544E+00 -0.7664045832965939E+00 -0.6295759683042960E+00 -0.4510492813496484E+00 -0.2654775257864559E+00 -0.9925537261624048E-01  0.3236990698165063E-01  0.1267274204393366E+00  0.1771298077642979E+00  0.1807109296218142E+00  0.1283712376747317E+00  0.7501970003330870E-01  0.0000000000000000E+00
  0.0000000000000000E+00 -0.4356703312340487E-01 -0.3324482014559760E+00 -0.5101229683646262E+00 -0.7009653676580448E+00 -0.8205241714955673E+00 -0.9304913702857364E+00 -0.9884495434266678E+00 -0.1019218483110879E+01 -0.9887214124402989E+00 -0.8990754380376279E+00 -0.7419401775632574E+00 -0.5460942894703243E+00 -0.3534543253187666E+00 -0.1973753889140111E+00 -0.8244117459834595E-01 -0.3221757548821033E-02  0.4004968223898598E-01  0.3761310611458727E-01  0.3469678966034642E-01  0.0000000000000000E+00
  0.0000000000000000E+00 -0.1986805029521813E-01 -0.2788066203378609E+00 -0.4421387256642473E+00 -0.6294102274870611E+00 -0.7512741447348976E+00 -0.8755936813199707E+00 -0.9628962857055685E+00 -0.1039740553505845E+01 -0.1077114593655761E+01 -0.1062755673706120E+01 -0.9671866263864729E+00 -0.7900928240630172E+00 -0.5715088054748869E+00 -0.3720972574778717E+00 -0.2245817316342527E+00 -0.1230925319819301E+00 -0.5490721181236875E-01 -0.1912059005930668E-01  0.1014807738391410E-01  0.0000000000000000E+00
  0.0000000000000000E+00  0.1422298077382817E-01 -0.1790884324432555E+00 -0.3213734810656861E+00 -0.4935054746672429E+00 -0.6116641300448751E+00 -0.7363316624777294E+00 -0.8347688692706572E+00 -0.9321435622193744E+00 -0.1016619104379783E+01 -0.1078820462812549E+01 -0.1079513922620270E+01 -0.9778476689029816E+00 -0.7752332834029685E+00 -0.5334737020128013E+00 -0.3270172094279664E+00 -0.1825059566549169E+00 -0.8700877613606894E-01 -0.2671112225016732E-01  0.1400768595758329E-01  0.0000000000000000E+00
  0.0000000000000000E+00  0.6667443677957656E-01 -0.5070004525968579E-01 -0.1694663287774496E+00 -0.3258921727707638E+00 -0.4432484111790077E+00 -0.5666416980285575E+00 -0.6676293629526544E+00 -0.7633660632121900E+00 -0.8575070694050889E+00 -0.9588877606676283E+00 -0.1045648548448629E+01 -0.1057795099993706E+01 -0.9412885576850597E+00 -0.7110632420866224E+00 -0.4524431629020069E+00 -0.2415913974187973E+00 -0.9794263649152940E-01 -0.1247294567306855E-01  0.3183930627375645E-01  0.0000000000000000E+00
  0.0000000000000000E+00  0.1282382868472396E+00  0.8294218720678530E-01 -0.4137079434415960E-02 -0.1435364864838401E+00 -0.2620000531887912E+00 -0.3869492382227780E+00 -0.4926424253983844E+00 -0.5841176875490807E+00 -0.6681738189795569E+00 -0.7670816218622361E+00 -0.8919953732705226E+00 -0.1002521235952708E+01 -0.1013605276098874E+01 -0.8710432178264416E+00 -0.6188092466407388E+00 -0.3573594438857089E+00 -0.1532820469323319E+00 -0.2586441779068804E-01  0.3314283438042995E-01  0.0000000000000000E+00
  0.0000000000000000E+00  0.1728299273746673E+00  0.1982869828137012E+00  0.1605729070382916E+00  0.4993827251955790E-01 -0.6294494262895407E-01 -0.1856919441669360E+00 -0.2966058969657582E+00 -0.3921082994401286E+00 -0.4734833058110245E+00 -0.5594821314203118E+00 -0.6816813648984154E+00 -0.8420666462100487E+00 -0.9697174418371070E+00 -0.9597196610765438E+00 -0.7833529269924240E+00 -0.5200855374314773E+00 -0.2717534375210884E+00 -0.9169630830464047E-01 -0.1702103891861862E-02  0.0000000000000000E+00
  0.0000000000000000E+00  0.1822612661297503E+00  0.2747297507995896E+00  0.3057028556429761E+00  0.2451844491373582E+00  0.1550473089589690E+00  0.4738303126433771E-01 -0.6028168998372545E-01 -0.1619282794840077E+00 -0.2545623619360164E+00 -0.3451952483573519E+00 -0.4592345906205302E+00 -0.6282325002667141E+00 -0.8310471201442065E+00 -0.9570127944049122E+00 -0.9050409129007174E+00 -0.6921441695241215E+00 -0.4303628222743219E+00 -0.2040545948039443E+00 -0.7024553786422076E-01  0.0000000000000000E+00
  0.0000000000000000E+00  0.1576908113245840E+00  0.3008994035220552E+00  0.4111278282317355E+00  0.4242681816363594E+00  0.3800078667975949E+00  0.3027083231520417E+00  0.2097409201743395E+00  0.1083367471044691E+00  0.1559486322882572E-02 -0.1108507982281313E+00 -0.2360207045549866E+00 -0.4008099371241453E+00 -0.6327804996776951E+00 -0.8668362884571070E+00 -0.9638048583025876E+00 -0.8495624216517046E+00 -0.6076449268297892E+00 -0.3525583392043284E+00 -0.1613172576464836E+00  0.0000000000000000E+00
  0.0000000000000000E+00  0.1084775537391071E+00  0.2723677732013091E+00  0.4528803058937517E+00  0.5525550094034228E+00  0.5760194105161964E+00  0.5457423630208477E+00  0.4803228673189316E+00  0.3888164026547708E+00  0.2738011917783273E+00  0.1377882505195081E+00 -0.1305763736593002E-01 -0.1815877581321092E+00 -0.4104387341918290E+00 -0.7027221161687685E+00 -0.9437987207987467E+00 -0.9735142694274634E+00 -0.7900794357754466E+00 -0.5282741520358566E+00 -0.2672270731902316E+00  0.0000000000000000E+00
  0.0000000000000000E+00  0.4381182224084571E-01  0.1940576340797909E+00  0.4128273443556489E+00  0.5917427912545189E+00  0.6953644389596103E+00  0.7280895562885015E+00  0.7034628689725091E+00  0.6310752635492373E+00  0.5157826879806139E+00  0.3653173382152586E+00  0.1936824612323741E+00  0.1747355917038420E-01 -0.1919151746436598E+00 -0.4858883934780798E+00 -0.8286825453617150E+00 -0.1032061761841711E+01 -0.9574314541475760E+00 -0.7199174760842552E+00 -0.3838630110865759E+00  0.0000000000000000E+00
  0.0000000000000000E+00 -0.2741784064786047E-01  0.7858453164445449E-01  0.2883816482390817E+00  0.5132800072007163E+00  0.6875936113964016E+00  0.7874194802288357E+00  0.8120711604594371E+00  0.7689482987319460E+00  0.6670574179337422E+00  0.5216865212628109E+00  0.3524440925389638E+00  0.1829552389897204E+00  0.4694008884486836E-02 -0.2414409582539843E+00 -0.6087394933576575E+00 -0.9741967198895993E+00 -0.1062386389297062E+01 -0.9020217712298878E+00 -0.5006755175427168E+00  0.0000000000000000E+00
  0.0000000000000000E+00 -0.7047662261821276E-01 -0.2676473302359793E-01  0.1272101450670594E+00  0.3352812167345620E+00  0.5314593256263708E+00  0.6743745195603512E+00  0.7467216219434909E+00  0.7476903801523616E+00  0.6852990433706460E+00  0.5773616271786874E+00  0.4442420110746610E+00  0.3083572629028301E+00  0.1727602823799600E+00  0.4485163306063154E-02 -0.2940421184616664E+00 -0.7416299179463829E+00 -0.1011691755077589E+01 -0.1005606807361956E+01 -0.5789361426056014E+00  0.0000000000000000E+00
  0.0000000000000000E+00 -0.1041627535722423E-01  0.5915928547882008E-01  0.1653235514842870E+00  0.3074861106130838E+00  0.4571211651858896E+00  0.5832371950406675E+00  0.6638624492952235E+00  0.6902836292876647E+00  0.6644513517734274E+00  0.5999358050813326E+00  0.5126156386591630E+00  0.4217272562036140E+00  0.3308015658815773E+00  0.2380522844242395E+00  0.7123598379187780E-01 -0.3073944734421308E+00 -0.6672391690796982E+00 -0.8732281489560725E+00 -0.5165434278533472E+00  0.0000000000000000E+00
  0.0000000000000000E+00  0.4115999218856674E+00  0.5288037398920902E+00  0.5947494626302439E+00  0.6402773830533756E+00  0.6843289559385713E+00  0.7236854875674517E+00  0.7470613430183038E+00  0.7467879144576940E+00  0.7220323549983930E+00  0.6803637561108595E+00  0.6292145678203517E+00  0.5802041175669597E+00  0.5312138222965187E+00  0.4967118226728421E+00  0.4424164452742309E+00  0.2941837499913783E+00  0.1188453135545711E+00 -0.1541348545593473E+00 -0.4465946957365278E-01  0.0000000000000000E+00
  0.3000000000000000E+01  0.1754783958985774E+01  0.1472748065802550E+01  0.1381075163593555E+01  0.1386653961452957E+01  0.1404134297370176E+01  0.1412180732338313E+01  0.1422678420240312E+01  0.1449919885914583E+01  0.1498354286778248E+01  0.1558844536748754E+01  0.1624971935198108E+01  0.1681114903502735E+01  0.1737160098992021E+01  0.1747916816405713E+01  0.1743986647969185E+01  0.1810054276583735E+01  0.1976224890256589E+01  0.2589176414721969E+01  0.2617434980867611E+01  0.3000000000000000E+01
