  0.0000000000000000E+00  0.5553678536474621E-02  0.2065536931248452E-01  0.7275281217285068E-01  0.1415853384923905E+00  0.1991479382950297E+00  0.1989890357722823E+00  0.9826691656894437E-01 -0.9954605808774633E-01 -0.3531170200906759E+00 -0.5953811363778601E+00 -0.7482936461574677E+00 -0.7560763368729837E+00 -0.6355448480599172E+00 -0.4637917309917399E+00 -0.2965025466613384E+00 -0.1571885439262967E+00 -0.5440633050388238E-01  0.7519690901636705E-02  0.1856614669082438E-01  0.0000000000000000E+00
  0.0000000000000000E+00 -0.2360278542693050E-01 -0.6542037632361170E-01 -0.1223083006157058E+00 -0.1808081434458595E+00 -0.2223855523259468E+00 -0.2286520879454819E+00 -0.1810590038978563E+00 -0.8115013934862278E-01  0.5566632424371028E-01  0.2000088307853081E+00  0.3182032113365432E+00  0.3814893557251610E+00  0.3855084553227849E+00  0.3481162597812507E+00  0.2854150369861896E+00  0.2081731871452581E+00  0.1294933909236823E+00  0.6137877553566898E-01  0.2184082833876224E-01  0.0000000000000000E+00
  0.0000000000000000E+00 -0.6525467774431688E-01 -0.1756057596583506E+00 -0.2941720896742668E+00 -0.4008390918451881E+00 -0.4680087186828105E+00 -0.4869672280641635E+00 -0.4449100951246244E+00 -0.3429964761336147E+00 -0.1861180473595451E+00  0.4645355978064092E-02  0.2063159878521620E+00  0.3883917303024993E+00  0.5209805179084376E+00  0.5805570483520122E+00  0.5597425642972306E+00  0.4673310175094776E+00  0.3340738422671646E+00  0.1916560175086437E+00  0.8408863170711110E-01  0.0000000000000000E+00
  0.0000000000000000E+00 -0.8237586834978795E-01 -0.2659788597643681E+00 -0.4219988169205625E+00 -0.5585469389625013E+00 -0.6444181214741697E+00 -0.6862037333254748E+00 -0.6715794777159058E+00 -0.6060323679069378E+00 -0.4858078103383096E+00 -0.3222479267000007E+00 -0.1243214881728616E+00  0.8375388375606693E-01  0.2726165908724113E+00  0.4126626571930217E+00  0.4832473189819138E+00  0.4708433739346673E+00  0.3844332845632151E+00  0.2473236743230032E+00  0.1108417712985868E+00  0.0000000000000000E+00
  0.0000000000000000E+00 -0.7599619094932897E-01 -0.3108389724551743E+00 -0.4829369491417120E+00 -0.6403839393981839E+00 -0.7430870011797031E+00 -0.8117077788766649E+00 -0.8296384155431348E+00 -0.8063316044375791E+00 -0.7309273673620655E+00 -0.6076810762837505E+00 -0.4356474831324414E+00 -0.2349898202008731E+00 -0.3842980270930307E-01  0.1234312563255233E+00  0.2380755484565770E+00  0.2934283469222290E+00  0.2798712746668489E+00  0.1955945247412792E+00  0.9390224188899357E-01  0.0000000000000000E+00
  0.0000000000000000E+00 -0.5902310972966462E-01 -0.3013260283337053E+00 -0.4707622562813783E+00 -0.6348045070504718E+00 -0.7452703409411587E+00 -0.8329698653448828E+00 -0.8793537488080536E+00 -0.8983791948768073E+00 -0.8774925184894214E+00 -0.8131127559655127E+00 -0.6889435147190265E+00 -0.5087326960341358E+00 -0.3080756250086689E+00 -0.1364464987841777E+00 -0.1076461948144773E-01  0.7517223677998555E-01  0.1138688723312414E+00  0.8929465961449193E-01  0.5190939788878122E-01  0.0000000000000000E+00
  0.0000000000000000E+00 -0.3635718485350867E-01 -0.2443467939390174E+00 -0.4014336577209028E+00 -0.5622360301817497E+00 -0.6763806148422570E+00 -0.7763815976735540E+00 -0.8428065010555477E+00 -0.8917693880131564E+00 -0.9166611396735669E+00 -0.9145703717301700E+00 -0.8591586613602387E+00 -0.7251953695586123E+00 -0.5274329871347099E+00 -0.3313926827715021E+00 -0.1891706210018107E+00 -0.9221601391131648E-01 -0.2726569608559513E-01 -0.3258674903582051E-02  0.1179147330046842E-01  0.0000000000000000E+00
  0.0000000000000000E+00 -0.4875015117557490E-03 -0.1486601890262899E+00 -0.2898804203721690E+00 -0.4426089054808574E+00 -0.5595051078349316E+00 -0.6674092202676686E+00 -0.7463842646671613E+00 -0.8101267957292000E+00 -0.8604171817105980E+00 -0.9043749800478240E+00 -0.9218818260933803E+00 -0.8646095200482180E+00 -0.7033840565520282E+00 -0.4839101018511425E+00 -0.2971658434010043E+00 -0.1747813001126436E+00 -0.9228484516539393E-01 -0.3791239598305087E-01  0.2244859394692931E-02  0.0000000000000000E+00
  0.0000000000000000E+00  0.5571364591719469E-01 -0.2756669529570975E-01 -0.1488939312713052E+00 -0.2918394293346352E+00 -0.4116931874409988E+00 -0.5268498624092519E+00 -0.6170727802087451E+00 -0.6889213784044562E+00 -0.7474444226578930E+00 -0.8104948516075370E+00 -0.8796669715559026E+00 -0.9081741181983833E+00 -0.8267556335197584E+00 -0.6251867744360491E+00 -0.3904772821052467E+00 -0.2111056757598861E+00 -0.9445950034685939E-01 -0.2093856434682389E-01  0.2285781382857801E-01  0.0000000000000000E+00
  0.0000000000000000E+00  0.1201192568857453E+00  0.9869097354588316E-01  0.9391268684194281E-02 -0.1181055313047472E+00 -0.2367344420926150E+00 -0.3557719021903012E+00 -0.4567707573092108E+00 -0.5386681308676404E+00 -0.6032751495507755E+00 -0.6696070488269675E+00 -0.7610462352362914E+00 -0.8564525706544899E+00 -0.8750005379290117E+00 -0.7475364796595191E+00 -0.5110969535443820E+00 -0.2771423627145135E+00 -0.1068074880532499E+00 -0.4860822959845391E-02  0.4352397726312098E-01  0.0000000000000000E+00
  0.0000000000000000E+00  0.1646424431058526E+00  0.2055460536622760E+00  0.1677307797287474E+00  0.6995432819577981E-01 -0.3659014990660123E-01 -0.1503055798266014E+00 -0.2566398101583747E+00 -0.3505170821985809E+00 -0.4288946014889166E+00 -0.5023093704379258E+00 -0.6009089475532926E+00 -0.7346814726741069E+00 -0.8433267740253145E+00 -0.8221188992834930E+00 -0.6411296254621988E+00 -0.3927006432288870E+00 -0.1768708317651283E+00 -0.3367758771750473E-01  0.3413463171709155E-01  0.0000000000000000E+00
  0.0000000000000000E+00  0.1736113414131146E+00  0.2738785543834944E+00  0.3059536820413909E+00  0.2581587533407504E+00  0.1788968322344847E+00  0.8212175705408602E-01 -0.1987386722394461E-01 -0.1216397033326680E+00 -0.2182671802528254E+00 -0.3106677552585326E+00 -0.4203523722566506E+00 -0.5732552624676239E+00 -0.7480072843809675E+00 -0.8385172697270603E+00 -0.7520041499615771E+00 -0.5304720295861778E+00 -0.2923792084779968E+00 -0.1075114094957030E+00 -0.9657051425573410E-02  0.0000000000000000E+00
  0.0000000000000000E+00  0.1495394829529353E+00  0.2931289100446584E+00  0.4022137845990196E+00  0.4233446202513200E+00  0.3887854641349391E+00  0.3211674782587653E+00  0.2340721315170733E+00  0.1326921412033357E+00  0.2099365099928324E-01 -0.9689204916228844E-01 -0.2288370903812567E+00 -0.3951839907982428E+00 -0.6098435279816345E+00 -0.7993340986506516E+00 -0.8315147997959070E+00 -0.6726856708099289E+00 -0.4337062107385182E+00 -0.2153819028570363E+00 -0.7838689032050362E-01  0.0000000000000000E+00
  0.0000000000000000E+00  0.1032874454232146E+00  0.2620751888818159E+00  0.4364534994803545E+00  0.5360929179059516E+00  0.5631989078165878E+00  0.5379404741857273E+00  0.4756563532836843E+00  0.3831291917389312E+00  0.2636475287835149E+00  0.1226608278047460E+00 -0.3688055253144969E-01 -0.2173195209829351E+00 -0.4489150245707600E+00 -0.7095076714275498E+00 -0.8688537539164313E+00 -0.8104652642841474E+00 -0.5946728706572513E+00 -0.3551551732449979E+00 -0.1653604686947388E+00  0.0000000000000000E+00
  0.0000000000000000E+00  0.4489709722343197E-01  0.1891553735319082E+00  0.3963838198375259E+00  0.5653558143737604E+00  0.6626136981548452E+00  0.6920986717957028E+00  0.6655208480430224E+00  0.5909535668747815E+00  0.4725867649041629E+00  0.3174958263579763E+00  0.1367182455003744E+00 -0.5370789657262580E-01 -0.2821532804691390E+00 -0.5754808312180817E+00 -0.8482864107615101E+00 -0.9262465738718987E+00 -0.7680527082332707E+00 -0.5237065865615349E+00 -0.2674586186582353E+00  0.0000000000000000E+00
  0.0000000000000000E+00 -0.1836617522540594E-01  0.8784550755306059E-01  0.2837692959977771E+00  0.4911593576868978E+00  0.6500454240553101E+00  0.7389641823222485E+00  0.7569769221111226E+00  0.7096182646156219E+00  0.6030450141809577E+00  0.4490515083998017E+00  0.2661744904129451E+00  0.8153014640153471E-01 -0.1224233401041464E+00 -0.4038686616803324E+00 -0.7500048970227416E+00 -0.9859701681555393E+00 -0.9329841015242515E+00 -0.7115938269438667E+00 -0.3817238619718828E+00  0.0000000000000000E+00
  0.0000000000000000E+00 -0.7345257547121554E-01 -0.2386930792274137E-01  0.1232746853018000E+00  0.3230741940208417E+00  0.5100729911854075E+00  0.6431332972402954E+00  0.7048528130447084E+00  0.6935572926261298E+00  0.6158808574730864E+00  0.4884332541440450E+00  0.3339898001908738E+00  0.1804762915347866E+00  0.2220317033004715E-01 -0.2036660888546795E+00 -0.5558080507663858E+00 -0.9360257645617557E+00 -0.1039993002349903E+01 -0.8930045779097063E+00 -0.4975160855286513E+00  0.0000000000000000E+00
  0.0000000000000000E+00 -0.7622575074820563E-01 -0.7346162597575651E-01  0.1461071104458385E-01  0.1641961580957645E+00  0.3283932659430333E+00  0.4662157924616388E+00  0.5521195221957231E+00  0.5768560623105733E+00  0.5432709123013444E+00  0.4659481332595313E+00  0.3639443578802566E+00  0.2594462124559242E+00  0.1554131268068794E+00  0.1141919071866310E-01 -0.2657412535544568E+00 -0.7149053247175010E+00 -0.9940047536189879E+00 -0.9980868485202080E+00 -0.5759741673193318E+00  0.0000000000000000E+00
  0.0000000000000000E+00  0.2257742921287263E-01  0.8679208724818575E-01  0.1618768876401282E+00  0.2528679800166510E+00  0.3541132990999751E+00  0.4479498358023515E+00  0.5154712799713861E+00  0.5453492064490623E+00  0.5352619812448703E+00  0.4938281945428661E+00  0.4326829216284649E+00  0.3684300677160027E+00  0.3042214706579718E+00  0.2320684123748243E+00  0.8300899073681693E-01 -0.2928892311826782E+00 -0.6561964294505129E+00 -0.8687861483469571E+00 -0.5151992424860596E+00  0.0000000000000000E+00
  0.0000000000000000E+00  0.4265009971715610E+00  0.5528212188416523E+00  0.6119456910492330E+00  0.6369241092633673E+00  0.6551709158405856E+00  0.6720160483679432E+00  0.6817680516146797E+00  0.6783924462507632E+00  0.6590518783627382E+00  0.6278788632811457E+00  0.5884159035625294E+00  0.5513759510638970E+00  0.5127538084122385E+00  0.4884829694488311E+00  0.4421422049255949E+00  0.2966226446379815E+00  0.1221312188009903E+00 -0.1528964857570257E+00 -0.4492214705382586E-01  0.0000000000000000E+00
  0.3000000000000000E+01  0.1743074437698189E+01  0.1428328430723229E+01  0.1326039814492429E+01  0.1342095652226549E+01  0.1388600551578218E+01  0.1431901690698522E+01  0.1470167125127347E+01  0.1510171867696772E+01  0.1558106346156656E+01  0.1610191604699429E+01  0.1667435210940877E+01  0.1714302214524312E+01  0.1765960045421256E+01  0.1766619504028331E+01  0.1756582375960032E+01  0.1817242834903377E+01  0.1977409914146516E+01  0.2589903308924120E+01  0.2619567198675418E+01  0.3000000000000000E+01
