  0.0000000000000000E+00 -0.1266838462103756E-01 -0.4855801013173142E-01 -0.7741014948074268E-01 -0.1111737453974845E+00 -0.1766120202711336E+00 -0.2944022899539984E+00 -0.4585016154200462E+00 -0.6398768692480163E+00 -0.7832819100552489E+00 -0.8411947209201842E+00 -0.7901723269344797E+00 -0.6603324412865285E+00 -0.4998083768928755E+00 -0.3422664843921823E+00 -0.2055345306103415E+00 -0.9717491448135940E-01 -0.2070183399168651E-01  0.2028169232165133E-01  0.1820776821008362E-01  0.0000000000000000E+00
  0.0000000000000000E+00 -0.8791229898966742E-02 -0.1513954396042461E-01 -0.2748586421730690E-01 -0.3533621483492549E-01 -0.2144035567013047E-01  0.2336171869441512E-01  0.1002609482050464E+00  0.1966709348917340E+00  0.2920623050399672E+00  0.3636349312754049E+00  0.3970188519179320E+00  0.3932743712097165E+00  0.3613723283100881E+00  0.3086126458441661E+00  0.2422207563698416E+00  0.1694787346132906E+00  0.1014718211275866E+00  0.4620334156593034E-01  0.1883207602371847E-01  0.0000000000000000E+00
  0.0000000000000000E+00 -0.3904207431793779E-01 -0.9397664201300525E-01 -0.1598677421326634E+00 -0.2171823899022610E+00 -0.2409330872815250E+00 -0.2243171338707531E+00 -0.1577187708049069E+00 -0.4986406457281446E-01  0.9290500506465256E-01  0.2497100729060304E+00  0.4008842288193163E+00  0.5194906723426210E+00  0.5843086080373888E+00  0.5835714531403161E+00  0.5211277384991831E+00  0.4112612893585124E+00  0.2837136293910731E+00  0.1588917170194424E+00  0.7470399628123904E-01  0.0000000000000000E+00
  0.0000000000000000E+00 -0.7008797496538109E-01 -0.2043222059427115E+00 -0.3284675314656120E+00 -0.4390282546666906E+00 -0.5029409476036496E+00 -0.5246792462344066E+00 -0.4890456142064736E+00 -0.4071891193875662E+00 -0.2739567695747525E+00 -0.1078117365460140E+00  0.7980343893975250E-01  0.2596994907129654E+00  0.4057583127353173E+00  0.4951795135166709E+00  0.5162688701491518E+00  0.4653907184312225E+00  0.3624683653644026E+00  0.2270715654422910E+00  0.1085707414524110E+00  0.0000000000000000E+00
  0.0000000000000000E+00 -0.7445536247334064E-01 -0.2869682719997427E+00 -0.4480706417249806E+00 -0.5990337249278087E+00 -0.6923899647301958E+00 -0.7492766316164550E+00 -0.7461461806263110E+00 -0.6987020061100577E+00 -0.5925281749860012E+00 -0.4448732359348810E+00 -0.2614250098184227E+00 -0.7150124124735260E-01  0.1002308447963314E+00  0.2334800288602709E+00  0.3170479457099160E+00  0.3385828326721677E+00  0.2996843550965366E+00  0.2035170457843241E+00  0.1023547227498686E+00  0.0000000000000000E+00
  0.0000000000000000E+00 -0.6288326468833046E-01 -0.3242380697670718E+00 -0.5021306932664257E+00 -0.6811913577099956E+00 -0.7962076607038099E+00 -0.8870403916817943E+00 -0.9216903257103561E+00 -0.9199938758841387E+00 -0.8577840083292180E+00 -0.7438265017979269E+00 -0.5748700772508908E+00 -0.3791112623914368E+00 -0.1912515214797607E+00 -0.3900132462733799E-01  0.7256831188216727E-01  0.1406010070460029E+00  0.1592833333538792E+00  0.1179202002004451E+00  0.6920471714506980E-01  0.0000000000000000E+00
  0.0000000000000000E+00 -0.4393430870974244E-01 -0.3034480679910708E+00 -0.4770586600034092E+00 -0.6623028370231542E+00 -0.7845567656710413E+00 -0.8956293811394784E+00 -0.9614394317695621E+00 -0.1005257515952606E+01 -0.1002141163224860E+01 -0.9488731681008998E+00 -0.8254077823526000E+00 -0.6400903518111301E+00 -0.4323804053237466E+00 -0.2541589945867043E+00 -0.1250992022726717E+00 -0.3526651070948156E-01  0.1877075930307043E-01  0.2713114569003587E-01  0.2936992029629120E-01  0.0000000000000000E+00
  0.0000000000000000E+00 -0.1739697054436063E-01 -0.2311562174245435E+00 -0.3898488171341988E+00 -0.5675471109023847E+00 -0.6904218457977770E+00 -0.8102196326761606E+00 -0.8948065616712697E+00 -0.9679870322875442E+00 -0.1014929363594076E+01 -0.1030922056546813E+01 -0.9848064916066798E+00 -0.8498623241578025E+00 -0.6398741054576689E+00 -0.4203092923093400E+00 -0.2526941640432504E+00 -0.1409458817396899E+00 -0.6569952899163903E-01 -0.2242407400265191E-01  0.9675966196953987E-02  0.0000000000000000E+00
  0.0000000000000000E+00  0.2593141139457749E-01 -0.1191943216667149E+00 -0.2586212141981896E+00 -0.4231464318617306E+00 -0.5453867335262520E+00 -0.6678857089567848E+00 -0.7613518915131671E+00 -0.8443103580056657E+00 -0.9146454047012856E+00 -0.9789614769147318E+00 -0.1016003095553665E+01 -0.9746830852692274E+00 -0.8178952474364368E+00 -0.5798822973211939E+00 -0.3524224245566539E+00 -0.1907180934868811E+00 -0.8607741321010637E-01 -0.2114495306022268E-01  0.1939949235154815E-01  0.0000000000000000E+00
  0.0000000000000000E+00  0.8883638965198294E-01  0.1412061175146993E-01 -0.9985355726842139E-01 -0.2499735318960497E+00 -0.3727789816715810E+00 -0.4983758037390779E+00 -0.6003375634038532E+00 -0.6866372956773952E+00 -0.7598685276671386E+00 -0.8374733097563728E+00 -0.9250727987966519E+00 -0.9808442859581056E+00 -0.9295409909279807E+00 -0.7403578766536872E+00 -0.4818211725582539E+00 -0.2554378426419012E+00 -0.9870272539722100E-01 -0.6788467406629048E-02  0.3801702375200847E-01  0.0000000000000000E+00
  0.0000000000000000E+00  0.1501823895684646E+00  0.1434081302654850E+00  0.6976601644289103E-01 -0.5844037760941728E-01 -0.1769734715059123E+00 -0.3020391302672961E+00 -0.4121768015058956E+00 -0.5059900629256944E+00 -0.5831121888839332E+00 -0.6591779761333879E+00 -0.7604644457100040E+00 -0.8793029809667510E+00 -0.9412136951232902E+00 -0.8589212676625129E+00 -0.6361176519364411E+00 -0.3758421225087769E+00 -0.1641168952611599E+00 -0.2901828490270517E-01  0.3370135759887685E-01  0.0000000000000000E+00
  0.0000000000000000E+00  0.1824732449253161E+00  0.2438663419350963E+00  0.2312176621139319E+00  0.1421737340677787E+00  0.4014152182948269E-01 -0.7436353384142982E-01 -0.1854195275625713E+00 -0.2879775862925769E+00 -0.3783752619225821E+00 -0.4622589118637714E+00 -0.5658115628698592E+00 -0.7118594084826543E+00 -0.8610256492784203E+00 -0.9044157118252677E+00 -0.7730071283734375E+00 -0.5280656882920021E+00 -0.2835027457699755E+00 -0.1005142949358500E+00 -0.6369790703234021E-02  0.0000000000000000E+00
  0.0000000000000000E+00  0.1767762616995048E+00  0.2978794844512782E+00  0.3619736020013942E+00  0.3337917518630114E+00  0.2656605980808053E+00  0.1741936507074700E+00  0.7326121857410334E-01 -0.3203863908914793E-01 -0.1378475530817544E+00 -0.2423848568361422E+00 -0.3583938482519101E+00 -0.5145253424122515E+00 -0.7160779126516903E+00 -0.8757176508380475E+00 -0.8689690017610241E+00 -0.6833505633322685E+00 -0.4329462022529790E+00 -0.2108039181324367E+00 -0.7514295888376825E-01  0.0000000000000000E+00
  0.0000000000000000E+00  0.1407048828573926E+00  0.2981658118810726E+00  0.4400307549383802E+00  0.4908084836034791E+00  0.4765910263547924E+00  0.4212087486300216E+00  0.3405050898755886E+00  0.2407139012363072E+00  0.1247961400907574E+00 -0.3488798732616771E-02 -0.1442537276857794E+00 -0.3106159918362428E+00 -0.5338081908221168E+00 -0.7799879691664212E+00 -0.9122617893084646E+00 -0.8282493885399359E+00 -0.6001476261899875E+00 -0.3539173222786334E+00 -0.1636130287268606E+00  0.0000000000000000E+00
  0.0000000000000000E+00  0.8535222609550104E-01  0.2467426166981544E+00  0.4457399369346152E+00  0.5789279770443939E+00  0.6352213106714490E+00  0.6306370799816849E+00  0.5812917950859829E+00  0.4958302425342807E+00  0.3776506764043749E+00  0.2314089643218777E+00  0.6469513362304821E-01 -0.1153952451706503E+00 -0.3392696147314025E+00 -0.6288171679311325E+00 -0.8884380437493546E+00 -0.9460185020544092E+00 -0.7765061382216446E+00 -0.5249240135299577E+00 -0.2670322915320723E+00  0.0000000000000000E+00
  0.0000000000000000E+00  0.1914842797865318E-01  0.1543885790185425E+00  0.3710684939378270E+00  0.5686960624432812E+00  0.6994409033463742E+00  0.7572702852934813E+00  0.7507580013546520E+00  0.6888107066917054E+00  0.5770732947041056E+00  0.4242111889998961E+00  0.2439613370046232E+00  0.5723744952221690E-01 -0.1510019789504966E+00 -0.4363745555375172E+00 -0.7810398008255446E+00 -0.1004044079049228E+01 -0.9419536135500151E+00 -0.7139602233655866E+00 -0.3821065915481738E+00  0.0000000000000000E+00
  0.0000000000000000E+00 -0.4776477818786772E-01  0.3614713377314589E-01  0.2246575246128840E+00  0.4459825393572091E+00  0.6318245623982355E+00  0.7497730122093587E+00  0.7923145704808632E+00  0.7638406846245348E+00  0.6724808356571608E+00  0.5330333981855966E+00  0.3646335214907556E+00  0.1927303857505944E+00  0.1768056835573059E-01 -0.2184281072601084E+00 -0.5765565456699124E+00 -0.9507526819575151E+00 -0.1048204980199201E+01 -0.8955813036299610E+00 -0.4982679523516243E+00  0.0000000000000000E+00
  0.0000000000000000E+00 -0.7491350995968243E-01 -0.4925440025754551E-01  0.7832539476883545E-01  0.2659887243967403E+00  0.4541041436959565E+00  0.5997978513417500E+00  0.6815061387498871E+00  0.6947524663257748E+00  0.6450514438935480E+00  0.5479465112765588E+00  0.4224145347525327E+00  0.2916847249581727E+00  0.1640338886499797E+00  0.6645985659448653E-02 -0.2786654521772725E+00 -0.7260246305652310E+00 -0.1000999464571076E+01 -0.1000376951526239E+01 -0.5767670337633425E+00  0.0000000000000000E+00
  0.0000000000000000E+00  0.4543298883871449E-02  0.7083927876653963E-01  0.1624591601436540E+00  0.2831389289490192E+00  0.4142982194343546E+00  0.5295686102003615E+00  0.6072266294137478E+00  0.6367868626113761E+00  0.6177582844992928E+00  0.5610303418903702E+00  0.4804571203324634E+00  0.3955017369963825E+00  0.3125197855319408E+00  0.2296543508154880E+00  0.7457254947420133E-01 -0.3002632481084885E+00 -0.6612250524354517E+00 -0.8703306900947440E+00 -0.5155548503991394E+00  0.0000000000000000E+00
  0.0000000000000000E+00  0.4191201890329270E+00  0.5399796070320884E+00  0.6021318988455110E+00  0.6382379129013965E+00  0.6712135840914587E+00  0.7014207381224118E+00  0.7196472621092157E+00  0.7185686057314037E+00  0.6960545208604674E+00  0.6580357170877342E+00  0.6101484181681434E+00  0.5643133786855733E+00  0.5183125638894088E+00  0.4887722364734815E+00  0.4397984610641069E+00  0.2944983753274996E+00  0.1202839433551039E+00 -0.1534266855009336E+00 -0.4473607178983643E-01  0.0000000000000000E+00
  0.3000000000000000E+01  0.1747182731785091E+01  0.1450900457670275E+01  0.1356063463607121E+01  0.1368425190244829E+01  0.1400657467159979E+01  0.1425306395833126E+01  0.1448284843086101E+01  0.1481081045417165E+01  0.1529594721917891E+01  0.1586923190627167E+01  0.1650011865828033E+01  0.1702561600939663E+01  0.1757582093863714E+01  0.1763337641395043E+01  0.1755177166281881E+01  0.1816241625909012E+01  0.1977923117499236E+01  0.2589949366408057E+01  0.2618653364970370E+01  0.3000000000000000E+01
