  0.0000000000000000E+00  0.5832172972139713E-02  0.2085112279176238E-01  0.7253997554045039E-01  0.1406517184207168E+00  0.1971015350796841E+00  0.1955402998997604E+00  0.9373580978732582E-01 -0.1045331404467216E+00 -0.3577838113426617E+00 -0.5989491601551739E+00 -0.7501881214463266E+00 -0.7562439444505140E+00 -0.6348324031937650E+00 -0.4629870274483238E+00 -0.2959040987685568E+00 -0.1568600857149017E+00 -0.5433271353267083E-01  0.7407113480197625E-02  0.1839452157109625E-01  0.0000000000000000E+00
  0.0000000000000000E+00 -0.2366497727287547E-01 -0.6521619141511015E-01 -0.1217645932230189E+00 -0.1798520041197948E+00 -0.2209616489679816E+00 -0.2266956712202577E+00 -0.1787148957977411E+00 -0.7867116419475402E-01  0.5795296669273362E-01  0.2017859530754398E+00  0.3192454606333828E+00  0.3817713984453678E+00  0.3853160696232812E+00  0.3477282513843199E+00  0.2849779127578846E+00  0.2077838403072748E+00  0.1292434299980099E+00  0.6128782968612285E-01  0.2188855264891451E-01  0.0000000000000000E+00
  0.0000000000000000E+00 -0.6516275884648670E-01 -0.1747974514535681E+00 -0.2927538041286063E+00 -0.3989042939386675E+00 -0.4657834118242607E+00 -0.4845467137610127E+00 -0.4424088776058974E+00 -0.3405466330309837E+00 -0.1839249112644608E+00  0.6408699071145366E-02  0.2075482604538217E+00  0.3890702508855893E+00  0.5211158056760786E+00  0.5801977267046360E+00  0.5590296395050971E+00  0.4664914352069228E+00  0.3333975764613590E+00  0.1912706025385662E+00  0.8406017951783978E-01  0.0000000000000000E+00
  0.0000000000000000E+00 -0.8244531171141431E-01 -0.2652833228715364E+00 -0.4210133446922448E+00 -0.5574090721626332E+00 -0.6433280016575235E+00 -0.6851249682151718E+00 -0.6705077735614227E+00 -0.6049496072298256E+00 -0.4847581332730795E+00 -0.3212793433754616E+00 -0.1234782872126144E+00  0.8444054043534584E-01  0.2731116006498360E+00  0.4128810888372184E+00  0.4831155297364452E+00  0.4703956881065649E+00  0.3839259574160145E+00  0.2469571835114119E+00  0.1108689799448939E+00  0.0000000000000000E+00
  0.0000000000000000E+00 -0.7618582646023363E-01 -0.3105175511716602E+00 -0.4826292531569378E+00 -0.6401028379250071E+00 -0.7429361137211988E+00 -0.8115692459765037E+00 -0.8294567922831682E+00 -0.8060096498945054E+00 -0.7304262588956262E+00 -0.6070151919113707E+00 -0.4348929599663114E+00 -0.2342493287447946E+00 -0.3773245178059796E-01  0.1240667011243658E+00  0.2385405995694301E+00  0.2936064008794179E+00  0.2798590028262836E+00  0.1955493609920658E+00  0.9405574083080798E-01  0.0000000000000000E+00
  0.0000000000000000E+00 -0.5928676163499014E-01 -0.3015601071540664E+00 -0.4712710713986400E+00 -0.6355222728665546E+00 -0.7462360551203626E+00 -0.8340621169503947E+00 -0.8804758729609525E+00 -0.8993815894046971E+00 -0.8782139168132744E+00 -0.8134458235840554E+00 -0.6888812933473646E+00 -0.5084108494408383E+00 -0.3076025035477271E+00 -0.1358302851668435E+00 -0.1006275711301320E-01  0.7578081834009188E-01  0.1143154559613814E+00  0.8960986813433955E-01  0.5221003786186860E-01  0.0000000000000000E+00
  0.0000000000000000E+00 -0.3668828475272796E-01 -0.2450381622701733E+00 -0.4024950193726933E+00 -0.5635459697852624E+00 -0.6779186830538987E+00 -0.7780392889266406E+00 -0.8444874830218080E+00 -0.8933507382062817E+00 -0.9179711341459097E+00 -0.9154591235525543E+00 -0.8595526352447413E+00 -0.7251949135803477E+00 -0.5271920402287531E+00 -0.3309574087922713E+00 -0.1885217812324949E+00 -0.9146951457560086E-01 -0.2659145187957116E-01 -0.2769938126212355E-02  0.1214476643655128E-01  0.0000000000000000E+00
  0.0000000000000000E+00 -0.9469477936008990E-03 -0.1496557509179520E+00 -0.2912744570086259E+00 -0.4442570025800850E+00 -0.5613785935943982E+00 -0.6694390686107512E+00 -0.7484798876657702E+00 -0.8121866249684446E+00 -0.8622665964170257E+00 -0.9058281605599827E+00 -0.9227980834436447E+00 -0.8650244333286318E+00 -0.7034523723723713E+00 -0.4837574000230264E+00 -0.2968056941835444E+00 -0.1742558915298130E+00 -0.9174863336491325E-01 -0.3755231565495138E-01  0.2457756534587698E-02  0.0000000000000000E+00
  0.0000000000000000E+00  0.5515474283428284E-01 -0.2863792644176839E-01 -0.1504038493852807E+00 -0.2935948406009042E+00 -0.4136653300921308E+00 -0.5289804184255326E+00 -0.6192588806483886E+00 -0.6910806905530181E+00 -0.7494337612424525E+00 -0.8121436235104279E+00 -0.8808271166725797E+00 -0.9088542328296888E+00 -0.8270809463802837E+00 -0.6252954255461595E+00 -0.3904336986958258E+00 -0.2109767680654190E+00 -0.9431457549071386E-01 -0.2089720719118388E-01  0.2282845628829569E-01  0.0000000000000000E+00
  0.0000000000000000E+00  0.1197232035663772E+00  0.9782681902994082E-01  0.7998417819106112E-02 -0.1197788099579040E+00 -0.2386267746185702E+00 -0.3578292928474725E+00 -0.4589002847266874E+00 -0.5408002100533889E+00 -0.6052829941566346E+00 -0.6713146874091865E+00 -0.7622808458027925E+00 -0.8572126048205456E+00 -0.8754264309698188E+00 -0.7477837558244700E+00 -0.5112100587454464E+00 -0.2772199024427659E+00 -0.1069198640899611E+00 -0.5030134319544632E-02  0.4333749023379801E-01  0.0000000000000000E+00
  0.0000000000000000E+00  0.1646344011429193E+00  0.2051155618500116E+00  0.1666854080496517E+00  0.6854804988020065E-01 -0.3822834099032368E-01 -0.1521168903199726E+00 -0.2585481431870422E+00 -0.3524542777551837E+00 -0.4307595331104654E+00 -0.5039408197938682E+00 -0.6021082895851572E+00 -0.7354006790452755E+00 -0.8437064332845660E+00 -0.8223702407543558E+00 -0.6412833077767043E+00 -0.3927937361320073E+00 -0.1769885188488387E+00 -0.3382771383118371E-01  0.3396817666598909E-01  0.0000000000000000E+00
  0.0000000000000000E+00  0.1739798857081290E+00  0.2739671514091322E+00  0.3054281447270888E+00  0.2571892928866565E+00  0.1776649617604025E+00  0.8071755825179043E-01 -0.2137822905658534E-01 -0.1231850465057655E+00 -0.2197889044621365E+00 -0.3120435082031779E+00 -0.4213952661903649E+00 -0.5738588895348579E+00 -0.7482515135965018E+00 -0.8386589067461148E+00 -0.7521181730631159E+00 -0.5305361924855843E+00 -0.2924354755007643E+00 -0.1075782574502822E+00 -0.9735952387085706E-02  0.0000000000000000E+00
  0.0000000000000000E+00  0.1501424044170090E+00  0.2936878586572114E+00  0.4022925501242076E+00  0.4229533627404315E+00  0.3880900052102341E+00  0.3202908997627142E+00  0.2330937350170913E+00  0.1316631433254293E+00  0.1996205404385093E-01 -0.9784351964195494E-01 -0.2295852445849282E+00 -0.3956160555455769E+00 -0.6099294506282971E+00 -0.7993115522397983E+00 -0.8315211793488000E+00 -0.6726957035827547E+00 -0.4337145218863343E+00 -0.2154027802707535E+00 -0.7841235711993885E-01  0.0000000000000000E+00
  0.0000000000000000E+00  0.1039788800310308E+00  0.2629635890891796E+00  0.4371344253285081E+00  0.5363946316121022E+00  0.5631823342732221E+00  0.5377171462239279E+00  0.4753159771935591E+00  0.3827325565570125E+00  0.2632410338511260E+00  0.1222894837552833E+00 -0.3718560702093280E-01 -0.2175102195311053E+00 -0.4488583963598869E+00 -0.7093395409180573E+00 -0.8687348249247973E+00 -0.8104016653672697E+00 -0.5946315786985136E+00 -0.3551437903680044E+00 -0.1653620848800406E+00  0.0000000000000000E+00
  0.0000000000000000E+00  0.4556921117023549E-01  0.1901717001603452E+00  0.3975398514626545E+00  0.5663626590941133E+00  0.6633798977151015E+00  0.6926612565685075E+00  0.6659505753960578E+00  0.5913129594912263E+00  0.4729153254394832E+00  0.3178029026737890E+00  0.1369447950754697E+00 -0.5360700103155297E-01 -0.2819894616963156E+00 -0.5752389789944737E+00 -0.8480831140028379E+00 -0.9261231150446981E+00 -0.7679695718829083E+00 -0.5236634192230047E+00 -0.2674450105976112E+00  0.0000000000000000E+00
  0.0000000000000000E+00 -0.1779967732146663E-01  0.8881039550140400E-01  0.2851730953727332E+00  0.4927401982755286E+00  0.6515953616023713E+00  0.7404000519846855E+00  0.7582964995544796E+00  0.7108457247912023E+00  0.6041839665798099E+00  0.4500560474955270E+00  0.2669140981908218E+00  0.8190446172421015E-01 -0.1222077489001052E+00 -0.4036497309336170E+00 -0.7497992050449714E+00 -0.9858292724625892E+00 -0.9328870721708105E+00 -0.7115302857205852E+00 -0.3816999563842680E+00  0.0000000000000000E+00
  0.0000000000000000E+00 -0.7311500301963268E-01 -0.2315574152616755E-01  0.1245400468619025E+00  0.3247893693846336E+00  0.5120501999500903E+00  0.6452070462834600E+00  0.7069082019707384E+00  0.6955126871678318E+00  0.6176476866338679E+00  0.4898936404837802E+00  0.3350004871182032E+00  0.1809648320647724E+00  0.2237614589670864E-01 -0.2035593526832460E+00 -0.5556896693649221E+00 -0.9359216530669114E+00 -0.1039916066546776E+01 -0.8929403779881342E+00 -0.4974890134973534E+00  0.0000000000000000E+00
  0.0000000000000000E+00 -0.7626313043594772E-01 -0.7333263601200708E-01  0.1514091521488089E-01  0.1652115901227468E+00  0.3298278385467981E+00  0.4679258756589850E+00  0.5539399173806139E+00  0.5786258874525142E+00  0.5448336725849283E+00  0.4671619893078240E+00  0.3647067576456638E+00  0.2597408162127769E+00  0.1554104782136097E+00  0.1136250143568097E-01 -0.2657570280881670E+00 -0.7148775998128507E+00 -0.9939740314538077E+00 -0.9980420049487694E+00 -0.5759530139969690E+00  0.0000000000000000E+00
  0.0000000000000000E+00  0.2231019458384359E-01  0.8648319664891024E-01  0.1616337846027209E+00  0.2528673172421504E+00  0.3544313480370195E+00  0.4485534048902634E+00  0.5162535685507533E+00  0.5461700206835048E+00  0.5359766589280938E+00  0.4943180827624581E+00  0.4328832387509828E+00  0.3683552441680077E+00  0.3039900136914455E+00  0.2318669882727158E+00  0.8289242466386934E-01 -0.2929272610227851E+00 -0.6562100831166099E+00 -0.8687698525960981E+00 -0.5151900870718892E+00  0.0000000000000000E+00
  0.0000000000000000E+00  0.4263736767348013E+00  0.5525794943759555E+00  0.6116642130262421E+00  0.6366929777613084E+00  0.6550533152090569E+00  0.6720277267780145E+00  0.6818781757280936E+00  0.6785395780050937E+00  0.6591668595913994E+00  0.6279092930921455E+00  0.5883376391077507E+00  0.5512004334529811E+00  0.5125289070609510E+00  0.4882952482007071E+00  0.4420267295233101E+00  0.2965778812936576E+00  0.1221109302182815E+00 -0.1528974386983775E+00 -0.4491999065145628E-01  0.0000000000000000E+00
  0.3000000000000000E+01  0.1743189164379440E+01  0.1428744713521044E+01  0.1326641145523995E+01  0.1342788383958225E+01  0.1389271402409849E+01  0.1432470224556220E+01  0.1470619041366473E+01  0.1510551286668224E+01  0.1558476080153895E+01  0.1610590203486022E+01  0.1667870321427731E+01  0.1714753943809065E+01  0.1766403292508592E+01  0.1766981243670595E+01  0.1756812236093939E+01  0.1817339095096242E+01  0.1977457126228546E+01  0.2589922463499034E+01  0.2619569884882480E+01  0.3000000000000000E+01
