  0.0000000000000000E+00  0.6362228869697353E-02  0.2120036147777463E-01  0.7202165843640768E-01  0.1385430907649999E+00  0.1924047643636220E+00  0.1874137667223571E+00  0.8275458431281646E-01 -0.1168874033761005E+00 -0.3695068255121814E+00 -0.6079271139740151E+00 -0.7548001433123827E+00 -0.7563289008698886E+00 -0.6326415951436948E+00 -0.4605637333520222E+00 -0.2940146959024096E+00 -0.1556656673178305E+00 -0.5378682880071289E-01  0.7446929764932886E-02  0.1817460142650991E-01  0.0000000000000000E+00
  0.0000000000000000E+00 -0.2376822506288011E-01 -0.6481896496874524E-01 -0.1206598877950848E+00 -0.1778386906422884E+00 -0.2178205552357237E+00 -0.2221924826542399E+00 -0.1730964413258103E+00 -0.7252760890825410E-01  0.6379497799276582E-01  0.2064575031686222E+00  0.3220853932404743E+00  0.3826541089629864E+00  0.3849586747121692E+00  0.3468375131601078E+00  0.2839240239488819E+00  0.2068088277627852E+00  0.1285623576890002E+00  0.6096763547894697E-01  0.2191458280483870E-01  0.0000000000000000E+00
  0.0000000000000000E+00 -0.6494244631894298E-01 -0.1732565334284611E+00 -0.2899580049488468E+00 -0.3949729811618651E+00 -0.4610569013435491E+00 -0.4791636812403625E+00 -0.4365347396646145E+00 -0.3344702301008628E+00 -0.1781218915338840E+00  0.1144539553185166E-01  0.2114560364090402E+00  0.3916334260190706E+00  0.5222344289928127E+00  0.5799488061283012E+00  0.5577573759442362E+00  0.4647608159705249E+00  0.3319002442662878E+00  0.1903498362017738E+00  0.8391834984102602E-01  0.0000000000000000E+00
  0.0000000000000000E+00 -0.8250643021035353E-01 -0.2639970286550003E+00 -0.4191029675716850E+00 -0.5551405461064142E+00 -0.6410077770806613E+00 -0.6826779826243333E+00 -0.6678563896110963E+00 -0.6020563633505317E+00 -0.4816760459804429E+00 -0.3181461552844251E+00 -0.1204671467278245E+00  0.8710601688002280E-01  0.2752068270804872E+00  0.4141647707787510E+00  0.4834263107581145E+00  0.4698255769429502E+00  0.3830463705461593E+00  0.2462527103977030E+00  0.1109071968366839E+00  0.0000000000000000E+00
  0.0000000000000000E+00 -0.7646774856023215E-01 -0.3099895794639182E+00 -0.4820908431528197E+00 -0.6396396310769739E+00 -0.7426562049315096E+00 -0.8112743901340218E+00 -0.8289725375791320E+00 -0.8051342049015571E+00 -0.7289814289927573E+00 -0.6049767831545368E+00 -0.4324335024191563E+00 -0.2317436280534983E+00 -0.3543000280965675E-01  0.1260834210590389E+00  0.2400890967571167E+00  0.2944386123398898E+00  0.2801493527932734E+00  0.1956390923552426E+00  0.9440114848568006E-01  0.0000000000000000E+00
  0.0000000000000000E+00 -0.5970307670428115E-01 -0.3020770572969538E+00 -0.4722846992084029E+00 -0.6369914172793818E+00 -0.7481413660662859E+00 -0.8362487244315575E+00 -0.8827473180181420E+00 -0.9014726258843493E+00 -0.8796879356192491E+00 -0.8139135228070677E+00 -0.6881953257771097E+00 -0.5069529020783872E+00 -0.3058932955300252E+00 -0.1340418516847999E+00 -0.8216499840360573E-02  0.7738218097362040E-01  0.1155080056664092E+00  0.9042976765779882E-01  0.5286409173836525E-01  0.0000000000000000E+00
  0.0000000000000000E+00 -0.3721291409829397E-01 -0.2463503326561098E+00 -0.4044717738607999E+00 -0.5660254433051558E+00 -0.6807695625777034E+00 -0.7811643955848381E+00 -0.8477734839622235E+00 -0.8966732845552043E+00 -0.9209600930730446E+00 -0.9176005502189488E+00 -0.8603715240367232E+00 -0.7247612142792621E+00 -0.5260862685532578E+00 -0.3296439956388698E+00 -0.1869908002703832E+00 -0.8981732712176092E-01 -0.2511808352765830E-01 -0.1721446010990422E-02  0.1285621553869247E-01  0.0000000000000000E+00
  0.0000000000000000E+00 -0.1677063793093411E-02 -0.1514461275579111E+00 -0.2937618724081497E+00 -0.4472037417616700E+00 -0.5646329386683729E+00 -0.6729735825218799E+00 -0.7522465988021507E+00 -0.8161802028597532E+00 -0.8662625460646970E+00 -0.9093590113956451E+00 -0.9251990745122763E+00 -0.8659572132373862E+00 -0.7032214738755391E+00 -0.4830297745341257E+00 -0.2958995253227008E+00 -0.1731921343016125E+00 -0.9072282620845655E-01 -0.3688423344751981E-01  0.2835818031033466E-02  0.0000000000000000E+00
  0.0000000000000000E+00  0.5426274190840451E-01 -0.3051794389111294E-01 -0.1530472637301618E+00 -0.2966611140040687E+00 -0.4170025162152660E+00 -0.5325521969629311E+00 -0.6229870743534882E+00 -0.6949924587354461E+00 -0.7534584095548716E+00 -0.8160310047664886E+00 -0.8840343250804940E+00 -0.9108771023517197E+00 -0.8278303081134066E+00 -0.6252260287327694E+00 -0.3900849598246678E+00 -0.2106220000391283E+00 -0.9404145721803329E-01 -0.2085326975042958E-01  0.2274355763381027E-01  0.0000000000000000E+00
  0.0000000000000000E+00  0.1190898670538518E+00  0.9629581039574292E-01  0.5519076389054350E-02 -0.1227819255922420E+00 -0.2419618184995382E+00 -0.3614314870682419E+00 -0.4626524097824660E+00 -0.5446691723722948E+00 -0.6092008585005284E+00 -0.6751403476416156E+00 -0.7656620782704577E+00 -0.8597494158000402E+00 -0.8768906560260000E+00 -0.7483503359540914E+00 -0.5112582965236965E+00 -0.2771848685260726E+00 -0.1070197531243545E+00 -0.5294805800411710E-02  0.4301780892817247E-01  0.0000000000000000E+00
  0.0000000000000000E+00  0.1646276527577043E+00  0.2042816225383278E+00  0.1646954255610153E+00  0.6580978786022924E-01 -0.4143666414303353E-01 -0.1556934468856011E+00 -0.2623435626972532E+00 -0.3563375836032182E+00 -0.4345982393929357E+00 -0.5075919737317861E+00 -0.6053271340760995E+00 -0.7379557674432461E+00 -0.8454265829015100E+00 -0.8233417499030571E+00 -0.6416750267577812E+00 -0.3928917159360181E+00 -0.1770859883253506E+00 -0.3401255613442893E-01  0.3372528856814606E-01  0.0000000000000000E+00
  0.0000000000000000E+00  0.1745974362694284E+00  0.2739832290352063E+00  0.3042201170052672E+00  0.2549931918563481E+00  0.1748200056573352E+00  0.7740190957511642E-01 -0.2497656696240666E-01 -0.1268801981310539E+00 -0.2234095314645248E+00 -0.3154106180224132E+00 -0.4242781056935075E+00 -0.5761296024361217E+00 -0.7498348900783498E+00 -0.8396842603164927E+00 -0.7526868492543227E+00 -0.5307630922254433E+00 -0.2925184586955404E+00 -0.1076471452171525E+00 -0.9832666174777805E-02  0.0000000000000000E+00
  0.0000000000000000E+00  0.1511722211902816E+00  0.2945241418293525E+00  0.4020857926018278E+00  0.4216364708154700E+00  0.3859519464126690E+00  0.3175827635863135E+00  0.2300433455041913E+00  0.1284785193107624E+00  0.1684494222962027E-01 -0.1006941134403582E+00 -0.2319562973518464E+00 -0.3974337933880757E+00 -0.6111444341407496E+00 -0.8001169680926630E+00 -0.8320390074379855E+00 -0.6729616828552363E+00 -0.4338190436176265E+00 -0.2154476858369730E+00 -0.7844570599616425E-01  0.0000000000000000E+00
  0.0000000000000000E+00  0.1051929443771444E+00  0.2644481049456327E+00  0.4380540616152064E+00  0.5363313212458238E+00  0.5622156696356299E+00  0.5360810897557595E+00  0.4732693249290296E+00  0.3805149109763911E+00  0.2610780159712289E+00  0.1203627901150134E+00 -0.3874654830407363E-01 -0.2187173455487902E+00 -0.4496034989808455E+00 -0.7097891477435122E+00 -0.8690497041816916E+00 -0.8105950364035316E+00 -0.5947159446957915E+00 -0.3551793437574844E+00 -0.1653801362704484E+00  0.0000000000000000E+00
  0.0000000000000000E+00  0.4678573512107043E-01  0.1919956539035138E+00  0.3994904807534171E+00  0.5677756042297761E+00  0.6640256919470445E+00  0.6926265669589364E+00  0.6654574755884157E+00  0.5906046993611098E+00  0.4722116471160074E+00  0.3172400717940255E+00  0.1365163559325070E+00 -0.5405031082396723E-01 -0.2822628990134814E+00 -0.5753443694868519E+00 -0.8481568771901783E+00 -0.9261938698025672E+00 -0.7680004427980316E+00 -0.5236690410302397E+00 -0.2674521807922802E+00  0.0000000000000000E+00
  0.0000000000000000E+00 -0.1674337417810826E-01  0.9065506832339459E-01  0.2878210507045152E+00  0.4955653067171387E+00  0.6541088843367096E+00  0.7424295577302913E+00  0.7599064594246026E+00  0.7121955122871538E+00  0.6054176260836560E+00  0.4512019043445690E+00  0.2678097087593811E+00  0.8229321850479043E-01 -0.1220847927954591E+00 -0.4035437282855748E+00 -0.7497124150114201E+00 -0.9857950338303288E+00 -0.9328731813792638E+00 -0.7115031986850934E+00 -0.3816945415939972E+00  0.0000000000000000E+00
  0.0000000000000000E+00 -0.7246737699306322E-01 -0.2169590356288388E-01  0.1271404983124106E+00  0.3282465965888631E+00  0.5159011769799174E+00  0.6490803695947150E+00  0.7106060677729128E+00  0.6989536970849520E+00  0.6207647029109029E+00  0.4925427029377789E+00  0.3369399273868681E+00  0.1819687385360082E+00  0.2271030710525519E-01 -0.2034376012578482E+00 -0.5556030662220833E+00 -0.9358577089781869E+00 -0.1039892519118343E+01 -0.8928989552648197E+00 -0.4974749648063061E+00  0.0000000000000000E+00
  0.0000000000000000E+00 -0.7632188851333027E-01 -0.7297373895252851E-01  0.1640095565967739E-01  0.1675132093055743E+00  0.3329789045244118E+00  0.4715909635721290E+00  0.5577848927463718E+00  0.5823648491495005E+00  0.5482087192460734E+00  0.4699259879994079E+00  0.3666447457093793E+00  0.2607271225383536E+00  0.1556484925715991E+00  0.1132464616391375E-01 -0.2658139173364766E+00 -0.7148731446956745E+00 -0.9939813257076844E+00 -0.9980128664095004E+00 -0.5759403009012536E+00  0.0000000000000000E+00
  0.0000000000000000E+00  0.2181480761599244E-01  0.8594386667418227E-01  0.1613182193414861E+00  0.2531511665600769E+00  0.3554515315451389E+00  0.4502109773600020E+00  0.5183125792264772E+00  0.5483464453121727E+00  0.5379867943259162E+00  0.4959185008025584E+00  0.4339103517591448E+00  0.3687610791913432E+00  0.3039013998733996E+00  0.2316231480255988E+00  0.8268276186528574E-01 -0.2930078895336794E+00 -0.6562574599603495E+00 -0.8687678780637584E+00 -0.5151876594775054E+00  0.0000000000000000E+00
  0.0000000000000000E+00  0.4261633402589229E+00  0.5521713715068185E+00  0.6112246389999690E+00  0.6364197313031200E+00  0.6550755665500387E+00  0.6723670415633083E+00  0.6824580904764286E+00  0.6792239364107719E+00  0.6598073863276990E+00  0.6283879837456943E+00  0.5885901808518184E+00  0.5512150493229057E+00  0.5123651788244075E+00  0.4880785512204291E+00  0.4418563158966598E+00  0.2965074911935314E+00  0.1220714795004931E+00 -0.1529072910370196E+00 -0.4492200088199094E-01  0.0000000000000000E+00
  0.3000000000000000E+01  0.1743324786839224E+01  0.1429429752153727E+01  0.1327644302341579E+01  0.1343891972650717E+01  0.1390224831895023E+01  0.1433109852670077E+01  0.1470938307797192E+01  0.1510674636079857E+01  0.1558564635342819E+01  0.1610754549565476E+01  0.1668139809203690E+01  0.1715115931222626E+01  0.1766805863400177E+01  0.1767387494364311E+01  0.1757113814175306E+01  0.1817469636885726E+01  0.1977528101538172E+01  0.2589953995047300E+01  0.2619578343168468E+01  0.3000000000000000E+01
