  0.0000000000000000E+00  0.5553808046771344E-02  0.2065567577425215E-01  0.7275337125731379E-01  0.1415863398052650E+00  0.1991499124800079E+00  0.1989926624122318E+00  0.9827229681610228E-01 -0.9953952028340582E-01 -0.3531103978353097E+00 -0.5953757577306150E+00 -0.7482907320666513E+00 -0.7560762657990074E+00 -0.6355463619874685E+00 -0.4637935465985675E+00 -0.2965041590167090E+00 -0.1571898208851968E+00 -0.5440727274529750E-01  0.7519092783311920E-02  0.1856591567177319E-01  0.0000000000000000E+00
  0.0000000000000000E+00 -0.2360290618905508E-01 -0.6542046061851468E-01 -0.1223084644336295E+00 -0.1808084543387077E+00 -0.2223862789678001E+00 -0.2286535052894496E+00 -0.1810612284391067E+00 -0.8115296164743410E-01  0.5566329284836843E-01  0.2000061452203548E+00  0.3182013714031979E+00  0.3814885898350781E+00  0.3855084219698540E+00  0.3481165667216539E+00  0.2854155036877370E+00  0.2081737120692817E+00  0.1294938799115258E+00  0.6137914476583024E-01  0.2184097396362033E-01  0.0000000000000000E+00
  0.0000000000000000E+00 -0.6525491052039391E-01 -0.1756057060812919E+00 -0.2941720220435748E+00 -0.4008390232108582E+00 -0.4680089244233924E+00 -0.4869678534561169E+00 -0.4449113885012177E+00 -0.3429984052257081E+00 -0.1861205192902044E+00  0.4642677930449304E-02  0.2063133821429425E+00  0.3883895037062267E+00  0.5209789039220935E+00  0.5805561535663940E+00  0.5597423520465021E+00  0.4673313153226482E+00  0.3340743669892799E+00  0.1916565270808027E+00  0.8408883756263417E-01  0.0000000000000000E+00
  0.0000000000000000E+00 -0.8237614787512113E-01 -0.2659784229798530E+00 -0.4219981793875774E+00 -0.5585459976072379E+00 -0.6444172413289975E+00 -0.6862029628639428E+00 -0.6715791160309482E+00 -0.6060324222800012E+00 -0.4858084525052425E+00 -0.3222490698529235E+00 -0.1243230715535687E+00  0.8375209076563518E-01  0.2726148088884806E+00  0.4126610778775877E+00  0.4832461331891279E+00  0.4708427083969979E+00  0.3844330584124426E+00  0.2473237086089267E+00  0.1108417643489650E+00  0.0000000000000000E+00
  0.0000000000000000E+00 -0.7599654119929887E-01 -0.3108383015855363E+00 -0.4829360379008433E+00 -0.6403825723151404E+00 -0.7430856680581712E+00 -0.8117063876134092E+00 -0.8296372496454253E+00 -0.8063306425499864E+00 -0.7309269240528240E+00 -0.6076812416732552E+00 -0.4356482745055130E+00 -0.2349909600614468E+00 -0.3843104681527668E-01  0.1234299407410267E+00  0.2380742136181160E+00  0.2934272060297058E+00  0.2798704627749595E+00  0.1955940369901435E+00  0.9390203796320107E-01  0.0000000000000000E+00
  0.0000000000000000E+00 -0.5902355769375164E-01 -0.3013254959574923E+00 -0.4707615840898585E+00 -0.6348034066361891E+00 -0.7452693293333136E+00 -0.8329686547977224E+00 -0.8793524549382411E+00 -0.8983776709927233E+00 -0.8774911121299335E+00 -0.8131118475730217E+00 -0.6889434204112881E+00 -0.5087332398270575E+00 -0.3080763595868600E+00 -0.1364472709451714E+00 -0.1076554584800090E-01  0.7517122795056091E-01  0.1138679527405014E+00  0.8929398615688212E-01  0.5190906632649737E-01  0.0000000000000000E+00
  0.0000000000000000E+00 -0.3635781559486813E-01 -0.2443467835645808E+00 -0.4014336874792990E+00 -0.5622358351291760E+00 -0.6763806934497960E+00 -0.7763815406280391E+00 -0.8428061745244676E+00 -0.8917684181457108E+00 -0.9166596510169710E+00 -0.9145688433633500E+00 -0.8591577494291812E+00 -0.7251952968829430E+00 -0.5274333512186635E+00 -0.3313930448399309E+00 -0.1891710121386548E+00 -0.9221653268363357E-01 -0.2726628231359185E-01 -0.3259135585606782E-02  0.1179122190483782E-01  0.0000000000000000E+00
  0.0000000000000000E+00 -0.4884326636849281E-03 -0.1486608709870897E+00 -0.2898813054018882E+00 -0.4426097888983490E+00 -0.5595064578082305E+00 -0.6674106099036015E+00 -0.7463853570087892E+00 -0.8101270253438752E+00 -0.8604163375078792E+00 -0.9043733822653026E+00 -0.9218802865770552E+00 -0.8646087169183759E+00 -0.7033839734926091E+00 -0.4839102250514330E+00 -0.2971659162395663E+00 -0.1747813546150022E+00 -0.9228494194064384E-01 -0.3791247389737855E-01  0.2244824684851594E-02  0.0000000000000000E+00
  0.0000000000000000E+00  0.5571240412856266E-01 -0.2756791534886764E-01 -0.1488954913014205E+00 -0.2918411028786623E+00 -0.4116954125828637E+00 -0.5268522901960951E+00 -0.6170750215271863E+00 -0.6889228335202702E+00 -0.7474446177328375E+00 -0.8104937672677170E+00 -0.8796652687990136E+00 -0.9081727055853016E+00 -0.8267549625928134E+00 -0.6251866002769605E+00 -0.3904772588353909E+00 -0.2111056348500781E+00 -0.9445940805109294E-01 -0.2093846726611563E-01  0.2285788357235515E-01  0.0000000000000000E+00
  0.0000000000000000E+00  0.1201181024257490E+00  0.9868966663852903E-01  0.9389504792389045E-02 -0.1181073851360824E+00 -0.2367367140855234E+00 -0.3557743716594761E+00 -0.4567731408705889E+00 -0.5386699987227483E+00 -0.6032760081126480E+00 -0.6696065938675734E+00 -0.7610447626024449E+00 -0.8564508833866273E+00 -0.8749993494265238E+00 -0.7475358617626563E+00 -0.5110967067623782E+00 -0.2771423368970034E+00 -0.1068074925251359E+00 -0.4860816981343770E-02  0.4352397688954785E-01  0.0000000000000000E+00
  0.0000000000000000E+00  0.1646418433985496E+00  0.2055451506052026E+00  0.1677293574831646E+00  0.6995291798170854E-01 -0.3659165304102559E-01 -0.1503070674222794E+00 -0.2566411905673535E+00 -0.3505182163395251E+00 -0.4288952116809652E+00 -0.5023091083249838E+00 -0.6009077718592261E+00 -0.7346798170794070E+00 -0.8433253380552352E+00 -0.8221179337236963E+00 -0.6411290359632171E+00 -0.3927004195332945E+00 -0.1768708191177356E+00 -0.3367763570394126E-01  0.3413456866068780E-01  0.0000000000000000E+00
  0.0000000000000000E+00  0.1736113761299200E+00  0.2738783026523032E+00  0.3059529510960071E+00  0.2581581445255814E+00  0.1788964947206921E+00  0.8212175336362519E-01 -0.1987362823016996E-01 -0.1216393605807496E+00 -0.2182667497330563E+00 -0.3106670579937207E+00 -0.4203512693099286E+00 -0.5732537770892149E+00 -0.7480058645476925E+00 -0.8385162014272562E+00 -0.7520033628021866E+00 -0.5304715633044141E+00 -0.2923790379034362E+00 -0.1075113737525854E+00 -0.9657073797607106E-02  0.0000000000000000E+00
  0.0000000000000000E+00  0.1495399408886638E+00  0.2931292510934157E+00  0.4022137850012878E+00  0.4233448181186952E+00  0.3887861852928546E+00  0.3211688073731834E+00  0.2340738749027268E+00  0.1326939744551567E+00  0.2099531287764812E-01 -0.9689060231119059E-01 -0.2288358259297073E+00 -0.3951826956874041E+00 -0.6098423182796758E+00 -0.7993331540360609E+00 -0.8315140316651769E+00 -0.6726850968246192E+00 -0.4337059157428708E+00 -0.2153817664751695E+00 -0.7838684603712975E-01  0.0000000000000000E+00
  0.0000000000000000E+00  0.1032880684987170E+00  0.2620758667867504E+00  0.4364540209001112E+00  0.5360936670656973E+00  0.5632002593315687E+00  0.5379425557009185E+00  0.4756589598078609E+00  0.3831319275387991E+00  0.2636499860140707E+00  0.1226627924618245E+00 -0.3687917829050719E-01 -0.2173184511773919E+00 -0.4489141513686888E+00 -0.7095070313247162E+00 -0.8688531971594164E+00 -0.8104647377702168E+00 -0.5946725434276464E+00 -0.3551549883489740E+00 -0.1653603875196404E+00  0.0000000000000000E+00
  0.0000000000000000E+00  0.4489769655560565E-01  0.1891560885431217E+00  0.3963845218983449E+00  0.5653567227649960E+00  0.6626151386190283E+00  0.6921007910159354E+00  0.6655234791045050E+00  0.5909563331598702E+00  0.4725892193203927E+00  0.3174976733062015E+00  0.1367193457221418E+00 -0.5370721055476257E-01 -0.2821528097988504E+00 -0.5754805721535182E+00 -0.8482861920924455E+00 -0.9262462267511554E+00 -0.7680524265311084E+00 -0.5237064079440521E+00 -0.2674585298096475E+00  0.0000000000000000E+00
  0.0000000000000000E+00 -0.1836571171673576E-01  0.8784606786165869E-01  0.2837698817852904E+00  0.4911600401607229E+00  0.6500464372480996E+00  0.7389656707733263E+00  0.7569787745366540E+00  0.7096201757983138E+00  0.6030465880400976E+00  0.4490524778768696E+00  0.2661747976870834E+00  0.8153019927559388E-01 -0.1224233094836049E+00 -0.4038687362945255E+00 -0.7500050132349713E+00 -0.9859700767306829E+00 -0.9329839209462537E+00 -0.7115936895420473E+00 -0.3817237852461832E+00  0.0000000000000000E+00
  0.0000000000000000E+00 -0.7345231230126652E-01 -0.2386895600315088E-01  0.1232750229616163E+00  0.3230744581279927E+00  0.5100732882901519E+00  0.6431337393783151E+00  0.7048533529737737E+00  0.6935577405819650E+00  0.6158809551729660E+00  0.4884328707322120E+00  0.3339890227790667E+00  0.1804755693856065E+00  0.2220277581604575E-01 -0.2036663542585285E+00 -0.5558083538992629E+00 -0.9360259001728493E+00 -0.1039992945527021E+01 -0.8930044930523694E+00 -0.4975160326806454E+00  0.0000000000000000E+00
  0.0000000000000000E+00 -0.7622571516628926E-01 -0.7346152939831230E-01  0.1461078788973529E-01  0.1641961011871429E+00  0.3283930507496160E+00  0.4662154480475099E+00  0.5521190263667343E+00  0.5768553306225237E+00  0.5432698462265019E+00  0.4659467452848007E+00  0.3639428220726459E+00  0.2594449265117391E+00  0.1554124182117005E+00  0.1141889055796710E-01 -0.2657415201017234E+00 -0.7149055497063029E+00 -0.9940047975633520E+00 -0.9980868093889571E+00 -0.5759741397194792E+00  0.0000000000000000E+00
  0.0000000000000000E+00  0.2257730759268300E-01  0.8679196527399533E-01  0.1618767498850557E+00  0.2528677538564051E+00  0.3541129084720069E+00  0.4479492438010760E+00  0.5154704601417353E+00  0.5453481297227459E+00  0.5352606406267879E+00  0.4938266634274201E+00  0.4326813704640149E+00  0.3684287694250466E+00  0.3042207024154124E+00  0.2320681542843986E+00  0.8300889468180025E-01 -0.2928893696288306E+00 -0.6561965001927508E+00 -0.8687861348378191E+00 -0.5151992253212588E+00  0.0000000000000000E+00
  0.0000000000000000E+00  0.4265008955170760E+00  0.5528210743837075E+00  0.6119455257005599E+00  0.6369238983830304E+00  0.6551706199913774E+00  0.6720156376045218E+00  0.6817675109570736E+00  0.6783917743456901E+00  0.6590510932689765E+00  0.6278780159934361E+00  0.5884150684075528E+00  0.5513752394277563E+00  0.5127533155440014E+00  0.4884827641714820E+00  0.4421421563545536E+00  0.2966226082257085E+00  0.1221311950667752E+00 -0.1528964800009061E+00 -0.4492213060261808E-01  0.0000000000000000E+00
  0.3000000000000000E+01  0.1743074621041455E+01  0.1428328742122873E+01  0.1326040172783376E+01  0.1342096058707314E+01  0.1388601048497875E+01  0.1431902330987511E+01  0.1470167927270515E+01  0.1510172806685676E+01  0.1558107360819858E+01  0.1610192615447112E+01  0.1667436165241357E+01  0.1714303051141778E+01  0.1765960755783408E+01  0.1766619861769953E+01  0.1756582425618139E+01  0.1817242805694044E+01  0.1977409914606924E+01  0.2589903305164899E+01  0.2619567166486596E+01  0.3000000000000000E+01
