  0.0000000000000000E+00  0.6037305710008337E-02  0.2099090989900676E-01  0.7235660776343900E-01  0.1398782358221620E+00  0.1953730833804831E+00  0.1925505869600295E+00  0.8970428573536388E-01 -0.1090599739240720E+00 -0.3620766646447559E+00 -0.6022435773516284E+00 -0.7518988934611543E+00 -0.7563064541921407E+00 -0.6340585826747824E+00 -0.4621241322614372E+00 -0.2952340428878735E+00 -0.1564428826224926E+00 -0.5415243647162765E-01  0.7403935989796079E-02  0.1830193146976135E-01  0.0000000000000000E+00
  0.0000000000000000E+00 -0.2370649897683653E-01 -0.6506690828671884E-01 -0.1213501799528985E+00 -0.1791003971356268E+00 -0.2197969306553504E+00 -0.2250342843426745E+00 -0.1766519038808028E+00 -0.7642428024969368E-01  0.6008217209884673E-01  0.2034836365245347E+00  0.3202744360378049E+00  0.3820869842928953E+00  0.3851791206167117E+00  0.3473977157286829E+00  0.2845893520121834E+00  0.2074258938495862E+00  0.1289960455367788E+00  0.6117497652627216E-01  0.2190340792366852E-01  0.0000000000000000E+00
  0.0000000000000000E+00 -0.6508219122050125E-01 -0.1742098149611497E+00 -0.2916939320952564E+00 -0.3974229555847185E+00 -0.4640177085855680E+00 -0.4825522660679939E+00 -0.4402514259070446E+00 -0.3383328146731530E+00 -0.1818301483482157E+00  0.8207332221975729E-02  0.2089244146522605E+00  0.3899544986865453E+00  0.5214787791753526E+00  0.5800690149246116E+00  0.5585340131486767E+00  0.4658347989262659E+00  0.3328357001387087E+00  0.1909288655686126E+00  0.8401215524076690E-01  0.0000000000000000E+00
  0.0000000000000000E+00 -0.8247413904918208E-01 -0.2647916098298519E+00 -0.4202912303750406E+00 -0.5565591579995728E+00 -0.6424725122392136E+00 -0.6842346841253663E+00 -0.6695565467837925E+00 -0.6039224470930450E+00 -0.4836768689300205E+00 -0.3201929356776890E+00 -0.1224454494249942E+00  0.8534782502115543E-01  0.2738204583595970E+00  0.4133046390644069E+00  0.4831913296040226E+00  0.4701546219109624E+00  0.3835804230918103E+00  0.2466859232411878E+00  0.1108852827304329E+00  0.0000000000000000E+00
  0.0000000000000000E+00 -0.7629923026740415E-01 -0.3103132840258454E+00 -0.4824276966726392E+00 -0.6399326987980575E+00 -0.7428436475705728E+00 -0.8114757889775723E+00 -0.8292995844785233E+00 -0.8057122876882257E+00 -0.7299276166084608E+00 -0.6063094209948050E+00 -0.4340433243617206E+00 -0.2333847661347793E+00 -0.3693228070143405E-01  0.1247751605854400E+00  0.2390841729580460E+00  0.2938895176785941E+00  0.2799479369846911E+00  0.1955716586523049E+00  0.9418591673276022E-01  0.0000000000000000E+00
  0.0000000000000000E+00 -0.5945154897581934E-01 -0.3017558077113998E+00 -0.4716624309420363E+00 -0.6360869545031439E+00 -0.7469717285360877E+00 -0.8349037633390928E+00 -0.8813490868771233E+00 -0.9001836478589055E+00 -0.8787870718957539E+00 -0.8136543318527438E+00 -0.6886779513860070E+00 -0.5079309923110379E+00 -0.3070194997669241E+00 -0.1351963772706261E+00 -0.9393519622673180E-02  0.7636409985227378E-01  0.1147506015065600E+00  0.8991124031006695E-01  0.5245766158567305E-01  0.0000000000000000E+00
  0.0000000000000000E+00 -0.3689487756955667E-01 -0.2455404968453765E+00 -0.4032570347720318E+00 -0.5644994794767151E+00 -0.6790188030827615E+00 -0.7792410501301853E+00 -0.8457429183936391E+00 -0.8946045771376697E+00 -0.9190850045689221E+00 -0.9162533491157170E+00 -0.8598709858310017E+00 -0.7250730683481262E+00 -0.5268280255720140E+00 -0.3304968434746202E+00 -0.1879577457797513E+00 -0.9085038482565982E-01 -0.2603619972002756E-01 -0.2372609311595317E-02  0.1241774577121969E-01  0.0000000000000000E+00
  0.0000000000000000E+00 -0.1232981427164582E-02 -0.1503439517631277E+00 -0.2922353812959442E+00 -0.4453955643725605E+00 -0.5626432753361968E+00 -0.6708125412712641E+00 -0.7499357950209462E+00 -0.8137093574278693E+00 -0.8637617105087476E+00 -0.9071243102278057E+00 -0.9236711462723207E+00 -0.8653772518934644E+00 -0.7034003442058849E+00 -0.4835193342097951E+00 -0.2964776379395697E+00 -0.1738514410831845E+00 -0.9135251564302105E-01 -0.3729216763485294E-01  0.2606453652044883E-02  0.0000000000000000E+00
  0.0000000000000000E+00  0.5480761786266301E-01 -0.2936000204559330E-01 -0.1514238086575702E+00 -0.2947793764466319E+00 -0.4149633825934914E+00 -0.5303735199616173E+00 -0.6207098717800225E+00 -0.6925870308621176E+00 -0.7509527734760318E+00 -0.8135720986079138E+00 -0.8819762150557197E+00 -0.9095728359873408E+00 -0.8273622828573670E+00 -0.6252971731374600E+00 -0.3903253498926578E+00 -0.2108507217439784E+00 -0.9420949497610991E-01 -0.2087752697317511E-01  0.2279794696362460E-01  0.0000000000000000E+00
  0.0000000000000000E+00  0.1194801818461165E+00  0.9724414524233439E-01  0.7049473146856472E-02 -0.1209281712766875E+00 -0.2399090851840913E+00 -0.3592177548404170E+00 -0.4603472017979517E+00 -0.5422866668153242E+00 -0.6067698473739458E+00 -0.6727311129723015E+00 -0.7634911847597292E+00 -0.8580949572830570E+00 -0.8759352309097039E+00 -0.7479972066095725E+00 -0.5112466733460366E+00 -0.2772238659680150E+00 -0.1069687852393619E+00 -0.5137272383122730E-02  0.4321113544117666E-01  0.0000000000000000E+00
  0.0000000000000000E+00  0.1646376547416391E+00  0.2048086956907666E+00  0.1659376893795516E+00  0.6751955451487247E-01 -0.3943477708394565E-01 -0.1534622074121503E+00 -0.2599765842874401E+00 -0.3539165224191957E+00 -0.4322006184321607E+00 -0.5052922984677223E+00 -0.6032633501896728E+00 -0.7362803717229436E+00 -0.8442819192177625E+00 -0.8227033276096203E+00 -0.6414289624269629E+00 -0.3928406650556363E+00 -0.1770379069726855E+00 -0.3390773105354581E-01  0.3386840584870483E-01  0.0000000000000000E+00
  0.0000000000000000E+00  0.1742256930840800E+00  0.2739930220910534E+00  0.3049936755009359E+00  0.2563888241843263E+00  0.1766265601565067E+00  0.7950813320007033E-01 -0.2269071006373528E-01 -0.1245347557030755E+00 -0.2211140009819457E+00 -0.3132708274914294E+00 -0.4224249943479757E+00 -0.5746344554852565E+00 -0.7487626232637166E+00 -0.8389879459550639E+00 -0.7523088896490566E+00 -0.5306170381868353E+00 -0.2924709602271261E+00 -0.1076104597414006E+00 -0.9777900300139220E-02  0.0000000000000000E+00
  0.0000000000000000E+00  0.1505458218463127E+00  0.2940294709621775E+00  0.4022492393041253E+00  0.4225033606123073E+00  0.3873429575331817E+00  0.3193404394027701E+00  0.2320215871796326E+00  0.1305415517023022E+00  0.1886061812452999E-01 -0.9885124719100372E-01 -0.2304155334396031E+00 -0.3962286907570010E+00 -0.6103040176708516E+00 -0.7995461817576217E+00 -0.8316772241878255E+00 -0.6727787243209136E+00 -0.4337485574845731E+00 -0.2154206714203992E+00 -0.7842696308936815E-01  0.0000000000000000E+00
  0.0000000000000000E+00  0.1044502089773734E+00  0.2635483966855135E+00  0.4375199056808189E+00  0.5364260501475584E+00  0.5628899969906326E+00  0.5371873742600028E+00  0.4746415075918634E+00  0.3819971136578104E+00  0.2625219942996834E+00  0.1216497358553939E+00 -0.3770250952794427E-01 -0.2179012844238300E+00 -0.4490691109098519E+00 -0.7094427580279328E+00 -0.8688077487692093E+00 -0.8104498776730023E+00 -0.5946510037472885E+00 -0.3551535253461779E+00 -0.1653682984934531E+00  0.0000000000000000E+00
  0.0000000000000000E+00  0.4603814951809790E-01  0.1908772671340842E+00  0.3983072613052897E+00  0.5669460626694834E+00  0.6636935156293042E+00  0.6927354716144872E+00  0.6658639644309416E+00  0.5911505629496608E+00  0.4727517566963641E+00  0.3176817226198966E+00  0.1368538944511319E+00 -0.5372167110536529E-01 -0.2820416925394121E+00 -0.5752267367890159E+00 -0.8480685104668059E+00 -0.9261236199410376E+00 -0.7679656125367775E+00 -0.5236586803893111E+00 -0.2674453891182901E+00  0.0000000000000000E+00
  0.0000000000000000E+00 -0.1739513599841575E-01  0.8951403971727309E-01  0.2861881816283773E+00  0.4938379445011534E+00  0.6525948568981389E+00  0.7412351303034682E+00  0.7589865222766031E+00  0.7114438958615875E+00  0.6047358489290362E+00  0.4505632517971980E+00  0.2673055872798252E+00  0.8208469740532669E-01 -0.1221329591089852E+00 -0.4035783603594960E+00 -0.7497353764324296E+00 -0.9857942972806766E+00 -0.9328669184852992E+00 -0.7115120988788491E+00 -0.3816947406037706E+00  0.0000000000000000E+00
  0.0000000000000000E+00 -0.7286890136122415E-01 -0.2260753148293355E-01  0.1255182440490679E+00  0.3260978916963737E+00  0.5135204485598687E+00  0.6467006994100832E+00  0.7083476295016069E+00  0.6968610093344844E+00  0.6188711370476787E+00  0.4909294914895122E+00  0.3357515049957234E+00  0.1813494123389781E+00  0.2250720670541231E-01 -0.2035026607954029E+00 -0.5556405547876890E+00 -0.9358830338487060E+00 -0.1039895820877109E+01 -0.8929175437012420E+00 -0.4974805449737397E+00  0.0000000000000000E+00
  0.0000000000000000E+00 -0.7628780900063914E-01 -0.7320742675158809E-01  0.1559945849966171E-01  0.1660607852472534E+00  0.3310007388830179E+00  0.4692993110779574E+00  0.5553873997764821E+00  0.5800359554192982E+00  0.5461036088447297E+00  0.4681938059635846E+00  0.3654179297874552E+00  0.2600893127944300E+00  0.1554841357224553E+00  0.1134350911371117E-01 -0.2657742179074309E+00 -0.7148693783924085E+00 -0.9939702651518618E+00 -0.9980258734467300E+00 -0.5759457971809977E+00  0.0000000000000000E+00
  0.0000000000000000E+00  0.2211880896741944E-01  0.8627108100892447E-01  0.1614979232390847E+00  0.2529494063906321E+00  0.3547859561893888E+00  0.4491465238817623E+00  0.5169978587041594E+00  0.5469579374183072E+00  0.5366995341690118E+00  0.4948828972871208E+00  0.4332292939518765E+00  0.3684692926613164E+00  0.3039284297333073E+00  0.2317620047582313E+00  0.8281145600545087E-01 -0.2929562605510262E+00 -0.6562256801052680E+00 -0.8687665161497080E+00 -0.5151879201979628E+00  0.0000000000000000E+00
  0.0000000000000000E+00  0.4262904966692287E+00  0.5524183717029625E+00  0.6114866015946443E+00  0.6365727814861443E+00  0.6550399195980732E+00  0.6721306916371749E+00  0.6820700352523010E+00  0.6787697944031046E+00  0.6593797016872438E+00  0.6280605021781647E+00  0.5884034927044548E+00  0.5511787258513066E+00  0.5124449261496438E+00  0.4882004180099156E+00  0.4419571570982985E+00  0.2965498601831552E+00  0.1220960900680312E+00 -0.1529005309537357E+00 -0.4492034912391112E-01  0.0000000000000000E+00
  0.3000000000000000E+01  0.1743247318959733E+01  0.1429015965900037E+01  0.1327038118455152E+01  0.1343231061932199E+01  0.1389666197395169E+01  0.1432754448970238E+01  0.1470787752947256E+01  0.1510648554208994E+01  0.1558560429107280E+01  0.1610701390752627E+01  0.1668018815838512E+01  0.1714933115107397E+01  0.1766593651284376E+01  0.1767160750728484E+01  0.1756939984710555E+01  0.1817394158899508E+01  0.1977486049690638E+01  0.2589935076711499E+01  0.2619573127173771E+01  0.3000000000000000E+01
