  0.0000000000000000E+00 -0.2675070039272071E-01 -0.1090552696297129E+00 -0.2322610536050728E+00 -0.3688418512816637E+00 -0.5090054775410925E+00 -0.6481399436373666E+00 -0.7710456407160933E+00 -0.8539163924122721E+00 -0.8711670146388037E+00 -0.8141025641892951E+00 -0.6993299189899991E+00 -0.5565796945765296E+00 -0.4112602450290379E+00 -0.2789551021781530E+00 -0.1681681308815569E+00 -0.8236181750591359E-01 -0.2381484722891941E-01  0.8203360782550073E-02  0.7468327905011549E-02  0.0000000000000000E+00
  0.0000000000000000E+00  0.5536685862022250E-02  0.3578842037197492E-01  0.7643240261471630E-01  0.1231043188638235E+00  0.1770347413210237E+00  0.2390524462603851E+00  0.3049951957346486E+00  0.3653045409938367E+00  0.4084715434128261E+00  0.4264665342223422E+00  0.4188158220238576E+00  0.3895724273901938E+00  0.3435879263583432E+00  0.2850952349094947E+00  0.2200074521823007E+00  0.1538920714138448E+00  0.9582989024950178E-01  0.4824235327671931E-01  0.2392346379039787E-01  0.0000000000000000E+00
  0.0000000000000000E+00 -0.1014064280665397E-01 -0.1690008513788092E-02 -0.2963845760923841E-02  0.4711053098068734E-03  0.2209874642197866E-01  0.6901739514378884E-01  0.1439399464878524E+00  0.2419972305692381E+00  0.3542476155996745E+00  0.4652970384777316E+00  0.5571175470815737E+00  0.6121375875940518E+00  0.6195035340459916E+00  0.5763306025503311E+00  0.4918542256653452E+00  0.3793143967356208E+00  0.2636748235195859E+00  0.1529304206127080E+00  0.7923871927620516E-01  0.0000000000000000E+00
  0.0000000000000000E+00 -0.4333908059767325E-01 -0.9591445353088729E-01 -0.1676599829667518E+00 -0.2318909564177864E+00 -0.2632321443879351E+00 -0.2554394790361521E+00 -0.2021848645993845E+00 -0.1091109762976945E+00  0.1835894762150736E-01  0.1644586930799717E+00  0.3108679831076669E+00  0.4357105618276729E+00  0.5207555605947622E+00  0.5526753282199559E+00  0.5290891329029954E+00  0.4519067190500763E+00  0.3446271636402867E+00  0.2166107301974886E+00  0.1122074921666520E+00  0.0000000000000000E+00
  0.0000000000000000E+00 -0.7028435070770271E-01 -0.2123249163450896E+00 -0.3517818186265420E+00 -0.4765259057760861E+00 -0.5502573968771495E+00 -0.5781575106397948E+00 -0.5489513489422132E+00 -0.4724906704232479E+00 -0.3492419258592243E+00 -0.1968664663482050E+00 -0.3181396513209965E-01  0.1230764104052845E+00  0.2503101592947619E+00  0.3372887464965265E+00  0.3770937640341885E+00  0.3620655080128286E+00  0.3034766341332900E+00  0.2018320004431710E+00  0.1093641766247324E+00  0.0000000000000000E+00
  0.0000000000000000E+00 -0.7392950741877895E-01 -0.3083930316449197E+00 -0.4923015638951362E+00 -0.6632777559242259E+00 -0.7700538419723292E+00 -0.8361794732593260E+00 -0.8403856395485740E+00 -0.7959702319590084E+00 -0.6922840408193159E+00 -0.5450658871035252E+00 -0.3684560928437213E+00 -0.1919428141707605E+00 -0.3858417848595436E-01  0.7940497940263809E-01  0.1590455107829463E+00  0.1946991544473517E+00  0.1882908122214212E+00  0.1316526787319356E+00  0.8145771282295984E-01  0.0000000000000000E+00
  0.0000000000000000E+00 -0.5727605058921727E-01 -0.3476091463106756E+00 -0.5466970817820009E+00 -0.7435527172310322E+00 -0.8698949110835752E+00 -0.9689550153507501E+00 -0.1012436007934146E+01 -0.1016839164452035E+01 -0.9595255466374436E+00 -0.8436312214566648E+00 -0.6717848290796949E+00 -0.4746198030614265E+00 -0.2894367851772621E+00 -0.1423500594828009E+00 -0.3688565751628704E-01  0.3064597595396612E-01  0.6258207992729106E-01  0.5130036096832470E-01  0.4496473657919619E-01  0.0000000000000000E+00
  0.0000000000000000E+00 -0.3406310512907973E-01 -0.3221462249537073E+00 -0.5123943773625437E+00 -0.7103891714437189E+00 -0.8396899429054221E+00 -0.9557397095307338E+00 -0.1031843147020830E+01 -0.1088049962140456E+01 -0.1099726819832124E+01 -0.1052741003812816E+01 -0.9268575674230166E+00 -0.7327920561791788E+00 -0.5132044184595201E+00 -0.3202803442446440E+00 -0.1792024282553156E+00 -0.8521103241314397E-01 -0.2670672012077024E-01 -0.1676381011955962E-02  0.2106051693747902E-01  0.0000000000000000E+00
  0.0000000000000000E+00 -0.4168055998544749E-02 -0.2372037332483233E+00 -0.4040861358553173E+00 -0.5843735531932271E+00 -0.7055816239004346E+00 -0.8205299322496343E+00 -0.9099107534492276E+00 -0.9966688678017589E+00 -0.1069920314858455E+01 -0.1111457838412318E+01 -0.1080774303707569E+01 -0.9489757732780765E+00 -0.7317210263942976E+00 -0.4916580629335920E+00 -0.2919470791354981E+00 -0.1537676684294939E+00 -0.6573344652884351E-01 -0.1473635293659187E-01  0.2054561771798504E-01  0.0000000000000000E+00
  0.0000000000000000E+00  0.4232161621462274E-01 -0.1090164568452455E+00 -0.2491349557561375E+00 -0.4089701530491979E+00 -0.5246555580973203E+00 -0.6345423853295508E+00 -0.7234050057737906E+00 -0.8114117621717106E+00 -0.9069782425494198E+00 -0.1009281783132238E+01 -0.1082140871736221E+01 -0.1065571855518110E+01 -0.9222828286033977E+00 -0.6826368721268280E+00 -0.4284207088961652E+00 -0.2249774994444901E+00 -0.8829815289202057E-01 -0.9491743584524832E-02  0.3235044217076321E-01  0.0000000000000000E+00
  0.0000000000000000E+00  0.1069450908430991E+00  0.3769823233829686E-01 -0.7093728593970570E-01 -0.2121538467331881E+00 -0.3284470428497404E+00 -0.4400569584662081E+00 -0.5305830317874556E+00 -0.6101183581808234E+00 -0.6957102757673278E+00 -0.8088148711338432E+00 -0.9429919788412606E+00 -0.1041778844243605E+01 -0.1025532730722011E+01 -0.8616426877496929E+00 -0.6046506215509703E+00 -0.3479209396880079E+00 -0.1500023546656099E+00 -0.2762915179157092E-01  0.3052198375973636E-01  0.0000000000000000E+00
  0.0000000000000000E+00  0.1675855841706402E+00  0.1766125275915186E+00  0.1154763703875465E+00 -0.3254448991354241E-03 -0.1151448768122182E+00 -0.2303943407893914E+00 -0.3290080511486259E+00 -0.4104555403998194E+00 -0.4864614013081628E+00 -0.5842298822217022E+00 -0.7280178480488644E+00 -0.8977182564690049E+00 -0.1009835976320308E+01 -0.9743678824546917E+00 -0.7824633577075737E+00 -0.5165104817218911E+00 -0.2702616875726947E+00 -0.9307833798751441E-01 -0.3772916914862527E-02  0.0000000000000000E+00
  0.0000000000000000E+00  0.1935033552958185E+00  0.2771770069631654E+00  0.2850732791914967E+00  0.2147011235041467E+00  0.1182306200950068E+00  0.1044816324608694E-01 -0.9304326266018502E-01 -0.1858774223001811E+00 -0.2711302723460092E+00 -0.3642895227526308E+00 -0.4952218289627844E+00 -0.6848886896201873E+00 -0.8885249178220133E+00 -0.9942394167190718E+00 -0.9204844182217355E+00 -0.6970534429200251E+00 -0.4318792863246526E+00 -0.2045105945895305E+00 -0.7090844824083382E-01  0.0000000000000000E+00
  0.0000000000000000E+00  0.1786147600976841E+00  0.3210784162203205E+00  0.4129008102281273E+00  0.4135716246892338E+00  0.3594228742648759E+00  0.2745496271300019E+00  0.1761251796886432E+00  0.7366508929736984E-01 -0.3169942794019350E-01 -0.1422809936567295E+00 -0.2707639245553087E+00 -0.4510934806409262E+00 -0.6942541330626942E+00 -0.9188453156832760E+00 -0.9942351312459877E+00 -0.8639667337068384E+00 -0.6147852194034309E+00 -0.3545561068146690E+00 -0.1620018327726278E+00  0.0000000000000000E+00
  0.0000000000000000E+00  0.1324930476522605E+00  0.3003236075100550E+00  0.4690508102549984E+00  0.5558040280501093E+00  0.5663555189333980E+00  0.5227960426045996E+00  0.4440509479951637E+00  0.3414910274518781E+00  0.2191199365898384E+00  0.8350914982935913E-01 -0.5924134449230316E-01 -0.2277014217188049E+00 -0.4656565928865229E+00 -0.7580691684530995E+00 -0.9838370621520982E+00 -0.9953364546318346E+00 -0.8027388546548558E+00 -0.5333472358419945E+00 -0.2690611046300430E+00  0.0000000000000000E+00
  0.0000000000000000E+00  0.6775317079674417E-01  0.2228031071393528E+00  0.4341671362097839E+00  0.5999637828438328E+00  0.6884069245679728E+00  0.7040112728339513E+00  0.6603197961697523E+00  0.5696187592296629E+00  0.4414003947137476E+00  0.2905687569888327E+00  0.1337369828351126E+00 -0.2785545729225824E-01 -0.2360682009454249E+00 -0.5332940705160731E+00 -0.8699299143087031E+00 -0.1057320882665753E+01 -0.9731942269069822E+00 -0.7275188374352585E+00 -0.3869054134069255E+00  0.0000000000000000E+00
  0.0000000000000000E+00 -0.6318896316452229E-02  0.1081219620368108E+00  0.3174846776136507E+00  0.5305453257807762E+00  0.6862481642261201E+00  0.7638104195150732E+00  0.7648525172743438E+00  0.7007691709140852E+00  0.5866843800270750E+00  0.4442137444321689E+00  0.2929402675010387E+00  0.1438740793512999E+00 -0.2548985279190811E-01 -0.2734123852776284E+00 -0.6422816551557554E+00 -0.9977423516461994E+00 -0.1078045187755176E+01 -0.9104586639293021E+00 -0.5043503379332837E+00  0.0000000000000000E+00
  0.0000000000000000E+00 -0.5978634785127782E-01 -0.5438080709430357E-02  0.1576887449571719E+00  0.3641401308684587E+00  0.5482459707871663E+00  0.6720569919179135E+00  0.7229773834761120E+00  0.7058551006302105E+00  0.6347718453782148E+00  0.5309342002314620E+00  0.4116766571168109E+00  0.2902206147447765E+00  0.1610087877503990E+00 -0.9489802210052451E-02 -0.3141811844657347E+00 -0.7584902080053638E+00 -0.1023971465620977E+01 -0.1012818781651522E+01 -0.5822615708383920E+00  0.0000000000000000E+00
  0.0000000000000000E+00 -0.2488690539694059E-01  0.4741141186202062E-01  0.1682041894471039E+00  0.3247337889642486E+00  0.4809444848295104E+00  0.6047184614784911E+00  0.6771310656836487E+00  0.6944108515433495E+00  0.6635190730993243E+00  0.6002109686864743E+00  0.5181123218061433E+00  0.4311068731624072E+00  0.3389517828546276E+00  0.2400998044652684E+00  0.6469559338275246E-01 -0.3151134529111249E+00 -0.6738034728319268E+00 -0.8774657162923734E+00 -0.5184213852616062E+00  0.0000000000000000E+00
  0.0000000000000000E+00  0.4005282540290207E+00  0.5165081042718531E+00  0.5906282133259436E+00  0.6474882726660303E+00  0.7012271658907030E+00  0.7456792024022304E+00  0.7693057127908143E+00  0.7665870713575236E+00  0.7397778373832201E+00  0.6979386307001219E+00  0.6481006003942869E+00  0.5993495810271581E+00  0.5488124138054594E+00  0.5088312341300598E+00  0.4483063141503629E+00  0.2953883070554690E+00  0.1179255879748607E+00 -0.1551621622805036E+00 -0.4506390266048273E-01  0.0000000000000000E+00
  0.3000000000000000E+01  0.1773528332515997E+01  0.1497887099046461E+01  0.1396319549469273E+01  0.1382268970966158E+01  0.1377262987157402E+01  0.1367680854271800E+01  0.1369213927311206E+01  0.1394649637470779E+01  0.1444185560949664E+01  0.1506395076586109E+01  0.1573810520623283E+01  0.1633058130080933E+01  0.1692514541438249E+01  0.1713606102075089E+01  0.1719776650931664E+01  0.1798721625922468E+01  0.1972419763243491E+01  0.2588020770549138E+01  0.2616770322719842E+01  0.3000000000000000E+01
