  0.0000000000000000E+00  0.5553680348761289E-02  0.2065538054268279E-01  0.7275283507659186E-01  0.1415853727470644E+00  0.1991479833227555E+00  0.1989890867006894E+00  0.9826696410882796E-01 -0.9954601801939603E-01 -0.3531169873885105E+00 -0.5953811082759932E+00 -0.7482936211732923E+00 -0.7560763171252349E+00 -0.6355448337780101E+00 -0.4637917201371206E+00 -0.2965025380163147E+00 -0.1571885365253576E+00 -0.5440632327474954E-01  0.7519697981562823E-02  0.1856615232184541E-01  0.0000000000000000E+00
  0.0000000000000000E+00 -0.2360278824773715E-01 -0.6542038640217350E-01 -0.1223083154743022E+00 -0.1808081606427614E+00 -0.2223855703148951E+00 -0.2286521046662473E+00 -0.1810590162130758E+00 -0.8115014563738196E-01  0.5566632365196624E-01  0.2000088343490739E+00  0.3182032165991451E+00  0.3814893613031100E+00  0.3855084598732051E+00  0.3481162627977969E+00  0.2854150389656859E+00  0.2081731885932653E+00  0.1294933912856313E+00  0.6137877479479550E-01  0.2184082616664051E-01  0.0000000000000000E+00
  0.0000000000000000E+00 -0.6525468439445016E-01 -0.1756057786638377E+00 -0.2941721113463147E+00 -0.4008391091812199E+00 -0.4680087276219297E+00 -0.4869672272980524E+00 -0.4449100845303994E+00 -0.3429964549315419E+00 -0.1861180164326118E+00  0.4645394771228531E-02  0.2063160286241429E+00  0.3883917667840950E+00  0.5209805458416055E+00  0.5805570682562701E+00  0.5597425788807431E+00  0.4673310292544383E+00  0.3340738505821442E+00  0.1916560223659493E+00  0.8408863082176694E-01  0.0000000000000000E+00
  0.0000000000000000E+00 -0.8237586917737945E-01 -0.2659788658800794E+00 -0.4219988152193280E+00 -0.5585469253683232E+00 -0.6444180967066380E+00 -0.6862036991385768E+00 -0.6715794362328056E+00 -0.6060323189333202E+00 -0.4858077550817831E+00 -0.3222478657356921E+00 -0.1243214270808455E+00  0.8375393768937660E-01  0.2726166308890934E+00  0.4126626835076981E+00  0.4832473362993846E+00  0.4708433871437204E+00  0.3844332942174377E+00  0.2473236809746041E+00  0.1108417699853510E+00  0.0000000000000000E+00
  0.0000000000000000E+00 -0.7599619046177904E-01 -0.3108389663852363E+00 -0.4829369319663903E+00 -0.6403839115077680E+00 -0.7430869670239382E+00 -0.8117077403652208E+00 -0.8296383756227468E+00 -0.8063315625290252E+00 -0.7309273238635968E+00 -0.6076810283638311E+00 -0.4356474320998718E+00 -0.2349897718896640E+00 -0.3842976686908611E-01  0.1234312769687713E+00  0.2380755595357196E+00  0.2934283540084587E+00  0.2798712789800669E+00  0.1955945270662040E+00  0.9390223872804433E-01  0.0000000000000000E+00
  0.0000000000000000E+00 -0.5902311045041862E-01 -0.3013260125327298E+00 -0.4707622284099748E+00 -0.6348044681399767E+00 -0.7452702973160984E+00 -0.8329698178793058E+00 -0.8793537019228029E+00 -0.8983791489009252E+00 -0.8774924753025911E+00 -0.8131127116385347E+00 -0.6889434659088235E+00 -0.5087326451675901E+00 -0.3080755847951112E+00 -0.1364464785661208E+00 -0.1076461373923477E-01  0.7517223639601972E-01  0.1138688687852661E+00  0.8929465480284335E-01  0.5190939131950111E-01  0.0000000000000000E+00
  0.0000000000000000E+00 -0.3635718817177198E-01 -0.2443467766165566E+00 -0.4014336309699765E+00 -0.5622359945893147E+00 -0.6763805778742976E+00 -0.7763815590949046E+00 -0.8428064654194156E+00 -0.8917693564298012E+00 -0.9166611156391287E+00 -0.9145703516010343E+00 -0.8591586354413934E+00 -0.7251953307563672E+00 -0.5274329456343487E+00 -0.3313926581762204E+00 -0.1891706168757165E+00 -0.9221602022427525E-01 -0.2726570657392126E-01 -0.3258685090117083E-02  0.1179146438724502E-01  0.0000000000000000E+00
  0.0000000000000000E+00 -0.4875073375475162E-03 -0.1486601760401794E+00 -0.2898804006817378E+00 -0.4426088782727268E+00 -0.5595050797602301E+00 -0.6674091891935641E+00 -0.7463842340249213E+00 -0.8101267674591335E+00 -0.8604171629291523E+00 -0.9043749736209250E+00 -0.9218818229917590E+00 -0.8646095027155529E+00 -0.7033840216476435E+00 -0.4839100694691932E+00 -0.2971658315882889E+00 -0.1747813038492486E+00 -0.9228485537774604E-01 -0.3791240505161676E-01  0.2244852879915815E-02  0.0000000000000000E+00
  0.0000000000000000E+00  0.5571363650786353E-01 -0.2756669093030062E-01 -0.1488939228014176E+00 -0.2918394150881093E+00 -0.4116931733257113E+00 -0.5268498457383275E+00 -0.6170727623648340E+00 -0.6889213594366383E+00 -0.7474444094535123E+00 -0.8104948535858908E+00 -0.8796669877934864E+00 -0.9081741287953649E+00 -0.8267556198141026E+00 -0.6251867431175887E+00 -0.3904772585201288E+00 -0.2111056666457179E+00 -0.9445949986972778E-01 -0.2093856515221924E-01  0.2285781370949209E-01  0.0000000000000000E+00
  0.0000000000000000E+00  0.1201192431758550E+00  0.9869096748961817E-01  0.9391264057381461E-02 -0.1181055318710105E+00 -0.2367344438753264E+00 -0.3557719029564694E+00 -0.4567707561278412E+00 -0.5386681251579423E+00 -0.6032751425967157E+00 -0.6696070522179357E+00 -0.7610462588416849E+00 -0.8564526028142065E+00 -0.8750005528803859E+00 -0.7475364655750744E+00 -0.5110969296087733E+00 -0.2771423445219275E+00 -0.1068074762633549E+00 -0.4860815089552713E-02  0.4352398317463612E-01  0.0000000000000000E+00
  0.0000000000000000E+00  0.1646424278496453E+00  0.2055460387717667E+00  0.1677307629202921E+00  0.6995431388535436E-01 -0.3659016549257057E-01 -0.1503055954943722E+00 -0.2566398245663716E+00 -0.3505170924916846E+00 -0.4288946067526564E+00 -0.5023093779807137E+00 -0.6009089716579592E+00 -0.7346815144970287E+00 -0.8433268125591737E+00 -0.8221189098017968E+00 -0.6411296142163684E+00 -0.3927006281943226E+00 -0.1768708183402129E+00 -0.3367757783281641E-01  0.3413463903046304E-01  0.0000000000000000E+00
  0.0000000000000000E+00  0.1736113283381178E+00  0.2738785346511026E+00  0.3059536561058812E+00  0.2581587279317498E+00  0.1788968065897925E+00  0.8212173165552003E-01 -0.1987389220367160E-01 -0.1216397267601135E+00 -0.2182671997112470E+00 -0.3106677725546285E+00 -0.4203523978026762E+00 -0.5732553054199685E+00 -0.7480073362875623E+00 -0.8385173022989540E+00 -0.7520041558586971E+00 -0.5304720241989404E+00 -0.2923792005299305E+00 -0.1075114022343175E+00 -0.9657046054635993E-02  0.0000000000000000E+00
  0.0000000000000000E+00  0.1495394740181497E+00  0.2931288900436834E+00  0.4022137536151213E+00  0.4233445865070808E+00  0.3887854307259325E+00  0.3211674463203250E+00  0.2340721003484000E+00  0.1326921098257395E+00  0.2099362032448289E-01 -0.9689207826655163E-01 -0.2288371211082361E+00 -0.3951840312989089E+00 -0.6098435828909289E+00 -0.7993341459215496E+00 -0.8315148217496886E+00 -0.6726856757686943E+00 -0.4337062099853621E+00 -0.2153818990788743E+00 -0.7838688729530616E-01  0.0000000000000000E+00
  0.0000000000000000E+00  0.1032874407161160E+00  0.2620751726143832E+00  0.4364534683475335E+00  0.5360928791804365E+00  0.5631988676380810E+00  0.5379404355155627E+00  0.4756563157605572E+00  0.3831291532184193E+00  0.2636474882670324E+00  0.1226607866692665E+00 -0.3688059155719709E-01 -0.2173195593945724E+00 -0.4489150744402194E+00 -0.7095077232889352E+00 -0.8688537874355987E+00 -0.8104652778907686E+00 -0.5946728764101115E+00 -0.3551551732573777E+00 -0.1653604676983410E+00  0.0000000000000000E+00
  0.0000000000000000E+00  0.4489709570874086E-01  0.1891553634307855E+00  0.3963837941062126E+00  0.5653557761069162E+00  0.6626136539798362E+00  0.6920986264262019E+00  0.6655208025549932E+00  0.5909535196891761E+00  0.4725867146443586E+00  0.3174957746335241E+00  0.1367181985725129E+00 -0.5370793362450249E-01 -0.2821533206323891E+00 -0.5754808775790941E+00 -0.8482864485658543E+00 -0.9262465930041798E+00 -0.7680527183592215E+00 -0.5237065900392665E+00 -0.2674586193185981E+00  0.0000000000000000E+00
  0.0000000000000000E+00 -0.1836617493248848E-01  0.8784550433809435E-01  0.2837692810030247E+00  0.4911593279219551E+00  0.6500453829819296E+00  0.7389641347446849E+00  0.7569768707491230E+00  0.7096182098906296E+00  0.6030449563115263E+00  0.4490514505665268E+00  0.2661744406871334E+00  0.8153011274949425E-01 -0.1224233680711508E+00 -0.4038686948966468E+00 -0.7500049308305958E+00 -0.9859701886748721E+00 -0.9329841131944051E+00 -0.7115938325188843E+00 -0.3817238637867296E+00  0.0000000000000000E+00
  0.0000000000000000E+00 -0.7345257418445231E-01 -0.2386930375297268E-01  0.1232746848699855E+00  0.3230741818562068E+00  0.5100729655981304E+00  0.6431332603830336E+00  0.7048527678923366E+00  0.6935572418156563E+00  0.6158808039977359E+00  0.4884332033502926E+00  0.3339897597006733E+00  0.1804762678479085E+00  0.2220315630015997E-01 -0.2036661053876581E+00 -0.5558080737160135E+00 -0.9360257821474086E+00 -0.1039993012966757E+01 -0.8930045838438561E+00 -0.4975160878535070E+00  0.0000000000000000E+00
  0.0000000000000000E+00 -0.7622574803750412E-01 -0.7346161632251558E-01  0.1461072334117752E-01  0.1641961663302728E+00  0.3283932653566056E+00  0.4662157818875130E+00  0.5521195029746487E+00  0.5768560371988458E+00  0.5432708850425076E+00  0.4659481088490479E+00  0.3639443413054776E+00  0.2594462069574961E+00  0.1554131278772252E+00  0.1141918955125991E-01 -0.2657412630584289E+00 -0.7149053358581817E+00 -0.9940047612162968E+00 -0.9980868532222993E+00 -0.5759741693743428E+00  0.0000000000000000E+00
  0.0000000000000000E+00  0.2257743242249533E-01  0.8679209428002999E-01  0.1618769010539259E+00  0.2528679973494158E+00  0.3541133160335390E+00  0.4479498491894030E+00  0.5154712887425787E+00  0.5453492113622741E+00  0.5352619843654961E+00  0.4938281987477380E+00  0.4326829294008802E+00  0.3684300798076492E+00  0.3042214839781733E+00  0.2320684212661724E+00  0.8300899148086234E-01 -0.2928892350593634E+00 -0.6561964330714386E+00 -0.8687861508424888E+00 -0.5151992435046295E+00  0.0000000000000000E+00
  0.0000000000000000E+00  0.4265009997784455E+00  0.5528212242503407E+00  0.6119457003269453E+00  0.6369241220414457E+00  0.6551709304729274E+00  0.6720160630557471E+00  0.6817680651946425E+00  0.6783924584294002E+00  0.6590518896976426E+00  0.6278788746901610E+00  0.5884159159789497E+00  0.5513759644370188E+00  0.5127538217159332E+00  0.4884829795211243E+00  0.4421422101345718E+00  0.2966226457881778E+00  0.1221312184459983E+00 -0.1528964862929747E+00 -0.4492214717798106E-01  0.0000000000000000E+00
  0.3000000000000000E+01  0.1743074433087159E+01  0.1428328421529008E+01  0.1326039800073090E+01  0.1342095631225079E+01  0.1388600524614757E+01  0.1431901660022161E+01  0.1470167093158651E+01  0.1510171836074074E+01  0.1558106315272568E+01  0.1610191574677255E+01  0.1667435181464031E+01  0.1714302186496593E+01  0.1765960018830373E+01  0.1766619482702799E+01  0.1756582361077147E+01  0.1817242827576103E+01  0.1977409911590566E+01  0.2589903308036435E+01  0.2619567198029314E+01  0.3000000000000000E+01
