  0.0000000000000000E+00  0.5564379237534667E-02  0.2066422133910106E-01  0.7275037088966707E-01  0.1415654548425306E+00  0.1991082825735192E+00  0.1989343221696953E+00  0.9821155885031752E-01 -0.9959236654646603E-01 -0.3531499313188865E+00 -0.5954016647594513E+00 -0.7483067214524256E+00 -0.7560864042436670E+00 -0.6355548696067385E+00 -0.4638033078071645E+00 -0.2965161199005316E+00 -0.1572039850227697E+00 -0.5442351179766158E-01  0.7503070438661635E-02  0.1855485700844160E-01  0.0000000000000000E+00
  0.0000000000000000E+00 -0.2360620872044690E-01 -0.6541285528765975E-01 -0.1222903461458666E+00 -0.1807794518785422E+00 -0.2223497737013398E+00 -0.2286127952932485E+00 -0.1810237020920976E+00 -0.8112329439249094E-01  0.5568179796237190E-01  0.2000137155515702E+00  0.3182003754094851E+00  0.3814825335258568E+00  0.3855005834549503E+00  0.3481089655628690E+00  0.2854094298122835E+00  0.2081702762406477E+00  0.1294944814153555E+00  0.6138295323797163E-01  0.2184565504115869E-01  0.0000000000000000E+00
  0.0000000000000000E+00 -0.6525424692380602E-01 -0.1755743445238782E+00 -0.2941206675479328E+00 -0.4007729007930959E+00 -0.4679410385305003E+00 -0.4869040637100501E+00 -0.4448595474259752E+00 -0.3429622497239389E+00 -0.1861045374317708E+00  0.4639481895259341E-02  0.2062944047760299E+00  0.3883611963339033E+00  0.5209468807581122E+00  0.5805235888814423E+00  0.5597121695363187E+00  0.4673068436991734E+00  0.3340599324484049E+00  0.1916519301525765E+00  0.8409182213191768E-01  0.0000000000000000E+00
  0.0000000000000000E+00 -0.8238293251262570E-01 -0.2659475840311170E+00 -0.4219571425795270E+00 -0.5584985580242481E+00 -0.6443757161967186E+00 -0.6861665341066102E+00 -0.6715521525518015E+00 -0.6060145229398433E+00 -0.4858035835063466E+00 -0.3222570463706353E+00 -0.1243425660035012E+00  0.8372626474418049E-01  0.2725873833768181E+00  0.4126326562752156E+00  0.4832163116233816E+00  0.4708132753312957E+00  0.3844104453457767E+00  0.2473109081090143E+00  0.1108429217138216E+00  0.0000000000000000E+00
  0.0000000000000000E+00 -0.7600865631582668E-01 -0.3108185122853496E+00 -0.4829158015492320E+00 -0.6403585274466358E+00 -0.7430681498955030E+00 -0.8116895690480544E+00 -0.8296234114526315E+00 -0.8063165651654368E+00 -0.7309167223116023E+00 -0.6076777512146756E+00 -0.4356537588250048E+00 -0.2350020630133777E+00 -0.3844156267406899E-01  0.1234207914658615E+00  0.2380622736405722E+00  0.2934108640423151E+00  0.2798547184060495E+00  0.1955834897878079E+00  0.9390427107077237E-01  0.0000000000000000E+00
  0.0000000000000000E+00 -0.5903932555093611E-01 -0.3013281122362764E+00 -0.4707738879954038E+00 -0.6348180776574694E+00 -0.7452946347736878E+00 -0.8329955885154313E+00 -0.8793787016189446E+00 -0.8983959653202417E+00 -0.8775019294500859E+00 -0.8131196072395386E+00 -0.6889543452473025E+00 -0.5087477279776119E+00 -0.3080862460808031E+00 -0.1364473946298416E+00 -0.1076136097563174E-01  0.7517289029950427E-01  0.1138670410298375E+00  0.8929361464933204E-01  0.5191470871876459E-01  0.0000000000000000E+00
  0.0000000000000000E+00 -0.3637808348154412E-01 -0.2443729799997967E+00 -0.4014748700608668E+00 -0.5622834330585068E+00 -0.6764405078979715E+00 -0.7764431728140531E+00 -0.8428629670615456E+00 -0.8918097612633745E+00 -0.9166813768778429E+00 -0.9145757074455559E+00 -0.8591617099637081E+00 -0.7252053862608941E+00 -0.5274443211375767E+00 -0.3313929067804419E+00 -0.1891586380663775E+00 -0.9220022366203684E-01 -0.2725218132660870E-01 -0.3248772414466742E-02  0.1180059834312775E-01  0.0000000000000000E+00
  0.0000000000000000E+00 -0.5171033936311982E-03 -0.1487071034656035E+00 -0.2899454330861813E+00 -0.4426839404572289E+00 -0.5595959319326570E+00 -0.6675064844313984E+00 -0.7464779756312936E+00 -0.8102028627128023E+00 -0.8604642493570565E+00 -0.9043923452246708E+00 -0.9218826954901178E+00 -0.8646125902679273E+00 -0.7033947838915394E+00 -0.4839170108830267E+00 -0.2971592979206361E+00 -0.1747646578784964E+00 -0.9226674894337694E-01 -0.3789984419004469E-01  0.2252825624346500E-02  0.0000000000000000E+00
  0.0000000000000000E+00  0.5567642908227612E-01 -0.2762316084568062E-01 -0.1489714773648977E+00 -0.2919283118656956E+00 -0.4117988600265704E+00 -0.5269649019118547E+00 -0.6171864568384953E+00 -0.6890201173811011E+00 -0.7475130879734441E+00 -0.8105250642872864E+00 -0.8796665737990071E+00 -0.9081658976036754E+00 -0.8267572315279965E+00 -0.6251960054530652E+00 -0.3904823438070489E+00 -0.2111035346243050E+00 -0.9445340528171804E-01 -0.2093528200986574E-01  0.2285817009667646E-01  0.0000000000000000E+00
  0.0000000000000000E+00  0.1200900405968292E+00  0.9864247370466074E-01  0.9317587788814932E-02 -0.1181906769821738E+00 -0.2368336775006401E+00 -0.3558801633406406E+00 -0.4568802486364121E+00 -0.5387695739926440E+00 -0.6033546135647203E+00 -0.6696501263537026E+00 -0.7610501319411379E+00 -0.8564353951972440E+00 -0.8749872814157743E+00 -0.7475367437906331E+00 -0.5111028538873893E+00 -0.2771496238879230E+00 -0.1068145777152424E+00 -0.4868389482044756E-02  0.4351632627107945E-01  0.0000000000000000E+00
  0.0000000000000000E+00  0.1646358495910782E+00  0.2055209707900309E+00  0.1676777753387303E+00  0.6988973344786230E-01 -0.3666322734722904E-01 -0.1503836951038000E+00 -0.2567193376287982E+00 -0.3505942081230929E+00 -0.4289613894598689E+00 -0.5023523296410919E+00 -0.6009170161518391E+00 -0.7346607767715566E+00 -0.8433006358858453E+00 -0.8221056748925076E+00 -0.6411267207942650E+00 -0.3927037741693401E+00 -0.1768782020074759E+00 -0.3368608654187772E-01  0.3412608293327461E-01  0.0000000000000000E+00
  0.0000000000000000E+00  0.1736273073515818E+00  0.2738827958314599E+00  0.3059321064774304E+00  0.2581256760515994E+00  0.1788607446608832E+00  0.8208641205004993E-01 -0.1990798691595760E-01 -0.1216736627413985E+00 -0.2183000127355548E+00 -0.3106919039992784E+00 -0.4203564944559950E+00 -0.5732338031753003E+00 -0.7479733817448654E+00 -0.8384923420853562E+00 -0.7519913657184282E+00 -0.5304669506298008E+00 -0.2923801144503023E+00 -0.1075149472742903E+00 -0.9661497906935960E-02  0.0000000000000000E+00
  0.0000000000000000E+00  0.1495691520775425E+00  0.2931584777653951E+00  0.4022256708628347E+00  0.4233466049449969E+00  0.3887876568794285E+00  0.3211748362416819E+00  0.2340837139990430E+00  0.1327038387010147E+00  0.2100185368021128E-01 -0.9688587770912473E-01 -0.2288276481151785E+00 -0.3951614861937245E+00 -0.6098077817161771E+00 -0.7993021346786967E+00 -0.8314943746228465E+00 -0.6726739154804537E+00 -0.4337012311303402E+00 -0.2153811255946267E+00 -0.7838774131905334E-01  0.0000000000000000E+00
  0.0000000000000000E+00  0.1033215732307431E+00  0.2621198298471295E+00  0.4364933722317006E+00  0.5361276940485110E+00  0.5632354869143161E+00  0.5379836957821245E+00  0.4757052681286991E+00  0.3831789989142579E+00  0.2636924329760166E+00  0.1226978544491589E+00 -0.3685306517667807E-01 -0.2172943837985556E+00 -0.4488826110961960E+00 -0.7094755502128531E+00 -0.8688300223740947E+00 -0.8104496012750497E+00 -0.5946638723633967E+00 -0.3551513992140884E+00 -0.1653593082509469E+00  0.0000000000000000E+00
  0.0000000000000000E+00  0.4492922017491898E-01  0.1892026802730512E+00  0.3964398186225024E+00  0.5654148280804331E+00  0.6626769468731524E+00  0.6921685494807055E+00  0.6655960884973300E+00  0.5910295911128325E+00  0.4726569462240721E+00  0.3175545309619630E+00  0.1367592587579422E+00 -0.5368131487524644E-01 -0.2821278704660735E+00 -0.5754551255614943E+00 -0.8482651112400637E+00 -0.9262307847004649E+00 -0.7680419941676810E+00 -0.5237009400921064E+00 -0.2674563655159505E+00  0.0000000000000000E+00
  0.0000000000000000E+00 -0.1834034532946716E-01  0.8788628666131786E-01  0.2838274200506529E+00  0.4912290650876956E+00  0.6501236619040290E+00  0.7390496304638029E+00  0.7570666270133770E+00  0.7097071933948905E+00  0.6031259054960612E+00  0.4491171046794503E+00  0.2662173655937822E+00  0.8155240583175077E-01 -0.1224080507460030E+00 -0.4038536902534503E+00 -0.7499909093505324E+00 -0.9859581806075943E+00 -0.9329743892170176E+00 -0.7115877066824016E+00 -0.3817211802322367E+00  0.0000000000000000E+00
  0.0000000000000000E+00 -0.7343775580275777E-01 -0.2384226087104173E-01  0.1233196310881468E+00  0.3231349583404204E+00  0.5101463276442418E+00  0.6432155869930196E+00  0.7049387903080505E+00  0.6936401796686513E+00  0.6159523035331808E+00  0.4884856781861553E+00  0.3340181930725710E+00  0.1804848017370683E+00  0.2220521848055625E-01 -0.2036629697875063E+00 -0.5558033923089585E+00 -0.9360199753613363E+00 -0.1039986512190012E+01 -0.8929993083531654E+00 -0.4975136001303271E+00  0.0000000000000000E+00
  0.0000000000000000E+00 -0.7622702751581095E-01 -0.7345877453448092E-01  0.1462462228366986E-01  0.1642235672831917E+00  0.3284331225317833E+00  0.4662646059810092E+00  0.5521714540301832E+00  0.5769038387517100E+00  0.5433068443715194E+00  0.4659666589783714E+00  0.3639440908773460E+00  0.2594330233756159E+00  0.1553995729758848E+00  0.1141217274729146E-01 -0.2657439692330385E+00 -0.7149054249503684E+00 -0.9940024331283378E+00 -0.9980833823987487E+00 -0.5759724103969521E+00  0.0000000000000000E+00
  0.0000000000000000E+00  0.2256608614729771E-01  0.8677832679111858E-01  0.1618629321434303E+00  0.2528585920753603E+00  0.3541106790978347E+00  0.4479532288905224E+00  0.5154772675981575E+00  0.5453527642404749E+00  0.5352579698294447E+00  0.4938135088140215E+00  0.4326580015193079E+00  0.3684001629858230E+00  0.3041962152503977E+00  0.2320548099247820E+00  0.8300335798187754E-01 -0.2928918656285772E+00 -0.6561971252191970E+00 -0.8687846774228897E+00 -0.5151983492000551E+00  0.0000000000000000E+00
  0.0000000000000000E+00  0.4264944609920554E+00  0.5528095682493401E+00  0.6119312872429702E+00  0.6369093480763206E+00  0.6551574807953731E+00  0.6720044005518532E+00  0.6817573238619306E+00  0.6783808347616138E+00  0.6590374514789178E+00  0.6278606982524126E+00  0.5883943637455267E+00  0.5513534541011217E+00  0.5127338767199496E+00  0.4884704491601200E+00  0.4421362221465677E+00  0.2966202500822888E+00  0.1221302507103189E+00 -0.1528962555929652E+00 -0.4492174071054142E-01  0.0000000000000000E+00
  0.3000000000000000E+01  0.1743082703171131E+01  0.1428349622043098E+01  0.1326069070414519E+01  0.1342130547846399E+01  0.1388638236711715E+01  0.1431940027234963E+01  0.1470205296012366E+01  0.1510210259955633E+01  0.1558145615392692E+01  0.1610231414056783E+01  0.1667474910282728E+01  0.1714339800682458E+01  0.1765994585090549E+01  0.1766643462444422E+01  0.1756594691542174E+01  0.1817247384124557E+01  0.1977412122649846E+01  0.2589904089356006E+01  0.2619566872931569E+01  0.3000000000000000E+01
