  0.0000000000000000E+00  0.5708859697105398E-02  0.2076559375244194E-01  0.7264236848892935E-01  0.1410927496178724E+00  0.1980815413812365E+00  0.1972211835572277E+00  0.9598215912425573E-01 -0.1020280368214810E+00 -0.3554176675861540E+00 -0.5971327296735087E+00 -0.7492329131871428E+00 -0.7561853058601411E+00 -0.6352318246866143E+00 -0.4634363662834703E+00 -0.2962486903927801E+00 -0.1570667073373070E+00 -0.5440941990367310E-01  0.7429131644404868E-02  0.1845898841655760E-01  0.0000000000000000E+00
  0.0000000000000000E+00 -0.2363906822513279E-01 -0.6530554273953426E-01 -0.1220088910518423E+00 -0.1802896038712369E+00 -0.2216295334332441E+00 -0.2276355062646961E+00 -0.1798670875706370E+00 -0.7991301256688427E-01  0.5678697829068805E-01  0.2008640315484023E+00  0.3186922687324694E+00  0.3816080388688815E+00  0.3853990732420614E+00  0.3479152884192396E+00  0.2851944858649589E+00  0.2079811447011406E+00  0.1293764330574108E+00  0.6134436934545673E-01  0.2187437584828247E-01  0.0000000000000000E+00
  0.0000000000000000E+00 -0.6520834497829296E-01 -0.1751510344661608E+00 -0.2933843046665975E+00 -0.3997760619958382E+00 -0.4668070589184959E+00 -0.4856853352368607E+00 -0.4436191035876554E+00 -0.3417670745221338E+00 -0.1850567327140898E+00  0.5459364971698283E-02  0.2068438930102653E+00  0.3886388107465035E+00  0.5209653950395700E+00  0.5803094989742484E+00  0.5593347672020965E+00  0.4668767267661149E+00  0.3337198792685594E+00  0.1914622396807751E+00  0.8408211596140501E-01  0.0000000000000000E+00
  0.0000000000000000E+00 -0.8242322535757649E-01 -0.2655815186412966E+00 -0.4214441120278210E+00 -0.5579102199026278E+00 -0.6438208348217840E+00 -0.6856264851887769E+00 -0.6710287898299674E+00 -0.6054986989047251E+00 -0.4853200716101914E+00 -0.3218282398186047E+00 -0.1239861646889956E+00  0.8400371691205090E-01  0.2727769166927467E+00  0.4126946646207897E+00  0.4831137864383820E+00  0.4705627946388966E+00  0.3841407384222636E+00  0.2471202605485183E+00  0.1108577271571061E+00  0.0000000000000000E+00
  0.0000000000000000E+00 -0.7611236879340920E-01 -0.3106457717770172E+00 -0.4827525617051909E+00 -0.6402079764774881E+00 -0.7429894941427940E+00 -0.8116197691325973E+00 -0.8295373814725190E+00 -0.8061646023959775E+00 -0.7306845968925849E+00 -0.6073762737215556E+00 -0.4353210566979532E+00 -0.2346811123541682E+00 -0.3813589839720203E-01  0.1237040995259244E+00  0.2382650943068874E+00  0.2934740567948823E+00  0.2798294142112578E+00  0.1955492904121413E+00  0.9398085156905078E-01  0.0000000000000000E+00
  0.0000000000000000E+00 -0.5918206480329929E-01 -0.3014467703711972E+00 -0.4710377621645635E+00 -0.6351881023521659E+00 -0.7457963680550601E+00 -0.8335611345008749E+00 -0.8799579063175234E+00 -0.8989095553322073E+00 -0.8778731141979962E+00 -0.8133035755350637E+00 -0.6889557025579788E+00 -0.5086302722357131E+00 -0.3078877606940379E+00 -0.1361627328199070E+00 -0.1042591242501713E-01  0.7546348618792473E-01  0.1140790683459994E+00  0.8944446039624568E-01  0.5206620181916780E-01  0.0000000000000000E+00
  0.0000000000000000E+00 -0.3655717842308715E-01 -0.2447352023752351E+00 -0.4020327332767472E+00 -0.5629698418137764E+00 -0.6772497500891873E+00 -0.7773122391202989E+00 -0.8437370184994549E+00 -0.8926181736615005E+00 -0.9173367284852086E+00 -0.9150133622320907E+00 -0.8593634067620335E+00 -0.7252311442797702E+00 -0.5273575369510155E+00 -0.3311950685680825E+00 -0.1888381603404899E+00 -0.9182516985788389E-01 -0.2691244793461245E-01 -0.3001418561173445E-02  0.1198215403312639E-01  0.0000000000000000E+00
  0.0000000000000000E+00 -0.7655623967227050E-03 -0.1492342670510077E+00 -0.2906841657495505E+00 -0.4435571106755230E+00 -0.5605937312384210E+00 -0.6685869428319737E+00 -0.7475861434341775E+00 -0.8112747193550548E+00 -0.8614019905988599E+00 -0.9051056065199612E+00 -0.9223217134442017E+00 -0.8648205176247808E+00 -0.7034521508113385E+00 -0.4838637792247960E+00 -0.2969849090481970E+00 -0.1744948006411460E+00 -0.9198781933008594E-01 -0.3771130902664831E-01  0.2365315893914065E-02  0.0000000000000000E+00
  0.0000000000000000E+00  0.5537422790783758E-01 -0.2819306001963742E-01 -0.1497742985896609E+00 -0.2928620176773448E+00 -0.4128535996190221E+00 -0.5281061195786928E+00 -0.6183533794307265E+00 -0.6901591096854923E+00 -0.7485373821594604E+00 -0.8113410108667406E+00 -0.8802122711766964E+00 -0.9084770355856053E+00 -0.8269190851374084E+00 -0.6252693773734640E+00 -0.3904757061582279E+00 -0.2110430314757545E+00 -0.9437784181130375E-01 -0.2091171139640767E-01  0.2284459510414200E-01  0.0000000000000000E+00
  0.0000000000000000E+00  0.1198757722982042E+00  0.9818348290164669E-01  0.8579609067777601E-02 -0.1190754917167285E+00 -0.2378371826866072E+00 -0.3569722600309246E+00 -0.4580089016407832E+00 -0.5398928128540227E+00 -0.6043961247503934E+00 -0.6705065234472212E+00 -0.7616323798684781E+00 -0.8567663202659687E+00 -0.8751699939255283E+00 -0.7476599331373434E+00 -0.5111719348444173E+00 -0.2772010670008343E+00 -0.1068800856008663E+00 -0.4960155885512093E-02  0.4341697715206581E-01  0.0000000000000000E+00
  0.0000000000000000E+00  0.1646308588405117E+00  0.2052962203784543E+00  0.1671315793303397E+00  0.6915902336278540E-01 -0.3751254286530453E-01 -0.1513206104801427E+00 -0.2577044675758255E+00 -0.3515922367445233E+00 -0.4299161949898471E+00 -0.5031702039428498E+00 -0.6014862299333450E+00 -0.7349644360876147E+00 -0.8434383498759781E+00 -0.8222068907131973E+00 -0.6412008558243226E+00 -0.3927570217697356E+00 -0.1769471522203772E+00 -0.3377043340643576E-01  0.3403482944683461E-01  0.0000000000000000E+00
  0.0000000000000000E+00  0.1738245324420724E+00  0.2739374756961564E+00  0.3056696863856155E+00  0.2576402150980135E+00  0.1782478349252570E+00  0.8139252021964075E-01 -0.2064830658221570E-01 -0.1224339609572934E+00 -0.2190495805008054E+00 -0.3113639910068706E+00 -0.4208461902918784E+00 -0.5734809690840462E+00 -0.7480330945791813E+00 -0.8385203410782140E+00 -0.7520294866637584E+00 -0.5304939692138952E+00 -0.2924107938603104E+00 -0.1075532667875078E+00 -0.9705849707739076E-02  0.0000000000000000E+00
  0.0000000000000000E+00  0.1498908024892518E+00  0.2934633661359303E+00  0.4022875795316732E+00  0.4231760150712330E+00  0.3884731213974015E+00  0.3207795992159201E+00  0.2336445145671604E+00  0.1322408260297561E+00  0.2053348672520603E-01 -0.9731923302711507E-01 -0.2291606165137583E+00 -0.3953268007597279E+00 -0.6097890310258289E+00 -0.7992388655806617E+00 -0.8314669586497062E+00 -0.6726640890919685E+00 -0.4337000513072077E+00 -0.2153916100723526E+00 -0.7840189001327386E-01  0.0000000000000000E+00
  0.0000000000000000E+00  0.1036884529898534E+00  0.2625956044215972E+00  0.4368708276509434E+00  0.5363226071565215E+00  0.5632821464935119E+00  0.5379391649923347E+00  0.4756111350227248E+00  0.3830596280755774E+00  0.2635638864400128E+00  0.1225776314123036E+00 -0.3695306788534983E-01 -0.2173430287825196E+00 -0.4488016477333715E+00 -0.7093411775921704E+00 -0.8687350671893613E+00 -0.8103972727982228E+00 -0.5946323158926419E+00 -0.3551418894603746E+00 -0.1653591854138226E+00  0.0000000000000000E+00
  0.0000000000000000E+00  0.4528356544374369E-01  0.1897395842780080E+00  0.3970578178643521E+00  0.5659698417386315E+00  0.6631247163875619E+00  0.6925276097927128E+00  0.6658982471828818E+00  0.5913000905254936E+00  0.4729078238238729E+00  0.3177834285016549E+00  0.1369290230547913E+00 -0.5359059445789183E-01 -0.2820073401582178E+00 -0.5752947929616747E+00 -0.8481310631234894E+00 -0.9261477687517417E+00 -0.7679870392651047E+00 -0.5236729875383466E+00 -0.2674472026772166E+00  0.0000000000000000E+00
  0.0000000000000000E+00 -0.1804362594126801E-01  0.8838920347458745E-01  0.2845612728216919E+00  0.4920646195375822E+00  0.6509579510396790E+00  0.7398402012033843E+00  0.7578083195255126E+00  0.7104058833589735E+00  0.6037753453821623E+00  0.4496864156500477E+00  0.2666334984458780E+00  0.8176682045182057E-01 -0.1222786336426518E+00 -0.4037209265493906E+00 -0.7498651632591031E+00 -0.9858704521038149E+00 -0.9329133329530839E+00 -0.7115487635449880E+00 -0.3817062232341289E+00  0.0000000000000000E+00
  0.0000000000000000E+00 -0.7326197856479344E-01 -0.2347600437521405E-01  0.1239684217603894E+00  0.3240182229594571E+00  0.5111722566505027E+00  0.6443011811243382E+00  0.7060229164526949E+00  0.6946758923279251E+00  0.6168874671832227E+00  0.4892541568008925E+00  0.3345436921761103E+00  0.1807347430122589E+00  0.2229472074255635E-01 -0.2036027351602819E+00 -0.5557333817120683E+00 -0.9359575308215961E+00 -0.1039938885705346E+01 -0.8929608374669554E+00 -0.4974971572441226E+00  0.0000000000000000E+00
  0.0000000000000000E+00 -0.7624707162246057E-01 -0.7339788664980233E-01  0.1488672799442987E-01  0.1647316890496804E+00  0.3291565348064909E+00  0.4671319575853515E+00  0.5530977281056927E+00  0.5778039556991512E+00  0.5440969330359129E+00  0.4665715745573902E+00  0.3643117746858417E+00  0.2595606426219788E+00  0.1553831357758335E+00  0.1137795542504502E-01 -0.2657508342217298E+00 -0.7148880987539955E+00 -0.9939824147340524E+00 -0.9980565285365284E+00 -0.5759596711846198E+00  0.0000000000000000E+00
  0.0000000000000000E+00  0.2242601774857625E-01  0.8661455940102376E-01  0.1617278952593239E+00  0.2528419885343247E+00  0.3542525619901050E+00  0.4482381987946421E+00  0.5158514305734265E+00  0.5457439893605720E+00  0.5355913732866293E+00  0.4940284029101339E+00  0.4327231828052898E+00  0.3683277723028849E+00  0.3040539258895447E+00  0.2319409465406964E+00  0.8294152235189843E-01 -0.2929113119666429E+00 -0.6562029646566532E+00 -0.8687743837087826E+00 -0.5151926403900596E+00  0.0000000000000000E+00
  0.0000000000000000E+00  0.4264260911224415E+00  0.5526804453913822E+00  0.6117789838213480E+00  0.6367792730744843E+00  0.6550819678892881E+00  0.6719920462961175E+00  0.6817929987138799E+00  0.6784335846113905E+00  0.6590722043319244E+00  0.6278512736635589E+00  0.5883293443861964E+00  0.5512408755032584E+00  0.5126005931586493E+00  0.4883639709997387E+00  0.4420729175791763E+00  0.2965959546346586E+00  0.1221197092024692E+00 -0.1528962473726088E+00 -0.4492022545633712E-01  0.0000000000000000E+00
  0.3000000000000000E+01  0.1743147744381252E+01  0.1428573223226877E+01  0.1326390943795280E+01  0.1342504169310872E+01  0.1389006658322241E+01  0.1432262059906289E+01  0.1470472434431787E+01  0.1510443235526401E+01  0.1558374760290856E+01  0.1610474581919457E+01  0.1667735149646700E+01  0.1714605145793110E+01  0.1766252146413597E+01  0.1766849033541481E+01  0.1756722769614369E+01  0.1817300824129381E+01  0.1977437907735939E+01  0.2589914358409044E+01  0.2619568035978951E+01  0.3000000000000000E+01
