  0.0000000000000000E+00  0.5553682044563898E-02  0.2065541166642812E-01  0.7275291609187751E-01  0.1415855277659896E+00  0.1991482631547172E+00  0.1989895427415668E+00  0.9826757823324478E-01 -0.9954531651327525E-01 -0.3531163020389892E+00 -0.5953805568275395E+00 -0.7482933085768351E+00 -0.7560762756873332E+00 -0.6355449447078469E+00 -0.4637918611222732E+00 -0.2965026606325346E+00 -0.1571886276033394E+00 -0.5440638174446610E-01  0.7519670375308984E-02  0.1856615068095194E-01  0.0000000000000000E+00
  0.0000000000000000E+00 -0.2360279871322117E-01 -0.6542041459689674E-01 -0.1223083685645944E+00 -0.1808082423203942E+00 -0.2223856992912026E+00 -0.2286522997237285E+00 -0.1810592757783667E+00 -0.8115044343332938E-01  0.5566602632216137E-01  0.2000085858205352E+00  0.3182030566850675E+00  0.3814893051426166E+00  0.3855084711323737E+00  0.3481163029323476E+00  0.2854150906708265E+00  0.2081732419552441E+00  0.1294934354709396E+00  0.6137880310942206E-01  0.2184083145465438E-01  0.0000000000000000E+00
  0.0000000000000000E+00 -0.6525471409509963E-01 -0.1756058321242621E+00 -0.2941721896019058E+00 -0.4008391991951930E+00 -0.4680088347188907E+00 -0.4869673564296187E+00 -0.4449102491018553E+00 -0.3429966468132634E+00 -0.1861182230725052E+00  0.4645200634066130E-02  0.2063158614783674E+00  0.3883916397405164E+00  0.5209804686892743E+00  0.5805570476747696E+00  0.5597426113799450E+00  0.4673310982623929E+00  0.3340739246683528E+00  0.1916560797035751E+00  0.8408864504491508E-01  0.0000000000000000E+00
  0.0000000000000000E+00 -0.8237588771627126E-01 -0.2659788687851061E+00 -0.4219988024013023E+00 -0.5585468783605282E+00 -0.6444180353886412E+00 -0.6862036309267504E+00 -0.6715793857619204E+00 -0.6060322870897288E+00 -0.4858077543132731E+00 -0.3222478890378250E+00 -0.1243214770014459E+00  0.8375386759467256E-01  0.2726165473054994E+00  0.4126626034221493E+00  0.4832472830557620E+00  0.4708433759693447E+00  0.3844333110019838E+00  0.2473237066450344E+00  0.1108417664511237E+00  0.0000000000000000E+00
  0.0000000000000000E+00 -0.7599620777102960E-01 -0.3108389210788419E+00 -0.4829368523188963E+00 -0.6403837823306079E+00 -0.7430868261575653E+00 -0.8117075883799342E+00 -0.8296382390854434E+00 -0.8063314425040784E+00 -0.7309272446431007E+00 -0.6076809915448482E+00 -0.4356474381765462E+00 -0.2349898063424546E+00 -0.3842982605791278E-01  0.1234311919312018E+00  0.2380754647738959E+00  0.2934282773031356E+00  0.2798712282821076E+00  0.1955944975599871E+00  0.9390221385883016E-01  0.0000000000000000E+00
  0.0000000000000000E+00 -0.5902313386718010E-01 -0.3013259426816348E+00 -0.4707621205939545E+00 -0.6348043058443001E+00 -0.7452701254059415E+00 -0.8329696215923158E+00 -0.8793534995811433E+00 -0.8983789358967492E+00 -0.8774922848383813E+00 -0.8131125685802955E+00 -0.6889433879033718E+00 -0.5087326186158093E+00 -0.3080755933190931E+00 -0.1364465251218162E+00 -0.1076469621239941E-01  0.7517214216382828E-01  0.1138687819425298E+00  0.8929458826987753E-01  0.5190934689089836E-01  0.0000000000000000E+00
  0.0000000000000000E+00 -0.3635722608942779E-01 -0.2443467253503455E+00 -0.4014335551096234E+00 -0.5622358806643087E+00 -0.6763804732298242E+00 -0.7763814382320311E+00 -0.8428063291407358E+00 -0.8917691842477173E+00 -0.9166609277176927E+00 -0.9145701817043372E+00 -0.8591585180693138E+00 -0.7251952674669042E+00 -0.5274329178016802E+00 -0.3313926626522886E+00 -0.1891706619996845E+00 -0.9221609371638029E-01 -0.2726578855184407E-01 -0.3258750957392169E-02  0.1179142019555080E-01  0.0000000000000000E+00
  0.0000000000000000E+00 -0.4875658602486154E-03 -0.1486601697646055E+00 -0.2898803844620410E+00 -0.4426088416554128E+00 -0.5595050669565436E+00 -0.6674091691874944E+00 -0.7463841913021881E+00 -0.8101266684547979E+00 -0.8604170095762440E+00 -0.9043747995184355E+00 -0.9218816770746658E+00 -0.8646094053524774E+00 -0.7033839611431874E+00 -0.4839100351968166E+00 -0.2971658321225309E+00 -0.1747813324852932E+00 -0.9228489716302771E-01 -0.3791243734373110E-01  0.2244832850986761E-02  0.0000000000000000E+00
  0.0000000000000000E+00  0.5571355392625477E-01 -0.2756673330535965E-01 -0.1488939674461667E+00 -0.2918394504387155E+00 -0.4116932403223574E+00 -0.5268499176824438E+00 -0.6170728173993295E+00 -0.6889213580291204E+00 -0.7474443334318894E+00 -0.8104947217783649E+00 -0.8796668508979351E+00 -0.9081740209664252E+00 -0.8267555405223637E+00 -0.6251866801166234E+00 -0.3904772231041260E+00 -0.2111056546951661E+00 -0.9445949778825595E-01 -0.2093856085942290E-01  0.2285781965292715E-01  0.0000000000000000E+00
  0.0000000000000000E+00  0.1201191543941059E+00  0.9869089576494576E-01  0.9391180865993057E-02 -0.1181056054497688E+00 -0.2367345411906113E+00 -0.3557720069350131E+00 -0.4567708485576487E+00 -0.5386681741245324E+00 -0.6032751225127779E+00 -0.6696069651631688E+00 -0.7610461467457403E+00 -0.8564525051363872E+00 -0.8750004764843597E+00 -0.7475363922235017E+00 -0.5110968723346647E+00 -0.2771423125832077E+00 -0.1068074546803449E+00 -0.4860796518271641E-02  0.4352399897541564E-01  0.0000000000000000E+00
  0.0000000000000000E+00  0.1646423623424150E+00  0.2055459669791565E+00  0.1677306731440088E+00  0.6995424141860865E-01 -0.3659023827618622E-01 -0.1503056611983533E+00 -0.2566398773487092E+00 -0.3505171205935425E+00 -0.4288945926576178E+00 -0.5023093136461659E+00 -0.6009088826355872E+00 -0.7346814349897194E+00 -0.8433267556493301E+00 -0.8221188486543357E+00 -0.6411295503917255E+00 -0.3927005865790746E+00 -0.1768707930538620E+00 -0.3367756089720729E-01  0.3413465166790074E-01  0.0000000000000000E+00
  0.0000000000000000E+00  0.1736112978960532E+00  0.2738784834739559E+00  0.3059535831605558E+00  0.2581586800028425E+00  0.1788967867888732E+00  0.8212174197876596E-01 -0.1987386049394343E-01 -0.1216396838983081E+00 -0.2182671454400369E+00 -0.3106677011706299E+00 -0.4203523216645603E+00 -0.5732552437091994E+00 -0.7480073052964687E+00 -0.8385172708000259E+00 -0.7520041051825682E+00 -0.5304719809928908E+00 -0.2923791746038735E+00 -0.1075113864465580E+00 -0.9657036737972757E-02  0.0000000000000000E+00
  0.0000000000000000E+00  0.1495394716751200E+00  0.2931288640633528E+00  0.4022137036541594E+00  0.4233445627843783E+00  0.3887854552789789E+00  0.3211675225868499E+00  0.2340722107719281E+00  0.1326922281321535E+00  0.2099372769656265E-01 -0.9689198649107549E-01 -0.2288370517013982E+00 -0.3951839853803840E+00 -0.6098435767624450E+00 -0.7993341509289293E+00 -0.8315148002673276E+00 -0.6726856423805143E+00 -0.4337061877765946E+00 -0.2153818830799630E+00 -0.7838687874574737E-01  0.0000000000000000E+00
  0.0000000000000000E+00  0.1032874534367034E+00  0.2620751647618842E+00  0.4364534340868504E+00  0.5360928627473034E+00  0.5631989028078807E+00  0.5379405319735067E+00  0.4756564553304885E+00  0.3831293024999224E+00  0.2636476152304655E+00  0.1226608766687170E+00 -0.3688054239821002E-01 -0.2173195347388387E+00 -0.4489150894861523E+00 -0.7095077617367557E+00 -0.8688538025899090E+00 -0.8104652634041632E+00 -0.5946728634250817E+00 -0.3551551606569125E+00 -0.1653604604335542E+00  0.0000000000000000E+00
  0.0000000000000000E+00  0.4489711230942296E-01  0.1891553632253409E+00  0.3963837643946421E+00  0.5653557471567040E+00  0.6626136621374787E+00  0.6920986879946619E+00  0.6655209049241468E+00  0.5909536316392180E+00  0.4725868010559746E+00  0.3174958166728815E+00  0.1367181978795464E+00 -0.5370794427650906E-01 -0.2821533532878688E+00 -0.5754809372110907E+00 -0.8482864969204670E+00 -0.9262466015452522E+00 -0.7680527166056141E+00 -0.5237065841960742E+00 -0.2674586145299381E+00  0.0000000000000000E+00
  0.0000000000000000E+00 -0.1836616148911469E-01  0.8784550551215847E-01  0.2837692508769309E+00  0.4911592760810732E+00  0.6500453384871819E+00  0.7389641180501763E+00  0.7569768782269531E+00  0.7096182197633343E+00  0.6030449407514685E+00  0.4490513970504320E+00  0.2661743618208732E+00  0.8153005289000059E-01 -0.1224234153159543E+00 -0.4038687575249748E+00 -0.7500049968527015E+00 -0.9859702179166485E+00 -0.9329841213585736E+00 -0.7115938334393687E+00 -0.3817238619445922E+00  0.0000000000000000E+00
  0.0000000000000000E+00 -0.7345256542013112E-01 -0.2386929734850770E-01  0.1232746641820978E+00  0.3230741226059516E+00  0.5100728792835926E+00  0.6431331639619662E+00  0.7048526665478489E+00  0.6935571289639492E+00  0.6158806689621699E+00  0.4884330490148564E+00  0.3339896086837225E+00  0.1804761642461117E+00  0.2220310144851136E-01 -0.2036661525070818E+00 -0.5558081335315797E+00 -0.9360258216794013E+00 -0.1039993027552706E+01 -0.8930045890223879E+00 -0.4975160885687664E+00  0.0000000000000000E+00
  0.0000000000000000E+00 -0.7622574016068387E-01 -0.7346159935587704E-01  0.1461072904677002E-01  0.1641961396488603E+00  0.3283931996383742E+00  0.4662156824116995E+00  0.5521193759407357E+00  0.5768558863840866E+00  0.5432707145512675E+00  0.4659479320038623E+00  0.3639441814827303E+00  0.2594460977314726E+00  0.1554130796927882E+00  0.1141916875212418E-01 -0.2657412954031901E+00 -0.7149053693208750E+00 -0.9940047767398210E+00 -0.9980868590871185E+00 -0.5759741712537236E+00  0.0000000000000000E+00
  0.0000000000000000E+00  0.2257743793206834E-01  0.8679210700632065E-01  0.1618769200766358E+00  0.2528680077036344E+00  0.3541133031662995E+00  0.4479498068801523E+00  0.5154712172024514E+00  0.5453491145315733E+00  0.5352618698662297E+00  0.4938280802046873E+00  0.4326828248398220E+00  0.3684300091455524E+00  0.3042214580247374E+00  0.2320684235840678E+00  0.8300899004117586E-01 -0.2928892492218518E+00 -0.6561964429622885E+00 -0.8687861541965888E+00 -0.5151992441428662E+00  0.0000000000000000E+00
  0.0000000000000000E+00  0.4265010009700161E+00  0.5528212306274214E+00  0.6119457124732796E+00  0.6369241345463061E+00  0.6551709358735887E+00  0.6720160559701895E+00  0.6817680438697316E+00  0.6783924244461080E+00  0.6590518475570092E+00  0.6278788311870105E+00  0.5884158786005247E+00  0.5513759405796042E+00  0.5127538148907469E+00  0.4884829868058257E+00  0.4421422186289531E+00  0.2966226465464244E+00  0.1221312169735665E+00 -0.1528964866529670E+00 -0.4492214628204085E-01  0.0000000000000000E+00
  0.3000000000000000E+01  0.1743074435022020E+01  0.1428328415124057E+01  0.1326039782656797E+01  0.1342095604064716E+01  0.1388600495545534E+01  0.1431901638969584E+01  0.1470167085593257E+01  0.1510171841193249E+01  0.1558106327195202E+01  0.1610191586643656E+01  0.1667435189038248E+01  0.1714302187406740E+01  0.1765960013352497E+01  0.1766619463166591E+01  0.1756582334154317E+01  0.1817242811138875E+01  0.1977409906117012E+01  0.2589903305762312E+01  0.2619567194703256E+01  0.3000000000000000E+01
