  0.0000000000000000E+00  0.0000000000000000E+00  0.0000000000000000E+00  0.0000000000000000E+00  0.0000000000000000E+00  0.0000000000000000E+00  0.0000000000000000E+00  0.0000000000000000E+00  0.0000000000000000E+00  0.0000000000000000E+00  0.0000000000000000E+00  0.0000000000000000E+00  0.0000000000000000E+00  0.0000000000000000E+00  0.0000000000000000E+00  0.0000000000000000E+00  0.0000000000000000E+00  0.0000000000000000E+00  0.0000000000000000E+00  0.0000000000000000E+00  0.0000000000000000E+00
  0.3806097590712684E-01 -0.1558603820101561E-01 -0.8697138695919992E-02  0.2239920197203898E-02 -0.8763086756612630E-02 -0.3819018341521198E-01 -0.6834430533149675E-01 -0.8152306395612778E-01 -0.8110165518332410E-01 -0.7416196021675649E-01 -0.6190399319486291E-01 -0.3141018641661110E-01  0.2644648489120425E-01  0.9324122349718554E-01  0.1334472663906252E+00  0.1326410580328442E+00  0.9866398651541425E-01  0.4574224843180807E-01 -0.5977712769477376E-02 -0.2497083383682486E-01  0.6893478874099722E-01
  0.1532737755314387E-02  0.1721278600217417E-01  0.5317109576183690E-01  0.7178906089224375E-01  0.4306380320065289E-01 -0.2495053561722046E-01 -0.1160477739830012E+00 -0.2058257708013379E+00 -0.2791106626240974E+00 -0.3162560590688715E+00 -0.3030592063674726E+00 -0.2270941263455516E+00 -0.1022359541064528E+00  0.3534975564254546E-01  0.1444961532769745E+00  0.1998227708574950E+00  0.1966373236677967E+00  0.1457304933557280E+00  0.7157924815002102E-01  0.1104793604093671E-01  0.3843544002721088E-01
 -0.1541914032645873E+00  0.1092026925710086E+00  0.1734166744484386E+00  0.1818503972111105E+00  0.1177760255579225E+00  0.4417844381467945E-02 -0.1368992189174430E+00 -0.2777590611990380E+00 -0.4030026862946864E+00 -0.4868014991402961E+00 -0.5101194378693445E+00 -0.4498101677005351E+00 -0.3102683952448339E+00 -0.1254385422308239E+00  0.5537045818248260E-01  0.1932027976134865E+00  0.2643424276832594E+00  0.2593619110418925E+00  0.1927605880151901E+00  0.1031310496864761E+00 -0.1166325610442383E+00
 -0.4001722043456381E+00  0.2449824511401318E+00  0.3347751490747574E+00  0.3164909558379317E+00  0.2108080037206450E+00  0.5099039191769281E-01 -0.1414364202618782E+00 -0.3355692039164127E+00 -0.5158552300073375E+00 -0.6500351015867816E+00 -0.7140499550576155E+00 -0.6761921851689550E+00 -0.5338699809347933E+00 -0.3205145253514445E+00 -0.9212298006279417E-01  0.1091414317684829E+00  0.2543117562180076E+00  0.3165001716460017E+00  0.2907422768133269E+00  0.1946058682378536E+00 -0.2930753279002340E+00
 -0.6599564311428623E+00  0.3912758455817639E+00  0.5138711056024294E+00  0.4643258266645167E+00  0.3225469640024112E+00  0.1261963743060927E+00 -0.1035944767199981E+00 -0.3359070494694272E+00 -0.5592215100528782E+00 -0.7433502053049300E+00 -0.8628153098893195E+00 -0.8738883452246308E+00 -0.7514084767303799E+00 -0.5199753989691859E+00 -0.2535347547848315E+00 -0.9951326755688343E-02  0.1870919010271843E+00  0.3099315285194781E+00  0.3334501035874913E+00  0.2352182791394340E+00 -0.3722047338308108E+00
 -0.8567256955882483E+00  0.5139084388129297E+00  0.6849996208505407E+00  0.6092339099748996E+00  0.4365941676238966E+00  0.2090790007928054E+00 -0.5108982100123916E-01 -0.3122523042969595E+00 -0.5648420206413423E+00 -0.7848007813491168E+00 -0.9549004156827388E+00 -0.1031973174514089E+01 -0.9628806514187530E+00 -0.7355829315350478E+00 -0.4286581011988887E+00 -0.1412897984221204E+00  0.9226121347843561E-01  0.2569933792160993E+00  0.3167567110712081E+00  0.2185022735106917E+00 -0.3387501094608669E+00
 -0.9361063959303455E+00  0.5889100252299228E+00  0.8306236797594226E+00  0.7445114004573014E+00  0.5503624339970627E+00  0.3003624177179991E+00  0.1795945237261887E-01 -0.2642479627480014E+00 -0.5341613525382402E+00 -0.7718494699227573E+00 -0.9733440358582540E+00 -0.1115947433251063E+01 -0.1135923377771780E+01 -0.9651196146753193E+00 -0.6395475497275867E+00 -0.2956881829496089E+00 -0.1938020834099503E-01  0.1737523931377148E+00  0.2559337778050975E+00  0.1737961912796621E+00 -0.2654547960338889E+00
 -0.8780732926299847E+00  0.6064160142647401E+00  0.9411747501642357E+00  0.8670138034700859E+00  0.6607837722873384E+00  0.3944648251266534E+00  0.9255894343409291E-01 -0.2111075840183859E+00 -0.4966598317068903E+00 -0.7399229522888108E+00 -0.9439943549541369E+00 -0.1120313564100802E+01 -0.1231512899219964E+01 -0.1170606361288941E+01 -0.8886529843057592E+00 -0.5033417225892640E+00 -0.1658720746582576E+00  0.6775611927911893E-01  0.1769148999201008E+00  0.1286778687499089E+00 -0.2091187063296259E+00
 -0.7133114816937893E+00  0.5735779718906834E+00  0.1007422433978261E+01  0.9721852214015837E+00  0.7663668381043021E+00  0.4920141547226832E+00  0.1765632024877763E+00 -0.1472861120936958E+00 -0.4520018745467740E+00 -0.7030629629548265E+00 -0.8951857932740463E+00 -0.1065753285677879E+01 -0.1233289632495885E+01 -0.1298561597404271E+01 -0.1128197003174917E+01 -0.7592656758037898E+00 -0.3680239196412628E+00 -0.7128369159181983E-01  0.8975544724043762E-01  0.9247603928503416E-01 -0.1876726706146649E+00
 -0.5108377214649569E+00  0.5094449450977605E+00  0.1017497113828325E+01  0.1048326591581854E+01  0.8604944587825739E+00  0.5874561540736494E+00  0.2666838103065621E+00 -0.7127256076281398E-01 -0.3947609606371023E+00 -0.6601046445853680E+00 -0.8430489617467058E+00 -0.9830885540005451E+00 -0.1157990350565809E+01 -0.1325052566969701E+01 -0.1303055502199630E+01 -0.1018487756359876E+01 -0.6140425032970335E+00 -0.2544365505897578E+00 -0.1862699836545477E-01  0.5283335962555501E-01 -0.1771270772421198E+00
 -0.3176639622997354E+00  0.4255813651384517E+00  0.9590801331156199E+00  0.1073580128038613E+01  0.9270801144762971E+00  0.6686536954167346E+00  0.3535384235871557E+00  0.1334167220950107E-01 -0.3193092183198269E+00 -0.5978661792599000E+00 -0.7807236039813347E+00 -0.8874012140629119E+00 -0.1030334436243894E+01 -0.1252124266668724E+01 -0.1379874482739051E+01 -0.1234537226775553E+01 -0.8730508040889997E+00 -0.4768420981956107E+00 -0.1620972212586529E+00 -0.6960975663550930E-02 -0.1412142942680001E+00
 -0.1528923110713725E+00  0.3280115017952502E+00  0.8311421943143782E+00  0.1029710654771745E+01  0.9492645256363853E+00  0.7231752395729699E+00  0.4255616245533134E+00  0.9607422324662293E-01 -0.2311255376534093E+00 -0.5114609042441720E+00 -0.6958427110948162E+00 -0.7787334702311420E+00 -0.8720020228520540E+00 -0.1097182178777916E+01 -0.1344894905167956E+01 -0.1370568895719749E+01 -0.1111659326048341E+01 -0.7233273684527285E+00 -0.3459345235628967E+00 -0.9255888577754864E-01 -0.6825786623025076E-01
 -0.2214171536288445E-01  0.2226464470998813E+00  0.6457976259367595E+00  0.9028822331690932E+00  0.9034783570201375E+00  0.7324335346579672E+00  0.4700656170617809E+00  0.1666562924859231E+00 -0.1391365155061103E+00 -0.4047138756308063E+00 -0.5819723893774909E+00 -0.6500304069639384E+00 -0.6964295264800728E+00 -0.8854786861370808E+00 -0.1201398302664057E+01 -0.1399489670455837E+01 -0.1296219867441314E+01 -0.9692825314822909E+00 -0.5639086656269234E+00 -0.2018647070655101E+00  0.4168545556960690E-01
  0.7542694606304673E-01  0.1203585744302805E+00  0.4365026693538884E+00  0.7074982490115399E+00  0.7833623164494036E+00  0.6842230562260664E+00  0.4763972306773464E+00  0.2159635962009724E+00 -0.5255640487623419E-01 -0.2868463658668665E+00 -0.4437396943531722E+00 -0.5000064599112892E+00 -0.5134702954584410E+00 -0.6458888439823962E+00 -0.9681304105287305E+00 -0.1303368198737660E+01 -0.1390820337010493E+01 -0.1182763682207073E+01 -0.7978289773474451E+00 -0.3303655507726818E+00  0.1932676749706003E+00
  0.1345810003184003E+00  0.3448973368174441E-01  0.2380502013636335E+00  0.4689192711465942E+00  0.5874934788422020E+00  0.5623826747140753E+00  0.4273287622499921E+00  0.2304318396077680E+00  0.1729721235414647E-01 -0.1704164063375977E+00 -0.2953647997839504E+00 -0.3395167007105648E+00 -0.3366278384950841E+00 -0.4105503836897851E+00 -0.6803927105548613E+00 -0.1080653214627417E+01 -0.1357543750863177E+01 -0.1322003224154301E+01 -0.1017476177400823E+01 -0.4720371751579381E+00  0.3986353480729912E+00
  0.1221397021165658E+00 -0.9218893168432192E-02  0.9448302261126923E-01  0.2476822011680949E+00  0.3600294463376963E+00  0.3834745834958562E+00  0.3202217315509254E+00  0.1984263909235252E+00  0.5457350016093062E-01 -0.7541183769476929E-01 -0.1618154971646258E+00 -0.1930203651610943E+00 -0.1863802903781770E+00 -0.2134404299990324E+00 -0.3890893271176536E+00 -0.7561711724721012E+00 -0.1167656552366294E+01 -0.1336611000740013E+01 -0.1180630097607314E+01 -0.6204439658363923E+00  0.6807017999018632E+00
  0.2724776947838750E-01 -0.6792844823381406E-02  0.6869235008243285E-02  0.7177600125863765E-01  0.1460685899393982E+00  0.1852054806371736E+00  0.1735390423092488E+00  0.1197592819579210E+00  0.4540145829981308E-01 -0.2513303075168442E-01 -0.7242365257873626E-01 -0.8925722363581881E-01 -0.8303492626054369E-01 -0.8159638372660377E-01 -0.1544134942566870E+00 -0.3928872490722414E+00 -0.8238871324535977E+00 -0.1174753774091330E+01 -0.1224292899187329E+01 -0.7675357118438034E+00  0.1078314236344081E+01
 -0.1672547842813679E+00  0.4572433433367974E-01 -0.3008178128032871E-01 -0.3577842568212936E-01 -0.1236899898483443E-02  0.3215501083967039E-01  0.4497938000688201E-01  0.3530525172867309E-01  0.1160715951173749E-01 -0.1385394421778721E-01 -0.3095111590298511E-01 -0.3484721484331071E-01 -0.2857802759043268E-01 -0.1739295808264551E-01 -0.2269487725653320E-01 -0.9367324521180490E-01 -0.4051203928029066E+00 -0.8201112739060431E+00 -0.1049423895438732E+01 -0.8464139589550171E+00  0.1489817981426319E+01
  0.4136422924994081E+00 -0.2192120461579102E+00 -0.2439938459743223E+00 -0.1776864456673739E+00 -0.1115440077500645E+00 -0.6318543484268738E-01 -0.3315079108563172E-01 -0.1833346141762307E-01 -0.1375923783977924E-01 -0.1339558153586382E-01 -0.1232759706916388E-01 -0.7448425021164063E-02 -0.2780506073078336E-03  0.9299431029177489E-02  0.1166629949718336E-01  0.9984450833525759E-02 -0.1327378448550618E+00 -0.3904428470236155E+00 -0.5667525881542659E+00 -0.5440881722118642E+00  0.1065511928481327E+01
  0.0000000000000000E+00  0.0000000000000000E+00  0.0000000000000000E+00  0.0000000000000000E+00  0.0000000000000000E+00  0.0000000000000000E+00  0.0000000000000000E+00  0.0000000000000000E+00  0.0000000000000000E+00  0.0000000000000000E+00  0.0000000000000000E+00  0.0000000000000000E+00  0.0000000000000000E+00  0.0000000000000000E+00  0.0000000000000000E+00  0.0000000000000000E+00  0.0000000000000000E+00  0.0000000000000000E+00  0.0000000000000000E+00  0.0000000000000000E+00  0.0000000000000000E+00
