  0.0000000000000000E+00  0.0000000000000000E+00  0.0000000000000000E+00  0.0000000000000000E+00  0.0000000000000000E+00  0.0000000000000000E+00  0.0000000000000000E+00  0.0000000000000000E+00  0.0000000000000000E+00  0.0000000000000000E+00  0.0000000000000000E+00  0.0000000000000000E+00  0.0000000000000000E+00  0.0000000000000000E+00  0.0000000000000000E+00  0.0000000000000000E+00  0.0000000000000000E+00  0.0000000000000000E+00  0.0000000000000000E+00  0.0000000000000000E+00  0.0000000000000000E+00
  0.3761568770345951E-01 -0.1643902867124020E-01 -0.1170139831026111E-01 -0.3106914246597710E-02 -0.1544242560124979E-01 -0.4448478035938550E-01 -0.7293922909129370E-01 -0.8481092261284695E-01 -0.8408760121021826E-01 -0.7712656083914031E-01 -0.6409318993696614E-01 -0.3171315867736948E-01  0.2790938362051587E-01  0.9427366311539712E-01  0.1326487530889639E+00  0.1303724539832725E+00  0.9588310598856266E-01  0.4332139275065710E-01 -0.7317322356634427E-02 -0.2528045037242617E-01  0.6852402876064406E-01
  0.2501363009309025E-02  0.1516218488421936E-01  0.4798791766196711E-01  0.6411552251008855E-01  0.3456830613461340E-01 -0.3254589151834818E-01 -0.1213901722153429E+00 -0.2083436732212750E+00 -0.2785365009634932E+00 -0.3123290849630310E+00 -0.2957529865619833E+00 -0.2175021824849218E+00 -0.9271480719426387E-01  0.4224371883077581E-01  0.1474658960988954E+00  0.1991438801119452E+00  0.1936306695011308E+00  0.1421242325409004E+00  0.6893045827920645E-01  0.9928191096522761E-02  0.3914588498963817E-01
 -0.1492216451427645E+00  0.1047895550139032E+00  0.1651470198989450E+00  0.1715426514154281E+00  0.1072658838777534E+00 -0.4993303301027763E-02 -0.1444027990533062E+00 -0.2829660482931629E+00 -0.4054329211564218E+00 -0.4858470681362616E+00 -0.5053943729346946E+00 -0.4419279438752342E+00 -0.3012062412994984E+00 -0.1176853230340236E+00  0.6013515277341838E-01  0.1943260978277317E+00  0.2621806947957208E+00  0.2552957332041196E+00  0.1887404912812449E+00  0.1006710032131033E+00 -0.1132725183580650E+00
 -0.3925775866376212E+00  0.2391973699698242E+00  0.3250145232718512E+00  0.3059453568567720E+00  0.2010117907230012E+00  0.4265899843064962E-01 -0.1478191707397116E+00 -0.3395474756356676E+00 -0.5167214149740452E+00 -0.6470163889746448E+00 -0.7068286588319997E+00 -0.6657163545935317E+00 -0.5225577216121493E+00 -0.3108438018672420E+00 -0.8537570565925236E-01  0.1123846028391003E+00  0.2538341717374612E+00  0.3130953674034078E+00  0.2863121182484104E+00  0.1916252062628048E+00 -0.2885635005400040E+00
 -0.6530831679005069E+00  0.3856953384861975E+00  0.5040028475580856E+00  0.4541772474714333E+00  0.3129826358300493E+00  0.1174039959312654E+00 -0.1113806847852720E+00 -0.3423247660886475E+00 -0.5635726830516149E+00 -0.7444783743199814E+00 -0.8595713101930078E+00 -0.8661561773953020E+00 -0.7413233195390623E+00 -0.5106706605955725E+00 -0.2466859954136146E+00 -0.5934323052834385E-02  0.1878319984020343E+00  0.3075067209078674E+00  0.3294728713587247E+00  0.2329109435131356E+00 -0.3692599591806822E+00
 -0.8536602475996248E+00  0.5100242247915443E+00  0.6764124267750081E+00  0.6004990772192527E+00  0.4285645673619245E+00  0.2018828490328750E+00 -0.5725573708495987E-01 -0.3172444672452974E+00 -0.5684388539175070E+00 -0.7863685543498926E+00 -0.9533381045718164E+00 -0.1026283038356181E+01 -0.9540245292833957E+00 -0.7266589095932632E+00 -0.4221180233891026E+00 -0.1374722634388566E+00  0.9336684544533055E-01  0.2553745535937664E+00  0.3138200092548879E+00  0.2173607466588542E+00 -0.3382622307216748E+00
 -0.9384232337433061E+00  0.5874749164259918E+00  0.8240015155346694E+00  0.7372162222658311E+00  0.5434115328079679E+00  0.2937715589979387E+00  0.1194716725214321E-01 -0.2694937781297804E+00 -0.5386122660077595E+00 -0.7752784836766589E+00 -0.9749442789988059E+00 -0.1114149447860287E+01 -0.1130204815366062E+01 -0.9576404813022468E+00 -0.6334259731588499E+00 -0.2921994873617005E+00 -0.1830857568817021E-01  0.1728357949944534E+00  0.2542387954789421E+00  0.1735015099315771E+00 -0.2662657343157893E+00
 -0.8855018835669466E+00  0.6074467569873615E+00  0.9368383873951378E+00  0.8611318178436042E+00  0.6548920314480967E+00  0.3888049036986104E+00  0.8755538035962164E-01 -0.2151837125505272E+00 -0.4999744678522839E+00 -0.7428221084235361E+00 -0.9464794362722935E+00 -0.1121101517503459E+01 -0.1229075890606885E+01 -0.1165555506642326E+01 -0.8834469602586242E+00 -0.4999008257495301E+00 -0.1646350650056864E+00  0.6739445901894628E-01  0.1760889426882652E+00  0.1286960637711216E+00 -0.2099992486250997E+00
 -0.7229670438971236E+00  0.5762126911189044E+00  0.1005671029459590E+01  0.9678797110819847E+00  0.7615050997598040E+00  0.4870788906814148E+00  0.1719406507204226E+00 -0.1512578718204928E+00 -0.4553474934648762E+00 -0.7061595010801489E+00 -0.8984550260567066E+00 -0.1068420358298798E+01 -0.1233557259267914E+01 -0.1296150189376916E+01 -0.1124708001732670E+01 -0.7562720597731976E+00 -0.3664867175292694E+00 -0.7113016638500665E-01  0.8938121757389850E-01  0.9239711726111255E-01 -0.1878101342094392E+00
 -0.5199762035970015E+00  0.5128683890569373E+00  0.1018628963573810E+01  0.1046116121044586E+01  0.8569192259444566E+00  0.5834341718987945E+00  0.2626918934740162E+00 -0.7483709789965580E-01 -0.3978894708046505E+00 -0.6632301209159145E+00 -0.8468292234974155E+00 -0.9871100601770473E+00 -0.1160255902880466E+01 -0.1324725379677419E+01 -0.1301330969110730E+01 -0.1016492213149011E+01 -0.6125836970184511E+00 -0.2539422056082838E+00 -0.1872343486625232E-01  0.5265429911452596E-01 -0.1766863322098302E+00
 -0.3252327215415827E+00  0.4294472228230882E+00  0.9631089469276819E+00  0.1074093469831073E+01  0.9253092865628059E+00  0.6658931052994855E+00  0.3504188009467977E+00  0.1020762459974446E-01 -0.3224617309850728E+00 -0.6013948854203469E+00 -0.7852924592703637E+00 -0.8927846053297581E+00 -0.1034301827562463E+01 -0.1253381894377797E+01 -0.1379549360755773E+01 -0.1233642197790717E+01 -0.8720637061626664E+00 -0.4763239962600229E+00 -0.1620544770973068E+00 -0.7095381195443796E-02 -0.1407683335109754E+00
 -0.1587172073690579E+00  0.3320914720933623E+00  0.8375572089110288E+00  0.1033281307948538E+01  0.9498017642875414E+00  0.7219563038947908E+00  0.4234633816936363E+00  0.9350930978678409E-01 -0.2341443841533802E+00 -0.5152861987605929E+00 -0.7011699798086291E+00 -0.7854469137787002E+00 -0.8775436258317046E+00 -0.1099631812951318E+01 -0.1345451033523783E+01 -0.1370496279580075E+01 -0.1111232365277495E+01 -0.7229769920848303E+00 -0.3458641763059356E+00 -0.9262784900665029E-01 -0.6798062928598475E-01
 -0.2639414487451963E-01  0.2266222928612313E+00  0.6534727337091741E+00  0.9092107021591499E+00  0.9067108495520203E+00  0.7332113912583469E+00  0.4692835290470922E+00  0.1648269811145095E+00 -0.1419406805749829E+00 -0.4087958211009124E+00 -0.5879347311235199E+00 -0.6578052034347459E+00 -0.7033368381329413E+00 -0.8888937665776208E+00 -0.1202412105866453E+01 -0.1399809936559949E+01 -0.1296162719734232E+01 -0.9691058219304421E+00 -0.5638531536179346E+00 -0.2018945748901685E+00  0.4183057105257082E-01
  0.7253196753400742E-01  0.1237937345320895E+00  0.4439131711302761E+00  0.7154160079109674E+00  0.7889852302967187E+00  0.6871133920906348E+00  0.4771043086920717E+00  0.2150037761648852E+00 -0.5503356930552360E-01 -0.2910315010301273E+00 -0.4500226544331058E+00 -0.5082232161886130E+00 -0.5211236179592119E+00 -0.6499347873612051E+00 -0.9693025505432115E+00 -0.1303723809638871E+01 -0.1390881592292896E+01 -0.1182650654481552E+01 -0.7977525917312204E+00 -0.3303589859151279E+00  0.1933243660141634E+00
  0.1332064678742735E+00  0.3684291915759318E-01  0.2437352253470531E+00  0.4766043654052554E+00  0.5945146448260332E+00  0.5672470489487658E+00  0.4297631599159285E+00  0.2306393474087836E+00  0.1544837545990374E-01 -0.1743313070449495E+00 -0.3014013037675659E+00 -0.3472406485994216E+00 -0.3439830902423910E+00 -0.4146556159952638E+00 -0.6814971366985562E+00 -0.1080828135050268E+01 -0.1357533559460440E+01 -0.1321874340097486E+01 -0.1017345643366038E+01 -0.4719890157363248E+00  0.3986214038429363E+00
  0.1231057265834318E+00 -0.8529333636351518E-02  0.9751772567437721E-01  0.2530923585110518E+00  0.3662139227213347E+00  0.3888082334742508E+00  0.3237832493179451E+00  0.1998662144291083E+00  0.5380987596373073E-01 -0.7835287607390787E-01 -0.1666846312251092E+00 -0.1991051040634425E+00 -0.1922026482329641E+00 -0.2168492441168273E+00 -0.3899362836872777E+00 -0.7561373336347993E+00 -0.1167511721278218E+01 -0.1336434180664434E+01 -0.1180446585167034E+01 -0.6203553183703323E+00  0.6806193699439633E+00
  0.2929142838950125E-01 -0.7166510767430906E-02  0.7791896087208532E-02  0.7451215039214494E-01  0.1499456201553381E+00  0.1890881904729204E+00  0.1764919606299656E+00  0.1212222610600797E+00  0.4515038415966544E-01 -0.2703368133347196E-01 -0.7559892873024923E-01 -0.9304320848433731E-01 -0.8660016033548716E-01 -0.8375531002905537E-01 -0.1548767639344190E+00 -0.3927339703264827E+00 -0.8236884137773792E+00 -0.1174570284309023E+01 -0.1224095976412602E+01 -0.7674157692467117E+00  0.1078151331327533E+01
 -0.1668733660282905E+00  0.4557367273040396E-01 -0.3015234783707859E-01 -0.3494171080335647E-01  0.4113411315274206E-03  0.3408501966334898E-01  0.4661866082228970E-01  0.3623934467840467E-01  0.1164806281952431E-01 -0.1466738537677134E-01 -0.3238826369796023E-01 -0.3653508060194601E-01 -0.3014415545493289E-01 -0.1837064460168652E-01 -0.2283316550446916E-01 -0.9350177639234571E-01 -0.4049709435276360E+00 -0.8199813242152401E+00 -0.1049274693668750E+01 -0.8462889649838270E+00  0.1489592201282731E+01
  0.4133751781997286E+00 -0.2189001841309882E+00 -0.2433253741932360E+00 -0.1768754091903298E+00 -0.1107056894561798E+00 -0.6239063385332955E-01 -0.3250338419141272E-01 -0.1795351668047758E-01 -0.1372621621134720E-01 -0.1370795382699119E-01 -0.1289572971096997E-01 -0.8112331142971137E-02 -0.8799908088669303E-03  0.8903090418948104E-02  0.1161597212833185E-01  0.1008854835924716E-01 -0.1326499777802524E+00 -0.3903690798833565E+00 -0.5666817028777540E+00 -0.5440157947583858E+00  0.1065365681397404E+01
  0.0000000000000000E+00  0.0000000000000000E+00  0.0000000000000000E+00  0.0000000000000000E+00  0.0000000000000000E+00  0.0000000000000000E+00  0.0000000000000000E+00  0.0000000000000000E+00  0.0000000000000000E+00  0.0000000000000000E+00  0.0000000000000000E+00  0.0000000000000000E+00  0.0000000000000000E+00  0.0000000000000000E+00  0.0000000000000000E+00  0.0000000000000000E+00  0.0000000000000000E+00  0.0000000000000000E+00  0.0000000000000000E+00  0.0000000000000000E+00  0.0000000000000000E+00
