  0.0000000000000000E+00  0.0000000000000000E+00  0.0000000000000000E+00  0.0000000000000000E+00  0.0000000000000000E+00  0.0000000000000000E+00  0.0000000000000000E+00  0.0000000000000000E+00  0.0000000000000000E+00  0.0000000000000000E+00  0.0000000000000000E+00  0.0000000000000000E+00  0.0000000000000000E+00  0.0000000000000000E+00  0.0000000000000000E+00  0.0000000000000000E+00  0.0000000000000000E+00  0.0000000000000000E+00  0.0000000000000000E+00  0.0000000000000000E+00  0.0000000000000000E+00
  0.3806097558533003E-01 -0.1558603863925906E-01 -0.8697140332447157E-02  0.2239917157821232E-02 -0.8763090727081429E-02 -0.3819018723869864E-01 -0.6834430806091768E-01 -0.8152306573665666E-01 -0.8110165672175473E-01 -0.7416196173543595E-01 -0.6190399423755683E-01 -0.3141018620931545E-01  0.2644648632214416E-01  0.9324122463111696E-01  0.1334472661824481E+00  0.1326410566972308E+00  0.9866398471136546E-01  0.4574224674970186E-01 -0.5977713840055572E-02 -0.2497083419411513E-01  0.6893478874228981E-01
  0.1532737914738985E-02  0.1721278505467154E-01  0.5317109307875362E-01  0.7178905659519130E-01  0.4306379806714120E-01 -0.2495054054803857E-01 -0.1160477778096972E+00 -0.2058257730037230E+00 -0.2791106629313299E+00 -0.3162560571029882E+00 -0.3030592019662915E+00 -0.2270941200909249E+00 -0.1022359475931576E+00  0.3534976057078013E-01  0.1444961556190673E+00  0.1998227707237440E+00  0.1966373218910164E+00  0.1457304910362354E+00  0.7157924626790339E-01  0.1104793507839083E-01  0.3843544103273092E-01
 -0.1541914014561975E+00  0.1092026906024034E+00  0.1734166703510127E+00  0.1818503915736801E+00  0.1177760192863849E+00  0.4417838327420874E-02 -0.1368992241754524E+00 -0.2777590652260147E+00 -0.4030026886892011E+00 -0.4868014992540884E+00 -0.5101194352635737E+00 -0.4498101625914615E+00 -0.3102683889738480E+00 -0.1254385366386130E+00  0.5537046183932564E-01  0.1932027988572996E+00  0.2643424267070568E+00  0.2593619086726937E+00  0.1927605854105831E+00  0.1031310478881403E+00 -0.1166325582538379E+00
 -0.4001722015997587E+00  0.2449824487001213E+00  0.3347751445006050E+00  0.3164909502233579E+00  0.2108079978582962E+00  0.5099038635877604E-01 -0.1414364251313228E+00 -0.3355692075842532E+00 -0.5158552319294643E+00 -0.6500351009636006E+00 -0.7140499513994104E+00 -0.6761921788089514E+00 -0.5338699734764089E+00 -0.3205145187057078E+00 -0.9212297526670815E-01  0.1091414343365790E+00  0.2543117564136020E+00  0.3165001698830231E+00  0.2907422741461660E+00  0.1946058662636864E+00 -0.2930753246448932E+00
 -0.6599564289577389E+00  0.3912758434132023E+00  0.5138711012818682E+00  0.4643258214500411E+00  0.3225469583598485E+00  0.1261963685380638E+00 -0.1035944823374738E+00 -0.3359070544850793E+00 -0.5592215140245267E+00 -0.7433502073196689E+00 -0.8628153089255731E+00 -0.8738883408052933E+00 -0.7514084701160140E+00 -0.5199753925466712E+00 -0.2535347499878370E+00 -0.9951323798799323E-02  0.1870919019608779E+00  0.3099315274454784E+00  0.3334501013627776E+00  0.2352182777717549E+00 -0.3722047319524870E+00
 -0.8567256950877932E+00  0.5139084374929073E+00  0.6849996173909286E+00  0.6092339056145837E+00  0.4365941628098490E+00  0.2090789958960086E+00 -0.5108982561210119E-01 -0.3122523082615933E+00 -0.5648420238959320E+00 -0.7848007835269768E+00 -0.9549004159280950E+00 -0.1031973171715662E+01 -0.9628806457934546E+00 -0.7355829253112326E+00 -0.4286580965128460E+00 -0.1412897956143658E+00  0.9226121457046951E-01  0.2569933786317702E+00  0.3167567095725832E+00  0.2185022729452210E+00 -0.3387501092630796E+00
 -0.9361063974538437E+00  0.5889100249361655E+00  0.8306236773546529E+00  0.7445113968565487E+00  0.5503624296475254E+00  0.3003624130669174E+00  0.1795944797609967E-01 -0.2642479664253827E+00 -0.5341613556144829E+00 -0.7718494725732662E+00 -0.9733440377393550E+00 -0.1115947433020260E+01 -0.1135923374417878E+01 -0.9651196094314041E+00 -0.6395475451521220E+00 -0.2956881802159710E+00 -0.1938020726224138E-01  0.1737523929399924E+00  0.2559337770454698E+00  0.1737961912025383E+00 -0.2654547965621449E+00
 -0.8780732957088949E+00  0.6064160148453963E+00  0.9411747488272940E+00  0.8670138005324192E+00  0.6607837682833888E+00  0.3944648207614814E+00  0.9255893960300193E-01 -0.2111075866601314E+00 -0.4966598333600891E+00 -0.7399229536796406E+00 -0.9439943566409316E+00 -0.1120313565293040E+01 -0.1231512898196662E+01 -0.1170606357840697E+01 -0.8886529803193149E+00 -0.5033417197618727E+00 -0.1658720733803253E+00  0.6775611940404930E-01  0.1769148996145337E+00  0.1286778687976916E+00 -0.2091187067785412E+00
 -0.7133114852223552E+00  0.5735779729800243E+00  0.1007422433717718E+01  0.9721852191764639E+00  0.7663668344325593E+00  0.4920141504889448E+00  0.1765631987667623E+00 -0.1472861144713314E+00 -0.4520018755995946E+00 -0.7030629634746783E+00 -0.8951857943907792E+00 -0.1065753287440657E+01 -0.1233289633214465E+01 -0.1298561595934681E+01 -0.1128197000474847E+01 -0.7592656733194788E+00 -0.3680239181480922E+00 -0.7128369112946382E-01  0.8975544718459598E-01  0.9247603925780173E-01 -0.1876726705888092E+00
 -0.5108377246839286E+00  0.5094449464604304E+00  0.1017497114697363E+01  0.1048326590326489E+01  0.8604944556980730E+00  0.5874561501692226E+00  0.2666838068013092E+00 -0.7127256290739416E-01 -0.3947609612906716E+00 -0.6601046444615927E+00 -0.8430489621988273E+00 -0.9830885557773941E+00 -0.1157990352321137E+01 -0.1325052567052369E+01 -0.1303055500890902E+01 -0.1018487754699601E+01 -0.6140425019686260E+00 -0.2544365499515141E+00 -0.1862699825286107E-01  0.5283335956613310E-01 -0.1771270769512604E+00
 -0.3176639649615582E+00  0.4255813666909298E+00  0.9590801351112310E+00  0.1073580128075880E+01  0.9270801124150360E+00  0.6686536922416253E+00  0.3535384205397835E+00  0.1334167024358613E-01 -0.3193092189926739E+00 -0.5978661791574130E+00 -0.7807236043282126E+00 -0.8874012159331273E+00 -0.1030334438687400E+01 -0.1252124267862031E+01 -0.1379874482586459E+01 -0.1234537226052990E+01 -0.8730508032567720E+00 -0.4768420976490412E+00 -0.1620972210902729E+00 -0.6960975688136809E-02 -0.1412142940258625E+00
 -0.1528923131325508E+00  0.3280115034714414E+00  0.8311421972817733E+00  0.1029710656312038E+01  0.9492645249991437E+00  0.7231752375051940E+00  0.4255616222332740E+00  0.9607422159864394E-01 -0.2311255383669267E+00 -0.5114609044189909E+00 -0.6958427117844798E+00 -0.7787334725116476E+00 -0.8720020259365237E+00 -0.1097182180735729E+01 -0.1344894905785746E+01 -0.1370568895742655E+01 -0.1111659325788166E+01 -0.7233273681708530E+00 -0.3459345234560374E+00 -0.9255888579036697E-01 -0.6825786608493650E-01
 -0.2214171686861877E-01  0.2226464487790037E+00  0.6457976294683924E+00  0.9028822361256892E+00  0.9034783580634543E+00  0.7324335340650123E+00  0.4700656157784083E+00  0.1666562913484759E+00 -0.1391365162132998E+00 -0.4047138762049052E+00 -0.5819723906697752E+00 -0.6500304098877476E+00 -0.6964295302676756E+00 -0.8854786886997524E+00 -0.1201398303716613E+01 -0.1399489670899471E+01 -0.1296219867595925E+01 -0.9692825314683643E+00 -0.5639086656279012E+00 -0.2018647070955065E+00  0.4168545565861825E-01
  0.7542694506140124E-01  0.1203585759243147E+00  0.4365026728343453E+00  0.7074982528879921E+00  0.7833623190381319E+00  0.6842230571959969E+00  0.4763972305853472E+00  0.2159635957153115E+00 -0.5255640548239513E-01 -0.2868463667949125E+00 -0.4437396962339820E+00 -0.5000064633985442E+00 -0.5134702997919028E+00 -0.6458888469888319E+00 -0.9681304117705917E+00 -0.1303368199297473E+01 -0.1390820337356097E+01 -0.1182763682360541E+01 -0.7978289774261428E+00 -0.3303655508199306E+00  0.1932676750336489E+00
  0.1345809999297704E+00  0.3448973472666362E-01  0.2380502041097612E+00  0.4689192750452483E+00  0.5874934824191349E+00  0.5623826770998746E+00  0.4273287634249436E+00  0.2304318399188458E+00  0.1729721201464945E-01 -0.1704164074219388E+00 -0.2953648019846336E+00 -0.3395167043389541E+00 -0.3366278428718850E+00 -0.4105503868315954E+00 -0.6803927118153202E+00 -0.1080653215089519E+01 -0.1357543751184159E+01 -0.1322003224360969E+01 -0.1017476177506637E+01 -0.4720371752106238E+00  0.3986353481252338E+00
  0.1221397027245546E+00 -0.9218892866049100E-02  0.9448302412640731E-01  0.2476822040126827E+00  0.3600294496681091E+00  0.3834745864084632E+00  0.3202217335981088E+00  0.1984263920321440E+00  0.5457350033475974E-01 -0.7541183853383183E-01 -0.1618154991412748E+00 -0.1930203682409764E+00 -0.1863802940368272E+00 -0.2134404327789900E+00 -0.3890893282536254E+00 -0.7561711727805752E+00 -0.1167656552548601E+01 -0.1336611000905651E+01 -0.1180630097699939E+01 -0.6204439658833911E+00  0.6807017999502343E+00
  0.2724777051563082E-01 -0.6792845019993152E-02  0.6869235455651365E-02  0.7177600270241528E-01  0.1460685920574616E+00  0.1852054828219580E+00  0.1735390440748867E+00  0.1197592830423044E+00  0.4540145857791197E-01 -0.2513303132957002E-01 -0.7242365397402591E-01 -0.8925722566998687E-01 -0.8303492863172485E-01 -0.8159638566682294E-01 -0.1544134951244548E+00 -0.3928872492796808E+00 -0.8238871325225983E+00 -0.1174753774185023E+01 -0.1224292899248410E+01 -0.7675357118778917E+00  0.1078314236385265E+01
 -0.1672547839682155E+00  0.4572433420822144E-01 -0.3008178134355118E-01 -0.3577842523042199E-01 -0.1236898971188107E-02  0.3215501195833498E-01  0.4497938100871762E-01  0.3530525239622098E-01  0.1160715973076373E-01 -0.1385394447031163E-01 -0.3095111657334124E-01 -0.3484721579617869E-01 -0.2857802867439483E-01 -0.1739295903685537E-01 -0.2269487775182775E-01 -0.9367324538010309E-01 -0.4051203928591012E+00 -0.8201112739520898E+00 -0.1049423895470578E+01 -0.8464139589702766E+00  0.1489817981440252E+01
  0.4136422924789108E+00 -0.2192120460740913E+00 -0.2439938457433630E+00 -0.1776864453454940E+00 -0.1115440073779540E+00 -0.6318543445591171E-01 -0.3315079074431365E-01 -0.1833346119066772E-01 -0.1375923778108064E-01 -0.1339558166670096E-01 -0.1232759737078872E-01 -0.7448425430906209E-02 -0.2780510461908172E-03  0.9299430639132786E-02  0.1166629928552711E-01  0.9984450729976372E-02 -0.1327378449118101E+00 -0.3904428470463684E+00 -0.5667525881655439E+00 -0.5440881722142646E+00  0.1065511928477250E+01
  0.0000000000000000E+00  0.0000000000000000E+00  0.0000000000000000E+00  0.0000000000000000E+00  0.0000000000000000E+00  0.0000000000000000E+00  0.0000000000000000E+00  0.0000000000000000E+00  0.0000000000000000E+00  0.0000000000000000E+00  0.0000000000000000E+00  0.0000000000000000E+00  0.0000000000000000E+00  0.0000000000000000E+00  0.0000000000000000E+00  0.0000000000000000E+00  0.0000000000000000E+00  0.0000000000000000E+00  0.0000000000000000E+00  0.0000000000000000E+00  0.0000000000000000E+00
