  0.0000000000000000E+00  0.0000000000000000E+00  0.0000000000000000E+00  0.0000000000000000E+00  0.0000000000000000E+00  0.0000000000000000E+00  0.0000000000000000E+00  0.0000000000000000E+00  0.0000000000000000E+00  0.0000000000000000E+00  0.0000000000000000E+00  0.0000000000000000E+00  0.0000000000000000E+00  0.0000000000000000E+00  0.0000000000000000E+00  0.0000000000000000E+00  0.0000000000000000E+00  0.0000000000000000E+00  0.0000000000000000E+00  0.0000000000000000E+00  0.0000000000000000E+00
  0.3806097593064010E-01 -0.1558603814776629E-01 -0.8697138512658758E-02  0.2239920515248980E-02 -0.8763086368368833E-02 -0.3819018305400744E-01 -0.6834430506668238E-01 -0.8152306375903208E-01 -0.8110165499648014E-01 -0.7416196002291896E-01 -0.6190399303118162E-01 -0.3141018634265405E-01  0.2644648486810779E-01  0.9324122347744436E-01  0.1334472664487712E+00  0.1326410581581938E+00  0.9866398666376436E-01  0.4574224855856383E-01 -0.5977712705960345E-02 -0.2497083382930237E-01  0.6893478878194677E-01
  0.1532737677787777E-02  0.1721278613311105E-01  0.5317109607712093E-01  0.7178906133625408E-01  0.4306380366661528E-01 -0.2495053522435798E-01 -0.1160477737315884E+00 -0.2058257707106850E+00 -0.2791106626972678E+00 -0.3162560593061761E+00 -0.3030592067606175E+00 -0.2270941268381947E+00 -0.1022359545870862E+00  0.3534975529370561E-01  0.1444961531248121E+00  0.1998227708942103E+00  0.1966373238303443E+00  0.1457304935526264E+00  0.7157924828944491E-01  0.1104793608992095E-01  0.3843544001968207E-01
 -0.1541914036044935E+00  0.1092026928501155E+00  0.1734166749458531E+00  0.1818503977939439E+00  0.1177760261179647E+00  0.4417844856698838E-02 -0.1368992185610098E+00 -0.2777590609686127E+00 -0.4030026862041469E+00 -0.4868014992058270E+00 -0.5101194380959192E+00 -0.4498101680524683E+00 -0.3102683956359136E+00 -0.1254385425619276E+00  0.5537045798291517E-01  0.1932027975857074E+00  0.2643424278217181E+00  0.2593619112807151E+00  0.1927605882439533E+00  0.1031310498151206E+00 -0.1166325612014083E+00
 -0.4001722048528566E+00  0.2449824515016599E+00  0.3347751496521231E+00  0.3164909564111283E+00  0.2108080042084933E+00  0.5099039229666552E-01 -0.1414364200082869E+00 -0.3355692038006001E+00 -0.5158552300568030E+00 -0.6500351018242048E+00 -0.7140499554742152E+00 -0.6761921856957887E+00 -0.5338699814529595E+00 -0.3205145257726916E+00 -0.9212298035361031E-01  0.1091414316398426E+00  0.2543117562787219E+00  0.3165001718637679E+00  0.2907422770810191E+00  0.1946058684059986E+00 -0.2930753281369765E+00
 -0.6599564315994678E+00  0.3912758459256080E+00  0.5138711061773561E+00  0.4643258272033034E+00  0.3225469644720096E+00  0.1261963747153911E+00 -0.1035944763745795E+00 -0.3359070491987958E+00 -0.5592215098903535E+00 -0.7433502053027444E+00 -0.8628153100837528E+00 -0.8738883455911908E+00 -0.7514084771507233E+00 -0.5199753993273861E+00 -0.2535347550501195E+00 -0.9951326911390720E-02  0.1870919010312039E+00  0.3099315286944974E+00  0.3334501038426697E+00  0.2352182792762208E+00 -0.3722047339859928E+00
 -0.8567256958016253E+00  0.5139084390463461E+00  0.6849996213374129E+00  0.6092339104176901E+00  0.4365941679906559E+00  0.2090790010964698E+00 -0.5108982075981404E-01 -0.3122523041163378E+00 -0.5648420205330756E+00 -0.7848007813486313E+00 -0.9549004158313393E+00 -0.1031973174820205E+01 -0.9628806517908607E+00 -0.7355829318429922E+00 -0.4286581014037467E+00 -0.1412897985399914E+00  0.9226121347522094E-01  0.2569933793547978E+00  0.3167567112728035E+00  0.2185022735798462E+00 -0.3387501094667349E+00
 -0.9361063958062632E+00  0.5889100253080007E+00  0.8306236801177389E+00  0.7445114008058701E+00  0.5503624342949021E+00  0.3003624179897911E+00  0.1795945262394533E-01 -0.2642479625163188E+00 -0.5341613523306268E+00 -0.7718494697709577E+00 -0.9733440358181514E+00 -0.1115947433377326E+01 -0.1135923378019340E+01 -0.9651196149072246E+00 -0.6395475498667909E+00 -0.2956881830071004E+00 -0.1938020832138290E-01  0.1737523932408591E+00  0.2559337779304091E+00  0.1737961912943460E+00 -0.2654547959526288E+00
 -0.8780732921941857E+00  0.6064160141900972E+00  0.9411747503761058E+00  0.8670138037259658E+00  0.6607837725124364E+00  0.3944648253334621E+00  0.9255894362111947E-01 -0.2111075838476118E+00 -0.4966598315372817E+00 -0.7399229521219440E+00 -0.9439943548292750E+00 -0.1120313564099006E+01 -0.1231512899352630E+01 -0.1170606361441852E+01 -0.8886529843904172E+00 -0.5033417226089782E+00 -0.1658720746202500E+00  0.6775611935734591E-01  0.1769148999885441E+00  0.1286778687422726E+00 -0.2091187062382737E+00
 -0.7133114811361165E+00  0.5735779717220977E+00  0.1007422434030177E+01  0.9721852215578809E+00  0.7663668382607453E+00  0.4920141548784138E+00  0.1765632026489457E+00 -0.1472861119225203E+00 -0.4520018743505507E+00 -0.7030629627237293E+00 -0.8951857930357903E+00 -0.1065753285535790E+01 -0.1233289632517202E+01 -0.1298561597487765E+01 -0.1128197003207787E+01 -0.7592656757963653E+00 -0.3680239196030387E+00 -0.7128369153152735E-01  0.8975544728545427E-01  0.9247603928733321E-01 -0.1876726705765454E+00
 -0.5108377209531318E+00  0.5094449448881635E+00  0.1017497113711359E+01  0.1048326591614503E+01  0.8604944588624356E+00  0.5874561541731953E+00  0.2666838104259546E+00 -0.7127256062398660E-01 -0.3947609604597405E+00 -0.6601046443377756E+00 -0.8430489614285235E+00 -0.9830885537244491E+00 -0.1157990350475241E+01 -0.1325052567001813E+01 -0.1303055502202109E+01 -0.1018487756326646E+01 -0.6140425032585172E+00 -0.2544365505428088E+00 -0.1862699832910962E-01  0.5283335964239849E-01 -0.1771270772563051E+00
 -0.3176639618914563E+00  0.4255813649108118E+00  0.9590801328409790E+00  0.1073580127920771E+01  0.9270801144588007E+00  0.6686536954494748E+00  0.3535384236591447E+00  0.1334167232102005E-01 -0.3193092181495221E+00 -0.5978661789946060E+00 -0.7807236035974188E+00 -0.8874012136585548E+00 -0.1030334436030158E+01 -0.1252124266649570E+01 -0.1379874482731818E+01 -0.1234537226729534E+01 -0.8730508040459892E+00 -0.4768420981543271E+00 -0.1620972212257937E+00 -0.6960975644227797E-02 -0.1412142942931103E+00
 -0.1528923107710283E+00  0.3280115015651564E+00  0.8311421939244410E+00  0.1029710654496844E+01  0.9492645255015321E+00  0.7231752395300513E+00  0.4255616245760448E+00  0.9607422332895030E-01 -0.2311255374973219E+00 -0.5114609039777668E+00 -0.6958427106760622E+00 -0.7787334697284017E+00 -0.8720020225175151E+00 -0.1097182178702910E+01 -0.1344894905165404E+01 -0.1370568895681223E+01 -0.1111659326007137E+01 -0.7233273684179884E+00 -0.3459345235346374E+00 -0.9255888576199603E-01 -0.6825786624864932E-01
 -0.2214171515588348E-01  0.2226464468867334E+00  0.6457976255043167E+00  0.9028822327671964E+00  0.9034783567556647E+00  0.7324335345192520E+00  0.4700656170218882E+00  0.1666562925327394E+00 -0.1391365153641993E+00 -0.4047138753632830E+00 -0.5819723889439848E+00 -0.6500304064079172E+00 -0.6964295260516070E+00 -0.8854786860039360E+00 -0.1201398302668837E+01 -0.1399489670442633E+01 -0.1296219867414829E+01 -0.9692825314598021E+00 -0.5639086656070075E+00 -0.2018647070551259E+00  0.4168545555837022E-01
  0.7542694619158075E-01  0.1203585742579804E+00  0.4365026689655219E+00  0.7074982485583641E+00  0.7833623160835115E+00  0.6842230559926096E+00  0.4763972305694295E+00  0.2159635962073696E+00 -0.5255640475216758E-01 -0.2868463656044711E+00 -0.4437396939271176E+00 -0.5000064593576006E+00 -0.5134702949928350E+00 -0.6458888438083545E+00 -0.9681304105379062E+00 -0.1303368198755392E+01 -0.1390820337008859E+01 -0.1182763682203622E+01 -0.7978289773411333E+00 -0.3303655507686964E+00  0.1932676749649558E+00
  0.1345810003613534E+00  0.3448973357617157E-01  0.2380502010898681E+00  0.4689192707419464E+00  0.5874934784375798E+00  0.5623826744020055E+00  0.4273287620660297E+00  0.2304318395592481E+00  0.1729721244420848E-01 -0.1704164061005094E+00 -0.2953647993977337E+00 -0.3395167002209374E+00 -0.3366278380673574E+00 -0.4105503835119440E+00 -0.6803927105677428E+00 -0.1080653214670202E+01 -0.1357543750886410E+01 -0.1322003224169259E+01 -0.1017476177409113E+01 -0.4720371751606796E+00  0.3986353480729259E+00
  0.1221397020355278E+00 -0.9218893183238298E-02  0.9448302248581286E-01  0.2476822009090146E+00  0.3600294460146616E+00  0.3834745831966124E+00  0.3202217313369257E+00  0.1984263908280482E+00  0.5457350019948292E-01 -0.7541183751772834E-01 -0.1618154968662288E+00 -0.1930203647972056E+00 -0.1863802900602016E+00 -0.2134404298622049E+00 -0.3890893271379445E+00 -0.7561711725265829E+00 -0.1167656552406026E+01 -0.1336611000767588E+01 -0.1180630097626561E+01 -0.6204439658449715E+00  0.6807017999083536E+00
  0.2724776936309327E-01 -0.6792844793692018E-02  0.6869234982017209E-02  0.7177600114034342E-01  0.1460685897522004E+00  0.1852054804372682E+00  0.1735390421506828E+00  0.1197592818783765E+00  0.4540145831777787E-01 -0.2513303063720268E-01 -0.7242365239164449E-01 -0.8925722342224272E-01 -0.8303492608079381E-01 -0.8159638365491563E-01 -0.1544134942870983E+00 -0.3928872491248163E+00 -0.8238871324953089E+00 -0.1174753774121573E+01 -0.1224292899210562E+01 -0.7675357118564777E+00  0.1078314236358871E+01
 -0.1672547842882872E+00  0.4572433434137484E-01 -0.3008178126416276E-01 -0.3577842570578190E-01 -0.1236899965330570E-02  0.3215501075256003E-01  0.4497937992927301E-01  0.3530525168492345E-01  0.1160715951462572E-01 -0.1385394416900188E-01 -0.3095111582167246E-01 -0.3484721475331030E-01 -0.2857802751723888E-01 -0.1739295805787298E-01 -0.2269487728629544E-01 -0.9367324525495233E-01 -0.4051203928370202E+00 -0.8201112739302396E+00 -0.1049423895457748E+01 -0.8464139589685322E+00  0.1489817981447849E+01
  0.4136422925254999E+00 -0.2192120461815051E+00 -0.2439938460190154E+00 -0.1776864457179367E+00 -0.1115440077995114E+00 -0.6318543488788539E-01 -0.3315079112201980E-01 -0.1833346143921390E-01 -0.1375923784231321E-01 -0.1339558151961570E-01 -0.1232759703960742E-01 -0.7448424988417723E-02 -0.2780505813173385E-03  0.9299431038198866E-02  0.1166629948290472E-01  0.9984450808171017E-02 -0.1327378448772602E+00 -0.3904428470385158E+00 -0.5667525881638666E+00 -0.5440881722198051E+00  0.1065511928495549E+01
  0.0000000000000000E+00  0.0000000000000000E+00  0.0000000000000000E+00  0.0000000000000000E+00  0.0000000000000000E+00  0.0000000000000000E+00  0.0000000000000000E+00  0.0000000000000000E+00  0.0000000000000000E+00  0.0000000000000000E+00  0.0000000000000000E+00  0.0000000000000000E+00  0.0000000000000000E+00  0.0000000000000000E+00  0.0000000000000000E+00  0.0000000000000000E+00  0.0000000000000000E+00  0.0000000000000000E+00  0.0000000000000000E+00  0.0000000000000000E+00  0.0000000000000000E+00
