  0.0000000000000000E+00  0.0000000000000000E+00  0.0000000000000000E+00  0.0000000000000000E+00  0.0000000000000000E+00  0.0000000000000000E+00  0.0000000000000000E+00  0.0000000000000000E+00  0.0000000000000000E+00  0.0000000000000000E+00  0.0000000000000000E+00  0.0000000000000000E+00  0.0000000000000000E+00  0.0000000000000000E+00  0.0000000000000000E+00  0.0000000000000000E+00  0.0000000000000000E+00  0.0000000000000000E+00  0.0000000000000000E+00  0.0000000000000000E+00  0.0000000000000000E+00
  0.3806097593346112E-01 -0.1558603814138055E-01 -0.8697138490680521E-02  0.2239920551951011E-02 -0.8763086326491139E-02 -0.3819018301633759E-01 -0.6834430503774754E-01 -0.8152306373400169E-01 -0.8110165497106127E-01 -0.7416195999581460E-01 -0.6190399300540414E-01 -0.3141018632204892E-01  0.2644648488176483E-01  0.9324122348831572E-01  0.1334472664607829E+00  0.1326410581713779E+00  0.9866398667600336E-01  0.4574224856678365E-01 -0.5977712705287874E-02 -0.2497083383260078E-01  0.6893478879251445E-01
  0.1532737663467794E-02  0.1721278615154339E-01  0.5317109611809797E-01  0.7178906138816323E-01  0.4306380371300033E-01 -0.2495053519323912E-01 -0.1160477737207709E+00 -0.2058257707179096E+00 -0.2791106627197599E+00 -0.3162560593385124E+00 -0.3030592067985449E+00 -0.2270941268752927E+00 -0.1022359546173661E+00  0.3534975527484831E-01  0.1444961531197500E+00  0.1998227709022967E+00  0.1966373238469923E+00  0.1457304935698994E+00  0.7157924829789665E-01  0.1104793608840826E-01  0.3843544003267187E-01
 -0.1541914036612790E+00  0.1092026928919399E+00  0.1734166750145407E+00  0.1818503978641718E+00  0.1177760261739417E+00  0.4417844894096785E-02 -0.1368992185431983E+00 -0.2777590609661223E+00 -0.4030026862151741E+00 -0.4868014992251634E+00 -0.5101194381189983E+00 -0.4498101680729412E+00 -0.3102683956502813E+00 -0.1254385425699890E+00  0.5537045798226688E-01  0.1932027975958500E+00  0.2643424278433583E+00  0.2593619113080881E+00  0.1927605882648877E+00  0.1031310498218064E+00 -0.1166325612005315E+00
 -0.4001722049399457E+00  0.2449824515589107E+00  0.3347751497367863E+00  0.3164909564815869E+00  0.2108080042537018E+00  0.5099039231789478E-01 -0.1414364200101391E+00 -0.3355692038211343E+00 -0.5158552300956464E+00 -0.6500351018756574E+00 -0.7140499555298540E+00 -0.6761921857430607E+00 -0.5338699814840946E+00 -0.3205145257907384E+00 -0.9212298036312015E-01  0.1091414316419109E+00  0.2543117562966550E+00  0.3165001718943050E+00  0.2907422771110086E+00  0.1946058684203189E+00 -0.2930753281499479E+00
 -0.6599564316833135E+00  0.3912758459835833E+00  0.5138711062674364E+00  0.4643258272723613E+00  0.3225469645163877E+00  0.1261963747413895E+00 -0.1035944763640818E+00 -0.3359070491996013E+00 -0.5592215099050082E+00 -0.7433502053313629E+00 -0.8628153101217529E+00 -0.8738883456262151E+00 -0.7514084771707755E+00 -0.5199753993350598E+00 -0.2535347550552740E+00 -0.9951326912098614E-02  0.1870919010443509E+00  0.3099315287235400E+00  0.3334501038757270E+00  0.2352182792915259E+00 -0.3722047339988506E+00
 -0.8567256958477498E+00  0.5139084390890384E+00  0.6849996214193654E+00  0.6092339104757867E+00  0.4365941680213067E+00  0.2090790011084721E+00 -0.5108982076081022E-01 -0.3122523041240986E+00 -0.5648420205501088E+00 -0.7848007813786592E+00 -0.9549004158732630E+00 -0.1031973174861431E+01 -0.9628806518124748E+00 -0.7355829318423824E+00 -0.4286581013974130E+00 -0.1412897985348379E+00  0.9226121348771414E-01  0.2569933793809199E+00  0.3167567113024622E+00  0.2185022735896488E+00 -0.3387501094664843E+00
 -0.9361063957934230E+00  0.5889100253255330E+00  0.8306236801831761E+00  0.7445114008514505E+00  0.5503624343144674E+00  0.3003624179966513E+00  0.1795945262806770E-01 -0.2642479625071616E+00 -0.5341613523198586E+00 -0.7718494697692595E+00 -0.9733440358347947E+00 -0.1115947433407629E+01 -0.1135923378039645E+01 -0.9651196149012345E+00 -0.6395475498474410E+00 -0.2956881829896826E+00 -0.1938020830450944E-01  0.1737523932628059E+00  0.2559337779511141E+00  0.1737961912973496E+00 -0.2654547959409345E+00
 -0.8780732921203569E+00  0.6064160141800287E+00  0.9411747504197292E+00  0.8670138037576515E+00  0.6607837725180535E+00  0.3944648253274464E+00  0.9255894361714462E-01 -0.2111075838382180E+00 -0.4966598315145833E+00 -0.7399229520976714E+00 -0.9439943548211788E+00 -0.1120313564115594E+01 -0.1231512899373858E+01 -0.1170606361438910E+01 -0.8886529843660970E+00 -0.5033417225826007E+00 -0.1658720745973715E+00  0.6775611937682781E-01  0.1769149000011131E+00  0.1286778687413573E+00 -0.2091187062229587E+00
 -0.7133114810346617E+00  0.5735779716940785E+00  0.1007422434047574E+01  0.9721852215741894E+00  0.7663668382530763E+00  0.4920141548605478E+00  0.1765632026397579E+00 -0.1472861119085881E+00 -0.4520018743111056E+00 -0.7030629626696149E+00 -0.8951857929907525E+00 -0.1065753285524838E+01 -0.1233289632532734E+01 -0.1298561597491663E+01 -0.1128197003186803E+01 -0.7592656757687749E+00 -0.3680239195784037E+00 -0.7128369151274767E-01  0.8975544729520334E-01  0.9247603928766081E-01 -0.1876726705677791E+00
 -0.5108377208583388E+00  0.5094449448527419E+00  0.1017497113699887E+01  0.1048326591612401E+01  0.8604944588431206E+00  0.5874561541449829E+00  0.2666838104088211E+00 -0.7127256061447916E-01 -0.3947609604178123E+00 -0.6601046442683991E+00 -0.8430489613529843E+00 -0.9830885536802839E+00 -0.1157990350476516E+01 -0.1325052567011533E+01 -0.1303055502189966E+01 -0.1018487756303412E+01 -0.6140425032367619E+00 -0.2544365505257731E+00 -0.1862699831979071E-01  0.5283335964558479E-01 -0.1771270772565451E+00
 -0.3176639618158854E+00  0.4255813648728319E+00  0.9590801328026104E+00  0.1073580127897325E+01  0.9270801144288717E+00  0.6686536954142351E+00  0.3535384236360019E+00  0.1334167232590114E-01 -0.3193092181091053E+00 -0.5978661789196540E+00 -0.7807236035026056E+00 -0.8874012135837208E+00 -0.1030334436010651E+01 -0.1252124266660206E+01 -0.1379874482730185E+01 -0.1234537226714330E+01 -0.8730508040298409E+00 -0.4768420981404523E+00 -0.1620972212171389E+00 -0.6960975640279856E-02 -0.1412142942962993E+00
 -0.1528923107156466E+00  0.3280115015277122E+00  0.8311421938674900E+00  0.1029710654452742E+01  0.9492645254616559E+00  0.7231752394915173E+00  0.4255616245506901E+00  0.9607422333054855E-01 -0.2311255374613286E+00 -0.5114609039060306E+00 -0.6958427105764413E+00 -0.7787334696346552E+00 -0.8720020224777616E+00 -0.1097182178709870E+01 -0.1344894905173103E+01 -0.1370568895675834E+01 -0.1111659325998433E+01 -0.7233273684093129E+00 -0.3459345235282928E+00 -0.9255888575904235E-01 -0.6825786625116576E-01
 -0.2214171511762952E-01  0.2226464468531865E+00  0.6457976254419299E+00  0.9028822327084439E+00  0.9034783567060427E+00  0.7324335344777879E+00  0.4700656169958241E+00  0.1666562925324333E+00 -0.1391365153323068E+00 -0.4047138752973672E+00 -0.5819723888490114E+00 -0.6500304063097538E+00 -0.6964295259991832E+00 -0.8854786860054483E+00 -0.1201398302682910E+01 -0.1399489670446970E+01 -0.1296219867414120E+01 -0.9692825314572844E+00 -0.5639086656041875E+00 -0.2018647070537554E+00  0.4168545555707881E-01
  0.7542694621593138E-01  0.1203585742320206E+00  0.4365026689119932E+00  0.7074982484972510E+00  0.7833623160289013E+00  0.6842230559494554E+00  0.4763972305435622E+00  0.2159635962061151E+00 -0.5255640472398962E-01 -0.2868463655457353E+00 -0.4437396938427536E+00 -0.5000064592678338E+00 -0.5134702949392878E+00 -0.6458888438068626E+00 -0.9681304105552894E+00 -0.1303368198767073E+01 -0.1390820337015339E+01 -0.1182763682207281E+01 -0.7978289773424241E+00 -0.3303655507690898E+00  0.1932676749648453E+00
  0.1345810003714493E+00  0.3448973356110380E-01  0.2380502010547607E+00  0.4689192706917826E+00  0.5874934783855728E+00  0.5623826743583882E+00  0.4273287620388458E+00  0.2304318395552113E+00  0.1729721246686032E-01 -0.1704164060513982E+00 -0.2953647993286018E+00 -0.3395167001490565E+00 -0.3366278380237603E+00 -0.4105503835121929E+00 -0.6803927105867080E+00 -0.1080653214685603E+01 -0.1357543750897183E+01 -0.1322003224177258E+01 -0.1017476177413903E+01 -0.4720371751626846E+00  0.3986353480741502E+00
  0.1221397020260664E+00 -0.9218893184723511E-02  0.9448302247189588E-01  0.2476822008804715E+00  0.3600294459785653E+00  0.3834745831624533E+00  0.3202217313135286E+00  0.1984263908224835E+00  0.5457350021523456E-01 -0.7541183748152540E-01 -0.1618154968168257E+00 -0.1930203647489467E+00 -0.1863802900333281E+00 -0.2134404298678734E+00 -0.3890893271577779E+00 -0.7561711725425125E+00 -0.1167656552417828E+01 -0.1336611000777262E+01 -0.1180630097633377E+01 -0.6204439658481933E+00  0.6807017999112033E+00
  0.2724776934828070E-01 -0.6792844789499909E-02  0.6869234979780973E-02  0.7177600112840866E-01  0.1460685897330322E+00  0.1852054804170018E+00  0.1735390421361068E+00  0.1197592818751013E+00  0.4540145832828389E-01 -0.2513303061449597E-01 -0.7242365236290708E-01 -0.8925722339691883E-01 -0.8303492606968721E-01 -0.8159638366482953E-01 -0.1544134943063654E+00 -0.3928872491393169E+00 -0.8238871325055026E+00 -0.1174753774130228E+01 -0.1224292899217489E+01 -0.7675357118603886E+00  0.1078314236363677E+01
 -0.1672547842860317E+00  0.4572433434139005E-01 -0.3008178126186161E-01 -0.3577842570684089E-01 -0.1236899970529785E-02  0.3215501074544722E-01  0.4497937992356645E-01  0.3530525168366001E-01  0.1160715951920054E-01 -0.1385394415942536E-01 -0.3095111581005169E-01 -0.3484721474389130E-01 -0.2857802751426483E-01 -0.1739295806527330E-01 -0.2269487730050281E-01 -0.9367324526721069E-01 -0.4051203928452092E+00 -0.8201112739363964E+00 -0.1049423895462924E+01 -0.8464139589722280E+00  0.1489817981453760E+01
  0.4136422925317337E+00 -0.2192120461863376E+00 -0.2439938460272789E+00 -0.1776864457264627E+00 -0.1115440078070190E+00 -0.6318543489401034E-01 -0.3315079112640063E-01 -0.1833346144129083E-01 -0.1375923784182371E-01 -0.1339558151703602E-01 -0.1232759703618244E-01 -0.7448424985860466E-02 -0.2780505809841903E-03  0.9299431034972060E-02  0.1166629947649289E-01  0.9984450800838096E-02 -0.1327378448829218E+00 -0.3904428470421267E+00 -0.5667525881663357E+00 -0.5440881722218274E+00  0.1065511928499146E+01
  0.0000000000000000E+00  0.0000000000000000E+00  0.0000000000000000E+00  0.0000000000000000E+00  0.0000000000000000E+00  0.0000000000000000E+00  0.0000000000000000E+00  0.0000000000000000E+00  0.0000000000000000E+00  0.0000000000000000E+00  0.0000000000000000E+00  0.0000000000000000E+00  0.0000000000000000E+00  0.0000000000000000E+00  0.0000000000000000E+00  0.0000000000000000E+00  0.0000000000000000E+00  0.0000000000000000E+00  0.0000000000000000E+00  0.0000000000000000E+00  0.0000000000000000E+00
