  0.0000000000000000E+00  0.0000000000000000E+00  0.0000000000000000E+00  0.0000000000000000E+00  0.0000000000000000E+00  0.0000000000000000E+00  0.0000000000000000E+00  0.0000000000000000E+00  0.0000000000000000E+00  0.0000000000000000E+00  0.0000000000000000E+00  0.0000000000000000E+00  0.0000000000000000E+00  0.0000000000000000E+00  0.0000000000000000E+00  0.0000000000000000E+00  0.0000000000000000E+00  0.0000000000000000E+00  0.0000000000000000E+00  0.0000000000000000E+00  0.0000000000000000E+00
  0.3806095208040182E-01 -0.1558600214291437E-01 -0.8697054348341279E-02  0.2240039507496661E-02 -0.8762951353961757E-02 -0.3819006648922361E-01 -0.6834422844972086E-01 -0.8152301308948481E-01 -0.8110160132948134E-01 -0.7416189804237966E-01 -0.6190393594493086E-01 -0.3141016586776001E-01  0.2644645846741293E-01  0.9324119252586881E-01  0.1334472682215714E+00  0.1326410931446980E+00  0.9866403987059698E-01  0.4574230433285853E-01 -0.5977672343206449E-02 -0.2497081916871107E-01  0.6893478516292675E-01
  0.1532657848714591E-02  0.1721284926282741E-01  0.5317120563719682E-01  0.7178919449013316E-01  0.4306394477275581E-01 -0.2495041066580545E-01 -0.1160476830320642E+00 -0.2058257251146834E+00 -0.2791106637799114E+00 -0.3162561223896325E+00 -0.3030593332937399E+00 -0.2270943072557982E+00 -0.1022361456050168E+00  0.3534960373209341E-01  0.1444960703396475E+00  0.1998227590261489E+00  0.1966373660463654E+00  0.1457305626643406E+00  0.7157931400662731E-01  0.1104797372692113E-01  0.3843539282586393E-01
 -0.1541915542519385E+00  0.1092027822713111E+00  0.1734167925619947E+00  0.1818505232551198E+00  0.1177761588506211E+00  0.4417973854148658E-02 -0.1368990975808186E+00 -0.2777589599930944E+00 -0.4030026091117925E+00 -0.4868014694302612E+00 -0.5101194600049075E+00 -0.4498102433214273E+00 -0.3102684971453710E+00 -0.1254386396520887E+00  0.5537038667406639E-01  0.1932027688284872E+00  0.2643424506400611E+00  0.2593619781384425E+00  0.1927606758174959E+00  0.1031311181747336E+00 -0.1166326787067049E+00
 -0.4001723583472572E+00  0.2449825273505428E+00  0.3347752237043711E+00  0.3164910244567544E+00  0.2108080816199225E+00  0.5099047550119124E-01 -0.1414363339768298E+00 -0.3355691379730351E+00 -0.5158551929808893E+00 -0.6500351215409186E+00 -0.7140500293382309E+00 -0.6761922977019447E+00 -0.5338700885220411E+00 -0.3205146072858068E+00 -0.9212304325047900E-01  0.1091413909360914E+00  0.2543117560671856E+00  0.3165002216084962E+00  0.2907423652946283E+00  0.1946059399949296E+00 -0.2930754546901606E+00
 -0.6599565275447318E+00  0.3912758803620140E+00  0.5138711135413102E+00  0.4643258426912064E+00  0.3225470186400684E+00  0.1261964639754306E+00 -0.1035943577738033E+00 -0.3359069291921501E+00 -0.5592213939125539E+00 -0.7433501270599749E+00 -0.8628152851812896E+00 -0.8738883739042359E+00 -0.7514085145701028E+00 -0.5199754143924346E+00 -0.2535347665099835E+00 -0.9951345813002690E-02  0.1870918980728032E+00  0.3099315665151900E+00  0.3334501787943092E+00  0.2352183233183957E+00 -0.3722047911608778E+00
 -0.8567257350487408E+00  0.5139084293077751E+00  0.6849995528745846E+00  0.6092338676654786E+00  0.4365941807711725E+00  0.2090790515644594E+00 -0.5108974930489862E-01 -0.3122522413533106E+00 -0.5648419569850595E+00 -0.7848007302673808E+00 -0.9549003911175102E+00 -0.1031973186771884E+01 -0.9628806634912478E+00 -0.7355829008388491E+00 -0.4286580544445115E+00 -0.1412897734669970E+00  0.9226123112997407E-01  0.2569934171956915E+00  0.3167567653895541E+00  0.2185022850585613E+00 -0.3387500897861297E+00
 -0.9361064188850964E+00  0.5889099897156429E+00  0.8306235502618323E+00  0.7445113188426938E+00  0.5503624368385526E+00  0.3003624738375337E+00  0.1795952803184254E-01 -0.2642479057931544E+00 -0.5341612954766014E+00 -0.7718494038880918E+00 -0.9733439728014521E+00 -0.1115947404293379E+01 -0.1135923363711957E+01 -0.9651195524580997E+00 -0.6395474493610470E+00 -0.2956881070736068E+00 -0.1938016058382838E-01  0.1737524340912728E+00  0.2559338101647141E+00  0.1737961847038106E+00 -0.2654547439467178E+00
 -0.8780733601564500E+00  0.6064159805121899E+00  0.9411745813801199E+00  0.8670136953341476E+00  0.6607837735109281E+00  0.3944648827818770E+00  0.9255899616298903E-01 -0.2111075845004081E+00 -0.4966598537200351E+00 -0.7399229477265975E+00 -0.9439943092594819E+00 -0.1120313523231294E+01 -0.1231512882554330E+01 -0.1170606299142519E+01 -0.8886528528962527E+00 -0.5033416026181970E+00 -0.1658719973663833E+00  0.6775616717092578E-01  0.1769149210910040E+00  0.1286778587836332E+00 -0.2091186552598956E+00
 -0.7133116085632476E+00  0.5735779536138804E+00  0.1007422252278394E+01  0.9721850955517024E+00  0.7663668425961510E+00  0.4920142264246581E+00  0.1765632569928267E+00 -0.1472861375329743E+00 -0.4520019512945202E+00 -0.7030630147052617E+00 -0.8951857674016170E+00 -0.1065753226955130E+01 -0.1233289611659738E+01 -0.1298561559159375E+01 -0.1128196873410488E+01 -0.7592655255830834E+00 -0.3680238168248252E+00 -0.7128363203692152E-01  0.8975547039413354E-01  0.9247603697869715E-01 -0.1876726405419579E+00
 -0.5108378722662219E+00  0.5094449389837481E+00  0.1017496944685022E+01  0.1048326453579161E+01  0.8604944575672576E+00  0.5874562336269032E+00  0.2666838677603312E+00 -0.7127260517339389E-01 -0.3947610889951595E+00 -0.6601047640061118E+00 -0.8430489760820844E+00 -0.9830884801614621E+00 -0.1157990310128587E+01 -0.1325052555202315E+01 -0.1303055404832875E+01 -0.1018487598855324E+01 -0.6140423805958312E+00 -0.2544364762864812E+00 -0.1862696576024859E-01  0.5283336748651288E-01 -0.1771270682197872E+00
 -0.3176641105863726E+00  0.4255813690856936E+00  0.9590799966707081E+00  0.1073579984412625E+01  0.9270800905919054E+00  0.6686537617438604E+00  0.3535384779544424E+00  0.1334162776025633E-01 -0.3193093592915003E+00 -0.5978663313631211E+00 -0.7807236481599115E+00 -0.8874011235815223E+00 -0.1030334356267165E+01 -0.1252124263356193E+01 -0.1379874430950597E+01 -0.1234537088165708E+01 -0.8730506726402907E+00 -0.4768420109281259E+00 -0.1620971767616536E+00 -0.6960960226328256E-02 -0.1412142960826688E+00
 -0.1528924470290572E+00  0.3280115161240739E+00  0.8311421013431644E+00  0.1029710513795761E+01  0.9492644648145391E+00  0.7231752656640407E+00  0.4255616563884244E+00  0.9607417799531716E-01 -0.2311256714884684E+00 -0.5114610579480785E+00 -0.6958427642875346E+00 -0.7787333608347742E+00 -0.8720018903124241E+00 -0.1097182159120222E+01 -0.1344894895772528E+01 -0.1370568797465762E+01 -0.1111659203539414E+01 -0.7233272780527970E+00 -0.3459344706678526E+00 -0.9255886585175180E-01 -0.6825787311259718E-01
 -0.2214183737897413E-01  0.2226464720090368E+00  0.6457975786481361E+00  0.9028821071720052E+00  0.9034782588588598E+00  0.7324335021780891E+00  0.4700656040298910E+00  0.1666562341259646E+00 -0.1391366351594069E+00 -0.4047140058281128E+00 -0.5819724270201622E+00 -0.6500302773509892E+00 -0.6964293425644819E+00 -0.8854786295510466E+00 -0.1201398319223073E+01 -0.1399489622948017E+01 -0.1296219770875233E+01 -0.9692824506245959E+00 -0.5639086123090992E+00 -0.2018646859476874E+00  0.4168544553396314E-01
  0.7542683531490824E-01  0.1203586089988509E+00  0.4365026623114609E+00  0.7074981511144061E+00  0.7833621968243457E+00  0.6842229691170100E+00  0.4763971658767317E+00  0.2159635154039326E+00 -0.5255651277179016E-01 -0.2868464639375594E+00 -0.4437397041046595E+00 -0.5000063167478958E+00 -0.5134700805262262E+00 -0.6458887470863374E+00 -0.9681304327914207E+00 -0.1303368199433214E+01 -0.1390820278373162E+01 -0.1182763620887420E+01 -0.7978289323568145E+00 -0.3303655316735282E+00  0.1932676626637700E+00
  0.1345808995488741E+00  0.3448977475753326E-01  0.2380502238214739E+00  0.4689192130302944E+00  0.5874933656107525E+00  0.5623825564348834E+00  0.4273286563854308E+00  0.2304317367102971E+00  0.1729711227640164E-01 -0.1704164756160333E+00 -0.2953647851709158E+00 -0.3395165620777454E+00 -0.3366276289296078E+00 -0.4105502635879242E+00 -0.6803927230692801E+00 -0.1080653248530766E+01 -0.1357543733194575E+01 -0.1322003187166716E+01 -0.1017476145742459E+01 -0.4720371600470771E+00  0.3986353343987721E+00
  0.1221396229627064E+00 -0.9218854275518516E-02  0.9448306013615088E-01  0.2476821858058603E+00  0.3600293723463698E+00  0.3834744789145151E+00  0.3202216208814803E+00  0.1984262846569706E+00  0.5457341034265221E-01 -0.7541188712751962E-01 -0.1618154748532083E+00 -0.1930202564712078E+00 -0.1863801266625029E+00 -0.2134403181158606E+00 -0.3890893254998274E+00 -0.7561712175496025E+00 -0.1167656567698314E+01 -0.1336610987865128E+01 -0.1180630080106301E+01 -0.6204439553644033E+00  0.6807017859869089E+00
  0.2724774270550903E-01 -0.6792825196001140E-02  0.6869267117505612E-02  0.7177601271344350E-01  0.1460685632029806E+00  0.1852054233418362E+00  0.1735389708809993E+00  0.1197592104454587E+00  0.4540140127500732E-01 -0.2513305666474523E-01 -0.7242363296103037E-01 -0.8925715772874843E-01 -0.8303482920655909E-01 -0.8159630777756621E-01 -0.1544134851332608E+00 -0.3928872855903730E+00 -0.8238871634359304E+00 -0.1174753779689503E+01 -0.1224292893475489E+01 -0.7675357058149814E+00  0.1078314223969455E+01
 -0.1672547837948112E+00  0.4572434210928333E-01 -0.3008175746696119E-01 -0.3577840484234232E-01 -0.1236896096345636E-02  0.3215499613124247E-01  0.4497935334399210E-01  0.3530522151498258E-01  0.1160713487751247E-01 -0.1385395477806073E-01 -0.3095110625030685E-01 -0.3484718655425367E-01 -0.2857798746734323E-01 -0.1739292404849182E-01 -0.2269487062119814E-01 -0.9367326599943671E-01 -0.4051204216027497E+00 -0.8201112879270613E+00 -0.1049423897027393E+01 -0.8464139573741919E+00  0.1489817975095183E+01
  0.4136422956370099E+00 -0.2192120481202739E+00 -0.2439938487238117E+00 -0.1776864498169752E+00 -0.1115440140426102E+00 -0.6318544389835870E-01 -0.3315080234044185E-01 -0.1833347310577389E-01 -0.1375924694680039E-01 -0.1339558486077420E-01 -0.1232759228203480E-01 -0.7448413320322758E-02 -0.2780356780426521E-03  0.9299443045908224E-02  0.1166630098765687E-01  0.9984440284354044E-02 -0.1327378618333973E+00 -0.3904428582332100E+00 -0.5667525908990211E+00 -0.5440881728406065E+00  0.1065511927622798E+01
  0.0000000000000000E+00  0.0000000000000000E+00  0.0000000000000000E+00  0.0000000000000000E+00  0.0000000000000000E+00  0.0000000000000000E+00  0.0000000000000000E+00  0.0000000000000000E+00  0.0000000000000000E+00  0.0000000000000000E+00  0.0000000000000000E+00  0.0000000000000000E+00  0.0000000000000000E+00  0.0000000000000000E+00  0.0000000000000000E+00  0.0000000000000000E+00  0.0000000000000000E+00  0.0000000000000000E+00  0.0000000000000000E+00  0.0000000000000000E+00  0.0000000000000000E+00
