  0.0000000000000000E+00  0.0000000000000000E+00  0.0000000000000000E+00  0.0000000000000000E+00  0.0000000000000000E+00  0.0000000000000000E+00  0.0000000000000000E+00  0.0000000000000000E+00  0.0000000000000000E+00  0.0000000000000000E+00  0.0000000000000000E+00  0.0000000000000000E+00  0.0000000000000000E+00  0.0000000000000000E+00  0.0000000000000000E+00  0.0000000000000000E+00  0.0000000000000000E+00  0.0000000000000000E+00  0.0000000000000000E+00  0.0000000000000000E+00  0.0000000000000000E+00
  0.3806097593229060E-01 -0.1558603814382225E-01 -0.8697138499176164E-02  0.2239920537935541E-02 -0.8763086342017775E-02 -0.3819018303009488E-01 -0.6834430504857739E-01 -0.8152306374399580E-01 -0.8110165498145039E-01 -0.7416196000698085E-01 -0.6190399301640908E-01 -0.3141018633195227E-01  0.2644648487377954E-01  0.9324122348191148E-01  0.1334472664552638E+00  0.1326410581665300E+00  0.9866398667214016E-01  0.4574224856473520E-01 -0.5977712704393610E-02 -0.2497083383061748E-01  0.6893478878745882E-01
  0.1532737669717565E-02  0.1721278614398168E-01  0.5317109610166262E-01  0.7178906136815276E-01  0.4306380369644579E-01 -0.2495053520279725E-01 -0.1160477737218675E+00 -0.2058257707121675E+00 -0.2791106627087620E+00 -0.3162560593252771E+00 -0.3030592067852576E+00 -0.2270941268644187E+00 -0.1022359546100392E+00  0.3534975527842382E-01  0.1444961531195346E+00  0.1998227708985063E+00  0.1966373238409448E+00  0.1457304935642036E+00  0.7157924829597716E-01  0.1104793609022815E-01  0.3843544002529271E-01
 -0.1541914036367123E+00  0.1092026928743261E+00  0.1734166749862659E+00  0.1818503978366443E+00  0.1177760261538360E+00  0.4417844882619737E-02 -0.1368992185461300E+00 -0.2777590609630112E+00 -0.4030026862072740E+00 -0.4868014992156866E+00 -0.5101194381105528E+00 -0.4498101680683612E+00 -0.3102683956498353E+00 -0.1254385425718891E+00  0.5537045797878025E-01  0.1932027975897031E+00  0.2643424278340817E+00  0.2593619112976145E+00  0.1927605882578111E+00  0.1031310498206634E+00 -0.1166325612041790E+00
 -0.4001722049018295E+00  0.2449824515343145E+00  0.3347751497011139E+00  0.3164909564536235E+00  0.2108080042380512E+00  0.5099039231341640E-01 -0.1414364200042502E+00 -0.3355692038075755E+00 -0.5158552300751470E+00 -0.6500351018518299E+00 -0.7140499555071539E+00 -0.6761921857270720E+00 -0.5338699814767974E+00 -0.3205145257887805E+00 -0.9212298036340369E-01  0.1091414316383111E+00  0.2543117562879280E+00  0.3165001718816667E+00  0.2907422770996790E+00  0.1946058684157192E+00 -0.2930753281474787E+00
 -0.6599564316459139E+00  0.3912758459581683E+00  0.5138711062285912E+00  0.4643258272444120E+00  0.3225469645008029E+00  0.1261963747348650E+00 -0.1035944763632065E+00 -0.3359070491938957E+00 -0.5592215098937011E+00 -0.7433502053154306E+00 -0.8628153101044165E+00 -0.8738883456138059E+00 -0.7514084771675987E+00 -0.5199753993374835E+00 -0.2535347550573611E+00 -0.9951326914622855E-02  0.1870919010372004E+00  0.3099315287109071E+00  0.3334501038624513E+00  0.2352182792857445E+00 -0.3722047339947822E+00
 -0.8567256958264451E+00  0.5139084390698768E+00  0.6849996213831855E+00  0.6092339104519514E+00  0.4365941680112673E+00  0.2090790011075956E+00 -0.5108982075564981E-01 -0.3122523041163646E+00 -0.5648420205386154E+00 -0.7848007813620446E+00 -0.9549004158529271E+00 -0.1031973174844464E+01 -0.9628806518074919E+00 -0.7355829318483226E+00 -0.4286581014045587E+00 -0.1412897985397818E+00  0.9226121348083643E-01  0.2569933793692206E+00  0.3167567112900175E+00  0.2185022735855673E+00 -0.3387501094666843E+00
 -0.9361063957982366E+00  0.5889100253172631E+00  0.8306236801535526E+00  0.7445114008326605E+00  0.5503624343092199E+00  0.3003624179980210E+00  0.1795945263060803E-01 -0.2642479625077898E+00 -0.5341613523218144E+00 -0.7718494697672430E+00 -0.9733440358247711E+00 -0.1115947433393249E+01 -0.1135923378033026E+01 -0.9651196149086542E+00 -0.6395475498604010E+00 -0.2956881830001297E+00 -0.1938020831330250E-01  0.1737523932527506E+00  0.2559337779421290E+00  0.1737961912959554E+00 -0.2654547959457373E+00
 -0.8780732921530143E+00  0.6064160141841025E+00  0.9411747503992931E+00  0.8670138037447206E+00  0.6607837725191185E+00  0.3944648253346911E+00  0.9255894362289320E-01 -0.2111075838402298E+00 -0.4966598315239703E+00 -0.7399229521079119E+00 -0.9439943548232184E+00 -0.1120313564106358E+01 -0.1231512899364607E+01 -0.1170606361443198E+01 -0.8886529843807076E+00 -0.5033417225971690E+00 -0.1658720746090550E+00  0.6775611936768226E-01  0.1769148999955212E+00  0.1286778687416956E+00 -0.2091187062295655E+00
 -0.7133114810803769E+00  0.5735779717063118E+00  0.1007422434038558E+01  0.9721852215678239E+00  0.7663668382601798E+00  0.4920141548733892E+00  0.1765632026478961E+00 -0.1472861119131417E+00 -0.4520018743293215E+00 -0.7030629626951849E+00 -0.8951857930110291E+00 -0.1065753285528098E+01 -0.1233289632524551E+01 -0.1298561597490968E+01 -0.1128197003198630E+01 -0.7592656757834387E+00 -0.3680239195909890E+00 -0.7128369152181126E-01  0.8975544729073250E-01  0.9247603928751748E-01 -0.1876726705718200E+00
 -0.5108377209012964E+00  0.5094449448683119E+00  0.1017497113703639E+01  0.1048326591613838E+01  0.8604944588551920E+00  0.5874561541624860E+00  0.2666838104205581E+00 -0.7127256061724302E-01 -0.3947609604378575E+00 -0.6601046443021983E+00 -0.8430489613886264E+00 -0.9830885536992729E+00 -0.1157990350474052E+01 -0.1325052567006762E+01 -0.1303055502196453E+01 -0.1018487756315192E+01 -0.6140425032477144E+00 -0.2544365505340909E+00 -0.1862699832416305E-01  0.5283335964416333E-01 -0.1771270772566531E+00
 -0.3176639618501916E+00  0.4255813648894966E+00  0.9590801328182982E+00  0.1073580127907693E+01  0.9270801144449231E+00  0.6686536954343348E+00  0.3535384236501575E+00  0.1334167232517343E-01 -0.3193092181284800E+00 -0.5978661789562633E+00 -0.7807236035476863E+00 -0.8874012136171465E+00 -0.1030334436017238E+01 -0.1252124266654005E+01 -0.1379874482730830E+01 -0.1234537226721509E+01 -0.8730508040376117E+00 -0.4768420981471094E+00 -0.1620972212211835E+00 -0.6960975642056224E-02 -0.1412142942950149E+00
 -0.1528923107408278E+00  0.3280115015440617E+00  0.8311421938913575E+00  0.1029710654471563E+01  0.9492645254809204E+00  0.7231752395119404E+00  0.4255616245650997E+00  0.9607422333108291E-01 -0.2311255374785207E+00 -0.5114609039408572E+00 -0.6958427106235388E+00 -0.7787334696766067E+00 -0.8720020224931172E+00 -0.1097182178704621E+01 -0.1344894905168805E+01 -0.1370568895677855E+01 -0.1111659326002170E+01 -0.7233273684132285E+00 -0.3459345235311340E+00 -0.9255888576033178E-01 -0.6825786625013869E-01
 -0.2214171513509600E-01  0.2226464468677328E+00  0.6457976254681024E+00  0.9028822327330025E+00  0.9034783567281834E+00  0.7324335344979198E+00  0.4700656170093662E+00  0.1666562925333292E+00 -0.1391365153474758E+00 -0.4047138753289236E+00 -0.5819723888932500E+00 -0.6500304063531024E+00 -0.6964295260196469E+00 -0.8854786860020342E+00 -0.1201398302675311E+01 -0.1399489670444237E+01 -0.1296219867413799E+01 -0.9692825314580684E+00 -0.5639086656052468E+00 -0.2018647070542683E+00  0.4168545555755809E-01
  0.7542694620467655E-01  0.1203585742431769E+00  0.4365026689342074E+00  0.7074982485222258E+00  0.7833623160518650E+00  0.6842230559686454E+00  0.4763972305556238E+00  0.2159635962067346E+00 -0.5255640473742156E-01 -0.2868463655733715E+00 -0.4437396938812416E+00 -0.5000064593065850E+00 -0.5134702949596125E+00 -0.6458888438042513E+00 -0.9681304105459672E+00 -0.1303368198760987E+01 -0.1390820337011615E+01 -0.1182763682205068E+01 -0.7978289773414959E+00 -0.3303655507687567E+00  0.1932676749647743E+00
  0.1345810003664669E+00  0.3448973356752470E-01  0.2380502010690410E+00  0.4689192707117320E+00  0.5874934784064092E+00  0.5623826743763122E+00  0.4273287620501351E+00  0.2304318395562960E+00  0.1729721245585339E-01 -0.1704164060741510E+00 -0.2953647993594055E+00 -0.3395167001791793E+00 -0.3366278380393331E+00 -0.4105503835085028E+00 -0.6803927105765618E+00 -0.1080653214678014E+01 -0.1357543750891657E+01 -0.1322003224173058E+01 -0.1017476177411354E+01 -0.4720371751615999E+00  0.3986353480734459E+00
  0.1221397020295861E+00 -0.9218893184091966E-02  0.9448302247731019E-01  0.2476822008913323E+00  0.3600294459922611E+00  0.3834745831754537E+00  0.3202217313221751E+00  0.1984263908235342E+00  0.5457350020709047E-01 -0.7541183749825274E-01 -0.1618154968383991E+00 -0.1930203647684871E+00 -0.1863802900418471E+00 -0.2134404298619830E+00 -0.3890893271472595E+00 -0.7561711725348741E+00 -0.1167656552412114E+01 -0.1336611000772430E+01 -0.1180630097629951E+01 -0.6204439658465586E+00  0.6807017999097251E+00
  0.2724776935422756E-01 -0.6792844791209646E-02  0.6869234980598621E-02  0.7177600113280701E-01  0.1460685897400453E+00  0.1852054804243134E+00  0.1735390421410227E+00  0.1197592818752689E+00  0.4540145832271546E-01 -0.2513303062491265E-01 -0.7242365237519202E-01 -0.8925722340673566E-01 -0.8303492607225046E-01 -0.8159638365789126E-01 -0.1544134942963269E+00 -0.3928872491324086E+00 -0.8238871325007456E+00 -0.1174753774126046E+01 -0.1224292899214103E+01 -0.7675357118584617E+00  0.1078314236361282E+01
 -0.1672547842873955E+00  0.4572433434154091E-01 -0.3008178126277282E-01 -0.3577842570664769E-01 -0.1236899968898321E-02  0.3215501074771349E-01  0.4497937992520806E-01  0.3530525168347786E-01  0.1160715951668524E-01 -0.1385394416380875E-01 -0.3095111581491159E-01 -0.3484721474733946E-01 -0.2857802751445700E-01 -0.1739295806067570E-01 -0.2269487729323567E-01 -0.9367324526132319E-01 -0.4051203928414082E+00 -0.8201112739334938E+00 -0.1049423895460436E+01 -0.8464139589704444E+00  0.1489817981450897E+01
  0.4136422925288001E+00 -0.2192120461841241E+00 -0.2439938460235722E+00 -0.1776864457227231E+00 -0.1115440078038227E+00 -0.6318543489150127E-01 -0.3315079112469198E-01 -0.1833346144057542E-01 -0.1375923784216012E-01 -0.1339558151816071E-01 -0.1232759703750757E-01 -0.7448424986634366E-02 -0.2780505806538807E-03  0.9299431036937514E-02  0.1166629947975349E-01  0.9984450804372562E-02 -0.1327378448802617E+00 -0.3904428470404447E+00 -0.5667525881651635E+00 -0.5440881722208650E+00  0.1065511928497432E+01
  0.0000000000000000E+00  0.0000000000000000E+00  0.0000000000000000E+00  0.0000000000000000E+00  0.0000000000000000E+00  0.0000000000000000E+00  0.0000000000000000E+00  0.0000000000000000E+00  0.0000000000000000E+00  0.0000000000000000E+00  0.0000000000000000E+00  0.0000000000000000E+00  0.0000000000000000E+00  0.0000000000000000E+00  0.0000000000000000E+00  0.0000000000000000E+00  0.0000000000000000E+00  0.0000000000000000E+00  0.0000000000000000E+00  0.0000000000000000E+00  0.0000000000000000E+00
