  0.0000000000000000E+00  0.0000000000000000E+00  0.0000000000000000E+00  0.0000000000000000E+00  0.0000000000000000E+00  0.0000000000000000E+00  0.0000000000000000E+00  0.0000000000000000E+00  0.0000000000000000E+00  0.0000000000000000E+00  0.0000000000000000E+00  0.0000000000000000E+00  0.0000000000000000E+00  0.0000000000000000E+00  0.0000000000000000E+00  0.0000000000000000E+00  0.0000000000000000E+00  0.0000000000000000E+00  0.0000000000000000E+00  0.0000000000000000E+00  0.0000000000000000E+00
  0.7524024588577299E-01 -0.5910414200990260E-01 -0.1020721801439348E+00 -0.1103233144517361E+00 -0.1080686306116367E+00 -0.1054153410935124E+00 -0.1031759400318143E+00 -0.9636057844514297E-01 -0.7882207362263682E-01 -0.4540556407871812E-01  0.1164144789891803E-02  0.4855001743895777E-01  0.8203594390400032E-01  0.9378211617078824E-01  0.8452197069252317E-01  0.5946936871758957E-01  0.2605924310372659E-01 -0.8170539807101897E-02 -0.3126914850639663E-01 -0.3029980268646236E-01  0.5963025955299046E-01
  0.1322493512204977E+00 -0.9181989709804619E-01 -0.1432103400736409E+00 -0.1538646796271114E+00 -0.1614885704183891E+00 -0.1745088412223834E+00 -0.1884885083999255E+00 -0.1904037824199243E+00 -0.1702868708852460E+00 -0.1232471120184121E+00 -0.5583969264176112E-01  0.1834880249846091E-01  0.8375005449244236E-01  0.1283775998467540E+00  0.1463590134359530E+00  0.1370949880914313E+00  0.1059520738944322E+00  0.6211210526888481E-01  0.1942566009110804E-01 -0.8738511368459033E-02  0.4564119419648514E-01
  0.1655187084818943E+00 -0.1030635623169256E+00 -0.1436719784688825E+00 -0.1475092519350327E+00 -0.1697644930503537E+00 -0.2118797299215834E+00 -0.2634299693607200E+00 -0.3031235868385831E+00 -0.3159106413733153E+00 -0.2883932644621569E+00 -0.2212697630038114E+00 -0.1246704102844533E+00 -0.1725555180192597E-01  0.8168025739931276E-01  0.1567089937180540E+00  0.1969114960492323E+00  0.1981611566028516E+00  0.1647766601155310E+00  0.1124209891190494E+00  0.5881223763141546E-01 -0.6401572377519693E-01
  0.9587350377536857E-01 -0.5267234894753103E-01 -0.6214354306722453E-01 -0.6364413451640612E-01 -0.1158967598829910E+00 -0.2016297770042762E+00 -0.3025395891574322E+00 -0.3887800277026883E+00 -0.4431498844193658E+00 -0.4456300978697167E+00 -0.3936590469809927E+00 -0.2928851538080058E+00 -0.1625150080791859E+00 -0.2513945468232344E-01  0.9893856606334993E-01  0.1926531163267045E+00  0.2426994748522691E+00  0.2434460758588699E+00  0.2050778338331267E+00  0.1402814080119480E+00 -0.2157663902027172E+00
 -0.1092898000608756E+00  0.6632051079654673E-01  0.8967173232876458E-01  0.7273227544569759E-01 -0.2317840220930748E-01 -0.1605863830448862E+00 -0.3181407715022276E+00 -0.4592458243889451E+00 -0.5661492043974247E+00 -0.6103563836295327E+00 -0.5835235599639121E+00 -0.4852231089006327E+00 -0.3369129370439443E+00 -0.1683322633587977E+00 -0.5706988072306315E-02  0.1324095908871120E+00  0.2299429508853101E+00  0.2741093125361596E+00  0.2643477727256785E+00  0.1940136699566280E+00 -0.3176932371442056E+00
 -0.4008182369676751E+00  0.2304067895228718E+00  0.2904021316009402E+00  0.2442592738642001E+00  0.1031504688782728E+00 -0.8273758403201825E-01 -0.2917522853421150E+00 -0.4850926290105630E+00 -0.6488790979885819E+00 -0.7495974258681269E+00 -0.7689957498511431E+00 -0.6927286256771370E+00 -0.5361260358494582E+00 -0.3375169460053696E+00 -0.1381207000904601E+00  0.3684304073991497E-01  0.1732643995699783E+00  0.2579013328509290E+00  0.2777591205227979E+00  0.2025589932018664E+00 -0.3299178590828012E+00
 -0.6855620957850137E+00  0.3970552646532354E+00  0.5056036981746925E+00  0.4253784268860883E+00  0.2431332498774638E+00  0.1674669202911149E-01 -0.2306982112882870E+00 -0.4630445632783622E+00 -0.6743272389597091E+00 -0.8362499747916158E+00 -0.9237533859893087E+00 -0.9035417911449026E+00 -0.7666284811932152E+00 -0.5459806343585735E+00 -0.3024907020449449E+00 -0.8453083025434233E-01  0.8800807467667728E-01  0.2055646953077792E+00  0.2492282979905225E+00  0.1774765811959202E+00 -0.2832014455972380E+00
 -0.8765471095432181E+00  0.5264509538053249E+00  0.7028057518727565E+00  0.5967070182140164E+00  0.3820024230354904E+00  0.1254573596279984E+00 -0.1449134025540644E+00 -0.3962771217883357E+00 -0.6301827792830632E+00 -0.8346480005000791E+00 -0.9929449010193715E+00 -0.1063137407420775E+01 -0.9995877456587517E+00 -0.7985944468888928E+00 -0.5201906544324325E+00 -0.2462200230038023E+00 -0.2576216493165428E-01  0.1258446913587050E+00  0.1928459420906795E+00  0.1395832954210549E+00 -0.2259039441724851E+00
 -0.9178861441610183E+00  0.5920857882736192E+00  0.8583712206598394E+00  0.7456401263751442E+00  0.5067990437521722E+00  0.2250595247105669E+00 -0.6275093878967865E-01 -0.3228991322556686E+00 -0.5561993905714278E+00 -0.7656221448434198E+00 -0.9584522523383689E+00 -0.1112927276969839E+01 -0.1164629801485808E+01 -0.1052603859416631E+01 -0.7909671796896791E+00 -0.4716990860328525E+00 -0.1878900573322038E+00  0.1619168461235198E-01  0.1212224027318308E+00  0.1027442385143500E+00 -0.1870103128112191E+00
 -0.8078985394038567E+00  0.5903410885357735E+00  0.9631247262034639E+00  0.8716139272649603E+00  0.6198095171157695E+00  0.3180864313275923E+00  0.1250270568577891E-01 -0.2608078573599136E+00 -0.4920474827298408E+00 -0.6835832908940312E+00 -0.8622793484520076E+00 -0.1049416677418190E+01 -0.1204477238658176E+01 -0.1229461777467550E+01 -0.1061249233941668E+01 -0.7495098561846516E+00 -0.4131500454282703E+00 -0.1396517386638967E+00  0.2907682982743265E-01  0.6495502519983742E-01 -0.1657882457720796E+00
 -0.6056572986648907E+00  0.5366275337469547E+00  0.1004225302575973E+01  0.9670637008726272E+00  0.7228236148514353E+00  0.4129230159880254E+00  0.9275456630803594E-01 -0.1995164551922602E+00 -0.4409328919361944E+00 -0.6197092974082522E+00 -0.7606906778889004E+00 -0.9224266736942009E+00 -0.1122962803277406E+01 -0.1277746648108312E+01 -0.1258730373355347E+01 -0.1028867019983707E+01 -0.6851127336097694E+00 -0.3507250090575630E+00 -0.1004989359688376E+00  0.1133705097767691E-01 -0.1345100889018684E+00
 -0.3932720835560607E+00  0.4557601623779278E+00  0.9740084035777227E+00  0.1021113312409640E+01  0.8118141832771720E+00  0.5077673903346420E+00  0.1813998623613370E+00 -0.1252274805759371E+00 -0.3818646198574139E+00 -0.5628715497762893E+00 -0.6743331258030956E+00 -0.7819147953864419E+00 -0.9621064710347283E+00 -0.1193438761896634E+01 -0.1333145363071686E+01 -0.1250035138839440E+01 -0.9654735666982903E+00 -0.6082373073717751E+00 -0.2799334149659727E+00 -0.6996267688878544E-01 -0.7004538429961638E-01
 -0.2099546300970535E+00  0.3568687360995473E+00  0.8606515782015883E+00  0.9980039789456797E+00  0.8527831417539395E+00  0.5788535969439728E+00  0.2650567882764527E+00 -0.4068177307598297E-01 -0.3034039833525264E+00 -0.4899520215022737E+00 -0.5900070714759023E+00 -0.6509120717159077E+00 -0.7708455539832065E+00 -0.1006167012135320E+01 -0.1265547293505874E+01 -0.1361218021542145E+01 -0.1203965438556342E+01 -0.8820803145781488E+00 -0.5053385779289425E+00 -0.1797132720254540E+00  0.3380123814741953E-01
 -0.6512857297796870E-01  0.2497567275173794E+00  0.6841416095741695E+00  0.8957541186493536E+00  0.8378255981098545E+00  0.6193502602144793E+00  0.3352817352013836E+00  0.4476079632647590E-01 -0.2094555958120174E+00 -0.3917171011123419E+00 -0.4874330627771667E+00 -0.5245972599512303E+00 -0.5838818698563557E+00 -0.7649075909000318E+00 -0.1068995422287891E+01 -0.1328947900148612E+01 -0.1351086824697273E+01 -0.1128721876302329E+01 -0.7543045577209427E+00 -0.3120795057315354E+00  0.1819339594736635E+00
  0.3890447491018922E-01  0.1414034685935866E+00  0.4631148806909490E+00  0.6945210372647602E+00  0.7178450056005822E+00  0.5777716849304879E+00  0.3534168806426896E+00  0.1072380273194823E+00 -0.1141615835855328E+00 -0.2757078178714190E+00 -0.3631573575270633E+00 -0.3930153093569229E+00 -0.4148321019502811E+00 -0.5196948153222551E+00 -0.7854717723986340E+00 -0.1141748054984283E+01 -0.1360048682185570E+01 -0.1298688596200840E+01 -0.9911151404670107E+00 -0.4590159292593090E+00  0.3859326473109161E+00
  0.9097112588910691E-01  0.5762408119003915E-01  0.2638433694592244E+00  0.4649394085264383E+00  0.5407513520775592E+00  0.4812022756542790E+00  0.3324331664628752E+00  0.1477877006944670E+00 -0.2695513909324239E-01 -0.1581449342046309E+00 -0.2325834908951857E+00 -0.2607425580914132E+00 -0.2686396306170745E+00 -0.3096372628136645E+00 -0.4795916068396655E+00 -0.8252583713185434E+00 -0.1195972294742958E+01 -0.1336669560282671E+01 -0.1169355258681630E+01 -0.6125670820932363E+00  0.6683459875980793E+00
  0.7270487415053038E-01  0.5680890141810164E-02  0.8974754457596087E-01  0.2103280754552560E+00  0.2886260919047836E+00  0.2885309790942535E+00  0.2206936524397514E+00  0.1159670713139955E+00  0.8066463585578779E-02 -0.7683808111621945E-01 -0.1275997070528310E+00 -0.1484185839204721E+00 -0.1516938682561081E+00 -0.1569111973436028E+00 -0.2222369413123166E+00 -0.4518617291887653E+00 -0.8620007298790483E+00 -0.1188960154304079E+01 -0.1223851187167207E+01 -0.7639486018013408E+00  0.1067994618236815E+01
 -0.1690249140363461E+00  0.6309791249601655E-01  0.2026882345170354E-01  0.5426610268292276E-01  0.1029098784040279E+00  0.1220604095677258E+00  0.1035397214504020E+00  0.5916891943347457E-01  0.7574529567409442E-02 -0.3510540719313952E-01 -0.6084246154562774E-01 -0.6997221136288215E-01 -0.6845077270545946E-01 -0.6177581373943181E-01 -0.6441040418600835E-01 -0.1367632964021100E+00 -0.4421017324664654E+00 -0.8391804841301886E+00 -0.1054399729698799E+01 -0.8464389715008008E+00  0.1484917184803604E+01
  0.3940994827070093E+00 -0.2036868827458005E+00 -0.2169611655303923E+00 -0.1492346441691059E+00 -0.8441809275744903E-01 -0.4075782708384516E-01 -0.1956346061142610E-01 -0.1559327807033162E-01 -0.2081540904994011E-01 -0.2733245006140248E-01 -0.3002803679112618E-01 -0.2736644130704988E-01 -0.2131851529515602E-01 -0.1336750904595210E-01 -0.9653793651318241E-02 -0.1591025942043342E-01 -0.1580773639707191E+00 -0.4046876779662184E+00 -0.5708524966013424E+00 -0.5453444910322952E+00  0.1065180976495543E+01
  0.0000000000000000E+00  0.0000000000000000E+00  0.0000000000000000E+00  0.0000000000000000E+00  0.0000000000000000E+00  0.0000000000000000E+00  0.0000000000000000E+00  0.0000000000000000E+00  0.0000000000000000E+00  0.0000000000000000E+00  0.0000000000000000E+00  0.0000000000000000E+00  0.0000000000000000E+00  0.0000000000000000E+00  0.0000000000000000E+00  0.0000000000000000E+00  0.0000000000000000E+00  0.0000000000000000E+00  0.0000000000000000E+00  0.0000000000000000E+00  0.0000000000000000E+00
