  0.0000000000000000E+00  0.0000000000000000E+00  0.0000000000000000E+00  0.0000000000000000E+00  0.0000000000000000E+00  0.0000000000000000E+00  0.0000000000000000E+00  0.0000000000000000E+00  0.0000000000000000E+00  0.0000000000000000E+00  0.0000000000000000E+00  0.0000000000000000E+00  0.0000000000000000E+00  0.0000000000000000E+00  0.0000000000000000E+00  0.0000000000000000E+00  0.0000000000000000E+00  0.0000000000000000E+00  0.0000000000000000E+00  0.0000000000000000E+00  0.0000000000000000E+00
  0.3806097046684877E-01 -0.1558603614141651E-01 -0.8697137957400763E-02  0.2239915235772103E-02 -0.8763098349838037E-02 -0.3819019736977387E-01 -0.6834431521830658E-01 -0.8152306766807900E-01 -0.8110165554704013E-01 -0.7416195860891135E-01 -0.6190398722653496E-01 -0.3141017262585464E-01  0.2644650418204999E-01  0.9324123758419260E-01  0.1334472693725399E+00  0.1326410524740217E+00  0.9866397732718929E-01  0.4574223923726667E-01 -0.5977719994238509E-02 -0.2497083762154624E-01  0.6893479287040020E-01
  0.1532723678245827E-02  0.1721279065301228E-01  0.5317109563728267E-01  0.7178904961074091E-01  0.4306378078699373E-01 -0.2495056428438529E-01 -0.1160478027130398E+00 -0.2058257939467546E+00 -0.2791106760310096E+00 -0.3162560578766895E+00 -0.3030591870320023E+00 -0.2270940916904172E+00 -0.1022359147933338E+00  0.3534978628714668E-01  0.1444961682210210E+00  0.1998227713589430E+00  0.1966373153644815E+00  0.1457304822885102E+00  0.7157923794046128E-01  0.1104792879358431E-01  0.3843545155970834E-01
 -0.1541914251423053E+00  0.1092026986554883E+00  0.1734166708241597E+00  0.1818503773144232E+00  0.1177759930273042E+00  0.4417805900033294E-02 -0.1368992575797899E+00 -0.2777590946088384E+00 -0.4030027094789094E+00 -0.4868015051802116E+00 -0.5101194202264376E+00 -0.4498101263551014E+00 -0.3102683409627106E+00 -0.1254384925697265E+00  0.5537049170735456E-01  0.1932028129516457E+00  0.2643424284742898E+00  0.2593619034808174E+00  0.1927605774565933E+00  0.1031310400063924E+00 -0.1166325425625838E+00
 -0.4001722287445519E+00  0.2449824567416362E+00  0.3347751414803567E+00  0.3164909292939510E+00  0.2108079645411743E+00  0.5099034662009460E-01 -0.1414364671602428E+00 -0.3355692473758174E+00 -0.5158552645822370E+00 -0.6500351189503802E+00 -0.7140499455587470E+00 -0.6761921453115979E+00 -0.5338699207446348E+00 -0.3205144658357234E+00 -0.9212293608223765E-01  0.1091414575655480E+00  0.2543117662264295E+00  0.3165001704120878E+00  0.2907422695104313E+00  0.1946058602000477E+00 -0.2930753110897120E+00
 -0.6599564536271364E+00  0.3912758495893653E+00  0.5138710951409596E+00  0.4643257977361520E+00  0.3225469241617809E+00  0.1261963293531723E+00 -0.1035945230290301E+00 -0.3359070934870280E+00 -0.5592215483969348E+00 -0.7433502315309547E+00 -0.8628153120472722E+00 -0.8738883124219690E+00 -0.7514084130573107E+00 -0.5199753294492545E+00 -0.2535347026265751E+00 -0.9951294968422760E-02  0.1870919172220092E+00  0.3099315331985200E+00  0.3334501011331032E+00  0.2352182752185543E+00 -0.3722047245225595E+00
 -0.8567257144433599E+00  0.5139084406883803E+00  0.6849996076217809E+00  0.6092338791241567E+00  0.4365941264272324E+00  0.2090789551840344E+00 -0.5108986632742547E-01 -0.3122523460843253E+00 -0.5648420580698705E+00 -0.7848008133863172E+00 -0.9549004336004669E+00 -0.1031973161216468E+01 -0.9628805967555499E+00 -0.7355828551058095E+00 -0.4286580382295633E+00 -0.1412897604689742E+00  0.9226123374683100E-01  0.2569933883291044E+00  0.3167567130513274E+00  0.2185022725742711E+00 -0.3387501046714859E+00
 -0.9361064108804737E+00  0.5889100250131958E+00  0.8306236641591136E+00  0.7445113682338993E+00  0.5503623921471801E+00  0.3003623733813040E+00  0.1795941221020870E-01 -0.2642479946450627E+00 -0.5341613767196729E+00 -0.7718494919608473E+00 -0.9733440572134452E+00 -0.1115947440082123E+01 -0.1135923345764666E+01 -0.9651195434533080E+00 -0.6395474758666769E+00 -0.2956881343479689E+00 -0.1938018266788550E-01  0.1737524053086958E+00  0.2559337818469494E+00  0.1737961908853277E+00 -0.2654547908090339E+00
 -0.8780733048092442E+00  0.6064160125276556E+00  0.9411747327737228E+00  0.8670137697166362E+00  0.6607837282297557E+00  0.3944647787359075E+00  0.9255890355203565E-01 -0.2111076107709040E+00 -0.4966598438266142E+00 -0.7399229574249524E+00 -0.9439943654912138E+00 -0.1120313580119988E+01 -0.1231512894406088E+01 -0.1170606312267742E+01 -0.8886529113370386E+00 -0.5033416636265975E+00 -0.1658720404636220E+00  0.6775613499040185E-01  0.1769149043737027E+00  0.1286778677028191E+00 -0.2091186987347544E+00
 -0.7133114944363106E+00  0.5735779702165797E+00  0.1007422416213429E+01  0.9721851871308728E+00  0.7663667925648818E+00  0.4920141064457687E+00  0.1765631618374908E+00 -0.1472861368701815E+00 -0.4520018791343792E+00 -0.7030629519461133E+00 -0.8951857836511525E+00 -0.1065753294273735E+01 -0.1233289644990749E+01 -0.1298561577275796E+01 -0.1128196946801950E+01 -0.7592656165933207E+00 -0.3680238790474054E+00 -0.7128367082108455E-01  0.8975545362922058E-01  0.9247603882995509E-01 -0.1876726628606447E+00
 -0.5108377364092358E+00  0.5094449448965659E+00  0.1017497098280462E+01  0.1048326559158289E+01  0.8604944143419540E+00  0.5874561061074846E+00  0.2666837690839527E+00 -0.7127258705865536E-01 -0.3947609658027028E+00 -0.6601046277469329E+00 -0.8430489361209962E+00 -0.9830885465747062E+00 -0.1157990366581953E+01 -0.1325052570657669E+01 -0.1303055469787723E+01 -0.1018487707716582E+01 -0.6140424634171082E+00 -0.2544365267093540E+00 -0.1862698904127566E-01  0.5283336126873377E-01 -0.1771270728474770E+00
 -0.3176639787573441E+00  0.4255813672729855E+00  0.9590801230616122E+00  0.1073580100753295E+01  0.9270800745878203E+00  0.6686536512808976E+00  0.3535383847100091E+00  0.1334164598023072E-01 -0.3193092259088447E+00 -0.5978661642508496E+00 -0.7807235724453228E+00 -0.8874011924448321E+00 -0.1030334446471210E+01 -0.1252124284718910E+01 -0.1379874473893878E+01 -0.1234537194817406E+01 -0.8730507713250799E+00 -0.4768420751515827E+00 -0.1620972101118396E+00 -0.6960972356936437E-02 -0.1412142930410303E+00
 -0.1528923277522671E+00  0.3280115068716121E+00  0.8311421928625693E+00  0.1029710636386603E+01  0.9492644935155640E+00  0.7231752019867219E+00  0.4255615904291637E+00  0.9607419919412004E-01 -0.2311255467617502E+00 -0.5114608940496438E+00 -0.6958426825701526E+00 -0.7787334429070676E+00 -0.8720020253767187E+00 -0.1097182202149844E+01 -0.1344894914507863E+01 -0.1370568881610544E+01 -0.1111659304246236E+01 -0.7233273503445606E+00 -0.3459345130971653E+00 -0.9255888221043743E-01 -0.6825786646585297E-01
 -0.2214173127583896E-01  0.2226464551889549E+00  0.6457976342910258E+00  0.9028822267759334E+00  0.9034783356952903E+00  0.7324335058271819E+00  0.4700655892225179E+00  0.1666562719504774E+00 -0.1391365245869355E+00 -0.4047138697344198E+00 -0.5819723679789213E+00 -0.6500303827508915E+00 -0.6964295254386501E+00 -0.8854787096860675E+00 -0.1201398322996476E+01 -0.1399489671654544E+01 -0.1296219857090582E+01 -0.9692825203165544E+00 -0.5639086578822464E+00 -0.2018647042337068E+00  0.4168545481887398E-01
  0.7542693138718248E-01  0.1203585848240042E+00  0.4365026858591952E+00  0.7074982557437778E+00  0.7833623083439158E+00  0.6842230381929552E+00  0.4763972104745225E+00  0.2159635801037548E+00 -0.5255641295448787E-01 -0.2868463632758785E+00 -0.4437396809877321E+00 -0.5000064442301906E+00 -0.5134702964939525E+00 -0.6458888664717207E+00 -0.9681304351971568E+00 -0.1303368210362251E+01 -0.1390820336628776E+01 -0.1182763678044958E+01 -0.7978289732976213E+00 -0.3303655491482640E+00  0.1932676741471707E+00
  0.1345809878375495E+00  0.3448974434977638E-01  0.2380502208868786E+00  0.4689192877310502E+00  0.5874934841523513E+00  0.5623826691651275E+00  0.4273287512220496E+00  0.2304318288907637E+00  0.1729720594818802E-01 -0.1704164062108231E+00 -0.2953647937503894E+00 -0.3395166949534571E+00 -0.3366278449860196E+00 -0.4105504056656559E+00 -0.6803927349324084E+00 -0.1080653230790056E+01 -0.1357543757066194E+01 -0.1322003225466454E+01 -0.1017476176809175E+01 -0.4720371747799835E+00  0.3986353475307758E+00
  0.1221396954256413E+00 -0.9218885539891267E-02  0.9448303880596751E-01  0.2476822200495406E+00  0.3600294604468463E+00  0.3834745898413359E+00  0.3202217317292288E+00  0.1984263884220872E+00  0.5457349800270059E-01 -0.7541183786818813E-01 -0.1618154961078132E+00 -0.1930203668816057E+00 -0.1863803013344132E+00 -0.2134404511032539E+00 -0.3890893486899693E+00 -0.7561711884458454E+00 -0.1167656561444971E+01 -0.1336611005251231E+01 -0.1180630099469604E+01 -0.6204439664846975E+00  0.6807017999844884E+00
  0.2724777186984170E-01 -0.6792842900182650E-02  0.6869243169293754E-02  0.7177601429589668E-01  0.1460686030302006E+00  0.1852054902949518E+00  0.1735390478198219E+00  0.1197592844127326E+00  0.4540145909687535E-01 -0.2513303084206689E-01 -0.7242365401119183E-01 -0.8925722831797780E-01 -0.8303493718880471E-01 -0.8159640128355000E-01 -0.1544135115419329E+00 -0.3928872622072720E+00 -0.8238871414408574E+00 -0.1174753779592225E+01 -0.1224292902177787E+01 -0.7675357131833020E+00  0.1078314237372119E+01
 -0.1672547796159409E+00  0.4572433383537623E-01 -0.3008177810981221E-01 -0.3577841833996562E-01 -0.1236890895774089E-02  0.3215501897923349E-01  0.4497938593300698E-01  0.3530525525085657E-01  0.1160716101995217E-01 -0.1385394431465156E-01 -0.3095111750717642E-01 -0.3484721840636990E-01 -0.2857803401189816E-01 -0.1739296821089907E-01 -0.2269488832973487E-01 -0.9367325499817480E-01 -0.4051204005119527E+00 -0.8201112788093139E+00 -0.1049423898230425E+01 -0.8464139605286617E+00  0.1489817983355560E+01
  0.4136422953273047E+00 -0.2192120475043597E+00 -0.2439938471857744E+00 -0.1776864461065215E+00 -0.1115440074281447E+00 -0.6318543409213999E-01 -0.3315079038088718E-01 -0.1833346110221290E-01 -0.1375923805835637E-01 -0.1339558235026136E-01 -0.1232759851410864E-01 -0.7448427253488657E-02 -0.2780537436395176E-03  0.9299426570024482E-02  0.1166629445383583E-01  0.9984445177096629E-02 -0.1327378500341271E+00 -0.3904428502164909E+00 -0.5667525896845342E+00 -0.5440881731868744E+00  0.1065511929876089E+01
  0.0000000000000000E+00  0.0000000000000000E+00  0.0000000000000000E+00  0.0000000000000000E+00  0.0000000000000000E+00  0.0000000000000000E+00  0.0000000000000000E+00  0.0000000000000000E+00  0.0000000000000000E+00  0.0000000000000000E+00  0.0000000000000000E+00  0.0000000000000000E+00  0.0000000000000000E+00  0.0000000000000000E+00  0.0000000000000000E+00  0.0000000000000000E+00  0.0000000000000000E+00  0.0000000000000000E+00  0.0000000000000000E+00  0.0000000000000000E+00  0.0000000000000000E+00
