  0.0000000000000000E+00  0.0000000000000000E+00  0.0000000000000000E+00  0.0000000000000000E+00  0.0000000000000000E+00  0.0000000000000000E+00  0.0000000000000000E+00  0.0000000000000000E+00  0.0000000000000000E+00  0.0000000000000000E+00  0.0000000000000000E+00  0.0000000000000000E+00  0.0000000000000000E+00  0.0000000000000000E+00  0.0000000000000000E+00  0.0000000000000000E+00  0.0000000000000000E+00  0.0000000000000000E+00  0.0000000000000000E+00  0.0000000000000000E+00  0.0000000000000000E+00
  0.3804784643864045E-01 -0.1560828559903175E-01 -0.8777010358454799E-02  0.2102789039327145E-02 -0.8923391267884209E-02 -0.3833660400823147E-01 -0.6845614891143573E-01 -0.8161659492118772E-01 -0.8119448781313515E-01 -0.7425962964249631E-01 -0.6199385108093421E-01 -0.3147582876496464E-01  0.2640976189739500E-01  0.9321090877670539E-01  0.1334052781219782E+00  0.1325892365908865E+00  0.9861341410455249E-01  0.4570646001091436E-01 -0.5984835937319397E-02 -0.2496137456332516E-01  0.6889928775265609E-01
  0.1576892463364989E-02  0.1714813461954616E-01  0.5302129632200347E-01  0.7159208352389083E-01  0.4287953110823348E-01 -0.2508320466742085E-01 -0.1161063977332852E+00 -0.2058147778603283E+00 -0.2790374777814964E+00 -0.3161371109145251E+00 -0.3029078052020755E+00 -0.2269357396208684E+00 -0.1020998273194865E+00  0.3543794393837720E-01  0.1445234104066500E+00  0.1997927878920960E+00  0.1965709049864677E+00  0.1456605665635510E+00  0.7154215278431439E-01  0.1104880016199270E-01  0.3839575229833630E-01
 -0.1539974532186953E+00  0.1090537767641040E+00  0.1731638770736166E+00  0.1815813281667172E+00  0.1175506730042720E+00  0.4256510690247253E-02 -0.1369892340943017E+00 -0.2777896674813625E+00 -0.4029772929215819E+00 -0.4867343267535828E+00 -0.5100229611338256E+00 -0.4497076361571790E+00 -0.3101800867303810E+00 -0.1253769710081486E+00  0.5539383378465156E-01  0.1931748143481466E+00  0.2642635128877542E+00  0.2592575072908126E+00  0.1926782316686189E+00  0.1031008506828707E+00 -0.1166243203799933E+00
 -0.3998698988555382E+00  0.2447773385155901E+00  0.3344621166912320E+00  0.3162171297931064E+00  0.2106179198418016E+00  0.5088375657192088E-01 -0.1414601788132254E+00 -0.3355226932194389E+00 -0.5157363945056057E+00 -0.6498589761023602E+00 -0.7138410497085187E+00 -0.6759940732606787E+00 -0.5337179174003227E+00 -0.3204112376597156E+00 -0.9206136409184765E-01  0.1091489542723966E+00  0.2542517649340861E+00  0.3163881067786898E+00  0.2906292745673384E+00  0.1945491194012968E+00 -0.2930180836365519E+00
 -0.6596654125168123E+00  0.3910676260320412E+00  0.5135374655793113E+00  0.4640566172924264E+00  0.3223607082056896E+00  0.1260738560333790E+00 -0.1036616603192040E+00 -0.3359317226612944E+00 -0.5591924504095228E+00 -0.7432625308103101E+00 -0.8626780018516199E+00 -0.8737394593566127E+00 -0.7512949065653080E+00 -0.5199040760019323E+00 -0.2534843290341582E+00 -0.9930368213505309E-02  0.1870528108277271E+00  0.3098283953780447E+00  0.3333289992344912E+00  0.2351603207029199E+00 -0.3721519628742684E+00
 -0.8565706012635436E+00  0.5137551180446565E+00  0.6846947528704258E+00  0.6090042149128239E+00  0.4364576547842144E+00  0.2090074409591489E+00 -0.5111428496021311E-01 -0.3122501435756301E+00 -0.5648039195104262E+00 -0.7847123008698406E+00 -0.9547598325395301E+00 -0.1031815242847707E+01 -0.9627682510869824E+00 -0.7355384730483219E+00 -0.4286433509074060E+00 -0.1412864354710924E+00  0.9222705446834932E-01  0.2569035813883596E+00  0.3166504850430749E+00  0.2184657268901669E+00 -0.3387466956274258E+00
 -0.9361642381078172E+00  0.5888475105504306E+00  0.8303782935434745E+00  0.7443272431344778E+00  0.5502667295606493E+00  0.3003114254213253E+00  0.1792086864106998E-01 -0.2642997774878832E+00 -0.5342148186456099E+00 -0.7718693340103914E+00 -0.9732973649484024E+00 -0.1115842178843483E+01 -0.1135830683745116E+01 -0.9650992951312162E+00 -0.6395747300290173E+00 -0.2957233347004175E+00 -0.1942687485877531E-01  0.1736795788352385E+00  0.2558608936757449E+00  0.1737843843711853E+00 -0.2654922594378111E+00
 -0.8783518367113730E+00  0.6064533818536293E+00  0.9410083088495149E+00  0.8668799217435116E+00  0.6607379546830195E+00  0.3944598186568547E+00  0.9255035315183177E-01 -0.2111566959851238E+00 -0.4967488364750545E+00 -0.7400143031792228E+00 -0.9440311684811056E+00 -0.1120264224965983E+01 -0.1231433936066054E+01 -0.1170589431966842E+01 -0.8887005387371384E+00 -0.5034047163186969E+00 -0.1659360730109802E+00  0.6769410700664280E-01  0.1768715213159316E+00  0.1286799950368758E+00 -0.2091684637946957E+00
 -0.7136910018247262E+00  0.5736809108901859E+00  0.1007351730845832E+01  0.9721075242838735E+00  0.7663688742499899E+00  0.4920515684007843E+00  0.1765737813719400E+00 -0.1473496825879324E+00 -0.4521462881871432E+00 -0.7032523364790444E+00 -0.8953446023633070E+00 -0.1065799992532617E+01 -0.1233242022514171E+01 -0.1298537280353911E+01 -0.1128243381448831E+01 -0.7593347282889971E+00 -0.3680919364533659E+00 -0.7134096768176726E-01  0.8972321241251935E-01  0.9247436621442218E-01 -0.1876998862307472E+00
 -0.5111940577064875E+00  0.5095757852919109E+00  0.1017533298169245E+01  0.1048317602302946E+01  0.8605400105435774E+00  0.5875318409373639E+00  0.2667234025667608E+00 -0.7132061427755243E-01 -0.3949144462473406E+00 -0.6603457909515565E+00 -0.8433092393457948E+00 -0.9832471888759470E+00 -0.1157997233512373E+01 -0.1325021038099188E+01 -0.1303084034075508E+01 -0.1018548386974619E+01 -0.6141018720071403E+00 -0.2544866982171596E+00 -0.1865641205927767E-01  0.5282261043383695E-01 -0.1771242433607885E+00
 -0.3179507836943071E+00  0.4257229341171856E+00  0.9592180186572498E+00  0.1073652642642490E+01  0.9271676601521677E+00  0.6687577918257971E+00  0.3536017888385392E+00  0.1331088665010460E-01 -0.3194583110237867E+00 -0.5981284870970519E+00 -0.7810506647068215E+00 -0.8876639502789685E+00 -0.1030414519936929E+01 -0.1252097781956817E+01 -0.1379878018577290E+01 -0.1234578745743899E+01 -0.8730949515532976E+00 -0.4768821515299166E+00 -0.1621237547627307E+00 -0.6973823926181406E-02 -0.1412022829841865E+00
 -0.1531052789558044E+00  0.3281528725306120E+00  0.8313533386360316E+00  0.1029864571561762E+01  0.9493937479031942E+00  0.7232958613168508E+00  0.4256363544022970E+00  0.9605697544907965E-01 -0.2312593472697621E+00 -0.5117144625900534E+00 -0.6961894147698116E+00 -0.7790627434963776E+00 -0.8721527852249191E+00 -0.1097172607930769E+01 -0.1344874212835654E+01 -0.1370584522325062E+01 -0.1111683106967940E+01 -0.7233519535961579E+00 -0.3459535986965293E+00 -0.9256829875340880E-01 -0.6824870243630288E-01
 -0.2229137036288731E-01  0.2227753432201898E+00  0.6460346592976821E+00  0.9030975564136047E+00  0.9036505272762551E+00  0.7325707921221553E+00  0.4701471409455701E+00  0.1666482674832256E+00 -0.1392554301476545E+00 -0.4049490608452024E+00 -0.5823068612445633E+00 -0.6503785614428181E+00 -0.6966260091664984E+00 -0.8854900693571348E+00 -0.1201360096088675E+01 -0.1399477587732589E+01 -0.1296220866643619E+01 -0.9692888288779878E+00 -0.5639167909525937E+00 -0.2018689829816760E+00  0.4169015799243414E-01
  0.7532914472945529E-01  0.1204609881517347E+00  0.4367121091846595E+00  0.7077306117622655E+00  0.7835615332962605E+00  0.6843737527845132E+00  0.4764830988329466E+00  0.2159618240626650E+00 -0.5266136849283247E-01 -0.2870578239844824E+00 -0.4440408575242952E+00 -0.5003297270395857E+00 -0.5136733847916919E+00 -0.6459118558322302E+00 -0.9680823944063958E+00 -0.1303333929440605E+01 -0.1390799966773973E+01 -0.1182751238545017E+01 -0.7978242795051551E+00 -0.3303641761077199E+00  0.1932682488180046E+00
  0.1345371029987041E+00  0.3455212349760418E-01  0.2381934734915166E+00  0.4691175079944107E+00  0.5876918806231034E+00  0.5625433249043169E+00  0.4274254106226326E+00  0.2304434855136962E+00  0.1721307208860780E-01 -0.1705948067188135E+00 -0.2956152894029490E+00 -0.3397807366187125E+00 -0.3367982017411819E+00 -0.4105677637623740E+00 -0.6803390116400162E+00 -0.1080606755861720E+01 -0.1357510144723543E+01 -0.1321977400886254E+01 -0.1017460436939669E+01 -0.4720306145720432E+00  0.3986314067764605E+00
  0.1221716825020328E+00 -0.9208715023571661E-02  0.9454553743131777E-01  0.2478016954542092E+00  0.3601746592929675E+00  0.3836081036123273E+00  0.3203117324241641E+00  0.1984488271474433E+00  0.5451709322666203E-01 -0.7554348104120356E-01 -0.1619969385345874E+00 -0.1932019015754650E+00 -0.1864912774660841E+00 -0.2134375931425448E+00 -0.3890313152831343E+00 -0.7561220361106755E+00 -0.1167619466342957E+01 -0.1336579993378756E+01 -0.1180607929204355E+01 -0.6204334647948230E+00  0.6806924651801143E+00
  0.2730503184556759E-01 -0.6807418151576624E-02  0.6882777390837718E-02  0.7182939159175754E-01  0.1461495923163772E+00  0.1852889166634142E+00  0.1735990760257504E+00  0.1197755931090306E+00  0.4536539616697909E-01 -0.2521561281315684E-01 -0.7253073098265059E-01 -0.8935538961858862E-01 -0.8308625448362994E-01 -0.8157476969482272E-01 -0.1543552654807064E+00 -0.3928417419571308E+00 -0.8238549311612817E+00 -0.1174726105098390E+01 -0.1224270413237390E+01 -0.7675229555863858E+00  0.1078298453521767E+01
 -0.1672593366184389E+00  0.4572358239387504E-01 -0.3008858943681376E-01 -0.3576958266067368E-01 -0.1211094803207246E-02  0.3218777069806066E-01  0.4500573944327547E-01  0.3531363263308504E-01  0.1159240032346285E-01 -0.1388873360995846E-01 -0.3099514128291955E-01 -0.3488511157381610E-01 -0.2859468505495482E-01 -0.1737410507398839E-01 -0.2265097782180604E-01 -0.9363437407762605E-01 -0.4050945728327545E+00 -0.8200917282501695E+00 -0.1049407148480411E+01 -0.8464018811748418E+00  0.1489798495044115E+01
  0.4136216400981318E+00 -0.2191953479789811E+00 -0.2439644038388115E+00 -0.1776553938906151E+00 -0.1115160542288151E+00 -0.6316213346091615E-01 -0.3313382159296919E-01 -0.1832519640053785E-01 -0.1376086054341653E-01 -0.1340549121903265E-01 -0.1234130785399644E-01 -0.7459704965664024E-02 -0.2819130034393605E-03  0.9307760722416708E-02  0.1168613985492606E-01  0.1000773702748731E-01 -0.1327200016288337E+00 -0.3904314224110486E+00 -0.5667446233641066E+00 -0.5440815577850641E+00  0.1065500049991086E+01
  0.0000000000000000E+00  0.0000000000000000E+00  0.0000000000000000E+00  0.0000000000000000E+00  0.0000000000000000E+00  0.0000000000000000E+00  0.0000000000000000E+00  0.0000000000000000E+00  0.0000000000000000E+00  0.0000000000000000E+00  0.0000000000000000E+00  0.0000000000000000E+00  0.0000000000000000E+00  0.0000000000000000E+00  0.0000000000000000E+00  0.0000000000000000E+00  0.0000000000000000E+00  0.0000000000000000E+00  0.0000000000000000E+00  0.0000000000000000E+00  0.0000000000000000E+00
