  0.0000000000000000E+00  0.0000000000000000E+00  0.0000000000000000E+00  0.0000000000000000E+00  0.0000000000000000E+00  0.0000000000000000E+00  0.0000000000000000E+00  0.0000000000000000E+00  0.0000000000000000E+00  0.0000000000000000E+00  0.0000000000000000E+00  0.0000000000000000E+00  0.0000000000000000E+00  0.0000000000000000E+00  0.0000000000000000E+00  0.0000000000000000E+00  0.0000000000000000E+00  0.0000000000000000E+00  0.0000000000000000E+00  0.0000000000000000E+00  0.0000000000000000E+00
  0.3806093688265445E-01 -0.1558597145276772E-01 -0.8696977475648696E-02  0.2240161060194095E-02 -0.8762794629023777E-02 -0.3818992024594644E-01 -0.6834413471420694E-01 -0.8152296676649182E-01 -0.8110156247490147E-01 -0.7416185713130874E-01 -0.6190391352523144E-01 -0.3141020784969419E-01  0.2644634880694455E-01  0.9324109698484566E-01  0.1334472473112406E+00  0.1326411392642863E+00  0.9866412119445231E-01  0.4574239339862952E-01 -0.5977600120414229E-02 -0.2497078523965647E-01  0.6893475559855516E-01
  0.1532620403179211E-02  0.1721289161220392E-01  0.5317129523979099E-01  0.7178933657415398E-01  0.4306413847963964E-01 -0.2495020018800427E-01 -0.1160474912956655E+00 -0.2058255866206215E+00 -0.2791105969058091E+00 -0.3162561677124538E+00 -0.3030595087409848E+00 -0.2270945992224850E+00 -0.1022364732905650E+00  0.3534933959107445E-01  0.1444959258067568E+00  0.1998227335083652E+00  0.1966374259346663E+00  0.1457306640029034E+00  0.7157941838355603E-01  0.1104804514136041E-01  0.3843528295947479E-01
 -0.1541916064659241E+00  0.1092028261987879E+00  0.1734168721304396E+00  0.1818506627737791E+00  0.1177763638155831E+00  0.4418214209259762E-02 -0.1368988444650389E+00 -0.2777587311125883E+00 -0.4030024272263966E+00 -0.4868013914772609E+00 -0.5101195174496562E+00 -0.4498104454417757E+00 -0.3102687799665866E+00 -0.1254389094002084E+00  0.5537019196063206E-01  0.1932026726675169E+00  0.2643424518262601E+00  0.2593620541044446E+00  0.1927607943115912E+00  0.1031312261536558E+00 -0.1166328841493760E+00
 -0.4001723719414687E+00  0.2449825387116245E+00  0.3347752441934048E+00  0.3164911140430640E+00  0.2108082516260535E+00  0.5099069927412206E-01 -0.1414360755846144E+00 -0.3355688944848702E+00 -0.5158549928366311E+00 -0.6500350324316367E+00 -0.7140500883755275E+00 -0.6761925104203589E+00 -0.5338703783699501E+00 -0.3205148781721378E+00 -0.9212325110998462E-01  0.1091412555859494E+00  0.2543117034277409E+00  0.3165002525968108E+00  0.2907424639911352E+00  0.1946060381362840E+00 -0.2930756504177168E+00
 -0.6599564798449423E+00  0.3912758448757210E+00  0.5138710547822206E+00  0.4643258766294010E+00  0.3225471630934178E+00  0.1261966888898081E+00 -0.1035940747945184E+00 -0.3359066390552239E+00 -0.5592211113317289E+00 -0.7433499141673425E+00 -0.8628152046816021E+00 -0.8738884744043336E+00 -0.7514087419914028E+00 -0.5199756468863511E+00 -0.2535349419009891E+00 -0.9951470292565014E-02  0.1870918275928203E+00  0.3099315655027429E+00  0.3334502421301538E+00  0.2352183731060624E+00 -0.3722048771880335E+00
 -0.8567256714210916E+00  0.5139083633054875E+00  0.6849994184953709E+00  0.6092338481853508E+00  0.4365942939073442E+00  0.2090792464070079E+00 -0.5108951480704498E-01 -0.3122520213013212E+00 -0.5648417395072549E+00 -0.7848005308380109E+00 -0.9549002561081553E+00 -0.1031973197788139E+01 -0.9628808286828870E+00 -0.7355831079484985E+00 -0.4286582052161788E+00 -0.1412898699189664E+00  0.9226117384675353E-01  0.2569934053118338E+00  0.3167567925862453E+00  0.2185022911922227E+00 -0.3387500809904227E+00
 -0.9361064142079547E+00  0.5889099268287553E+00  0.8306233662783113E+00  0.7445112694792979E+00  0.5503625520020251E+00  0.3003626771789604E+00  0.1795974526121185E-01 -0.2642477437899470E+00 -0.5341611598686056E+00 -0.7718492538041037E+00 -0.9733438078544072E+00 -0.1115947312473317E+01 -0.1135923425810939E+01 -0.9651197102502701E+00 -0.6395475836026765E+00 -0.2956881885927247E+00 -0.1938020288253486E-01  0.1737524208541177E+00  0.2559338137570099E+00  0.1737961743926881E+00 -0.2654547094210544E+00
 -0.8780734885056937E+00  0.6064159559664867E+00  0.9411743793937665E+00  0.8670136339489060E+00  0.6607839096258197E+00  0.3944651092441020E+00  0.9255919337010939E-01 -0.2111075101842489E+00 -0.4966598679093422E+00 -0.7399229532277688E+00 -0.9439942283966325E+00 -0.1120313402885738E+01 -0.1231512853511493E+01 -0.1170606382716211E+01 -0.8886529517586795E+00 -0.5033416731016410E+00 -0.1658720372895048E+00  0.6775615396618803E-01  0.1769149187466500E+00  0.1286778508268285E+00 -0.2091186337338356E+00
 -0.7133118396808551E+00  0.5735779683362351E+00  0.1007422065327850E+01  0.9721850314693526E+00  0.7663670026423159E+00  0.4920144897990845E+00  0.1765634648548861E+00 -0.1472861054424172E+00 -0.4520020761292475E+00 -0.7030631752028654E+00 -0.8951858173506654E+00 -0.1065753139507444E+01 -0.1233289528577832E+01 -0.1298561572154203E+01 -0.1128196917565443E+01 -0.7592655610387070E+00 -0.3680238478205502E+00 -0.7128364630306282E-01  0.8975546748217475E-01  0.9247603522229841E-01 -0.1876726381847205E+00
 -0.5108381183016941E+00  0.5094449724079125E+00  0.1017496798922043E+01  0.1048326389545670E+01  0.8604946203544743E+00  0.5874565175308992E+00  0.2666840901807918E+00 -0.7127258661579131E-01 -0.3947612785662030E+00 -0.6601050440813031E+00 -0.8430491614872728E+00 -0.9830884629542912E+00 -0.1157990207743667E+01 -0.1325052518126935E+01 -0.1303055402388820E+01 -0.1018487586688129E+01 -0.6140423816150041E+00 -0.2544364804106051E+00 -0.1862696595213769E-01  0.5283336833890240E-01 -0.1771270709688449E+00
 -0.3176643268360758E+00  0.4255814103559111E+00  0.9590799042316575E+00  0.1073579921275007E+01  0.9270802229429904E+00  0.6686540251115964E+00  0.3535386959550941E+00  0.1334165136596110E-01 -0.3193095549345741E+00 -0.5978666522689676E+00 -0.7807239112076626E+00 -0.8874011660247094E+00 -0.1030334247142895E+01 -0.1252124189719216E+01 -0.1379874397475098E+01 -0.1234537036905081E+01 -0.8730506338317332E+00 -0.4768419928725556E+00 -0.1620971674083898E+00 -0.6960956240863067E-02 -0.1412142986858006E+00
 -0.1528926244121220E+00  0.3280115601802502E+00  0.8311420561286287E+00  0.1029710448920213E+01  0.9492645380371015E+00  0.7231754621784204E+00  0.4255618339235299E+00  0.9607419743046704E-01 -0.2311258483898153E+00 -0.5114613617565132E+00 -0.6958430342962456E+00 -0.7787334196618806E+00 -0.8720017639201135E+00 -0.1097182052428676E+01 -0.1344894845832846E+01 -0.1370568727792565E+01 -0.1111659132305049E+01 -0.7233272345075519E+00 -0.3459344462042468E+00 -0.9255885606772711E-01 -0.6825787800106548E-01
 -0.2214198054993155E-01  0.2226465150492091E+00  0.6457975645976958E+00  0.9028820390466316E+00  0.9034782625107620E+00  0.7324336016897711E+00  0.4700657068795468E+00  0.1666562283264585E+00 -0.1391367899214872E+00 -0.4047142601984726E+00 -0.5819726497361219E+00 -0.6500303062982977E+00 -0.6964291785738752E+00 -0.8854784828969904E+00 -0.1201398258877535E+01 -0.1399489555860911E+01 -0.1296219685969983E+01 -0.9692823896939633E+00 -0.5639085746612905E+00 -0.2018646705678775E+00  0.4168543704234207E-01
  0.7542671788708627E-01  0.1203586479655700E+00  0.4365026617837963E+00  0.7074980783405399E+00  0.7833621373215472E+00  0.6842229685337512E+00  0.4763971801534211E+00  0.2159634688110612E+00 -0.5255665194937795E-01 -0.2868466598603019E+00 -0.4437398546172923E+00 -0.5000062921604602E+00 -0.5134698729300453E+00 -0.6458885575112545E+00 -0.9681303618208128E+00 -0.1303368150075995E+01 -0.1390820200195174E+01 -0.1182763554664800E+01 -0.7978288885262886E+00 -0.3303655129371065E+00  0.1932676502850309E+00
  0.1345808036155839E+00  0.3448980850147081E-01  0.2380502291199964E+00  0.4689191454022315E+00  0.5874932681015391E+00  0.5623824779128691E+00  0.4273285920630792E+00  0.2304316487600125E+00  0.1729698368462449E-01 -0.1704166171634761E+00 -0.2953648648535413E+00 -0.3395164910519458E+00 -0.3366273992554362E+00 -0.4105500450895804E+00 -0.6803926391957250E+00 -0.1080653221335393E+01 -0.1357543679561926E+01 -0.1322003128496471E+01 -0.1017476103326020E+01 -0.4720371404219344E+00  0.3986353179397835E+00
  0.1221395574549326E+00 -0.9218828960517135E-02  0.9448307057338118E-01  0.2476821390392967E+00  0.3600292770720810E+00  0.3834743685231979E+00  0.3202215104866502E+00  0.1984261680115965E+00  0.5457328867783235E-01 -0.7541198855080751E-01 -0.1618155067219628E+00 -0.1930201716778040E+00 -0.1863799203154713E+00 -0.2134401064239011E+00 -0.3890892321897279E+00 -0.7561712040908626E+00 -0.1167656544327791E+01 -0.1336610946759534E+01 -0.1180630044989088E+01 -0.6204439367997031E+00  0.6807017654100211E+00
  0.2724771892873836E-01 -0.6792811905149829E-02  0.6869283213288876E-02  0.7177599879994355E-01  0.1460685102364448E+00  0.1852053449099039E+00  0.1735388818226127E+00  0.1197591182228642E+00  0.4540131656956746E-01 -0.2513311402490863E-01 -0.7242363674938046E-01 -0.8925709021722814E-01 -0.8303468726720403E-01 -0.8159614691308233E-01 -0.1544133969196970E+00 -0.3928872722491409E+00 -0.8238871614151915E+00 -0.1174753759294255E+01 -0.1224292869125610E+01 -0.7675356897333394E+00  0.1078314200074409E+01
 -0.1672548005747028E+00  0.4572435323679888E-01 -0.3008174086430620E-01 -0.3577840138044781E-01 -0.1236914226729009E-02  0.3215496011575335E-01  0.4497930806992219E-01  0.3530517450019870E-01  0.1160709454587204E-01 -0.1385397831253214E-01 -0.3095110237770615E-01 -0.3484715096512234E-01 -0.2857792087379659E-01 -0.1739284139738360E-01 -0.2269481103254146E-01 -0.9367324650222618E-01 -0.4051204232169529E+00 -0.8201112826114267E+00 -0.1049423884258959E+01 -0.8464139462560639E+00  0.1489817954509233E+01
  0.4136422834567156E+00 -0.2192120407835753E+00 -0.2439938388940102E+00 -0.1776864438730598E+00 -0.1115440143211830E+00 -0.6318545051605619E-01 -0.3315081349593080E-01 -0.1833348616168332E-01 -0.1375925802453742E-01 -0.1339558927735369E-01 -0.1232758564266946E-01 -0.7448394659968167E-02 -0.2780076329256951E-03  0.9299475751344641E-02  0.1166632618090111E-01  0.9984453642460974E-02 -0.1327378598134663E+00 -0.3904428577747684E+00 -0.5667525866178116E+00 -0.5440881682302705E+00  0.1065511918073000E+01
  0.0000000000000000E+00  0.0000000000000000E+00  0.0000000000000000E+00  0.0000000000000000E+00  0.0000000000000000E+00  0.0000000000000000E+00  0.0000000000000000E+00  0.0000000000000000E+00  0.0000000000000000E+00  0.0000000000000000E+00  0.0000000000000000E+00  0.0000000000000000E+00  0.0000000000000000E+00  0.0000000000000000E+00  0.0000000000000000E+00  0.0000000000000000E+00  0.0000000000000000E+00  0.0000000000000000E+00  0.0000000000000000E+00  0.0000000000000000E+00  0.0000000000000000E+00
