  0.0000000000000000E+00  0.0000000000000000E+00  0.0000000000000000E+00  0.0000000000000000E+00  0.0000000000000000E+00  0.0000000000000000E+00  0.0000000000000000E+00  0.0000000000000000E+00  0.0000000000000000E+00  0.0000000000000000E+00  0.0000000000000000E+00  0.0000000000000000E+00  0.0000000000000000E+00  0.0000000000000000E+00  0.0000000000000000E+00  0.0000000000000000E+00  0.0000000000000000E+00  0.0000000000000000E+00  0.0000000000000000E+00  0.0000000000000000E+00  0.0000000000000000E+00
  0.3806097592725946E-01 -0.1558603815594086E-01 -0.8697138540563119E-02  0.2239920467686004E-02 -0.8763086424933515E-02 -0.3819018310594567E-01 -0.6834430510535666E-01 -0.8152306378949732E-01 -0.8110165502622416E-01 -0.7416196005417348E-01 -0.6190399305902114E-01 -0.3141018635960312E-01  0.2644648486364537E-01  0.9324122347407247E-01  0.1334472664375864E+00  0.1326410581401462E+00  0.9866398664399011E-01  0.4574224854270788E-01 -0.5977712712284059E-02 -0.2497083382844866E-01  0.6893478877306192E-01
  0.1532737692316113E-02  0.1721278611181519E-01  0.5317109602776167E-01  0.7178906126971364E-01  0.4306380360075256E-01 -0.2495053527599456E-01 -0.1160477737602268E+00 -0.2058257707156199E+00 -0.2791106626795754E+00 -0.3162560592684038E+00 -0.3030592067055991E+00 -0.2270941267742483E+00 -0.1022359545275173E+00  0.3534975533548208E-01  0.1444961531415766E+00  0.1998227708869755E+00  0.1966373238071793E+00  0.1457304935258841E+00  0.7157924827226946E-01  0.1104793608600513E-01  0.3843544001425407E-01
 -0.1541914035448953E+00  0.1092026928037368E+00  0.1734166748663150E+00  0.1818503977058579E+00  0.1177760260389062E+00  0.4417844794482356E-02 -0.1368992186027834E+00 -0.2777590609913162E+00 -0.4030026862073851E+00 -0.4868014991905571E+00 -0.5101194380639071E+00 -0.4498101680100577E+00 -0.3102683955928006E+00 -0.1254385425273777E+00  0.5537045800174460E-01  0.1932027975834084E+00  0.2643424277983966E+00  0.2593619112452216E+00  0.1927605882124172E+00  0.1031310497997755E+00 -0.1166325611869093E+00
 -0.4001722047631769E+00  0.2449824514403044E+00  0.3347751495577362E+00  0.3164909563241343E+00  0.2108080041415927E+00  0.5099039225138734E-01 -0.1414364200308704E+00 -0.3355692038013941E+00 -0.5158552300334472E+00 -0.6500351017772811E+00 -0.7140499554086732E+00 -0.6761921856241407E+00 -0.5338699813900520E+00 -0.3205145257251510E+00 -0.9212298032220095E-01  0.1091414316507268E+00  0.2543117562644053E+00  0.3165001718287285E+00  0.2907422770415001E+00  0.1946058683833020E+00 -0.2930753281084059E+00
 -0.6599564315163036E+00  0.3912758458657392E+00  0.5138711060809140E+00  0.4643258271204214E+00  0.3225469644073066E+00  0.1261963746649851E+00 -0.1035944764117454E+00 -0.3359070492236341E+00 -0.5592215098985601E+00 -0.7433502052893329E+00 -0.8628153100475960E+00 -0.8738883455405776E+00 -0.7514084771025340E+00 -0.5199753992910436E+00 -0.2535347550234621E+00 -0.9951326896814165E-02  0.1870919010243959E+00  0.3099315286641370E+00  0.3334501038028547E+00  0.2352182792560429E+00 -0.3722047339652741E+00
 -0.8567256957593815E+00  0.5139084390042565E+00  0.6849996212533881E+00  0.6092339103492339E+00  0.4365941679422626E+00  0.2090790010627436E+00 -0.5108982078162982E-01 -0.3122523041292654E+00 -0.5648420205348914E+00 -0.7848007813342166E+00 -0.9549004157974109E+00 -0.1031973174772123E+01 -0.9628806517464281E+00 -0.7355829318155439E+00 -0.4286581013885500E+00 -0.1412897985319792E+00  0.9226121346927148E-01  0.2569933793291662E+00  0.3167567112396372E+00  0.2185022735686921E+00 -0.3387501094664393E+00
 -0.9361063958236874E+00  0.5889100252925092E+00  0.8306236800538404E+00  0.7445114007523345E+00  0.5503624342582657E+00  0.3003624179614510E+00  0.1795945259869402E-01 -0.2642479625421539E+00 -0.5341613523550724E+00 -0.7718494697859392E+00 -0.9733440358139750E+00 -0.1115947433351157E+01 -0.1135923377986997E+01 -0.9651196148894990E+00 -0.6395475498642526E+00 -0.2956881830108832E+00 -0.1938020833172724E-01  0.1737523932204866E+00  0.2559337779086865E+00  0.1737961912915761E+00 -0.2654547959660418E+00
 -0.8780732922695927E+00  0.6064160142020081E+00  0.9411747503364315E+00  0.8670138036878180E+00  0.6607837724892600E+00  0.3944648253173346E+00  0.9255894360580971E-01 -0.2111075838677113E+00 -0.4966598315636891E+00 -0.7399229521490307E+00 -0.9439943548448402E+00 -0.1120313564091254E+01 -0.1231512899330269E+01 -0.1170606361429790E+01 -0.8886529843954486E+00 -0.5033417226208438E+00 -0.1658720746353835E+00  0.6775611934040372E-01  0.1769148999760401E+00  0.1286778687434720E+00 -0.2091187062543760E+00
 -0.7133114812358068E+00  0.5735779717512589E+00  0.1007422434017970E+01  0.9721852215364216E+00  0.7663668382503054E+00  0.4920141548726609E+00  0.1765632026385329E+00 -0.1472861119447429E+00 -0.4520018743872865E+00 -0.7030629627709791E+00 -0.8951857930796771E+00 -0.1065753285554397E+01 -0.1233289632507759E+01 -0.1298561597478501E+01 -0.1128197003215867E+01 -0.7592656758114620E+00 -0.3680239196192027E+00 -0.7128369154656652E-01  0.8975544727644806E-01  0.9247603928697672E-01 -0.1876726705844821E+00
 -0.5108377210452550E+00  0.5094449449246118E+00  0.1017497113728580E+01  0.1048326591613374E+01  0.8604944588646969E+00  0.5874561541775768E+00  0.2666838104232175E+00 -0.7127256064099233E-01 -0.3947609604956907E+00 -0.6601046443936336E+00 -0.8430489614944141E+00 -0.9830885537716153E+00 -0.1157990350483065E+01 -0.1325052566994200E+01 -0.1303055502208416E+01 -0.1018487756341985E+01 -0.6140425032734088E+00 -0.2544365505558672E+00 -0.1862699833717347E-01  0.5283335963926006E-01 -0.1771270772549537E+00
 -0.3176639619647569E+00  0.4255813649500954E+00  0.9590801328855293E+00  0.1073580127943811E+01  0.9270801144752348E+00  0.6686536954634439E+00  0.3535384236636781E+00  0.1334167230876462E-01 -0.3193092181840165E+00 -0.5978661790546195E+00 -0.7807236036785687E+00 -0.8874012137325179E+00 -0.1030334436059589E+01 -0.1252124266646104E+01 -0.1379874482733577E+01 -0.1234537226741976E+01 -0.8730508040585854E+00 -0.4768420981653949E+00 -0.1620972212332844E+00 -0.6960975648009153E-02 -0.1412142942892569E+00
 -0.1528923108246936E+00  0.3280115016043392E+00  0.8311421939883239E+00  0.1029710654544259E+01  0.9492645255337090E+00  0.7231752395527334E+00  0.4255616245862631E+00  0.9607422332096037E-01 -0.2311255375283938E+00 -0.5114609040362914E+00 -0.6958427107626827E+00 -0.7787334698206880E+00 -0.8720020225681505E+00 -0.1097182178706407E+01 -0.1344894905161907E+01 -0.1370568895687932E+01 -0.1111659326015859E+01 -0.7233273684259276E+00 -0.3459345235406244E+00 -0.9255888576497320E-01 -0.6825786624570479E-01
 -0.2214171519274655E-01  0.2226464469224023E+00  0.6457976255744602E+00  0.9028822328332411E+00  0.9034783568045996E+00  0.7324335345523973E+00  0.4700656170383918E+00  0.1666562925289815E+00 -0.1391365153920510E+00 -0.4047138754191836E+00 -0.5819723890297489E+00 -0.6500304065073198E+00 -0.6964295261172810E+00 -0.8854786860155947E+00 -0.1201398302661398E+01 -0.1399489670441977E+01 -0.1296219867418138E+01 -0.9692825314635458E+00 -0.5639086656105083E+00 -0.2018647070568631E+00  0.4168545556008085E-01
  0.7542694616860068E-01  0.1203585742861607E+00  0.4365026690270827E+00  0.7074982486300545E+00  0.7833623161442173E+00  0.6842230560354912E+00  0.4763972305923035E+00  0.2159635962078731E+00 -0.5255640477664254E-01 -0.2868463656565619E+00 -0.4437396940071503E+00 -0.5000064594527429E+00 -0.5134702950626061E+00 -0.6458888438254294E+00 -0.9681304105284078E+00 -0.1303368198748044E+01 -0.1390820337006168E+01 -0.1182763682202492E+01 -0.7978289773413345E+00 -0.3303655507689756E+00  0.1932676749655924E+00
  0.1345810003530811E+00  0.3448973359291114E-01  0.2380502011318145E+00  0.4689192708036241E+00  0.5874934785004795E+00  0.5623826744524218E+00  0.4273287620966812E+00  0.2304318395662261E+00  0.1729721242548842E-01 -0.1704164061457411E+00 -0.2953647994668090E+00 -0.3395167003014550E+00 -0.3366278381287737E+00 -0.4105503835286416E+00 -0.6803927105571841E+00 -0.1080653214658561E+01 -0.1357543750879119E+01 -0.1322003224164184E+01 -0.1017476177406192E+01 -0.4720371751595336E+00  0.3986353480724085E+00
  0.1221397020479833E+00 -0.9218893181390906E-02  0.9448302250381056E-01  0.2476822009466213E+00  0.3600294460621177E+00  0.3834745832411369E+00  0.3202217313684674E+00  0.1984263908400541E+00  0.5457350018876572E-01 -0.7541183755128532E-01 -0.1618154969176903E+00 -0.1930203648545411E+00 -0.1863802901031835E+00 -0.2134404298724729E+00 -0.3890893271263699E+00 -0.7561711725135569E+00 -0.1167656552396537E+01 -0.1336611000760409E+01 -0.1180630097621573E+01 -0.6204439658426721E+00  0.6807017999064433E+00
  0.2724776938098190E-01 -0.6792844798557693E-02  0.6869234985308821E-02  0.7177600115686852E-01  0.1460685897787486E+00  0.1852054804656855E+00  0.1735390421726369E+00  0.1197592818876121E+00  0.4540145831131618E-01 -0.2513303065859061E-01 -0.7242365242284224E-01 -0.8925722345443154E-01 -0.8303492610310989E-01 -0.8159638365698357E-01 -0.1544134942749272E+00 -0.3928872491127141E+00 -0.8238871324863408E+00 -0.1174753774114546E+01 -0.1224292899205085E+01 -0.7675357118534435E+00  0.1078314236355245E+01
 -0.1672547842887714E+00  0.4572433434062496E-01 -0.3008178126689648E-01 -0.3577842570323658E-01 -0.1236899956735857E-02  0.3215501076403932E-01  0.4497937993926937E-01  0.3530525168968689E-01  0.1160715951225894E-01 -0.1385394417806945E-01 -0.3095111583481073E-01 -0.3484721476626194E-01 -0.2857802752556816E-01 -0.1739295805667923E-01 -0.2269487727665428E-01 -0.9367324524489673E-01 -0.4051203928297378E+00 -0.8201112739249413E+00 -0.1049423895453472E+01 -0.8464139589655001E+00  0.1489817981443028E+01
  0.4136422925200521E+00 -0.2192120461769792E+00 -0.2439938460108854E+00 -0.1776864457091376E+00 -0.1115440077913020E+00 -0.6318543488072488E-01 -0.3315079111650201E-01 -0.1833346143616730E-01 -0.1375923784227079E-01 -0.1339558152233711E-01 -0.1232759704399785E-01 -0.7448424992710769E-02 -0.2780505839234909E-03  0.9299431038897245E-02  0.1166629948734131E-01  0.9984450814133768E-02 -0.1327378448723682E+00 -0.3904428470353268E+00 -0.5667525881617672E+00 -0.5440881722180885E+00  0.1065511928492498E+01
  0.0000000000000000E+00  0.0000000000000000E+00  0.0000000000000000E+00  0.0000000000000000E+00  0.0000000000000000E+00  0.0000000000000000E+00  0.0000000000000000E+00  0.0000000000000000E+00  0.0000000000000000E+00  0.0000000000000000E+00  0.0000000000000000E+00  0.0000000000000000E+00  0.0000000000000000E+00  0.0000000000000000E+00  0.0000000000000000E+00  0.0000000000000000E+00  0.0000000000000000E+00  0.0000000000000000E+00  0.0000000000000000E+00  0.0000000000000000E+00  0.0000000000000000E+00
