  0.0000000000000000E+00  0.0000000000000000E+00  0.0000000000000000E+00  0.0000000000000000E+00  0.0000000000000000E+00  0.0000000000000000E+00  0.0000000000000000E+00  0.0000000000000000E+00  0.0000000000000000E+00  0.0000000000000000E+00  0.0000000000000000E+00  0.0000000000000000E+00  0.0000000000000000E+00  0.0000000000000000E+00  0.0000000000000000E+00  0.0000000000000000E+00  0.0000000000000000E+00  0.0000000000000000E+00  0.0000000000000000E+00  0.0000000000000000E+00  0.0000000000000000E+00
  0.3806097588147724E-01 -0.1558603825176478E-01 -0.8697138873817095E-02  0.2239919881427840E-02 -0.8763087152733991E-02 -0.3819018378881644E-01 -0.6834430560170526E-01 -0.8152306414603304E-01 -0.8110165535722223E-01 -0.7416196039418772E-01 -0.6190399333460966E-01 -0.3141018645014071E-01  0.2644648496743817E-01  0.9324122355897745E-01  0.1334472663490561E+00  0.1326410579031267E+00  0.9866398635156720E-01  0.4574224828514165E-01 -0.5977712853522335E-02 -0.2497083385730535E-01  0.6893478871839372E-01
  0.1532737810113288E-02  0.1721278588447359E-01  0.5317109546353407E-01  0.7178906045097298E-01  0.4306380271053530E-01 -0.2495053605679879E-01 -0.1160477742939334E+00 -0.2058257709497225E+00 -0.2791106625964391E+00 -0.3162560588477859E+00 -0.3030592059505009E+00 -0.2270941257898440E+00 -0.1022359535456693E+00  0.3534975605897824E-01  0.1444961534678876E+00  0.1998227708318875E+00  0.1966373234978277E+00  0.1457304931415871E+00  0.7157924798706991E-01  0.1104793596983385E-01  0.3843544007756836E-01
 -0.1541914029879378E+00  0.1092026923249339E+00  0.1734166739868639E+00  0.1818503966348591E+00  0.1177760249665971E+00  0.4417843847124695E-02 -0.1368992193505906E+00 -0.2777590615074836E+00 -0.4030026864531225E+00 -0.4868014991103296E+00 -0.5101194376289877E+00 -0.4498101672789623E+00 -0.3102683947496964E+00 -0.1254385417987590E+00  0.5537045845599765E-01  0.1932027976843730E+00  0.2643424275624399E+00  0.2593619108023199E+00  0.1927605877698806E+00  0.1031310495330152E+00 -0.1166325608291651E+00
 -0.4001722039348927E+00  0.2449824508284498E+00  0.3347751485504566E+00  0.3164909552713666E+00  0.2108080031905111E+00  0.5099039146114321E-01 -0.1414364206187857E+00 -0.3355692041433052E+00 -0.5158552300648672E+00 -0.6500351014261299E+00 -0.7140499546626824E+00 -0.6761921845935667E+00 -0.5338699803170867E+00 -0.3205145248244416E+00 -0.9212297968960527E-01  0.1091414319535803E+00  0.2543117561925428E+00  0.3165001714453569E+00  0.2907422765435388E+00  0.1946058680545530E+00 -0.2930753276201203E+00
 -0.6599564307879310E+00  0.3912758452940772E+00  0.5138711050943007E+00  0.4643258261374936E+00  0.3225469634933174E+00  0.1261963738232386E+00 -0.1035944771623678E+00 -0.3359070498441168E+00 -0.5592215103218726E+00 -0.7433502053976793E+00 -0.8628153097405407E+00 -0.8738883448274027E+00 -0.7514084762077883E+00 -0.5199753984908778E+00 -0.2535347544288357E+00 -0.9951326539947894E-02  0.1870919010654157E+00  0.3099315283731505E+00  0.3334501033445664E+00  0.2352182790014277E+00 -0.3722047336597167E+00
 -0.8567256954452044E+00  0.5139084386261220E+00  0.6849996204331618E+00  0.6092339095417533E+00  0.4365941672104183E+00  0.2090790004088209E+00 -0.5108982133932744E-01 -0.3122523045726823E+00 -0.5648420208460380E+00 -0.7848007814463968E+00 -0.9549004156117723E+00 -0.1031973174221585E+01 -0.9628806509673210E+00 -0.7355829310960665E+00 -0.4286581008848176E+00 -0.1412897982364893E+00  0.9226121352635747E-01  0.2569933791112037E+00  0.3167567108907691E+00  0.2185022734469799E+00 -0.3387501094501705E+00
 -0.9361063960641357E+00  0.5889100251756967E+00  0.8306236794629543E+00  0.7445114001118586E+00  0.5503624336427425E+00  0.3003624173621317E+00  0.1795945203804158E-01 -0.2642479630394799E+00 -0.5341613527903307E+00 -0.7718494701258125E+00 -0.9733440359655301E+00 -0.1115947433172265E+01 -0.1135923377489516E+01 -0.9651196143229582E+00 -0.6395475494580650E+00 -0.2956881828038437E+00 -0.1938020830813058E-01  0.1737523930692015E+00  0.2559337777004395E+00  0.1737961912685032E+00 -0.2654547961050700E+00
 -0.8780732930024636E+00  0.6064160143334704E+00  0.9411747499979476E+00  0.8670138032065852E+00  0.6607837719886718E+00  0.3944648248193457E+00  0.9255894316117445E-01 -0.2111075842278114E+00 -0.4966598318717483E+00 -0.7399229524423466E+00 -0.9439943550993645E+00 -0.1120313564155663E+01 -0.1231512899102667E+01 -0.1170606361058256E+01 -0.8886529840939483E+00 -0.5033417224631108E+00 -0.1658720746287758E+00  0.6775611923805333E-01  0.1769148998674552E+00  0.1286778687568070E+00 -0.2091187064029656E+00
 -0.7133114821503250E+00  0.5735779720329574E+00  0.1007422433948547E+01  0.9721852212255060E+00  0.7663668378581503E+00  0.4920141544487847E+00  0.1765632022339627E+00 -0.1472861122904953E+00 -0.4520018746974140E+00 -0.7030629631033831E+00 -0.8951857934568550E+00 -0.1065753285836765E+01 -0.1233289632516231E+01 -0.1298561597296422E+01 -0.1128197003047497E+01 -0.7592656757093743E+00 -0.3680239196040966E+00 -0.7128369160897924E-01  0.8975544721154274E-01  0.9247603928270606E-01 -0.1876726706365754E+00
 -0.5108377218811300E+00  0.5094449452740404E+00  0.1017497113940991E+01  0.1048326591517422E+01  0.8604944586048937E+00  0.5874561538449120E+00  0.2666838100852383E+00 -0.7127256093038356E-01 -0.3947609607569940E+00 -0.6601046447114525E+00 -0.8430489619431486E+00 -0.9830885542357639E+00 -0.1157990350694543E+01 -0.1325052566956041E+01 -0.1303055502147391E+01 -0.1018487756315883E+01 -0.6140425032683050E+00 -0.2544365505927310E+00 -0.1862699838278368E-01  0.5283335961312743E-01 -0.1771270772221659E+00
 -0.3176639626341546E+00  0.4255813653324230E+00  0.9590801333631145E+00  0.1073580128114386E+01  0.9270801143984982E+00  0.6686536952575752E+00  0.3535384234122687E+00  0.1334167206490944E-01 -0.3193092184358782E+00 -0.5978661793949074E+00 -0.7807236042082347E+00 -0.8874012143747717E+00 -0.1030334436473423E+01 -0.1252124266731155E+01 -0.1379874482739520E+01 -0.1234537226778101E+01 -0.8730508040847215E+00 -0.4768420982001358E+00 -0.1620972212723186E+00 -0.6960975676299916E-02 -0.1412142942434188E+00
 -0.1528923113202790E+00  0.3280115019953318E+00  0.8311421946657164E+00  0.1029710654999988E+01  0.9492645256877568E+00  0.7231752395062082E+00  0.4255616244386499E+00  0.9607422313211657E-01 -0.2311255377636824E+00 -0.5114609043916770E+00 -0.6958427113554578E+00 -0.7787334706167668E+00 -0.8720020231797695E+00 -0.1097182178905497E+01 -0.1344894905196618E+01 -0.1370568895747963E+01 -0.1111659326067237E+01 -0.7233273684652114E+00 -0.3459345235771381E+00 -0.9255888578794569E-01 -0.6825786621330099E-01
 -0.2214171553647237E-01  0.2226464472900096E+00  0.6457976263335563E+00  0.9028822335285557E+00  0.9034783572186267E+00  0.7324335347117716E+00  0.4700656170294477E+00  0.1666562924140548E+00 -0.1391365156090034E+00 -0.4047138757975267E+00 -0.5819723896732850E+00 -0.6500304074082689E+00 -0.6964295268935803E+00 -0.8854786863253805E+00 -0.1201398302705886E+01 -0.1399489670485137E+01 -0.1296219867468398E+01 -0.9692825314989532E+00 -0.5639086656411890E+00 -0.2018647070738329E+00  0.4168545558030956E-01
  0.7542694595440486E-01  0.1203585745890387E+00  0.4365026697215210E+00  0.7074982494377303E+00  0.7833623167725002E+00  0.6842230564034177E+00  0.4763972307374330E+00  0.2159635961811197E+00 -0.5255640496546948E-01 -0.2868463660478501E+00 -0.4437396946718180E+00 -0.5000064603794201E+00 -0.5134702959180566E+00 -0.6458888442150362E+00 -0.9681304105759435E+00 -0.1303368198751897E+01 -0.1390820337029745E+01 -0.1182763682219194E+01 -0.7978289773569841E+00 -0.3303655507780593E+00  0.1932676749771939E+00
  0.1345810002834550E+00  0.3448973378346010E-01  0.2380502016338354E+00  0.4689192715443281E+00  0.5874934792292218E+00  0.5623826749982589E+00  0.4273287624096204E+00  0.2304318396542629E+00  0.1729721229497001E-01 -0.1704164065128482E+00 -0.2953648000955529E+00 -0.3395167011487394E+00 -0.3366278389351020E+00 -0.4105503839317326E+00 -0.6803927106013719E+00 -0.1080653214621516E+01 -0.1357543750865096E+01 -0.1322003224157028E+01 -0.1017476177402606E+01 -0.4720371751595624E+00  0.3986353480760811E+00
  0.1221397021926644E+00 -0.9218893149353695E-02  0.9448302274460335E-01  0.2476822014365305E+00  0.3600294466662216E+00  0.3834745837948216E+00  0.3202217317652619E+00  0.1984263910308758E+00  0.5457350015209813E-01 -0.7541183782702972E-01 -0.1618154974179388E+00 -0.1930203655036177E+00 -0.1863802907232312E+00 -0.2134404302019742E+00 -0.3890893271554707E+00 -0.7561711724523830E+00 -0.1167656552351093E+01 -0.1336611000732521E+01 -0.1180630097601585E+01 -0.6204439658342418E+00  0.6807017999011407E+00
  0.2724776958912831E-01 -0.6792844849591081E-02  0.6869235040355067E-02  0.7177600138639442E-01  0.1460685901369662E+00  0.1852054808464881E+00  0.1735390424781929E+00  0.1197592820533147E+00  0.4540145830508766E-01 -0.2513303083908105E-01 -0.7242365274461761E-01 -0.8925722384675693E-01 -0.8303492646894499E-01 -0.8159638385482444E-01 -0.1544134942777065E+00 -0.3928872490497220E+00 -0.8238871324314876E+00 -0.1174753774078166E+01 -0.1224292899177327E+01 -0.7675357118385499E+00  0.1078314236338323E+01
 -0.1672547842640017E+00  0.4572433432351106E-01 -0.3008178129346853E-01 -0.3577842565061876E-01 -0.1236899821323235E-02  0.3215501093748369E-01  0.4497938009503560E-01  0.3530525178368449E-01  0.1160715952100846E-01 -0.1385394425532835E-01 -0.3095111597790554E-01 -0.3484721493636017E-01 -0.2857802768044152E-01 -0.1739295813965784E-01 -0.2269487726168635E-01 -0.9367324519377121E-01 -0.4051203927846114E+00 -0.8201112738937082E+00 -0.1049423895429397E+01 -0.8464139589482232E+00  0.1489817981415273E+01
  0.4136422924837729E+00 -0.2192120461410011E+00 -0.2439938459392304E+00 -0.1776864456249956E+00 -0.1115440077060156E+00 -0.6318543480021806E-01 -0.3315079104991848E-01 -0.1833346139508792E-01 -0.1375923783530321E-01 -0.1339558155039713E-01 -0.1232759709897410E-01 -0.7448425057823998E-02 -0.2780506416394712E-03  0.9299431006600098E-02  0.1166629949593100E-01  0.9984450843825729E-02 -0.1327378448441306E+00 -0.3904428470156269E+00 -0.5667525881492339E+00 -0.5440881722074978E+00  0.1065511928473259E+01
  0.0000000000000000E+00  0.0000000000000000E+00  0.0000000000000000E+00  0.0000000000000000E+00  0.0000000000000000E+00  0.0000000000000000E+00  0.0000000000000000E+00  0.0000000000000000E+00  0.0000000000000000E+00  0.0000000000000000E+00  0.0000000000000000E+00  0.0000000000000000E+00  0.0000000000000000E+00  0.0000000000000000E+00  0.0000000000000000E+00  0.0000000000000000E+00  0.0000000000000000E+00  0.0000000000000000E+00  0.0000000000000000E+00  0.0000000000000000E+00  0.0000000000000000E+00
