  0.0000000000000000E+00  0.0000000000000000E+00  0.0000000000000000E+00  0.0000000000000000E+00  0.0000000000000000E+00  0.0000000000000000E+00  0.0000000000000000E+00  0.0000000000000000E+00  0.0000000000000000E+00  0.0000000000000000E+00  0.0000000000000000E+00  0.0000000000000000E+00  0.0000000000000000E+00  0.0000000000000000E+00  0.0000000000000000E+00  0.0000000000000000E+00  0.0000000000000000E+00  0.0000000000000000E+00  0.0000000000000000E+00  0.0000000000000000E+00  0.0000000000000000E+00
  0.3777567050843880E-01 -0.1608784601906996E-01 -0.1048786754877107E-01 -0.9480009119517737E-03 -0.1273178861612638E-01 -0.4192991883195082E-01 -0.7108819202971514E-01 -0.8351322396205518E-01 -0.8292685267843418E-01 -0.7599649872086497E-01 -0.6332470113390712E-01 -0.3177896559495359E-01  0.2710624642590243E-01  0.9371695718864462E-01  0.1329294984306364E+00  0.1313119744787557E+00  0.9705743481508340E-01  0.4435783877452313E-01 -0.6715442814373724E-02 -0.2511413064702017E-01  0.6862694912668676E-01
  0.2125911378981632E-02  0.1597696357941713E-01  0.5005680211723302E-01  0.6722895062321846E-01  0.3809153696041942E-01 -0.2932374463639340E-01 -0.1190442906629028E+00 -0.2071499494337045E+00 -0.2786415445694195E+00 -0.3138937470627987E+00 -0.2988182785740175E+00 -0.2216030584873677E+00 -0.9681153793690957E-01  0.3927949048671573E-01  0.1461910158468792E+00  0.1994207953664839E+00  0.1948844494951506E+00  0.1436310262305795E+00  0.7006465116837000E-01  0.1044752297502658E-01  0.3872208224329026E-01
 -0.1511188852056830E+00  0.1065143090587135E+00  0.1684240419704575E+00  0.1757336584439488E+00  0.1116529746930834E+00 -0.9757824030207471E-03 -0.1411180173209104E+00 -0.2806258684151952E+00 -0.4042747299912979E+00 -0.4861868386466529E+00 -0.5074406729315857E+00 -0.4454355267651022E+00 -0.3052836209754278E+00 -0.1211863608769875E+00  0.5796602713195791E-01  0.1937454224490636E+00  0.2630035327931510E+00  0.2569295404936960E+00  0.1903967569757434E+00  0.1017333437011766E+00 -0.1148032741277865E+00
 -0.3954601084484544E+00  0.2414438141180996E+00  0.3288713339058444E+00  0.3102739389498638E+00  0.2051912898043472E+00  0.4634291464862613E-01 -0.1448630385292578E+00 -0.3375621216906040E+00 -0.5160357893566857E+00 -0.6480238235597846E+00 -0.7097372948481147E+00 -0.6701831638266452E+00 -0.5275332796440997E+00 -0.3151605174497507E+00 -0.8840176940341525E-01  0.1108849361224360E+00  0.2539098989897589E+00  0.3143983190071247E+00  0.2880803556694779E+00  0.1928644770298395E+00 -0.2905130754200405E+00
 -0.6556760258634097E+00  0.3878548897596536E+00  0.5078886434155511E+00  0.4583575076533873E+00  0.3170776646165605E+00  0.1212675909305973E+00 -0.1078799240798944E+00 -0.3393841724530743E+00 -0.5614962241221388E+00 -0.7437918098178650E+00 -0.8608329265629101E+00 -0.8695065084197218E+00 -0.7458720524018865E+00 -0.5149495751111948E+00 -0.2498309200649025E+00 -0.7789055701176220E-02  0.1873768651683017E+00  0.3083678435258644E+00  0.3310086036963497E+00  0.2338400670077990E+00 -0.3705115973270472E+00
 -0.8547978316145620E+00  0.5115300941412776E+00  0.6797924508092709E+00  0.6041352614149491E+00  0.4320798520434523E+00  0.2051436137836746E+00 -0.5438005900126697E-01 -0.3148649526309310E+00 -0.5666442718363889E+00 -0.7854236864804850E+00 -0.9537592751099402E+00 -0.1028627611183862E+01 -0.9580042469202565E+00 -0.7308624863246205E+00 -0.4252537888214474E+00 -0.1393117151849553E+00  0.9273332452258770E-01  0.2558838634477179E+00  0.3149093850698759E+00  0.2178064960904157E+00 -0.3385101032013713E+00
 -0.9375232801718024E+00  0.5880474762923716E+00  0.8266191487053124E+00  0.7402981881454385E+00  0.5465194630951823E+00  0.2967899428703116E+00  0.1470606012665730E-01 -0.2671343911330278E+00 -0.5366459860225469E+00 -0.7737302768644898E+00 -0.9741100100725379E+00 -0.1114783420877240E+01 -0.1132747869034182E+01 -0.9612415818598227E+00 -0.6365136833704950E+00 -0.2940211772840375E+00 -0.1898007007845418E-01  0.1730530262147863E+00  0.2548368783868015E+00  0.1736175149515136E+00 -0.2660156664677394E+00
 -0.8826780751808828E+00  0.6070860517699974E+00  0.9385800801291094E+00  0.8636773197029821E+00  0.6576210212942744E+00  0.3914965525984062E+00  0.8992516432285150E-01 -0.2133396296789221E+00 -0.4985930374335272E+00 -0.7416679849826883E+00 -0.9454133888818895E+00 -0.1120631575583075E+01 -0.1230070610985439E+01 -0.1167998817264736E+01 -0.8861735685791384E+00 -0.5018061866882108E+00 -0.1654528360250703E+00  0.6737047095754879E-01  0.1763567060640495E+00  0.1287004369471583E+00 -0.2097446047774254E+00
 -0.7192844542415082E+00  0.5752365538118930E+00  0.1006425207194171E+01  0.9698223056221541E+00  0.7638622461276630E+00  0.4895271592950570E+00  0.1741765965013039E+00 -0.1494911492208859E+00 -0.4540721961751202E+00 -0.7051418769214481E+00 -0.8973227104288310E+00 -0.1067305455779444E+01 -0.1233328483590490E+01 -0.1297284544798413E+01 -0.1126604748593676E+01 -0.7580000716170706E+00 -0.3674770719270344E+00 -0.7139642640565201E-01  0.8946026019425576E-01  0.9243168383370448E-01 -0.1878347913068577E+00
 -0.5164560543155623E+00  0.5115752889613627E+00  0.1018269812568526E+01  0.1047238022712864E+01  0.8587760271195628E+00  0.5855423633836180E+00  0.2647017457846186E+00 -0.7321255346464649E-01 -0.3967127153008594E+00 -0.6622974151207304E+00 -0.8456960842714062E+00 -0.9856458869392465E+00 -0.1159216381703114E+01 -0.1324815615069880E+01 -0.1302307699912187E+01 -0.1017721885746292E+01 -0.6135266008524277E+00 -0.2543629422156986E+00 -0.1877681402995022E-01  0.5270558399489583E-01 -0.1768935660146377E+00
 -0.3222799062164445E+00  0.4279620940541590E+00  0.9616063759460323E+00  0.1074123016354703E+01  0.9264219971156641E+00  0.6674795154208487E+00  0.3520762576086873E+00  0.1167181209742067E-01 -0.3212573399674338E+00 -0.6003107613479621E+00 -0.7839439052261423E+00 -0.8909516759911628E+00 -0.1032658037566067E+01 -0.1252712298410686E+01 -0.1379753411392238E+01 -0.1234277342249828E+01 -0.8727444493844716E+00 -0.4767378682925963E+00 -0.1621749828056072E+00 -0.7075660698150212E-02 -0.1409480007111566E+00
 -0.1564120865307268E+00  0.3304961864200627E+00  0.8350764727294613E+00  0.1032053209112558E+01  0.9499345828966125E+00  0.7228685609790897E+00  0.4246737668280148E+00  0.9473686406385717E-01 -0.2329685544354878E+00 -0.5140373544354793E+00 -0.6995056011174768E+00 -0.7831622165740707E+00 -0.8753596199491542E+00 -0.1098439316427749E+01 -0.1345135570818897E+01 -0.1370638058647746E+01 -0.1111582264318698E+01 -0.7232707587433891E+00 -0.3459834909243776E+00 -0.9263292587009386E-01 -0.6808471331409605E-01
 -0.2468397148586388E-01  0.2250376125724287E+00  0.6504288662314220E+00  0.9068082246773227E+00  0.9056788754202248E+00  0.7332380591070102E+00  0.4699030029889320E+00  0.1657322270833891E+00 -0.1408370890203076E+00 -0.4073894880505610E+00 -0.5859422007693004E+00 -0.6550705607463885E+00 -0.7006451533181752E+00 -0.8873115700545303E+00 -0.1201810178961494E+01 -0.1399653889074626E+01 -0.1296255593036604E+01 -0.9692605447592025E+00 -0.5639362960976584E+00 -0.2019053518109856E+00  0.4177975933529843E-01
  0.7372191943125844E-01  0.1223928480108130E+00  0.4409004634636974E+00  0.7122757120465513E+00  0.7868833151312487E+00  0.6861863990193140E+00  0.4770445652899999E+00  0.2155175927576284E+00 -0.5405767325823072E-01 -0.2895303149451807E+00 -0.4478016086797427E+00 -0.5052142924287878E+00 -0.5181052400431554E+00 -0.6481013776449627E+00 -0.9685922937448979E+00 -0.1303459284477786E+01 -0.1390834769873037E+01 -0.1182711326276406E+01 -0.7978058656526297E+00 -0.3303707847263991E+00  0.1933064885265676E+00
  0.1338051190889289E+00  0.3585149617482105E-01  0.2413596076133921E+00  0.4734580704552526E+00  0.5917269584938974E+00  0.5654077078653765E+00  0.4289194065174608E+00  0.2306372817218505E+00  0.1617319907360353E-01 -0.1728861167620898E+00 -0.2991741770706551E+00 -0.3443040773309949E+00 -0.3410140316217410E+00 -0.4127906218113801E+00 -0.6808092122723293E+00 -0.1080596419120434E+01 -0.1357459088095783E+01 -0.1321890866908355E+01 -0.1017386664303356E+01 -0.4720043323408531E+00  0.3986263327192032E+00
  0.1227707105929891E+00 -0.8858250544696701E-02  0.9619595895889903E-01  0.2508057097137411E+00  0.3636582783277656E+00  0.3866531748122470E+00  0.3223723335421224E+00  0.1992945504198353E+00  0.5407730725680179E-01 -0.7726225119366954E-01 -0.1648366517984907E+00 -0.1967170886761948E+00 -0.1897841590865422E+00 -0.2152603127125055E+00 -0.3893696976320332E+00 -0.7559920761110911E+00 -0.1167471759254726E+01 -0.1336444380277732E+01 -0.1180486776645036E+01 -0.6203765898396612E+00  0.6806429928739473E+00
  0.2847389373157867E-01 -0.7037170352188597E-02  0.7362382675012872E-02  0.7332437806842071E-01  0.1483031110705461E+00  0.1874682981027046E+00  0.1752672554023214E+00  0.1205994661460908E+00  0.4520534776826673E-01 -0.2632505111160307E-01 -0.7436470112029500E-01 -0.9151454307233081E-01 -0.8507104965602957E-01 -0.8269815328992300E-01 -0.1545001668000740E+00 -0.3926618640154226E+00 -0.8236778455601547E+00 -0.1174580902649942E+01 -0.1224134249038870E+01 -0.7674432466378188E+00  0.1078195490874587E+01
 -0.1670696596595439E+00  0.4563943072933858E-01 -0.3015136747152812E-01 -0.3533613541406976E-01 -0.3200011248999359E-03  0.3324737755853056E-01  0.4591178201847070E-01  0.3582721150013082E-01  0.1160206554959664E-01 -0.1436236635469414E-01 -0.3181760579944669E-01 -0.3583676698491654E-01 -0.2945476019028185E-01 -0.1786716323262574E-01 -0.2265137775884200E-01 -0.9346646514497702E-01 -0.4049553117593612E+00 -0.8199826288940179E+00 -0.1049300716676181E+01 -0.8463178769545384E+00  0.1489652914187435E+01
  0.4134475477844283E+00 -0.2190052425975107E+00 -0.2435681800081037E+00 -0.1771819387981764E+00 -0.1110324932287962E+00 -0.6270730631240468E-01 -0.3276452983580778E-01 -0.1810854613719274E-01 -0.1374171846507582E-01 -0.1358213823504538E-01 -0.1266102440232668E-01 -0.7828628566238132E-02 -0.6082634177683069E-03  0.9109756297158223E-02  0.1169297087877772E-01  0.1010778173583856E-01 -0.1326336251849230E+00 -0.3903668919184495E+00 -0.5666927908148348E+00 -0.5440325805119693E+00  0.1065404950721073E+01
  0.0000000000000000E+00  0.0000000000000000E+00  0.0000000000000000E+00  0.0000000000000000E+00  0.0000000000000000E+00  0.0000000000000000E+00  0.0000000000000000E+00  0.0000000000000000E+00  0.0000000000000000E+00  0.0000000000000000E+00  0.0000000000000000E+00  0.0000000000000000E+00  0.0000000000000000E+00  0.0000000000000000E+00  0.0000000000000000E+00  0.0000000000000000E+00  0.0000000000000000E+00  0.0000000000000000E+00  0.0000000000000000E+00  0.0000000000000000E+00  0.0000000000000000E+00
