  0.0000000000000000E+00  0.0000000000000000E+00  0.0000000000000000E+00  0.0000000000000000E+00  0.0000000000000000E+00  0.0000000000000000E+00  0.0000000000000000E+00  0.0000000000000000E+00  0.0000000000000000E+00  0.0000000000000000E+00  0.0000000000000000E+00  0.0000000000000000E+00  0.0000000000000000E+00  0.0000000000000000E+00  0.0000000000000000E+00  0.0000000000000000E+00  0.0000000000000000E+00  0.0000000000000000E+00  0.0000000000000000E+00  0.0000000000000000E+00  0.0000000000000000E+00
  0.3806077182561464E-01 -0.1558585173207682E-01 -0.8696783370615831E-02  0.2240497366604213E-02 -0.8762137777971800E-02 -0.3818922491545281E-01 -0.6834380990518223E-01 -0.8152312219347421E-01 -0.8110185421762793E-01 -0.7416220092736181E-01 -0.6190447646917161E-01 -0.3141141876546426E-01  0.2644453543855026E-01  0.9323958179096470E-01  0.1334466465103860E+00  0.1326413370169405E+00  0.9866477110369401E-01  0.4574323927563977E-01 -0.5976749668481492E-02 -0.2497027951704510E-01  0.6893408888265380E-01
  0.1532816446155535E-02  0.1721276261201034E-01  0.5317110428218656E-01  0.7178955083887389E-01  0.4306520937602707E-01 -0.2494843728771835E-01 -0.1160453584636157E+00 -0.2058235918828821E+00 -0.2791090708472680E+00 -0.3162557608873435E+00 -0.3030605802284424E+00 -0.2270971458144619E+00 -0.1022396568834853E+00  0.3534662990150522E-01  0.1444943181402599E+00  0.1998222242668682E+00  0.1966377098606022E+00  0.1457314127240362E+00  0.7158043590926261E-01  0.1104894887193774E-01  0.3843358929344939E-01
 -0.1541902727992973E+00  0.1092020397986519E+00  0.1734158465966585E+00  0.1818504551066015E+00  0.1177774262423027E+00  0.4420256707552498E-02 -0.1368961144374458E+00 -0.2777559017395702E+00 -0.4029998600921337E+00 -0.4867999334715255E+00 -0.5101197216240365E+00 -0.4498125889978454E+00 -0.3102721330904807E+00 -0.1254422391012599E+00  0.5536767253060978E-01  0.1932011491535438E+00  0.2643418443955290E+00  0.2593622010740754E+00  0.1927616191426966E+00  0.1031323252713767E+00 -0.1166353566714337E+00
 -0.4001697452792383E+00  0.2449809807785120E+00  0.3347731970562979E+00  0.3164904596042206E+00  0.2108093352524328E+00  0.5099311210416335E-01 -0.1414326257908625E+00 -0.3355651279113197E+00 -0.5158512982707419E+00 -0.6500324042786220E+00 -0.7140492905476034E+00 -0.6761940012920674E+00 -0.5338734228740185E+00 -0.3205180794317518E+00 -0.9212580864913397E-01  0.1091393945586546E+00  0.2543104972546081E+00  0.3164997432982307E+00  0.2907427801298405E+00  0.1946067966639182E+00 -0.2930776098619139E+00
 -0.6599533191271388E+00  0.3912737908013515E+00  0.5138680532769156E+00  0.4643247047028524E+00  0.3225480118737984E+00  0.1261989813870172E+00 -0.1035907111744981E+00 -0.3359029148766670E+00 -0.5592171594097277E+00 -0.7433464812340397E+00 -0.8628132516915313E+00 -0.8738890150833781E+00 -0.7514114807173170E+00 -0.5199788689915906E+00 -0.2535373894862457E+00 -0.9953221723912095E-02  0.1870904783562684E+00  0.3099306743209761E+00  0.3334500283643773E+00  0.2352185303639223E+00 -0.3722055627273897E+00
 -0.8567234503096736E+00  0.5139064431406400E+00  0.6849958791122465E+00  0.6092324429674415E+00  0.4365952144129739E+00  0.2090816210623671E+00 -0.5108635891545918E-01 -0.3122488805192249E+00 -0.5648384291836884E+00 -0.7847971247394108E+00 -0.9548973990955152E+00 -0.1031972347159027E+01 -0.9628827415312923E+00 -0.7355863912543490E+00 -0.4286608634550405E+00 -0.1412915717534766E+00  0.9225992795437006E-01  0.2569924189422533E+00  0.3167562263547520E+00  0.2185020934716478E+00 -0.3387500540601914E+00
 -0.9361065296305821E+00  0.5889087751423234E+00  0.8306197957963882E+00  0.7445099182744025E+00  0.5503638177374797E+00  0.3003652740965453E+00  0.1796250806365711E-01 -0.2642458269041735E+00 -0.5341596793059658E+00 -0.7718473970145261E+00 -0.9733412904126857E+00 -0.1115945394174090E+01 -0.1135923967007215E+01 -0.9651225525248363E+00 -0.6395505858935823E+00 -0.2956902233175157E+00 -0.1938148526465969E-01  0.1737514949778126E+00  0.2559332161103237E+00  0.1737959827369568E+00 -0.2654547321005467E+00
 -0.8780767707376730E+00  0.6064160085098993E+00  0.9411712547920249E+00  0.8670125675557515E+00  0.6607858227804988E+00  0.3944683443920063E+00  0.9256196715064055E-01 -0.2111066059597537E+00 -0.4966604865058888E+00 -0.7399236228145856E+00 -0.9439934510709669E+00 -0.1120311437999024E+01 -0.1231512022057743E+01 -0.1170608045105602E+01 -0.8886557109529908E+00 -0.5033439907344099E+00 -0.1658735828976349E+00  0.6775524765670096E-01  0.1769144787921533E+00  0.1286778035307728E+00 -0.2091189318001651E+00
 -0.7133169837935818E+00  0.5735789422030169E+00  0.1007419842815469E+01  0.9721843765212430E+00  0.7663695663085583E+00  0.4920184799718204E+00  0.1765665125735010E+00 -0.1472858031876779E+00 -0.4520044467697578E+00 -0.7030665574136697E+00 -0.8951877500968162E+00 -0.1065752400478960E+01 -0.1233288039990266E+01 -0.1298561889901351E+01 -0.1128198773658607E+01 -0.7592675494979936E+00 -0.3680254420332708E+00 -0.7128461776204155E-01  0.8975507266050022E-01  0.9247601279030047E-01 -0.1876729657104012E+00
 -0.5108432024925547E+00  0.5094463326664624E+00  0.1017495795506833E+01  0.1048326227592716E+01  0.8604975267341718E+00  0.5874610151899230E+00  0.2666875266339402E+00 -0.7127228217655633E-01 -0.3947644014424154E+00 -0.6601102119407690E+00 -0.8430536181842864E+00 -0.9830896285027120E+00 -0.1157988864496285E+01 -0.1325051806553014E+01 -0.1303056181215823E+01 -0.1018488802536934E+01 -0.6140435708581251E+00 -0.2544373421857872E+00 -0.1862736235197365E-01  0.5283326500849427E-01 -0.1771271573774565E+00
 -0.3176685312229365E+00  0.4255828932989874E+00  0.9590801486740258E+00  0.1073580297998048E+01  0.9270830409949866E+00  0.6686584497815528E+00  0.3535422237976253E+00  0.1334214071794334E-01 -0.3193126650701150E+00 -0.5978723866354742E+00 -0.7807298203906520E+00 -0.8874040279621820E+00 -0.1030333497079521E+01 -0.1252122861318168E+01 -0.1379874220345202E+01 -0.1234537379444280E+01 -0.8730511456701253E+00 -0.4768425213054205E+00 -0.1620974710473823E+00 -0.6961071785615354E-02 -0.1412142556905362E+00
 -0.1528958430532424E+00  0.3280130166220614E+00  0.8311432068129417E+00  0.1029711264655576E+01  0.9492668980444962E+00  0.7231791764773914E+00  0.4255649277099050E+00  0.9607470576915605E-01 -0.2311286122785878E+00 -0.5114667565334590E+00 -0.6958491120220439E+00 -0.7787370693059674E+00 -0.8720015082944933E+00 -0.1097180400516355E+01 -0.1344893974538433E+01 -0.1370568347841262E+01 -0.1111658937870905E+01 -0.7233272786399666E+00 -0.3459345164735811E+00 -0.9255888681770730E-01 -0.6825785602045920E-01
 -0.2214436273109022E-01  0.2226478089727852E+00  0.6457990641872653E+00  0.9028830661744359E+00  0.9034800052495082E+00  0.7324362421705282E+00  0.4700679367253481E+00  0.1666564725032192E+00 -0.1391392022688665E+00 -0.4047189041677679E+00 -0.5819779940525796E+00 -0.6500337201012969E+00 -0.6964289312124229E+00 -0.8854765572846482E+00 -0.1201396941666708E+01 -0.1399488712968909E+01 -0.1296218960649117E+01 -0.9692819792616765E+00 -0.5639083686912287E+00 -0.2018645877628607E+00  0.4168539459735332E-01
  0.7542498479440962E-01  0.1203596527564514E+00  0.4365039430637637E+00  0.7074989407877377E+00  0.7833631640166113E+00  0.6842244391440139E+00  0.4763983533344959E+00  0.2159632425524056E+00 -0.5255880770237609E-01 -0.2868504329397262E+00 -0.4437440196578126E+00 -0.5000087817364781E+00 -0.5134691663661610E+00 -0.6458862766169435E+00 -0.9681287765622745E+00 -0.1303367139631216E+01 -0.1390819202545054E+01 -0.1182762815874575E+01 -0.7978284499378824E+00 -0.3303653283539733E+00  0.1932675351240374E+00
  0.1345796714525573E+00  0.3449044657024455E-01  0.2380510111632910E+00  0.4689196179427604E+00  0.5874936306312710E+00  0.5623829570136157E+00  0.4273288356381089E+00  0.2304309835684736E+00  0.1729507175972583E-01 -0.1704195064788532E+00 -0.2953677451464453E+00 -0.3395178449591430E+00 -0.3366261029703463E+00 -0.4105474171663053E+00 -0.6803908766475694E+00 -0.1080652275190364E+01 -0.1357542726511768E+01 -0.1322002269511067E+01 -0.1017475532427528E+01 -0.4720368836827904E+00  0.3986351186208434E+00
  0.1221392219303228E+00 -0.9218622476826683E-02  0.9448335449984274E-01  0.2476821918557050E+00  0.3600290933471075E+00  0.3834740769923931E+00  0.3202210008955266E+00  0.1984251255295766E+00  0.5457158530792265E-01 -0.7541408311965676E-01 -0.1618172531991945E+00 -0.1930206094830877E+00 -0.1863783388675588E+00 -0.2134374118659257E+00 -0.3890873855413478E+00 -0.7561703900760527E+00 -0.1167655840161096E+01 -0.1336610180262892E+01 -0.1180629459313041E+01 -0.6204436426168262E+00  0.6807014685374375E+00
  0.2724785394204550E-01 -0.6792815962223713E-02  0.6869406055374355E-02  0.7177601084630568E-01  0.1460683113780165E+00  0.1852049542087520E+00  0.1735382751205342E+00  0.1197582009310613E+00  0.4540011228129342E-01 -0.2513436104097862E-01 -0.7242446751011841E-01 -0.8925702370557710E-01 -0.8303334518348601E-01 -0.8159392159329511E-01 -0.1544116813305021E+00 -0.3928865394235795E+00 -0.8238867280486170E+00 -0.1174753225038403E+01 -0.1224292377364361E+01 -0.7675353925791369E+00  0.1078313800373050E+01
 -0.1672551039658029E+00  0.4572447682517175E-01 -0.3008167349028765E-01 -0.3577843473418704E-01 -0.1237082040765676E-02  0.3215466867757184E-01  0.4497890926477420E-01  0.3530466473219867E-01  0.1160651817449379E-01 -0.1385449608338181E-01 -0.3095136674936604E-01 -0.3484699007546993E-01 -0.2857721048688892E-01 -0.1739161809599262E-01 -0.2269362772862360E-01 -0.9367255902182342E-01 -0.4051201019457679E+00 -0.8201109852773284E+00 -0.1049423565968137E+01 -0.8464137039318554E+00  0.1489817545827429E+01
  0.4136419412838608E+00 -0.2192118090170995E+00 -0.2439934857674377E+00 -0.1776861349077685E+00 -0.1115438103112835E+00 -0.6318535838963635E-01 -0.3315081783356970E-01 -0.1833357017970569E-01 -0.1375938615131960E-01 -0.1339569762469641E-01 -0.1232759197917774E-01 -0.7448238218810066E-02 -0.2776765920988535E-03  0.9299974595366731E-02  0.1166684288699824E-01  0.9984879908951982E-02 -0.1327376066817125E+00 -0.3904427068005418E+00 -0.5667524509739879E+00 -0.5440880495049095E+00  0.1065511697540741E+01
  0.0000000000000000E+00  0.0000000000000000E+00  0.0000000000000000E+00  0.0000000000000000E+00  0.0000000000000000E+00  0.0000000000000000E+00  0.0000000000000000E+00  0.0000000000000000E+00  0.0000000000000000E+00  0.0000000000000000E+00  0.0000000000000000E+00  0.0000000000000000E+00  0.0000000000000000E+00  0.0000000000000000E+00  0.0000000000000000E+00  0.0000000000000000E+00  0.0000000000000000E+00  0.0000000000000000E+00  0.0000000000000000E+00  0.0000000000000000E+00  0.0000000000000000E+00
