  0.0000000000000000E+00  0.0000000000000000E+00  0.0000000000000000E+00  0.0000000000000000E+00  0.0000000000000000E+00  0.0000000000000000E+00  0.0000000000000000E+00  0.0000000000000000E+00  0.0000000000000000E+00  0.0000000000000000E+00  0.0000000000000000E+00  0.0000000000000000E+00  0.0000000000000000E+00  0.0000000000000000E+00  0.0000000000000000E+00  0.0000000000000000E+00  0.0000000000000000E+00  0.0000000000000000E+00  0.0000000000000000E+00  0.0000000000000000E+00  0.0000000000000000E+00
  0.3775864732888705E-01 -0.1954161640831378E-01 -0.2086620189605430E-01 -0.1817794907486138E-01 -0.3355591688556295E-01 -0.6110033354812728E-01 -0.8494311081046546E-01 -0.9339236661525480E-01 -0.9171965292258567E-01 -0.8405415741499796E-01 -0.6768163699261420E-01 -0.2884699588333483E-01  0.3534448225002883E-01  0.9888061518791831E-01  0.1308907724790573E+00  0.1239389344013324E+00  0.8784922198789941E-01  0.3625353204713484E-01 -0.1150508820374608E-01 -0.2656725272381405E-01  0.6819666996769608E-01
  0.7642921764563958E-02  0.8407925062187814E-02  0.3286669695112740E-01  0.4253679997912346E-01  0.1047862869006113E-01 -0.5459663017908970E-01 -0.1376299745998734E+00 -0.2167655875103614E+00 -0.2777800385894547E+00 -0.3009428658526985E+00 -0.2734391327642784E+00 -0.1879328758935941E+00 -0.6365882347963521E-01  0.6280893349057569E-01  0.1560213650632944E+00  0.1970458609143322E+00  0.1850438318558850E+00  0.1319703251733524E+00  0.6121585060985441E-01  0.6183322645617636E-02  0.4266588267300150E-01
 -0.1326121674410535E+00  0.9143738358638499E-01  0.1416999833181015E+00  0.1423845568632958E+00  0.7658400582383743E-01 -0.3338198604444656E-01 -0.1678506937955778E+00 -0.2996843914766663E+00 -0.4133859769992771E+00 -0.4825097158702845E+00 -0.4892006567139915E+00 -0.4148796204084919E+00 -0.2702310335014211E+00 -0.9139592397262743E-01  0.7636498714728666E-01  0.1990560270199610E+00  0.2570944510898717E+00  0.2446518619781910E+00  0.1777816476166300E+00  0.9335248663134996E-01 -0.1022758122774198E+00
 -0.3687530662638662E+00  0.2220204196546796E+00  0.2973081927001727E+00  0.2750560416776602E+00  0.1704741701845691E+00  0.1519121483802453E-01 -0.1702988680040622E+00 -0.3550138170135219E+00 -0.5225710975814796E+00 -0.6401964637296756E+00 -0.6856450924184475E+00 -0.6325250882092045E+00 -0.4850700002017174E+00 -0.2780391639757417E+00 -0.6229553632749529E-01  0.1241936751741620E+00  0.2544624374652382E+00  0.3052090226937410E+00  0.2750406441334285E+00  0.1833422614973083E+00 -0.2749861403584964E+00
 -0.6310358993698325E+00  0.3688967232858089E+00  0.4756542704875940E+00  0.4234384915524238E+00  0.2820562341794964E+00  0.8797101199971637E-01 -0.1380814085023563E+00 -0.3646149787324425E+00 -0.5790750296002583E+00 -0.7492253773410772E+00 -0.8493282161364296E+00 -0.8397177082008392E+00 -0.7052463341697977E+00 -0.4763782277124215E+00 -0.2214315637879337E+00  0.9172504599149686E-02  0.1926981360260102E+00  0.3031447276771791E+00  0.3202076129609128E+00  0.2268798562550409E+00 -0.3604319558042100E+00
 -0.8417042397869134E+00  0.4976232754314669E+00  0.6511655865074872E+00  0.5728462190960010E+00  0.4009403091051831E+00  0.1759751824961304E+00 -0.8028599587407544E-01 -0.3363964559628850E+00 -0.5829680152447232E+00 -0.7942257250570200E+00 -0.9504381912374122E+00 -0.1007868002936534E+01 -0.9216304370957344E+00 -0.6913371462240269E+00 -0.3952396983838425E+00 -0.1214119847115018E+00  0.1000521256340752E+00  0.2538127274625068E+00  0.3077958534373417E+00  0.2145737928956812E+00 -0.3359255252497018E+00
 -0.9410768015907969E+00  0.5815983508308098E+00  0.8037182509016325E+00  0.7128795836872989E+00  0.5181232710269913E+00  0.2692633797354247E+00 -0.1022756254839302E-01 -0.2881077638469736E+00 -0.5537157477107718E+00 -0.7869130655856075E+00 -0.9811487482153444E+00 -0.1108851914391797E+01 -0.1108693112755498E+01 -0.9256979913942249E+00 -0.6049044857412411E+00 -0.2746954151194594E+00 -0.1062467442770424E-01  0.1734494672075819E+00  0.2514119379332792E+00  0.1727746321314155E+00 -0.2669119584609673E+00
 -0.9027751136200447E+00  0.6083910151921056E+00  0.9223979319562722E+00  0.8401183680148072E+00  0.6318540120404326E+00  0.3662268209193838E+00  0.6782844247961188E-01 -0.2302755929316581E+00 -0.5106952742352849E+00 -0.7510912029490576E+00 -0.9540683440832359E+00 -0.1124666393260719E+01 -0.1220635415968183E+01 -0.1142941561575818E+01 -0.8564696260449455E+00 -0.4801193149867353E+00 -0.1548679175114276E+00  0.6990231928041951E-01  0.1752650074011534E+00  0.1285498968861502E+00 -0.2103846832572970E+00
 -0.7480639083620640E+00  0.5820314226381821E+00  0.9980303595524823E+00  0.9507666802888526E+00  0.7407430061032308E+00  0.4658154924455069E+00  0.1527902601758789E+00 -0.1659815780960323E+00 -0.4650256248470335E+00 -0.7123773371437987E+00 -0.9048910018628233E+00 -0.1075866971620608E+01 -0.1235353786900459E+01 -0.1285356524913966E+01 -0.1104542947858037E+01 -0.7369656344898702E+00 -0.3545307673604071E+00 -0.6642956917340283E-01  0.8991760888311606E-01  0.9212193160595541E-01 -0.1864481859347502E+00
 -0.5451894199759360E+00  0.5214022409164690E+00  0.1019017302773471E+01  0.1034664269257211E+01  0.8395198834632375E+00  0.5643169187500114E+00  0.2447594857370358E+00 -0.8913402608136101E-01 -0.4074861643964704E+00 -0.6688930324695163E+00 -0.8521056517040969E+00 -0.9953944836258262E+00 -0.1167939930354670E+01 -0.1323722482864648E+01 -0.1289986383267690E+01 -0.1001303462585880E+01 -0.6006557316768263E+00 -0.2477039010533365E+00 -0.1693980436218782E-01  0.5257246530274860E-01 -0.1746572002704336E+00
 -0.3470524501915331E+00  0.4397486734420090E+00  0.9721935701344939E+00  0.1070627096360902E+01  0.9132749836346109E+00  0.6504603038117144E+00  0.3348453776341532E+00 -0.3311111299232876E-02 -0.3328625995277974E+00 -0.6087083193808757E+00 -0.7917825703677935E+00 -0.9020853365373093E+00 -0.1045269172714938E+01 -0.1259180141953699E+01 -0.1376274275808298E+01 -0.1224257148456137E+01 -0.8624211829486799E+00 -0.4700203516642791E+00 -0.1594861756003197E+00 -0.6685507443409691E-02 -0.1394296532700906E+00
 -0.1761777955361130E+00  0.3435783573915955E+00  0.8545572766386735E+00  0.1039464582886804E+01  0.9451238067981907E+00  0.7115140433123182E+00  0.4111541688071365E+00  0.8158883270689125E-01 -0.2447436649735059E+00 -0.5245160600301330E+00 -0.7104065971627457E+00 -0.7971680178364134E+00 -0.8909525311076020E+00 -0.1109456085119608E+01 -0.1348056438604272E+01 -0.1366681873249404E+01 -0.1104981494747262E+01 -0.7178999651537517E+00 -0.3432440923457464E+00 -0.9194490037101789E-01 -0.6740939123269268E-01
 -0.3964536414639663E-01  0.2384085088537509E+00  0.6755801624148560E+00  0.9248954512400980E+00  0.9110709649987950E+00  0.7294453967469563E+00  0.4613424433101624E+00  0.1552324422680734E+00 -0.1521771250371484E+00 -0.4196179475888723E+00 -0.6002217397474316E+00 -0.6728435349353624E+00 -0.7193655522387848E+00 -0.9010455292426091E+00 -0.1208424962512213E+01 -0.1400155322865020E+01 -0.1293087342193461E+01 -0.9657516891259085E+00 -0.5617197962369571E+00 -0.2012154352532416E+00  0.4192650952276777E-01
  0.6303553388219424E-01  0.1345545290148538E+00  0.4666991209267558E+00  0.7377061566377427E+00  0.8021052244886194E+00  0.6908505520740624E+00  0.4743899209329238E+00  0.2084009087871864E+00 -0.6430122584720753E-01 -0.3027217103255871E+00 -0.4645633405672263E+00 -0.5259382799892602E+00 -0.5392868430904303E+00 -0.6632717746792426E+00 -0.9766075930628811E+00 -0.1306457325833502E+01 -0.1390209727938299E+01 -0.1180855796092024E+01 -0.7962714683234240E+00 -0.3298057791537908E+00  0.1931458691379484E+00
  0.1279245481384920E+00  0.4481692673080839E-01  0.2623753283309171E+00  0.5000399371255256E+00  0.6138121315647314E+00  0.5784697142764611E+00  0.4332384181304379E+00  0.2280666782700594E+00  0.8178539841237771E-02 -0.1856238075138389E+00 -0.3164734531805116E+00 -0.3654851232951499E+00 -0.3623935050846748E+00 -0.4278801677765723E+00 -0.6885326090564349E+00 -0.1084233367400174E+01 -0.1358233657664419E+01 -0.1321232320741365E+01 -0.1016450575918656E+01 -0.4715779926172840E+00  0.3982834019331958E+00
  0.1245091841409864E+00 -0.5326906623307034E-02  0.1085284642710653E+00  0.2709160693169264E+00  0.3850111172740144E+00  0.4036015170644778E+00  0.3324390142288429E+00  0.2022067628561559E+00  0.5037049635350746E-01 -0.8690540432560842E-01 -0.1794466159148312E+00 -0.2145815184478680E+00 -0.2077750537349751E+00 -0.2281728570440091E+00 -0.3956965043771764E+00 -0.7591068783008071E+00 -0.1168708405889184E+01 -0.1336478518964082E+01 -0.1179986424472672E+01 -0.6200607020464850E+00  0.6801956816667831E+00
  0.3493288742213849E-01 -0.7701420036520296E-02  0.1182862731257760E-01  0.8421286085571994E-01  0.1625350997588380E+00  0.2008394020581989E+00  0.1847935078176780E+00  0.1248719813966010E+00  0.4396951767665840E-01 -0.3252205603160652E-01 -0.8426603621121238E-01 -0.1033296560356221E+00 -0.9686545272654096E-01 -0.9153665660637805E-01 -0.1588246701462531E+00 -0.3948402220999382E+00 -0.8249131693074440E+00 -0.1174980832264500E+01 -0.1223933804970041E+01 -0.7672050644620120E+00  0.1077681388415995E+01
 -0.1651928926941409E+00  0.4520772346649773E-01 -0.2956972229464776E-01 -0.3121506283691857E-01  0.6506429859038155E-02  0.4063648608323030E-01  0.5185284124801236E-01  0.3906333029939988E-01  0.1172282635924243E-01 -0.1705248992359903E-01 -0.3649693681266002E-01 -0.4141210649954325E-01 -0.3496525930025084E-01 -0.2224796354544347E-01 -0.2492137461576477E-01 -0.9484469743348502E-01 -0.4061031223168154E+00 -0.8205445140958919E+00 -0.1049308129649702E+01 -0.8461623319214586E+00  0.1489178866114673E+01
  0.4130737570027528E+00 -0.2182697873737598E+00 -0.2417356051185265E+00 -0.1747851899480582E+00 -0.1084125947383893E+00 -0.6015239480242850E-01 -0.3069862766141310E-01 -0.1696231203160817E-01 -0.1375842340256393E-01 -0.1472952474780002E-01 -0.1463343775187517E-01 -0.1015903992616748E-01 -0.2850380948539549E-02  0.7256460287660700E-02  0.1068923968799434E-01  0.9348785387127108E-02 -0.1334174632460791E+00 -0.3907905258315849E+00 -0.5667522262057818E+00 -0.5439730603299807E+00  0.1065166954784160E+01
  0.0000000000000000E+00  0.0000000000000000E+00  0.0000000000000000E+00  0.0000000000000000E+00  0.0000000000000000E+00  0.0000000000000000E+00  0.0000000000000000E+00  0.0000000000000000E+00  0.0000000000000000E+00  0.0000000000000000E+00  0.0000000000000000E+00  0.0000000000000000E+00  0.0000000000000000E+00  0.0000000000000000E+00  0.0000000000000000E+00  0.0000000000000000E+00  0.0000000000000000E+00  0.0000000000000000E+00  0.0000000000000000E+00  0.0000000000000000E+00  0.0000000000000000E+00
