  0.0000000000000000E+00  0.0000000000000000E+00  0.0000000000000000E+00  0.0000000000000000E+00  0.0000000000000000E+00  0.0000000000000000E+00  0.0000000000000000E+00  0.0000000000000000E+00  0.0000000000000000E+00  0.0000000000000000E+00  0.0000000000000000E+00  0.0000000000000000E+00  0.0000000000000000E+00  0.0000000000000000E+00  0.0000000000000000E+00  0.0000000000000000E+00  0.0000000000000000E+00  0.0000000000000000E+00  0.0000000000000000E+00  0.0000000000000000E+00  0.0000000000000000E+00
  0.1147702166517576E-01 -0.7844648688395354E-02 -0.1205692440001030E-01 -0.1355965995431159E-01 -0.1437895147175606E-01 -0.1509396709152327E-01 -0.1585060218141215E-01 -0.1669441190064554E-01 -0.1763748680924385E-01 -0.1867636138725331E-01 -0.1979666856746966E-01 -0.2097370188068321E-01 -0.2217159494667960E-01 -0.2334198897262219E-01 -0.2442123199100255E-01 -0.2531945145111941E-01 -0.2587227713519058E-01 -0.2563694587860104E-01 -0.2316325832386639E-01 -0.1397130431902504E-01  0.1875065463320873E-01
  0.1625541783472310E-01 -0.1031233392997679E-01 -0.1468158395520727E-01 -0.1627790981068689E-01 -0.1747630196705914E-01 -0.1876510912600705E-01 -0.2023594866904824E-01 -0.2191849983131905E-01 -0.2381873349828864E-01 -0.2592544974844800E-01 -0.2821051066836506E-01 -0.3062698631785665E-01 -0.3310658169916607E-01 -0.3555744646839391E-01 -0.3786244218687609E-01 -0.3987246932178924E-01 -0.4135996036454419E-01 -0.4175175211775063E-01 -0.3891327986925072E-01 -0.2510579495496799E-01  0.3640410499565325E-01
  0.2021528080313778E-01 -0.1259539615082573E-01 -0.1757090764933941E-01 -0.1938607361502623E-01 -0.2105883254897406E-01 -0.2305777901061068E-01 -0.2543131010288761E-01 -0.2818678057333589E-01 -0.3131675721618369E-01 -0.3479615698480271E-01 -0.3857744582128995E-01 -0.4258531734613483E-01 -0.4671147887990090E-01 -0.5081093999864458E-01 -0.5470055396318266E-01 -0.5815346479815842E-01 -0.6083985429241686E-01 -0.6194336044846704E-01 -0.5832701550931119E-01 -0.3820063545968720E-01  0.5627489086975042E-01
  0.2327345002468343E-01 -0.1436914925049386E-01 -0.1983399772679817E-01 -0.2185939262465333E-01 -0.2398808118446558E-01 -0.2668318007032681E-01 -0.2995790532620998E-01 -0.3380016705969455E-01 -0.3819114401668487E-01 -0.4309495364817652E-01 -0.4844876065991881E-01 -0.5415303860648594E-01 -0.6006227588914916E-01 -0.6597801590372447E-01 -0.7164584696237636E-01 -0.7674885199270919E-01 -0.8083082756608530E-01 -0.8277995737460837E-01 -0.7833888167281222E-01 -0.5147652699681431E-01  0.7609069931763068E-01
  0.2554209176849401E-01 -0.1567460202053971E-01 -0.2148171429312512E-01 -0.2373843042409748E-01 -0.2634476426467788E-01 -0.2975087598629056E-01 -0.3394402070870098E-01 -0.3890159142100538E-01 -0.4460131850904268E-01 -0.5100485988670789E-01 -0.5804287683840564E-01 -0.6559972622010823E-01 -0.7349784568611770E-01 -0.8148426973591183E-01 -0.8922187010793783E-01 -0.9627664894950771E-01 -0.1020156970494182E+00 -0.1049415365313170E+00 -0.9951672241514802E-01 -0.6525885229465371E-01  0.9625983446881310E-01
  0.2690612659297916E-01 -0.1640977951507755E-01 -0.2232321195225347E-01 -0.2480109460995607E-01 -0.2790505385900215E-01 -0.3203935223100858E-01 -0.3716717022933998E-01 -0.4326427736701243E-01 -0.5031589386804781E-01 -0.5829408842603936E-01 -0.6713739939590130E-01 -0.7672841168880676E-01 -0.8686874060295451E-01 -0.9725406501226908E-01 -0.1074526917821120E+00 -0.1168780222335815E+00 -0.1246501479024849E+00 -0.1287623425984424E+00 -0.1221902495425070E+00 -0.7972124491840092E-01  0.1169734852126958E+00
  0.2721831525796652E-01 -0.1646781302312999E-01 -0.2218512381142344E-01 -0.2485282947843643E-01 -0.2847195136952672E-01 -0.3335136885484687E-01 -0.3942663079694626E-01 -0.4668031255987699E-01 -0.5511858508443083E-01 -0.6474163089654671E-01 -0.7551727855172642E-01 -0.8734982886940729E-01 -0.1000418780426061E+00 -0.1132508358045204E+00 -0.1264434691446869E+00 -0.1388372844964233E+00 -0.1492037208518132E+00 -0.1548361060947790E+00 -0.1469113084476090E+00 -0.9510093950982135E-01  0.1383915100818550E+00
  0.2629932467205070E-01 -0.1572925871921552E-01 -0.2088845148559587E-01 -0.2370182042273388E-01 -0.2785169360783632E-01 -0.3348791030940772E-01 -0.4051045018318720E-01 -0.4891688644793861E-01 -0.5875043542959569E-01 -0.7006260087628538E-01 -0.8288088256921360E-01 -0.9716799972422449E-01 -0.1127669879688772E+00 -0.1293303199007706E+00 -0.1462327951847698E+00 -0.1624515474968663E+00 -0.1762641136056565E+00 -0.1839566859978682E+00 -0.1744061712452888E+00 -0.1116453073280238E+00  0.1605297507387825E+00
  0.2393889874238287E-01 -0.1406238098886853E-01 -0.1824824422422274E-01 -0.2116246245767070E-01 -0.2586254630548404E-01 -0.3226028433266101E-01 -0.4020807196392043E-01 -0.4972669709216048E-01 -0.6091515896448611E-01 -0.7390522908012899E-01 -0.8882489900183062E-01 -0.1057495977519264E+00 -0.1246294278151667E+00 -0.1451821781099337E+00 -0.1667399343858780E+00 -0.1880141921446628E+00 -0.2065907811805581E+00 -0.2172430894844008E+00 -0.2056948347916138E+00 -0.1296214717151780E+00  0.1831695803539202E+00
  0.1988411863480840E-01 -0.1131848229213845E-01 -0.1407132824160695E-01 -0.1705987593880023E-01 -0.2234521384348192E-01 -0.2950345154315868E-01 -0.3832357916395249E-01 -0.4885820575426908E-01 -0.6128292703205473E-01 -0.7584324057147525E-01 -0.9281831126124365E-01 -0.1124709388917873E+00 -0.1349628125091346E+00 -0.1602090783749003E+00 -0.1876314642922584E+00 -0.2157225976299746E+00 -0.2411403077652561E+00 -0.2563125011422013E+00 -0.2422791746208962E+00 -0.1493273351902188E+00  0.2057028309497603E+00
  0.1380635919025377E-01 -0.7319893814727771E-02 -0.8153322253929543E-02 -0.1124113840959211E-01 -0.1718303166650873E-01 -0.2509980657801524E-01 -0.3469962079795168E-01 -0.4607726828027019E-01 -0.5950647910548933E-01 -0.7538040276146660E-01 -0.9418455433659928E-01 -0.1164610409734214E+00 -0.1427324667898285E+00 -0.1733361195462910E+00 -0.2080721419371433E+00 -0.2454514276632971E+00 -0.2810167106765650E+00 -0.3035161309947654E+00 -0.2864654193111172E+00 -0.1711791448884140E+00  0.2270720153541249E+00
  0.5223651747807903E-02 -0.1832670326569039E-02 -0.2743592318992152E-03 -0.3597462777453652E-02 -0.1033658015753309E-01 -0.1901681244027599E-01 -0.2925464065779046E-01 -0.4120346378695338E-01 -0.5525542020038019E-01 -0.7197729083522245E-01 -0.9210645827075975E-01 -0.1165566650306171E+00 -0.1463958635846133E+00 -0.1827236498359583E+00 -0.2262662626963886E+00 -0.2762094034751355E+00 -0.3271140835778663E+00 -0.3620746811162002E+00 -0.3418557477273571E+00 -0.1961356134232899E+00  0.2465510925425127E+00
 -0.6664925528240186E-02  0.5487750964629640E-02  0.9798327365648733E-02  0.5888264618665207E-02 -0.1903577271987213E-02 -0.1136445997443882E-01 -0.2203687234999187E-01 -0.3416558538335789E-01 -0.4827819328894489E-01 -0.6511939125415234E-01 -0.8568732047589460E-01 -0.1113181744453460E+00 -0.1437934596964849E+00 -0.1854020122643292E+00 -0.2386882740980440E+00 -0.3049407938328035E+00 -0.3788185984811406E+00 -0.4353937366914261E+00 -0.4138300584237705E+00 -0.2270789711479798E+00  0.2674068550201689E+00
 -0.2335840197194361E-01  0.1521649283052426E-01  0.2229107651962918E-01  0.1704363805044481E-01  0.7777546598220586E-02 -0.2481859988660491E-02 -0.1329986763511392E-01 -0.2508256342844625E-01 -0.3850649975477446E-01 -0.5445964273535393E-01 -0.7413435441972804E-01 -0.9922447479584098E-01 -0.1322514417104414E+00 -0.1770407318443895E+00 -0.2391002867028549E+00 -0.3243260091822827E+00 -0.4305653085141806E+00 -0.5235857016774981E+00 -0.5086838418712402E+00 -0.2713182782768672E+00  0.3052709929593613E+00
 -0.4740665498965099E-01  0.2818588242846815E-01  0.3715099229575346E-01  0.2919511121331064E-01  0.1789304855130544E-01  0.6902535845411939E-02 -0.3627230958150777E-02 -0.1439630979375527E-01 -0.2623946400033358E-01 -0.4010064229966157E-01 -0.5719087631588300E-01 -0.7929624933455798E-01 -0.1093628858375284E+00 -0.1526264897361546E+00 -0.2183883375749871E+00 -0.3204339509761782E+00 -0.4659895485730079E+00 -0.6149472982898251E+00 -0.6274734398953196E+00 -0.3404821735919057E+00  0.3939730808803977E+00
 -0.8534834381001910E-01  0.4642123229820772E-01  0.5391535308460405E-01  0.4066347515954340E-01  0.2671126751480658E-01  0.1536790566411086E-01  0.5843304456333568E-02 -0.3097133261684590E-02 -0.1244790915878963E-01 -0.2307130956500397E-01 -0.3592857913385935E-01 -0.5242813634445460E-01 -0.7515023656669090E-01 -0.1096306182139052E+00 -0.1682591139542158E+00 -0.2750683798971100E+00 -0.4556989160809748E+00 -0.6768236327540508E+00 -0.7525321043036909E+00 -0.4422424262377602E+00  0.5741951744095896E+00
 -0.1269501123399996E+00  0.6417654670109967E-01  0.6557952776329933E-01  0.4564402796468438E-01  0.3017751728311674E-01  0.2012293871810130E-01  0.1297492942470955E-01  0.6852378724196521E-02  0.7209733431508688E-03 -0.6014735617501101E-02 -0.1381867760636096E-01 -0.2327647021061592E-01 -0.3562399316583531E-01 -0.5459792330649201E-01 -0.9211076678020964E-01 -0.1801053755174943E+00 -0.3698167028843072E+00 -0.6570962206822233E+00 -0.8323728509630918E+00 -0.5714978855590230E+00  0.8821208057139774E+00
 -0.2877066634173911E+00  0.1178676890663259E+00  0.6589640378158657E-01  0.3286810534791357E-01  0.2045239654031664E-01  0.1652230337993053E-01  0.1471853111295524E-01  0.1286616704698974E-01  0.1048530225580391E-01  0.7606955430807958E-02  0.4399528896770805E-02  0.1142907267305832E-02 -0.1771292633713588E-02 -0.4743083766456676E-02 -0.1382142521865509E-01 -0.5792987118726935E-01 -0.2065807393272178E+00 -0.5028744636723462E+00 -0.7632049944106351E+00 -0.6684282566884152E+00  0.1242079775654611E+01
  0.1149455285520729E+00 -0.4980152264719410E-01 -0.3445903938950946E-01 -0.1160920862608683E-01  0.3220070231064232E-02  0.1038846786098255E-01  0.1322406256332165E-01  0.1388045480873708E-01  0.1345161260604929E-01  0.1249515405782395E-01  0.1135601735294225E-01  0.1035436991539170E-01  0.9891876839957703E-02  0.1010371744440527E-01  0.8958320908121407E-02 -0.7005176094358313E-02 -0.7965645277285933E-01 -0.2534116997954944E+00 -0.4243114210826107E+00 -0.4404105173724570E+00  0.8969201310347603E+00
  0.0000000000000000E+00  0.0000000000000000E+00  0.0000000000000000E+00  0.0000000000000000E+00  0.0000000000000000E+00  0.0000000000000000E+00  0.0000000000000000E+00  0.0000000000000000E+00  0.0000000000000000E+00  0.0000000000000000E+00  0.0000000000000000E+00  0.0000000000000000E+00  0.0000000000000000E+00  0.0000000000000000E+00  0.0000000000000000E+00  0.0000000000000000E+00  0.0000000000000000E+00  0.0000000000000000E+00  0.0000000000000000E+00  0.0000000000000000E+00  0.0000000000000000E+00
