  0.0000000000000000E+00  0.0000000000000000E+00  0.0000000000000000E+00  0.0000000000000000E+00  0.0000000000000000E+00  0.0000000000000000E+00  0.0000000000000000E+00  0.0000000000000000E+00  0.0000000000000000E+00  0.0000000000000000E+00  0.0000000000000000E+00  0.0000000000000000E+00  0.0000000000000000E+00  0.0000000000000000E+00  0.0000000000000000E+00  0.0000000000000000E+00  0.0000000000000000E+00  0.0000000000000000E+00  0.0000000000000000E+00  0.0000000000000000E+00  0.0000000000000000E+00
  0.3796631651176839E-01 -0.1574715655890306E-01 -0.9275153164940779E-02  0.1219843482345788E-02 -0.1001329572730452E-01 -0.3935943873410876E-01 -0.6921016847657789E-01 -0.8217527187606521E-01 -0.8171558677662298E-01 -0.7479174807594210E-01 -0.6242849831678750E-01 -0.3164771333582440E-01  0.2650796122822482E-01  0.9328213640959448E-01  0.1332409688025222E+00  0.1322289455253890E+00  0.9818959675456487E-01  0.4534819641908382E-01 -0.6163262498963503E-02 -0.2498387333559642E-01  0.6878835750782576E-01
  0.1757719671680237E-02  0.1679590470355612E-01  0.5214543378234860E-01  0.7033331721111535E-01  0.4154039470634201E-01 -0.2622761550072876E-01 -0.1168531279371699E+00 -0.2061016916097309E+00 -0.2788476834599740E+00 -0.3154672445791442E+00 -0.3017767956924656E+00 -0.2255121247153286E+00 -0.1007127520299329E+00  0.3643624148956160E-01  0.1449474633759447E+00  0.1996738737615444E+00  0.1960990340429922E+00  0.1451010618414453E+00  0.7115109759387149E-01  0.1091084462700421E-01  0.3841856371285887E-01
 -0.1530887755493096E+00  0.1082799764196370E+00  0.1717511537096015E+00  0.1798953175795025E+00  0.1159120966487232E+00  0.2855097290127616E-02 -0.1380452196998877E+00 -0.2784741090164770E+00 -0.4032414755791638E+00 -0.4865285759703860E+00 -0.5093228913938915E+00 -0.4486209986189610E+00 -0.3089712818233413E+00 -0.1243580321941113E+00  0.5600295662080607E-01  0.1932657357592094E+00  0.2638695530061635E+00  0.2585821822853485E+00  0.1920398350844332E+00  0.1027432396766693E+00 -0.1161898839455747E+00
 -0.3984743995718004E+00  0.2437533002679625E+00  0.3327855012320872E+00  0.3145157189467312E+00  0.2091470430521971E+00  0.4972511574002234E-01 -0.1422515455525287E+00 -0.3359120001512088E+00 -0.5156371704535920E+00 -0.6492022023537541E+00 -0.7126330322611656E+00 -0.6744233991644675E+00 -0.5321338636370010E+00 -0.3191050803665135E+00 -0.9116329623373531E-01  0.1095464806255175E+00  0.2540890822692082E+00  0.3157775337184708E+00  0.2898859622621117E+00  0.1940820890010317E+00 -0.2923603047409835E+00
 -0.6583884305197422E+00  0.3900732453071659E+00  0.5118313054017557E+00  0.4624268673425463E+00  0.3209337789085283E+00  0.1248355405850200E+00 -0.1046980805433399E+00 -0.3367415804155912E+00 -0.5596753594779204E+00 -0.7432694318433793E+00 -0.8620878384600249E+00 -0.8726043988478487E+00 -0.7499515102054222E+00 -0.5187274723191552E+00 -0.2526184897321222E+00 -0.9432073680517279E-02  0.1870645362665123E+00  0.3093471138787229E+00  0.3326250634156439E+00  0.2347767859243934E+00 -0.3717052943575364E+00
 -0.8559801417147700E+00  0.5130623650081455E+00  0.6832069533096664E+00  0.6076250170073659E+00  0.4353101816338291E+00  0.2080584726506366E+00 -0.5186879267136376E-01 -0.3128236403076985E+00 -0.5651579182866643E+00 -0.7847469325642311E+00 -0.9543432362531802E+00 -0.1030894010886968E+01 -0.9615751681505941E+00 -0.7344747592545762E+00 -0.4279037594718109E+00 -0.1408629052574534E+00  0.9227904645298883E-01  0.2565364788549155E+00  0.3160986652961910E+00  0.2182651183284086E+00 -0.3386966896890348E+00
 -0.9365608784112136E+00  0.5885991981364770E+00  0.8292367159982175E+00  0.7432054839556620E+00  0.5493191545143636E+00  0.2994669576294132E+00  0.1715666746516907E-01 -0.2649990017596349E+00 -0.5348308514110692E+00 -0.7723162613729204E+00 -0.9734197628218635E+00 -0.1115467176734700E+01 -0.1135035879934261E+01 -0.9642573692750769E+00 -0.6389836995317333E+00 -0.2954303642828213E+00 -0.1941480184542227E-01  0.1734220704910857E+00  0.2555199174535548E+00  0.1737319746084900E+00 -0.2656760063719152E+00
 -0.8796966344320385E+00  0.6066582014300531E+00  0.9402779698581210E+00  0.8660171856598557E+00  0.6600018776350236E+00  0.3938053992777187E+00  0.9196507470897572E-01 -0.2116965569899689E+00 -0.4972719956984308E+00 -0.7405078641430162E+00 -0.9443952996948656E+00 -0.1120280505817005E+01 -0.1231028894817360E+01 -0.1170025701967517E+01 -0.8882641182316360E+00 -0.5031879830950631E+00 -0.1659501380248251E+00  0.6751676309556227E-01  0.1766883573731294E+00  0.1286900774726994E+00 -0.2093818750449689E+00
 -0.7154377517109516E+00  0.5741755790870338E+00  0.1007088985550150E+01  0.9715305340363130E+00  0.7658360703570214E+00  0.4915535750850518E+00  0.1760676101044117E+00 -0.1478954012563810E+00 -0.4527575277415777E+00 -0.7039315601907705E+00 -0.8960164429983593E+00 -0.1066209410265208E+01 -0.1233195530130431E+01 -0.1298243487906269E+01 -0.1127996189132624E+01 -0.7591920037887188E+00 -0.3680904602955090E+00 -0.7145613657400188E-01  0.8961111218034329E-01  0.9246321465568455E-01 -0.1877785317867104E+00
 -0.5128258406288329E+00  0.5102032135549704E+00  0.1017783800036079E+01  0.1048105661037851E+01  0.8602343930138594E+00  0.5872060313108500E+00  0.2663427068023581E+00 -0.7178279899885362E-01 -0.3954981252282276E+00 -0.6610996520005502E+00 -0.8442125563638613E+00 -0.9840211776601036E+00 -0.1158280344813435E+01 -0.1324934036426407E+01 -0.1302986919977329E+01 -0.1018503945012153E+01 -0.6141008779837466E+00 -0.2545562003032106E+00 -0.1873578786080896E-01  0.5277910170056140E-01 -0.1770730929624932E+00
 -0.3192774927028668E+00  0.4264147662036512E+00  0.9599668059080868E+00  0.1073896624003978E+01  0.9271493644477925E+00  0.6686314794860184E+00  0.3533654506525930E+00  0.1293072837567575E-01 -0.3200310872108348E+00 -0.5989552964280761E+00 -0.7821566555100365E+00 -0.8887906642563363E+00 -0.1031037441939258E+01 -0.1252191506941676E+01 -0.1379871421067526E+01 -0.1234613310422984E+01 -0.8731212661617377E+00 -0.4769352098874227E+00 -0.1621869166180298E+00 -0.7019239833058633E-02 -0.1411291971188539E+00
 -0.1541043666325226E+00  0.3288638911945466E+00  0.8324873069511172E+00  0.1030597819307201E+01  0.9497222851170821E+00  0.7233865853904091E+00  0.4255436976138972E+00  0.9576691466922593E-01 -0.2317899306773966E+00 -0.5125563597594427E+00 -0.6974131188733653E+00 -0.7804692347838375E+00 -0.8731021493719290E+00 -0.1097435072969727E+01 -0.1344902660844461E+01 -0.1370645795458658E+01 -0.1111729780223091E+01 -0.7233959130343883E+00 -0.3460030785587534E+00 -0.9260174124981171E-01 -0.6819785480931823E-01
 -0.2300255371821924E-01  0.2234475987547029E+00  0.6473402425458895E+00  0.9042446222728033E+00  0.9043700968654380E+00  0.7329343323054688E+00  0.4702291068938367E+00  0.1664622298848009E+00 -0.1397385809287693E+00 -0.4057928692436730E+00 -0.5835835163272458E+00 -0.6519456285624022E+00 -0.6978314148466718E+00 -0.8859117134912367E+00 -0.1201395382241667E+01 -0.1399510239225993E+01 -0.1296255390640108E+01 -0.9693139616319361E+00 -0.5639476234077155E+00 -0.2018889465201034E+00  0.4171921615259466E-01
  0.7486170511680179E-01  0.1210204258403512E+00  0.4379229826378553E+00  0.7090746664898623E+00  0.7846024982618103E+00  0.6850144123874394E+00  0.4767553370651086E+00  0.2158910005833468E+00 -0.5308656807965832E-01 -0.2878798761419798E+00 -0.4453001019131164E+00 -0.5019034156751452E+00 -0.5149849072371251E+00 -0.6464395136125848E+00 -0.9681135330810200E+00 -0.1303309609582827E+01 -0.1390792378794830E+01 -0.1182740405475216E+01 -0.7978254509699074E+00 -0.3303687221216928E+00  0.1932807153951709E+00
  0.1343367628281733E+00  0.3491428107993044E-01  0.2390796060679646E+00  0.4703568931406391E+00  0.5888817445748120E+00  0.5634301307833798E+00  0.4279219397043355E+00  0.2305336704896544E+00  0.1689307141359589E-01 -0.1713352017692408E+00 -0.2967601293667008E+00 -0.3411856181361007E+00 -0.3380123830405157E+00 -0.4110995897641472E+00 -0.6803549320674003E+00 -0.1080526106692960E+01 -0.1357453527350085E+01 -0.1321929956014430E+01 -0.1017429572721976E+01 -0.4720192479125148E+00  0.3986281710155686E+00
  0.1223676452593369E+00 -0.9128422944390977E-02  0.9498237642616400E-01  0.2486264199829009E+00  0.3611561891328487E+00  0.3844878219716358E+00  0.3209187740614030E+00  0.1986938905074234E+00  0.5436360639764899E-01 -0.7609608841728846E-01 -0.1628848212834840E+00 -0.1942575640608541E+00 -0.1874060012652246E+00 -0.2138510244534019E+00 -0.3890157584876059E+00 -0.7560084984695695E+00 -0.1167528253915974E+01 -0.1336507837047903E+01 -0.1180553458599029E+01 -0.6204083767875683E+00  0.6806716717636760E+00
  0.2764883806947976E-01 -0.6884012509464560E-02  0.6996800541086080E-02  0.7222545911794963E-01  0.1467380492928372E+00  0.1858953063718203E+00  0.1740656429011690E+00  0.1199963531405609E+00  0.4529293763822222E-01 -0.2557005476240310E-01 -0.7308966252537977E-01 -0.8998278731316647E-01 -0.8361331258760328E-01 -0.8180110900919367E-01 -0.1542998521562453E+00 -0.3927249001746017E+00 -0.8237605833515855E+00 -0.1174652033602107E+01 -0.1224209081288357E+01 -0.7674883966097176E+00  0.1078256108540795E+01
 -0.1672253583604201E+00  0.4570203073735844E-01 -0.3011926614834476E-01 -0.3567000073606624E-01 -0.9836135092874602E-03  0.3246698706051777E-01  0.4524622375125888E-01  0.3544453406466443E-01  0.1157941859995476E-01 -0.1403905949673481E-01 -0.3123950087211063E-01 -0.3515286959620417E-01 -0.2881386521111686E-01 -0.1745930142460003E-01 -0.2258585727949345E-01 -0.9353399143349976E-01 -0.4050182971564446E+00 -0.8200353522467005E+00 -0.1049358837349316E+01 -0.8463662248840387E+00  0.1489739837302800E+01
  0.4135528212713499E+00 -0.2191291379962630E+00 -0.2438345927174393E+00 -0.1775062325761579E+00 -0.1113688969737782E+00 -0.6302743393389117E-01 -0.3302628253554251E-01 -0.1826316423609344E-01 -0.1375654229492402E-01 -0.1345703123886711E-01 -0.1243131638356370E-01 -0.7558373826577535E-02 -0.3611258427013067E-03  0.9275230757015805E-02  0.1171753407019827E-01  0.1006735072227076E-01 -0.1326700601191471E+00 -0.3903974872140993E+00 -0.5667208641766134E+00 -0.5440609912878005E+00  0.1065462109686788E+01
  0.0000000000000000E+00  0.0000000000000000E+00  0.0000000000000000E+00  0.0000000000000000E+00  0.0000000000000000E+00  0.0000000000000000E+00  0.0000000000000000E+00  0.0000000000000000E+00  0.0000000000000000E+00  0.0000000000000000E+00  0.0000000000000000E+00  0.0000000000000000E+00  0.0000000000000000E+00  0.0000000000000000E+00  0.0000000000000000E+00  0.0000000000000000E+00  0.0000000000000000E+00  0.0000000000000000E+00  0.0000000000000000E+00  0.0000000000000000E+00  0.0000000000000000E+00
