  0.0000000000000000E+00  0.0000000000000000E+00  0.0000000000000000E+00  0.0000000000000000E+00  0.0000000000000000E+00  0.0000000000000000E+00  0.0000000000000000E+00  0.0000000000000000E+00  0.0000000000000000E+00  0.0000000000000000E+00  0.0000000000000000E+00  0.0000000000000000E+00  0.0000000000000000E+00  0.0000000000000000E+00  0.0000000000000000E+00  0.0000000000000000E+00  0.0000000000000000E+00  0.0000000000000000E+00  0.0000000000000000E+00  0.0000000000000000E+00  0.0000000000000000E+00
  0.3806096126310818E-01 -0.1558602085135386E-01 -0.8697101290953411E-02  0.2239967584395952E-02 -0.8763039408104207E-02 -0.3819014653863995E-01 -0.6834428111536654E-01 -0.8152304382025005E-01 -0.8110163018948427E-01 -0.7416192956214120E-01 -0.6190395995708657E-01 -0.3141015984390880E-01  0.2644649798420465E-01  0.9324122869049699E-01  0.1334472724614589E+00  0.1326410679520941E+00  0.9866399940278349E-01  0.4574226158591909E-01 -0.5977704814777217E-02 -0.2497083283938117E-01  0.6893479370336628E-01
  0.1532688956159586E-02  0.1721281884765472E-01  0.5317114549912375E-01  0.7178910966219966E-01  0.4306384200461405E-01 -0.2495051274943599E-01 -0.1160477679641514E+00 -0.2058257794720371E+00 -0.2791106815991369E+00 -0.3162560880593479E+00 -0.3030592413339512E+00 -0.2270941654836619E+00 -0.1022359910894628E+00  0.3534972663458368E-01  0.1444961364319128E+00  0.1998227682495166E+00  0.1966373340438031E+00  0.1457305112815644E+00  0.7157926410220226E-01  0.1104794252031466E-01  0.3843543654125829E-01
 -0.1541914956188405E+00  0.1092027413717149E+00  0.1734167284963042E+00  0.1818504369524720E+00  0.1177760518726761E+00  0.4417859462647016E-02 -0.1368992106577540E+00 -0.2777590577600931E+00 -0.4030026834705540E+00 -0.4868014975999875E+00 -0.5101194314075450E+00 -0.4498101558098579E+00 -0.3102683784302218E+00 -0.1254385275705543E+00  0.5537046670763338E-01  0.1932028048945828E+00  0.2643424412839522E+00  0.2593619337057109E+00  0.1927606143055203E+00  0.1031310669166984E+00 -0.1166325864445749E+00
 -0.4001723059758929E+00  0.2449824969204308E+00  0.3347751847853995E+00  0.3164909661388597E+00  0.2108079994273818E+00  0.5099037893511216E-01 -0.1414364380222983E+00 -0.3355692291387811E+00 -0.5158552600401871E+00 -0.6500351372747304E+00 -0.7140499834116417E+00 -0.6761921939440018E+00 -0.5338699628770908E+00 -0.3205144957561287E+00 -0.9212295853210808E-01  0.1091414443003727E+00  0.2543117702084045E+00  0.3165001950952470E+00  0.2907423085012797E+00  0.1946058898677569E+00 -0.2930753611019909E+00
 -0.6599565077824830E+00  0.3912758736934424E+00  0.5138711132978443E+00  0.4643258137273604E+00  0.3225469498079616E+00  0.1261963648823377E+00 -0.1035944790067649E+00 -0.3359070507479106E+00 -0.5592215092202686E+00 -0.7433502084857534E+00 -0.8628153093756985E+00 -0.8738883269585411E+00 -0.7514084258720789E+00 -0.5199753308787639E+00 -0.2535347036457199E+00 -0.9951299766592413E-02  0.1870919198001802E+00  0.3099315534824946E+00  0.3334501359326195E+00  0.2352182947221464E+00 -0.3722047482338197E+00
 -0.8567257395130069E+00  0.5139084447242908E+00  0.6849995946598654E+00  0.6092338703793236E+00  0.4365941334231247E+00  0.2090789730782471E+00 -0.5108984259409947E-01 -0.3122523266301525E+00 -0.5648420395924376E+00 -0.7848008016154814E+00 -0.9549004330100634E+00 -0.1031973172126676E+01 -0.9628806006010793E+00 -0.7355828365761826E+00 -0.4286580136038747E+00 -0.1412897466336992E+00  0.9226124454556364E-01  0.2569934084660622E+00  0.3167567395297155E+00  0.2185022787123627E+00 -0.3387500966073727E+00
 -0.9361064187498589E+00  0.5889100143182402E+00  0.8306236242048617E+00  0.7445113419028131E+00  0.5503623931104080E+00  0.3003623925257747E+00  0.1795943880660833E-01 -0.2642479736904880E+00 -0.5341613547579086E+00 -0.7718494679259820E+00 -0.9733440375127802E+00 -0.1115947434783025E+01 -0.1135923341158836E+01 -0.9651195121665342E+00 -0.6395474271949289E+00 -0.2956880976773559E+00 -0.1938015895961688E-01  0.1737524261192288E+00  0.2559337984060872E+00  0.1737961888426584E+00 -0.2654547681218878E+00
 -0.8780733188951796E+00  0.6064159974846055E+00  0.9411746735586369E+00  0.8670137305001649E+00  0.6607837258946474E+00  0.3944647960060373E+00  0.9255891983590893E-01 -0.2111076116123770E+00 -0.4966598493845808E+00 -0.7399229517822535E+00 -0.9439943472137931E+00 -0.1120313568553570E+01 -0.1231512891267766E+01 -0.1170606283426464E+01 -0.8886528497952846E+00 -0.5033416073622935E+00 -0.1658720035016087E+00  0.6775615836061732E-01  0.1769149151924555E+00  0.1286778635949271E+00 -0.2091186755923259E+00
 -0.7133115266725820E+00  0.5735779579905271E+00  0.1007422347298999E+01  0.9721851382689958E+00  0.7663667890077877E+00  0.4920141268894279E+00  0.1765631778082325E+00 -0.1472861464231973E+00 -0.4520019023050118E+00 -0.7030629614659146E+00 -0.8951857647839563E+00 -0.1065753270265926E+01 -0.1233289640707292E+01 -0.1298561561382746E+01 -0.1128196887892173E+01 -0.7592655483380631E+00 -0.3680238313100108E+00 -0.7128364260891079E-01  0.8975546488698091E-01  0.9247603795894022E-01 -0.1876726489898397E+00
 -0.5108377792971390E+00  0.5094449361968155E+00  0.1017497029293308E+01  0.1048326502469697E+01  0.8604944065953982E+00  0.5874561277795435E+00  0.2666837847318088E+00 -0.7127260488501837E-01 -0.3947610085898499E+00 -0.6601046602902195E+00 -0.8430489260550841E+00 -0.9830885094365511E+00 -0.1157990352470964E+01 -0.1325052568109371E+01 -0.1303055427057817E+01 -0.1018487638298027E+01 -0.6140424085224404E+00 -0.2544364928079892E+00 -0.1862697393736549E-01  0.5283336502490688E-01 -0.1771270690120861E+00
 -0.3176640242180085E+00  0.4255813622188215E+00  0.9590800624384560E+00  0.1073580038527034E+01  0.9270800565541282E+00  0.6686536669022241E+00  0.3535383982897615E+00  0.1334162731958445E-01 -0.3193092740621876E+00 -0.5978662086276553E+00 -0.7807235700147903E+00 -0.8874011421854455E+00 -0.1030334412840886E+01 -0.1252124286850174E+01 -0.1379874452732529E+01 -0.1234537135577199E+01 -0.8730507146305424E+00 -0.4768420368442290E+00 -0.1620971903515658E+00 -0.6960965383007383E-02 -0.1412142942025436E+00
 -0.1528923720427318E+00  0.3280115061888827E+00  0.8311421465239164E+00  0.1029710572272406E+01  0.9492644600552961E+00  0.7231752019834032E+00  0.4255615952864194E+00  0.9607417982588827E-01 -0.2311255930609232E+00 -0.5114609400246811E+00 -0.6958426830318271E+00 -0.7787333814576916E+00 -0.8720019671017667E+00 -0.1097182197750463E+01 -0.1344894913016140E+01 -0.1370568841301097E+01 -0.1111659253277127E+01 -0.7233273121623189E+00 -0.3459344905432575E+00 -0.9255887364713575E-01 -0.6825786960185026E-01
 -0.2214177314390953E-01  0.2226464595595554E+00  0.6457976055347568E+00  0.9028821668841343E+00  0.9034782869461804E+00  0.7324334833480813E+00  0.4700655771028563E+00  0.1666562474686594E+00 -0.1391365661086264E+00 -0.4047139079928669E+00 -0.5819723638439406E+00 -0.6500303129409388E+00 -0.6964294446774651E+00 -0.8854786900112409E+00 -0.1201398333656174E+01 -0.1399489654079925E+01 -0.1296219818588596E+01 -0.9692824875236552E+00 -0.5639086360209699E+00 -0.2018646955506999E+00  0.4168545063112983E-01
  0.7542689151812176E-01  0.1203585944882681E+00  0.4365026749829262E+00  0.7074982074469567E+00  0.7833622515131566E+00  0.6842229951582260E+00  0.4763971789783116E+00  0.2159635471414968E+00 -0.5255645048633976E-01 -0.2868463906338599E+00 -0.4437396686116696E+00 -0.5000063713906551E+00 -0.5134702036797876E+00 -0.6458888305338416E+00 -0.9681304490348962E+00 -0.1303368213697037E+01 -0.1390820314978884E+01 -0.1182763654530513E+01 -0.7978289557129518E+00 -0.3303655416644418E+00  0.1932676692803738E+00
  0.1345809494878943E+00  0.3448975850152837E-01  0.2380502249924794E+00  0.4689192576550167E+00  0.5874934314148604E+00  0.5623826150362035E+00  0.4273287043641862E+00  0.2304317873343240E+00  0.1729717061388656E-01 -0.1704164243254505E+00 -0.2953647752647575E+00 -0.3395166279049976E+00 -0.3366277564902874E+00 -0.4105503609867289E+00 -0.6803927452442050E+00 -0.1080653248066462E+01 -0.1357543752646488E+01 -0.1322003212637291E+01 -0.1017476165316771E+01 -0.4720371692367908E+00  0.3986353423936013E+00
  0.1221396624743528E+00 -0.9218870075561937E-02  0.9448305224766704E-01  0.2476822106033581E+00  0.3600294265146874E+00  0.3834745437310128E+00  0.3202216846492464E+00  0.1984263459987116E+00  0.5457346578729144E-01 -0.7541185060912146E-01 -0.1618154785736088E+00 -0.1930203162888675E+00 -0.1863802339794766E+00 -0.2134404104966869E+00 -0.3890893534278633E+00 -0.7561712101385148E+00 -0.1167656570266681E+01 -0.1336611002353926E+01 -0.1180630094042217E+01 -0.6204439630458034E+00  0.6807017950951932E+00
  0.2724775905362691E-01 -0.6792834380397313E-02  0.6869255912434971E-02  0.7177601771513373E-01  0.1460685903562929E+00  0.1852054652838555E+00  0.1735390179892096E+00  0.1197592563029709E+00  0.4540143891998060E-01 -0.2513303685655814E-01 -0.7242364141045866E-01 -0.8925719864923197E-01 -0.8303489849295866E-01 -0.8159637506756849E-01 -0.1544135128946738E+00 -0.3928872800802795E+00 -0.8238871560469112E+00 -0.1174753783771876E+01 -0.1224292901444458E+01 -0.7675357116506998E+00  0.1078314233507641E+01
 -0.1672547786360635E+00  0.4572433681290022E-01 -0.3008176819736286E-01 -0.3577840982688742E-01 -0.1236889586276075E-02  0.3215501269697706E-01  0.4497937507810625E-01  0.3530524360715567E-01  0.1160715241002157E-01 -0.1385394671144327E-01 -0.3095111182909271E-01 -0.3484720605888032E-01 -0.2857801846194299E-01 -0.1739295717863257E-01 -0.2269488921683656E-01 -0.9367326607859630E-01 -0.4051204138066725E+00 -0.8201112857653949E+00 -0.1049423900004140E+01 -0.8464139607049970E+00  0.1489817982110851E+01
  0.4136422978881670E+00 -0.2192120492362908E+00 -0.2439938498207056E+00 -0.1776864492662288E+00 -0.1115440111742357E+00 -0.6318543862840284E-01 -0.3315079546405963E-01 -0.1833346597637705E-01 -0.1375924151947520E-01 -0.1339558324698520E-01 -0.1232759616759836E-01 -0.7448422446773945E-02 -0.2780481569485579E-03  0.9299430281982162E-02  0.1166629346654004E-01  0.9984439298268697E-02 -0.1327378580741398E+00 -0.3904428554832872E+00 -0.5667525913194849E+00 -0.5440881738731012E+00  0.1065511930299819E+01
  0.0000000000000000E+00  0.0000000000000000E+00  0.0000000000000000E+00  0.0000000000000000E+00  0.0000000000000000E+00  0.0000000000000000E+00  0.0000000000000000E+00  0.0000000000000000E+00  0.0000000000000000E+00  0.0000000000000000E+00  0.0000000000000000E+00  0.0000000000000000E+00  0.0000000000000000E+00  0.0000000000000000E+00  0.0000000000000000E+00  0.0000000000000000E+00  0.0000000000000000E+00  0.0000000000000000E+00  0.0000000000000000E+00  0.0000000000000000E+00  0.0000000000000000E+00
