  0.0000000000000000E+00  0.0000000000000000E+00  0.0000000000000000E+00  0.0000000000000000E+00  0.0000000000000000E+00  0.0000000000000000E+00  0.0000000000000000E+00  0.0000000000000000E+00  0.0000000000000000E+00  0.0000000000000000E+00  0.0000000000000000E+00  0.0000000000000000E+00  0.0000000000000000E+00  0.0000000000000000E+00  0.0000000000000000E+00  0.0000000000000000E+00  0.0000000000000000E+00  0.0000000000000000E+00  0.0000000000000000E+00  0.0000000000000000E+00  0.0000000000000000E+00
  0.6976464883734311E-01 -0.5082087131672869E-01 -0.8269796511284296E-01 -0.8893900315639398E-01 -0.9875809071620585E-01 -0.1106406288698339E+00 -0.1189564721595409E+00 -0.1179589677252219E+00 -0.1072253124539795E+00 -0.7859013577262658E-01 -0.2879007187824670E-01  0.3425832504691765E-01  0.8765147346755547E-01  0.1143450019718739E+00  0.1118467693554235E+00  0.8637246358912050E-01  0.4680865496239750E-01  0.2034470270109307E-02 -0.3273007064702817E-01 -0.3477856208896420E-01  0.7160561561986444E-01
  0.1023041474078378E+00 -0.6070615651140356E-01 -0.7981432212637288E-01 -0.8038745881488880E-01 -0.1067181074275490E+00 -0.1501810555828283E+00 -0.1974382118398414E+00 -0.2277212758779553E+00 -0.2302456433836209E+00 -0.1911802213881895E+00 -0.1171164573758432E+00 -0.2223798632809672E-01  0.6918249154462144E-01  0.1376294142433757E+00  0.1725165499502702E+00  0.1712530354763980E+00  0.1384783164019630E+00  0.8410630156395117E-01  0.2463442402088152E-01 -0.1412670298956024E-01  0.6701453298956223E-01
  0.5699697138845437E-01 -0.2592657321477712E-01 -0.2078274825587698E-01 -0.2550070646427358E-01 -0.8354446480144745E-01 -0.1695473107440824E+00 -0.2672183795074061E+00 -0.3471573208464216E+00 -0.3964795724106084E+00 -0.3904374694295997E+00 -0.3300060113355316E+00 -0.2196598799390217E+00 -0.8550919386075338E-01  0.4565861290930322E-01  0.1516594554272367E+00  0.2166037663990681E+00  0.2316977877092662E+00  0.1974368511676589E+00  0.1291868242947642E+00  0.5796873957527265E-01 -0.4471939443105372E-01
 -0.1183417081297974E+00  0.7529539887908215E-01  0.1075444885074491E+00  0.8491923043591364E-01 -0.1089804338343106E-01 -0.1402714538146150E+00 -0.2879817531203930E+00 -0.4165568958934692E+00 -0.5136277847211034E+00 -0.5466214677007984E+00 -0.5142337310684052E+00 -0.4121685613363423E+00 -0.2644198829252603E+00 -0.9861918045691580E-01  0.5858495374114944E-01  0.1855518416514460E+00  0.2627392947456415E+00  0.2758166513580000E+00  0.2296943660052254E+00  0.1461110750259480E+00 -0.2086388590726186E+00
 -0.3813399994929277E+00  0.2212920743428798E+00  0.2825362235357117E+00  0.2284796941062127E+00  0.9055386249139298E-01 -0.8456969749059087E-01 -0.2843050402400721E+00 -0.4658565112806693E+00 -0.6191268545189227E+00 -0.7030435257040444E+00 -0.7088630173378208E+00 -0.6218982390363306E+00 -0.4640781446188055E+00 -0.2699550767163862E+00 -0.7522952502987251E-01  0.9767928765163324E-01  0.2290476745775239E+00  0.2960703282203259E+00  0.2886250320050952E+00  0.2015691419891066E+00 -0.3160823939622247E+00
 -0.6520231730800045E+00  0.3771619925485190E+00  0.4794628045655526E+00  0.3933590589409418E+00  0.2208729481468140E+00  0.1008727776185237E-01 -0.2286655318231819E+00 -0.4531199940567427E+00 -0.6586465444132745E+00 -0.8037369577819720E+00 -0.8703070312661441E+00 -0.8272373532746594E+00 -0.6780913956126190E+00 -0.4594275594702510E+00 -0.2275808758816408E+00 -0.1857759866097754E-01  0.1521597629285000E+00  0.2644991112564207E+00  0.2934421600352480E+00  0.2043207948402505E+00 -0.3195202244855034E+00
 -0.8497470208637611E+00  0.5057350708058651E+00  0.6674581915538341E+00  0.5566248877983939E+00  0.3552366085033026E+00  0.1161529770055572E+00 -0.1498971971143352E+00 -0.4031155206154104E+00 -0.6444104605300589E+00 -0.8413745424915527E+00 -0.9763225602434630E+00 -0.1008103126530977E+01 -0.9069605793683957E+00 -0.6840992808262416E+00 -0.4087386006106392E+00 -0.1539449650782582E+00  0.5173554840650070E-01  0.1961666091968186E+00  0.2510397460228585E+00  0.1709416871340228E+00 -0.2617853153792100E+00
 -0.9195228039809932E+00  0.5817170737301187E+00  0.8256284172093630E+00  0.7072590291518764E+00  0.4854034433148338E+00  0.2269071832704678E+00 -0.5580247296445626E-01 -0.3253269820039185E+00 -0.5828845995485777E+00 -0.8071422597334152E+00 -0.9923654924114494E+00 -0.1109854957569973E+01 -0.1106364768808638E+01 -0.9386998774398180E+00 -0.6446278307705940E+00 -0.3313563994162678E+00 -0.7502948415781013E-01  0.1025489322662136E+00  0.1818427198483308E+00  0.1278673434473636E+00 -0.2017593104937599E+00
 -0.8453792887861789E+00  0.5956804255199953E+00  0.9416619877738071E+00  0.8396374971711302E+00  0.6057837657212188E+00  0.3327229814136543E+00  0.3609923777471158E-01 -0.2484224764452860E+00 -0.5150505177041335E+00 -0.7440326496524029E+00 -0.9396968685100303E+00 -0.1106989984010126E+01 -0.1210031623455677E+01 -0.1161878347807627E+01 -0.9209709207908388E+00 -0.5746680144636513E+00 -0.2527174948297326E+00 -0.1907095045834069E-01  0.1026173134683685E+00  0.9084433455527403E-01 -0.1699156901974537E+00
 -0.6702617743973831E+00  0.5589698085354254E+00  0.1006647651208893E+01  0.9501895465908500E+00  0.7173284709300969E+00  0.4365163701585654E+00  0.1303075512927333E+00 -0.1704084985190248E+00 -0.4514063688222681E+00 -0.6847473102371495E+00 -0.8673843972592629E+00 -0.1031589973911181E+01 -0.1195652545409754E+01 -0.1281354578881057E+01 -0.1167496790647962E+01 -0.8573955430022516E+00 -0.4911802249536955E+00 -0.1865720949800177E+00  0.5064074046325447E-02  0.5476924944598582E-01 -0.1592436742916320E+00
 -0.4656903053997801E+00  0.4912324937528720E+00  0.1008007175858836E+01  0.1025082562650095E+01  0.8141198543309557E+00  0.5357772709714275E+00  0.2275100191624977E+00 -0.8469158764429832E-01 -0.3817347199522052E+00 -0.6279834979461771E+00 -0.8008860218722205E+00 -0.9318964419973730E+00 -0.1094603362331898E+01 -0.1274594409143083E+01 -0.1318656359847909E+01 -0.1119853911127196E+01 -0.7639830587374222E+00 -0.4043529816741197E+00 -0.1291631713301160E+00  0.1163738409994140E-02 -0.1326543865600984E+00
 -0.2757317848297087E+00  0.4044714866860282E+00  0.9376826752283758E+00  0.1045352793696408E+01  0.8824611844485870E+00  0.6200496584382045E+00  0.3186073321582377E+00  0.5601319364037588E-02 -0.2982289746542462E+00 -0.5563852298476164E+00 -0.7306889704878307E+00 -0.8291617944013855E+00 -0.9472082388845828E+00 -0.1157471758444264E+01 -0.1342720999647582E+01 -0.1307046619490936E+01 -0.1030075587931012E+01 -0.6585711747544839E+00 -0.3098903762684588E+00 -0.8078647475847273E-01 -0.6753095199304060E-01
 -0.1175500227880459E+00  0.3040610810842263E+00  0.7946332204646329E+00  0.9873880675868998E+00  0.8980779937823694E+00  0.6720945812656303E+00  0.3900402603142243E+00  0.8904681611620494E-01 -0.2070094944311603E+00 -0.4639651659191551E+00 -0.6396310557857920E+00 -0.7195045937052992E+00 -0.7823148671443736E+00 -0.9632355348174811E+00 -0.1236290357904130E+01 -0.1378999913164901E+01 -0.1244407145944123E+01 -0.9193552286852902E+00 -0.5308409653120858E+00 -0.1895475175390085E+00  0.3780158730493977E-01
  0.5192013030024811E-02  0.1981694912249368E+00  0.5997004867048351E+00  0.8472583592997451E+00  0.8436024429711279E+00  0.6771127310946028E+00  0.4319705568456934E+00  0.1568435464153614E+00 -0.1171838511556839E+00 -0.3562411343275230E+00 -0.5214831795524861E+00 -0.5907757586242548E+00 -0.6119359987073436E+00 -0.7302639276538793E+00 -0.1019327783891795E+01 -0.1312286665647032E+01 -0.1365038934697382E+01 -0.1148621277764979E+01 -0.7709134717290439E+00 -0.3191350260535080E+00  0.1864916064314802E+00
  0.9090916593616399E-01  0.9683567918777782E-01  0.3814162034994975E+00  0.6309928945150912E+00  0.7010752886186665E+00  0.6105758363157667E+00  0.4241988509097703E+00  0.1950303530396694E+00 -0.3862252125957073E-01 -0.2425111946673727E+00 -0.3832365849416757E+00 -0.4413624406470360E+00 -0.4408241759571652E+00 -0.4938949641972002E+00 -0.7323206683861289E+00 -0.1102999445821803E+01 -0.1350552812535974E+01 -0.1301775790212375E+01 -0.9975465782112237E+00 -0.4624743073495401E+00  0.3898763438373966E+00
  0.1199286564771267E+00  0.2304214477368248E-01  0.1890550907981741E+00  0.3847454287887067E+00  0.4893544825079821E+00  0.4726774574782731E+00  0.3624985733660612E+00  0.1999584858284058E+00  0.2329008102442597E-01 -0.1336216837728017E+00 -0.2415457033613389E+00 -0.2860104419734757E+00 -0.2794857121097722E+00 -0.2860393065495013E+00 -0.4323396086991487E+00 -0.7794810372023214E+00 -0.1171012853552791E+01 -0.1326743473816385E+01 -0.1167029596335629E+01 -0.6125327495873270E+00  0.6705686524263514E+00
  0.6185679022995776E-01 -0.4608500585206770E-02  0.4803128847433744E-01  0.1528078035319967E+00  0.2401880282315293E+00  0.2650509492888725E+00  0.2243435781760857E+00  0.1377308615155848E+00  0.3254628081347943E-01 -0.6397983196656565E-01 -0.1298029767605315E+00 -0.1552899950732125E+00 -0.1479350698369979E+00 -0.1330928374461077E+00 -0.1844183268583740E+00 -0.4104678930055719E+00 -0.8311846781553752E+00 -0.1171864518610900E+01 -0.1215984219143932E+01 -0.7610818393305980E+00  0.1067261298847863E+01
 -0.1588757185288208E+00  0.4776203160241747E-01 -0.1558962372156842E-01  0.2780525845459084E-02  0.5115442756909947E-01  0.8271536160612918E-01  0.8188350251557835E-01  0.5291814850341613E-01  0.9530140471805035E-02 -0.3240465406070944E-01 -0.6033985041428648E-01 -0.6846474804469441E-01 -0.6095527118679327E-01 -0.4418052672549960E-01 -0.3917200855895250E-01 -0.1047807918633981E+00 -0.4126387996663449E+00 -0.8211631003215498E+00 -0.1045439698528876E+01 -0.8419507021513165E+00  0.1480412407925074E+01
  0.4082872425973764E+00 -0.2128591887511112E+00 -0.2302903236559572E+00 -0.1608076078378819E+00 -0.9360494987971692E-01 -0.4639149543876732E-01 -0.2045760044574008E-01 -0.1215728420399010E-01 -0.1505276013321918E-01 -0.2152371756198181E-01 -0.2513334247756835E-01 -0.2208451729926787E-01 -0.1410941433503248E-01 -0.2432855268260951E-02  0.4249828028067651E-02  0.4266411330699977E-02 -0.1376204922217079E+00 -0.3921171139559689E+00 -0.5654303144957871E+00 -0.5421721973707846E+00  0.1061086277616567E+01
  0.0000000000000000E+00  0.0000000000000000E+00  0.0000000000000000E+00  0.0000000000000000E+00  0.0000000000000000E+00  0.0000000000000000E+00  0.0000000000000000E+00  0.0000000000000000E+00  0.0000000000000000E+00  0.0000000000000000E+00  0.0000000000000000E+00  0.0000000000000000E+00  0.0000000000000000E+00  0.0000000000000000E+00  0.0000000000000000E+00  0.0000000000000000E+00  0.0000000000000000E+00  0.0000000000000000E+00  0.0000000000000000E+00  0.0000000000000000E+00  0.0000000000000000E+00
