  0.0000000000000000E+00  0.0000000000000000E+00  0.0000000000000000E+00  0.0000000000000000E+00  0.0000000000000000E+00  0.0000000000000000E+00  0.0000000000000000E+00  0.0000000000000000E+00  0.0000000000000000E+00  0.0000000000000000E+00  0.0000000000000000E+00  0.0000000000000000E+00  0.0000000000000000E+00  0.0000000000000000E+00  0.0000000000000000E+00  0.0000000000000000E+00  0.0000000000000000E+00  0.0000000000000000E+00  0.0000000000000000E+00  0.0000000000000000E+00  0.0000000000000000E+00
  0.3072915323673410E-01 -0.2566668569345055E-01 -0.4627090384361755E-01 -0.6103132167825603E-01 -0.7360449123256146E-01 -0.8719016753462801E-01 -0.1005127636465633E+00 -0.1104020166042942E+00 -0.1131418508256636E+00 -0.1063029611754179E+00 -0.8954187822742228E-01 -0.6481218422590093E-01 -0.3647110959631943E-01 -0.1061422483762882E-01  0.7408047972913479E-02  0.1525537968110252E-01  0.1468251176433863E-01  0.9141488706940887E-02  0.4327619016181615E-02 -0.6279871716560053E-03  0.6211580531149631E-02
  0.3829263482547197E-01 -0.2990420279967372E-01 -0.5141997357354920E-01 -0.7162932163990980E-01 -0.9384089282495672E-01 -0.1210214182313587E+00 -0.1503641668915075E+00 -0.1754317359092878E+00 -0.1874877453154346E+00 -0.1796379795143296E+00 -0.1504098267687064E+00 -0.1048117837816747E+00 -0.5248433337504296E-01 -0.4316081275766550E-02  0.3135739581988892E-01  0.5079978874271795E-01  0.5584501104452725E-01  0.5108344351994741E-01  0.4339903269743468E-01  0.2691436840788116E-01 -0.3734407252620879E-01
  0.3744561687773038E-01 -0.3191876825823596E-01 -0.5831068789697750E-01 -0.8837089651901972E-01 -0.1255390108202116E+00 -0.1727549462456110E+00 -0.2250387952996404E+00 -0.2716183517442713E+00 -0.2979874878175172E+00 -0.2930594856740661E+00 -0.2543234554401777E+00 -0.1884819138947910E+00 -0.1085797174364853E+00 -0.2988746472780938E-01  0.3470983721910934E-01  0.7762702009991466E-01  0.9859061393027740E-01  0.1023681104941070E+00  0.9702284427389969E-01  0.7248127663590914E-01 -0.1204209856338277E+00
  0.1789132845867544E-01 -0.2284053420182974E-01 -0.5063027414681379E-01 -0.8927610446730615E-01 -0.1414519788130495E+00 -0.2101975100862723E+00 -0.2879636063744497E+00 -0.3587373610327502E+00 -0.4015636071370473E+00 -0.4016175720937245E+00 -0.3559225204684036E+00 -0.2727433365695504E+00 -0.1680028795078336E+00 -0.6066032902714990E-01  0.3239013459736799E-01  0.9975358808436807E-01  0.1384880268865819E+00  0.1530284884396622E+00  0.1519077691776735E+00  0.1191631538256438E+00 -0.2055816922992580E+00
 -0.2400798697122365E-01 -0.9991494253051231E-03 -0.2700543524713902E-01 -0.7237226209310887E-01 -0.1381051835705093E+00 -0.2277563265308692E+00 -0.3314514435762216E+00 -0.4286043072726516E+00 -0.4929707035832588E+00 -0.5067266528701028E+00 -0.4647857486045212E+00 -0.3739321127913100E+00 -0.2509188886246616E+00 -0.1176396534730624E+00  0.4974939966087871E-02  0.1008560204093895E+00  0.1625918702444595E+00  0.1925201198144056E+00  0.1977903066855366E+00  0.1548618130861905E+00 -0.2667951325730351E+00
 -0.9519090963723532E-01  0.3790280865879132E-01  0.1851751633913863E-01 -0.2757262754423339E-01 -0.9919939893709934E-01 -0.2018754222344448E+00 -0.3267908507663168E+00 -0.4526454454002548E+00 -0.5492036749535161E+00 -0.5935315926544871E+00 -0.5737545442794978E+00 -0.4911901298041580E+00 -0.3618590924294222E+00 -0.2102374577404940E+00 -0.6101925829840306E-01  0.6529021986985488E-01  0.1559004931195732E+00  0.2083310411759559E+00  0.2241212327712743E+00  0.1708027901830560E+00 -0.2882871377778937E+00
 -0.1974134385750590E+00  0.9535129036001398E-01  0.8864043250498291E-01  0.5114439149445584E-01 -0.1490245400138191E-01 -0.1216831578010521E+00 -0.2677970861793847E+00 -0.4324869427150982E+00 -0.5775858099897631E+00 -0.6713706285088498E+00 -0.6922862440872719E+00 -0.6339569309899642E+00 -0.5098168463550411E+00 -0.3463535500948208E+00 -0.1731922476923634E+00 -0.1592071372410743E-01  0.1078958896628104E+00  0.1896744742702957E+00  0.2213406188464983E+00  0.1627629782101629E+00 -0.2669483157839906E+00
 -0.3217892810079570E+00  0.1674326996295153E+00  0.1805088178805890E+00  0.1613723456550995E+00  0.1109263565263279E+00  0.4807069044409027E-02 -0.1649911602377645E+00 -0.3732636096587060E+00 -0.5725848944149834E+00 -0.7262053856288765E+00 -0.8046603064881123E+00 -0.7913112334964063E+00 -0.6902714189807633E+00 -0.5248638404370275E+00 -0.3303179755326948E+00 -0.1412446488389681E+00  0.1802483371333825E-01  0.1326389921342039E+00  0.1850621062760741E+00  0.1335574150462417E+00 -0.2156101388626509E+00
 -0.4452860521031747E+00  0.2426650236830244E+00  0.2827090189458984E+00  0.2877375767882266E+00  0.2575298140124888E+00  0.1549317646123304E+00 -0.3393500527494905E-01 -0.2771079398958057E+00 -0.5237037126731207E+00 -0.7373811619445215E+00 -0.8848734434627497E+00 -0.9399704334738884E+00 -0.8903010397848038E+00 -0.7446729549432758E+00 -0.5366053199448938E+00 -0.3128134590651526E+00 -0.1128519317801540E+00  0.3860607592820981E-01  0.1187659246029547E+00  0.9230248035928140E-01 -0.1581415164748895E+00
 -0.5360048836478917E+00  0.3045008602167277E+00  0.3774976970022916E+00  0.4067926943443706E+00  0.3969406342886137E+00  0.3026556632302577E+00  0.1069180825865562E+00 -0.1539176712264175E+00 -0.4291064880382918E+00 -0.6851456291453096E+00 -0.8939617132728759E+00 -0.1029959761094156E+01 -0.1066148339724210E+01 -0.9840561645841610E+00 -0.7945198882028615E+00 -0.5451232294556845E+00 -0.2967503764104507E+00 -0.9463727326979601E-01  0.3019595313212127E-01  0.4879192548119695E-01 -0.1161798233114696E+00
 -0.5675703023434067E+00  0.3380614044965889E+00  0.4466139111463602E+00  0.4954711921672565E+00  0.5027521409696875E+00  0.4221192346639577E+00  0.2333459828966767E+00 -0.2662623677450128E-01 -0.3065596378354019E+00 -0.5740539373006086E+00 -0.8113300265652336E+00 -0.1008048814657889E+01 -0.1141586380131206E+01 -0.1170287868115925E+01 -0.1060985221241383E+01 -0.8306953721996041E+00 -0.5470789480253764E+00 -0.2817403181939596E+00 -0.8584743131253345E-01  0.1398668576347055E-02 -0.9004343704157461E-01
 -0.5348589500552565E+00  0.3375030455071015E+00  0.4776501864660480E+00  0.5388044875263129E+00  0.5575285949581966E+00  0.4941428115803389E+00  0.3240628654139858E+00  0.7910777477269976E-01 -0.1891834328498065E+00 -0.4443460545930794E+00 -0.6719781170427316E+00 -0.8801049808444542E+00 -0.1074148348104735E+01 -0.1220123459191943E+01 -0.1246504228575870E+01 -0.1107922206983001E+01 -0.8409825297193924E+00 -0.5306199930757340E+00 -0.2500690779029407E+00 -0.6775380393199627E-01 -0.4680766610695186E-01
 -0.4547418781237401E+00  0.3067566093828841E+00  0.4655279500249122E+00  0.5311633015433594E+00  0.5546898600000628E+00  0.5098541830921917E+00  0.3691208914604523E+00  0.1528186161924310E+00 -0.9225768721648496E-01 -0.3255066406777866E+00 -0.5265136889687752E+00 -0.7064724395756132E+00 -0.8992225329422251E+00 -0.1113095529990140E+01 -0.1280768186110311E+01 -0.1295059963646296E+01 -0.1119028704925602E+01 -0.8184625774321538E+00 -0.4720377222677914E+00 -0.1714508125911227E+00  0.4231471550557653E-01
 -0.3558221922677888E+00  0.2576072938605666E+00  0.4169996893139110E+00  0.4802541827438915E+00  0.5019094944968976E+00  0.4719091370871687E+00  0.3659628457741355E+00  0.1915738240426217E+00 -0.1597865550004607E-01 -0.2189683932791473E+00 -0.3922613188009154E+00 -0.5357672891955991E+00 -0.6851379889159329E+00 -0.8928576677238762E+00 -0.1148334894431325E+01 -0.1329809794880977E+01 -0.1309032505666606E+01 -0.1089312372173967E+01 -0.7288709720440359E+00 -0.3040530887978747E+00  0.1832882943495883E+00
 -0.2557077362380644E+00  0.1971609550995382E+00  0.3357751290605503E+00  0.3905042881380138E+00  0.4073963661075238E+00  0.3878024074939264E+00  0.3155192743289438E+00  0.1899424916459209E+00  0.3236388774810919E-01 -0.1286882803262254E+00 -0.2706692766508798E+00 -0.3845502013582258E+00 -0.4854003259509234E+00 -0.6319856892138692E+00 -0.8865292839660392E+00 -0.1189999420742403E+01 -0.1355673131277383E+01 -0.1281438802686288E+01 -0.9763442066015966E+00 -0.4534320930496729E+00  0.3839520725474219E+00
 -0.1806495143359959E+00  0.1433444691654311E+00  0.2493838931602974E+00  0.2898865116554845E+00  0.2995019325241770E+00  0.2845577485109664E+00  0.2369416806152923E+00  0.1540028280288217E+00  0.4638449599334252E-01 -0.6794102453255142E-01 -0.1725185935898097E+00 -0.2578054850017720E+00 -0.3228400883468875E+00 -0.3975250572045237E+00 -0.5695993069569063E+00 -0.8921866225439596E+00 -0.1220385382813686E+01 -0.1338545819328567E+01 -0.1164945528945652E+01 -0.6099650450246259E+00  0.6649496061282254E+00
 -0.9681713532296260E-01  0.7548789570448984E-01  0.1296465517905069E+00  0.1552878340488054E+00  0.1660285360427466E+00  0.1619969142190103E+00  0.1379194966401551E+00  0.9149426754365175E-01  0.2782372333210861E-01 -0.4261169077797164E-01 -0.1084359901436195E+00 -0.1616590957783790E+00 -0.1981498902730915E+00 -0.2235962767834207E+00 -0.2897191529392764E+00 -0.5127929823886296E+00 -0.8995272602874688E+00 -0.1203443694486402E+01 -0.1227092304383205E+01 -0.7639739936698362E+00  0.1064829676626303E+01
 -0.1982642368927633E+00  0.8986432801299464E-01  0.7132874714622059E-01  0.5912781224518045E-01  0.5890641499594701E-01  0.5804032319156494E-01  0.4859452162813188E-01  0.2765237134003368E-01 -0.2649367520683232E-02 -0.3681592284440409E-01 -0.6798486216324061E-01 -0.9112066736414766E-01 -0.1033271907957237E+00 -0.1056157556779215E+00 -0.1078514080321963E+00 -0.1820490455770442E+00 -0.4798487562681359E+00 -0.8584691967778219E+00 -0.1060973721511168E+01 -0.8483549363300645E+00  0.1484091087479025E+01
  0.3856718963672425E+00 -0.2063339310432712E+00 -0.2333298967625711E+00 -0.1761829202416174E+00 -0.1170271860533230E+00 -0.7314313175355515E-01 -0.4558995923733376E-01 -0.3215843392324555E-01 -0.2938231377811018E-01 -0.3314587227154779E-01 -0.3866706889655934E-01 -0.4236469713306613E-01 -0.4174922355939224E-01 -0.3743550596720840E-01 -0.3301059400647682E-01 -0.4289667776987348E-01 -0.1833791760171059E+00 -0.4189121620765198E+00 -0.5755343468316498E+00 -0.5471584761881770E+00  0.1065941081732881E+01
  0.0000000000000000E+00  0.0000000000000000E+00  0.0000000000000000E+00  0.0000000000000000E+00  0.0000000000000000E+00  0.0000000000000000E+00  0.0000000000000000E+00  0.0000000000000000E+00  0.0000000000000000E+00  0.0000000000000000E+00  0.0000000000000000E+00  0.0000000000000000E+00  0.0000000000000000E+00  0.0000000000000000E+00  0.0000000000000000E+00  0.0000000000000000E+00  0.0000000000000000E+00  0.0000000000000000E+00  0.0000000000000000E+00  0.0000000000000000E+00  0.0000000000000000E+00
