  0.0000000000000000E+00  0.0000000000000000E+00  0.0000000000000000E+00  0.0000000000000000E+00  0.0000000000000000E+00  0.0000000000000000E+00  0.0000000000000000E+00  0.0000000000000000E+00  0.0000000000000000E+00  0.0000000000000000E+00  0.0000000000000000E+00  0.0000000000000000E+00  0.0000000000000000E+00  0.0000000000000000E+00  0.0000000000000000E+00  0.0000000000000000E+00  0.0000000000000000E+00  0.0000000000000000E+00  0.0000000000000000E+00  0.0000000000000000E+00  0.0000000000000000E+00
  0.3742519219489286E-01 -0.1698919135316361E-01 -0.1354238186459796E-01 -0.6349362444949007E-02 -0.1950063245296256E-01 -0.4829635633086259E-01 -0.7568497703097300E-01 -0.8671052610073968E-01 -0.8575275354688353E-01 -0.7869451631285083E-01 -0.6502910250865766E-01 -0.3130397257108349E-01  0.2940739334350360E-01  0.9527145417422235E-01  0.1322704849936437E+00  0.1289402714332007E+00  0.9407465705882942E-01  0.4171575618272824E-01 -0.8274861381315090E-02 -0.2557263255681236E-01  0.6844303628912199E-01
  0.3125035473427788E-02  0.1391587891292449E-01  0.4487267221220125E-01  0.5941533239379235E-01  0.2918867495084221E-01 -0.3753434917896224E-01 -0.1250935542409256E+00 -0.2103001690718474E+00 -0.2784694748614448E+00 -0.3099438444561614E+00 -0.2909639525804146E+00 -0.2110650045707519E+00 -0.8629762489205595E-01  0.4686017995287370E-01  0.1494371455641623E+00  0.1987169165641005E+00  0.1917107995476744E+00  0.1398179145959309E+00  0.6716575478587045E-01  0.9074867893002068E-02  0.3994115110686424E-01
 -0.1463559557237533E+00  0.1021912960254875E+00  0.1602179323527091E+00  0.1651671727460220E+00  0.1004840979883285E+00 -0.1128679186506677E-01 -0.1496078822381058E+00 -0.2867036889097163E+00 -0.4072802258308976E+00 -0.4852648998258615E+00 -0.5020203107970538E+00 -0.4361673050963738E+00 -0.2945275801925320E+00 -0.1119651844339466E+00  0.6369230901726537E-01  0.1953560499483024E+00  0.2610121098786565E+00  0.2528569827846791E+00  0.1862188705840659E+00  0.9899520222886173E-01 -0.1107667361025193E+00
 -0.3882611856011646E+00  0.2358138536787801E+00  0.3191803754351758E+00  0.2992629685705451E+00  0.1944030263633757E+00  0.3671681602660067E-01 -0.1526928116403631E+00 -0.3429319203536015E+00 -0.5180553809926932E+00 -0.6456319896482062E+00 -0.7023287994293046E+00 -0.6586042786635431E+00 -0.5145096598877767E+00 -0.3038037595857107E+00 -0.8042089923902618E-01  0.1148983045855829E+00  0.2538778819787428E+00  0.3112252289266129E+00  0.2836752879101511E+00  0.1897108827954495E+00 -0.2854573604761973E+00
 -0.6491845734240556E+00  0.3824220158724789E+00  0.4980814741933812E+00  0.4476523393926428E+00  0.3064546760881960E+00  0.1111804790876302E+00 -0.1170583967745449E+00 -0.3471212968069247E+00 -0.5669821404518305E+00 -0.7456463392991157E+00 -0.8575526332547582E+00 -0.8606715435912956E+00 -0.7337779193620110E+00 -0.5035095297717967E+00 -0.2414215190740462E+00 -0.2808069993738949E-02  0.1887364807068014E+00  0.3063599791618791E+00  0.3272379356402780E+00  0.2314942684170103E+00 -0.3672448696107528E+00
 -0.8519124241060103E+00  0.5077056148631899E+00  0.6712044204835594E+00  0.5947417353968080E+00  0.4228674101937577E+00  0.1965303864945087E+00 -0.6202832499379088E-01 -0.3212439581103717E+00 -0.5715083187485963E+00 -0.7880799833811560E+00 -0.9528092234544236E+00 -0.1022516912201312E+01 -0.9473829996542402E+00 -0.7194765436145256E+00 -0.4166996418095067E+00 -0.1342741650559782E+00  0.9458695657858322E-01  0.2547936274908746E+00  0.3122837182930191E+00  0.2166802482840288E+00 -0.3377570265590673E+00
 -0.9397150516236104E+00  0.5865370382191210E+00  0.8198960630337524E+00  0.7322553961238492E+00  0.5383085620984321E+00  0.2887990644729240E+00  0.7419549255885029E-02 -0.2733410088915124E+00 -0.5417924770706846E+00 -0.7777961022420028E+00 -0.9763446104650998E+00 -0.1113153839016729E+01 -0.1125919473680654E+01 -0.9513526130516390E+00 -0.6278957116306899E+00 -0.2888693391634125E+00 -0.1696300772276952E-01  0.1727072944358161E+00  0.2534292386916151E+00  0.1733041394687171E+00 -0.2664831797145363E+00
 -0.8897151232954166E+00  0.6079087846111512E+00  0.9340112305380368E+00  0.8569426815435226E+00  0.6503307018399860E+00  0.3843067121826609E+00  0.8362101103867846E-01 -0.2182085893603323E+00 -0.5021756866492725E+00 -0.7446162424308215E+00 -0.9481679917884639E+00 -0.1121905333412026E+01 -0.1227428021373764E+01 -0.1161232296520783E+01 -0.8784221580210636E+00 -0.4962859787203538E+00 -0.1629571941093203E+00  0.6765544430810222E-01  0.1757545178493716E+00  0.1286520184105090E+00 -0.2102015373821554E+00
 -0.7285705883779330E+00  0.5776256546349793E+00  0.1004306375527005E+01  0.9645680400671065E+00  0.7574747637365274E+00  0.4829214083890631E+00  0.1682035393189565E+00 -0.1541325596791817E+00 -0.4572984616462774E+00 -0.7075783200719732E+00 -0.9000400594084668E+00 -0.1070125981709873E+01 -0.1233952376100603E+01 -0.1294128492735182E+01 -0.1121107281697469E+01 -0.7528934219411600E+00 -0.3644591258180760E+00 -0.7044657176753978E-01  0.8934722803663621E-01  0.9232349780777947E-01 -0.1876232653867022E+00
 -0.5254200840865595E+00  0.5147913227455493E+00  0.1018953884150088E+01  0.1044033340580219E+01  0.8536330412553385E+00  0.5797781902745412E+00  0.2592847578876536E+00 -0.7751406617468208E-01 -0.3997070134953795E+00 -0.6644826561579708E+00 -0.8482745515296144E+00 -0.9891839822795757E+00 -0.1161914871040190E+01 -0.1324554026198486E+01 -0.1299396838664341E+01 -0.1013975890214466E+01 -0.6106240564787130E+00 -0.2529842020641987E+00 -0.1851748394581828E-01  0.5259550187506384E-01 -0.1763039895710098E+00
 -0.3298663470931069E+00  0.4316964863359016E+00  0.9652231119145978E+00  0.1073694371262249E+01  0.9231683925509447E+00  0.6630418757598486E+00  0.3475537357661123E+00  0.7768941717872496E-02 -0.3243472126784350E+00 -0.6029045003790403E+00 -0.7870209847427521E+00 -0.8952737127504607E+00 -0.1036805635311703E+01 -0.1254523033001640E+01 -0.1379061675689745E+01 -0.1232213709218127E+01 -0.8705705178126435E+00 -0.4753760490561674E+00 -0.1617153905202833E+00 -0.7076558008278316E-02 -0.1404857164954484E+00
 -0.1623870280793638E+00  0.3345507687036184E+00  0.8412652780314915E+00  0.1034877137042444E+01  0.9492032002131366E+00  0.7201650578220963E+00  0.4212998763458059E+00  0.9143671548358810E-01 -0.2360108173035994E+00 -0.5171081719229614E+00 -0.7034292329343417E+00 -0.7885693991020305E+00 -0.8807688071582713E+00 -0.1101619223094418E+01 -0.1345971176163661E+01 -0.1370028291573141E+01 -0.1110359735757436E+01 -0.7222580404507389E+00 -0.3455245477190098E+00 -0.9256325237345109E-01 -0.6783479059865655E-01
 -0.2915802445138560E-01  0.2291106117225765E+00  0.6581738107163440E+00  0.9127348010918114E+00  0.9079834310449503E+00  0.7328256637285274E+00  0.4680461934798105E+00  0.1632491912687025E+00 -0.1437177047005495E+00 -0.4109142465959683E+00 -0.5907796655291424E+00 -0.6616519550664435E+00 -0.7072795603828039E+00 -0.8914593295946144E+00 -0.1203501616161588E+01 -0.1399986961221797E+01 -0.1295814577747164E+01 -0.9686727417965966E+00 -0.5635925114816646E+00 -0.2018267813850365E+00  0.4188783267344509E-01
  0.7057204993755295E-01  0.1260385916331662E+00  0.4486878248370517E+00  0.7202411864144234E+00  0.7920387760474581E+00  0.6882759127324428E+00  0.4769459070975374E+00  0.2140293932873662E+00 -0.5663611469049158E-01 -0.2933448901212740E+00 -0.4533070974906761E+00 -0.5125840123209007E+00 -0.5255771686895986E+00 -0.6528535915820021E+00 -0.9706107203563490E+00 -0.1304208059103718E+01 -0.1390874915250423E+01 -0.1182444328843705E+01 -0.7975783858609942E+00 -0.3303022507741442E+00  0.1933283664614385E+00
  0.1321657360422952E+00  0.3847460846752510E-01  0.2475895614448705E+00  0.4815826361076889E+00  0.5987889498254966E+00  0.5699398834247240E+00  0.4308796495974744E+00  0.2304789958117777E+00  0.1422033264854745E-01 -0.1765969732970608E+00 -0.3047731012055302E+00 -0.3516043297296627E+00 -0.3484271702930529E+00 -0.4176077294830426E+00 -0.6827678799564987E+00 -0.1081335773618407E+01 -0.1357667035832666E+01 -0.1321809013300285E+01 -0.1017234218497709E+01 -0.4719417304826487E+00  0.3985909729502366E+00
  0.1235279218586761E+00 -0.7931140710292993E-02  0.9973449972779709E-01  0.2568043939426769E+00  0.3702599295848453E+00  0.3921344785562392E+00  0.3258926206103024E+00  0.2006570982771986E+00  0.5331695842418837E-01 -0.8008076446279221E-01 -0.1695267780822476E+00 -0.2027269722457336E+00 -0.1958863129381714E+00 -0.2193824970152638E+00 -0.3909906277850205E+00 -0.7565251144396143E+00 -0.1167649009913561E+01 -0.1336430640149401E+01 -0.1180372567864708E+01 -0.6203123956666873E+00  0.6805646191353536E+00
  0.3054853868829255E-01 -0.7329919416191322E-02  0.8558780439718588E-02  0.7648777537252345E-01  0.1526006921672644E+00  0.1916518232331080E+00  0.1783909075929496E+00  0.1221574958315609E+00  0.4502669416291357E-01 -0.2816181115480709E-01 -0.7752210428715778E-01 -0.9540580378986173E-01 -0.8897632546807943E-01 -0.8547441301701217E-01 -0.1556009252328361E+00 -0.3929825497278234E+00 -0.8237958008722904E+00 -0.1174593353945959E+01 -0.1224047502943049E+01 -0.7673737292219159E+00  0.1078073684722699E+01
 -0.1665343471500343E+00  0.4548005568343925E-01 -0.3009418009971656E-01 -0.3423341465589173E-01  0.1644056402701409E-02  0.3545829002362450E-01  0.4775591792285565E-01  0.3689051781021491E-01  0.1171250722636429E-01 -0.1515611335521768E-01 -0.3328948338909960E-01 -0.3763426729661649E-01 -0.3123775039674522E-01 -0.1921119382973700E-01 -0.2321007308837005E-01 -0.9365723932595817E-01 -0.4050758479747918E+00 -0.8200232477966976E+00 -0.1049252630257937E+01 -0.8462519782898633E+00  0.1489503304611653E+01
  0.4132902590035915E+00 -0.2187523916354777E+00 -0.2429669159028415E+00 -0.1764124611828803E+00 -0.1102034260061993E+00 -0.6189941610537716E-01 -0.3209889749799319E-01 -0.1771746150507958E-01 -0.1371058998905469E-01 -0.1391436390856129E-01 -0.1327178188937743E-01 -0.8565871841029441E-02 -0.1318842195987562E-02  0.8552148528783280E-02  0.1144992240028015E-01  0.1000029442899157E-01 -0.1327282602473293E+00 -0.3904032979794529E+00 -0.5666762957617301E+00 -0.5439966108666789E+00  0.1065313536838307E+01
  0.0000000000000000E+00  0.0000000000000000E+00  0.0000000000000000E+00  0.0000000000000000E+00  0.0000000000000000E+00  0.0000000000000000E+00  0.0000000000000000E+00  0.0000000000000000E+00  0.0000000000000000E+00  0.0000000000000000E+00  0.0000000000000000E+00  0.0000000000000000E+00  0.0000000000000000E+00  0.0000000000000000E+00  0.0000000000000000E+00  0.0000000000000000E+00  0.0000000000000000E+00  0.0000000000000000E+00  0.0000000000000000E+00  0.0000000000000000E+00  0.0000000000000000E+00
