  0.0000000000000000E+00  0.0000000000000000E+00  0.0000000000000000E+00  0.0000000000000000E+00  0.0000000000000000E+00  0.0000000000000000E+00  0.0000000000000000E+00  0.0000000000000000E+00  0.0000000000000000E+00  0.0000000000000000E+00  0.0000000000000000E+00  0.0000000000000000E+00  0.0000000000000000E+00  0.0000000000000000E+00  0.0000000000000000E+00  0.0000000000000000E+00  0.0000000000000000E+00  0.0000000000000000E+00  0.0000000000000000E+00  0.0000000000000000E+00  0.0000000000000000E+00
  0.3806086294935784E-01 -0.1558587697590174E-01 -0.8696767978347392E-02  0.2240507956528703E-02 -0.8762274192479193E-02 -0.3818940634970637E-01 -0.6834384088189110E-01 -0.8152291829571047E-01 -0.8110157347306758E-01 -0.7416188189183434E-01 -0.6190404575759555E-01 -0.3141067154884639E-01  0.2644556348865677E-01  0.9324043534783258E-01  0.1334470213851012E+00  0.1326412961921000E+00  0.9866448811677045E-01  0.4574283476268556E-01 -0.5977192776392992E-02 -0.2497056137088112E-01  0.6893449133625036E-01
  0.1532621239734938E-02  0.1721293107521728E-01  0.5317141446538677E-01  0.7178969415283586E-01  0.4306486901668761E-01 -0.2494922069621393E-01 -0.1160464370238598E+00 -0.2058246853014328E+00 -0.2791099891564307E+00 -0.3162561354866522E+00 -0.3030601997679576E+00 -0.2270959825834867E+00 -0.1022381246204249E+00  0.3534796642966480E-01  0.1444951388738928E+00  0.1998225290507814E+00  0.1966376391245471E+00  0.1457311022541058E+00  0.7157994281145041E-01  0.1104846692339578E-01  0.3843454204126307E-01
 -0.1541912823679306E+00  0.1092026685155762E+00  0.1734167231787979E+00  0.1818508972524872E+00  0.1177771250636676E+00  0.4419347848467314E-02 -0.1368974777742164E+00 -0.2777573880422226E+00 -0.4030012672947981E+00 -0.4868007904989893E+00 -0.5101197117550625E+00 -0.4498115371523952E+00 -0.3102704105474868E+00 -0.1254405019644704E+00  0.5536901007082463E-01  0.1932020060989580E+00  0.2643422699238731E+00  0.2593622565858979E+00  0.1927612886153041E+00  0.1031317816408887E+00 -0.1166340563073620E+00
 -0.4001715781469706E+00  0.2449820841551914E+00  0.3347746743186035E+00  0.3164911224015954E+00  0.2108089577790004E+00  0.5099191980342085E-01 -0.1414344717466887E+00 -0.3355672282383191E+00 -0.5158534436179605E+00 -0.6500340433494151E+00 -0.7140499739909878E+00 -0.6761934240505788E+00 -0.5338719359568889E+00 -0.3205164449674030E+00 -0.9212448191478678E-01  0.1091403982853381E+00  0.2543112243584539E+00  0.3165001611070594E+00  0.2907427618804791E+00  0.1946064694267607E+00 -0.2930766463998031E+00
 -0.6599554059357503E+00  0.3912751497365481E+00  0.5138700432738940E+00  0.4643256214633468E+00  0.3225477486386306E+00  0.1261978749610558E+00 -0.1035924491629414E+00 -0.3359048930795356E+00 -0.5592193177503291E+00 -0.7433484281781542E+00 -0.8628144533631784E+00 -0.8738888719713963E+00 -0.7514100880668461E+00 -0.5199771554757086E+00 -0.2535360846184808E+00 -0.9952279717197312E-02  0.1870912632869101E+00  0.3099312890015696E+00  0.3334503048042740E+00  0.2352185228395043E+00 -0.3722052637142391E+00
 -0.8567248541381864E+00  0.5139076508179677E+00  0.6849980983157169E+00  0.6092334193721761E+00  0.4365948410825568E+00  0.2090803989989920E+00 -0.5108804837694582E-01 -0.3122505920786607E+00 -0.5648402690660687E+00 -0.7847990729993778E+00 -0.9548991066252891E+00 -0.1031972976820155E+01 -0.9628817924691077E+00 -0.7355845926578368E+00 -0.4286593751327326E+00 -0.1412906160764311E+00  0.9226066217570215E-01  0.2569930736815833E+00  0.3167566726251745E+00  0.2185022443631610E+00 -0.3387500604643083E+00
 -0.9361064236822572E+00  0.5889094550411247E+00  0.8306219414411169E+00  0.7445107995652114E+00  0.5503632082635840E+00  0.3003639123059181E+00  0.1796105312956898E-01 -0.2642468098724030E+00 -0.5341604185959080E+00 -0.7718483727291139E+00 -0.9733426983657818E+00 -0.1115946543937488E+01 -0.1135923746769607E+01 -0.9651209586644525E+00 -0.6395488369582979E+00 -0.2956890177738825E+00 -0.1938070213912364E-01  0.1737521014161102E+00  0.2559336355467040E+00  0.1737960964369730E+00 -0.2654546537642150E+00
 -0.8780747204981050E+00  0.6064159254021120E+00  0.9411730557082310E+00  0.8670132280113665E+00  0.6607848052975273E+00  0.3944665852113077E+00  0.9256046496891203E-01 -0.2111070606496532E+00 -0.4966600695652093E+00 -0.7399231610895873E+00 -0.9439938226128607E+00 -0.1120312553911278E+01 -0.1231512549855792E+01 -0.1170607103649624E+01 -0.8886540608618623E+00 -0.5033425774106255E+00 -0.1658726208158532E+00  0.6775583659445807E-01  0.1769147760728584E+00  0.1286778218665045E+00 -0.2091186895266552E+00
 -0.7133138364621858E+00  0.5735782935726079E+00  0.1007421044255638E+01  0.9721847449789759E+00  0.7663681436357445E+00  0.4920162687970099E+00  0.1765648411304812E+00 -0.1472859232287068E+00 -0.4520030337916688E+00 -0.7030645264729084E+00 -0.8951865110436640E+00 -0.1065752734225255E+01 -0.1233288900617727E+01 -0.1298561715537922E+01 -0.1128197627481604E+01 -0.7592662969978634E+00 -0.3680244353800884E+00 -0.7128399094326940E-01  0.8975533525018632E-01  0.9247602533431834E-01 -0.1876727407527687E+00
 -0.5108401239549418E+00  0.5094454496610187E+00  0.1017496225028114E+01  0.1048326249939044E+01  0.8604958689560133E+00  0.5874584899764280E+00  0.2666856133176503E+00 -0.7127242861666015E-01 -0.3947625904684609E+00 -0.6601071772729946E+00 -0.8430509029681004E+00 -0.9830887897198475E+00 -0.1157989581810926E+01 -0.1325052225273638E+01 -0.1303055668249127E+01 -0.1018487983484465E+01 -0.6140427867814036E+00 -0.2544367752170880E+00 -0.1862709643974754E-01  0.5283333688302539E-01 -0.1771271070888237E+00
 -0.3176660061451080E+00  0.4255819375893484E+00  0.9590798066229371E+00  0.1073579940460490E+01  0.9270813796323006E+00  0.6686559306583127E+00  0.3535402353744007E+00  0.1334187515488390E-01 -0.3193108722744891E+00 -0.5978690352306233E+00 -0.7807262514850130E+00 -0.8874021390307483E+00 -0.1030333793727029E+01 -0.1252123622448871E+01 -0.1379874287065441E+01 -0.1234537074104470E+01 -0.8730507477422224E+00 -0.4768421421519204E+00 -0.1620972529397852E+00 -0.6960986954432176E-02 -0.1412142920764887E+00
 -0.1528939288575150E+00  0.3280120816888432E+00  0.8311423162090147E+00  0.1029710587562569E+01  0.9492654310117841E+00  0.7231770138418816E+00  0.4255631570116050E+00  0.9607441625549271E-01 -0.2311270225139068E+00 -0.5114636031336798E+00 -0.6958454360362646E+00 -0.7787346695029990E+00 -0.8720014345075455E+00 -0.1097181316337281E+01 -0.1344894473003949E+01 -0.1370568490490462E+01 -0.1111658956568063E+01 -0.7233271815646213E+00 -0.3459344305395240E+00 -0.9255884993450131E-01 -0.6825788073602007E-01
 -0.2214296549878492E-01  0.2226469821588828E+00  0.6457979809778633E+00  0.9028822220950112E+00  0.9034788198051386E+00  0.7324346277325311E+00  0.4700666144616157E+00  0.1666563134739590E+00 -0.1391378143594489E+00 -0.4047161725817000E+00 -0.5819747287832534E+00 -0.6500314225401524E+00 -0.6964287814725251E+00 -0.8854775850931335E+00 -0.1201397718609573E+01 -0.1399489166782102E+01 -0.1296219310069518E+01 -0.9692821572937164E+00 -0.5639084463960049E+00 -0.2018646182134430E+00  0.4168540824432421E-01
  0.7542597861600686E-01  0.1203590171267291E+00  0.4365030299961941E+00  0.7074981882114028E+00  0.7833623392312254E+00  0.6842234316819343E+00  0.4763975851022728E+00  0.2159633261640551E+00 -0.5255756947331724E-01 -0.2868481902987700E+00 -0.4437414260251483E+00 -0.5000070139912292E+00 -0.5134692486553074E+00 -0.6458874688168523E+00 -0.9681297148321256E+00 -0.1303367733849209E+01 -0.1390819744226050E+01 -0.1182763204782529E+01 -0.7978286736020173E+00 -0.3303654218266193E+00  0.1932675918778406E+00
  0.1345802860347333E+00  0.3449005617134737E-01  0.2380504545487754E+00  0.4689191367631182E+00  0.5874931796526971E+00  0.5623824740069094E+00  0.4273285509014753E+00  0.2304312858290578E+00  0.1729615874603013E-01 -0.1704177705944124E+00 -0.2953659000954290E+00 -0.3395167669256681E+00 -0.3366265470214727E+00 -0.4105487949608664E+00 -0.6803919135382446E+00 -0.1080652863348314E+01 -0.1357543278290295E+01 -0.1322002751152946E+01 -0.1017475847357222E+01 -0.4720370243487838E+00  0.3986352256891295E+00
  0.1221393342502400E+00 -0.9218725025471677E-02  0.9448315917382499E-01  0.2476820420427868E+00  0.3600290181374394E+00  0.3834740556476749E+00  0.3202211383511216E+00  0.1984256252553069E+00  0.5457253565635845E-01 -0.7541282226661319E-01 -0.1618160993057992E+00 -0.1930201350815009E+00 -0.1863790228819364E+00 -0.2134388505191019E+00 -0.3890884656465423E+00 -0.7561709134746379E+00 -0.1167656274934051E+01 -0.1336610628566439E+01 -0.1180629796268800E+01 -0.6204438103593187E+00  0.6807016348091559E+00
  0.2724771014937660E-01 -0.6792788997393157E-02  0.6869343157197130E-02  0.7177596068523946E-01  0.1460683312380670E+00  0.1852050613831459E+00  0.1735385164836908E+00  0.1197586559836600E+00  0.4540078409504098E-01 -0.2513360456140291E-01 -0.7242389419696518E-01 -0.8925693190997686E-01 -0.8303398932251922E-01 -0.8159513712446172E-01 -0.1544126848623885E+00 -0.3928870096546170E+00 -0.8238870162377401E+00 -0.1174753551183222E+01 -0.1224292668855597E+01 -0.7675355665354675E+00  0.1078314030750806E+01
 -0.1672549306412029E+00  0.4572441317392081E-01 -0.3008169111944051E-01 -0.3577841262694329E-01 -0.1237010588147942E-02  0.3215479199166163E-01  0.4497909158601431E-01  0.3530492360732009E-01  0.1160683885201429E-01 -0.1385418141842885E-01 -0.3095117311258222E-01 -0.3484702829963455E-01 -0.2857756763141307E-01 -0.1739229721089115E-01 -0.2269432336161322E-01 -0.9367298926132987E-01 -0.4051203206061343E+00 -0.8201111766433979E+00 -0.1049423759590144E+01 -0.8464138491997352E+00  0.1489817788009062E+01
  0.4136421527928388E+00 -0.2192119547269840E+00 -0.2439937113881133E+00 -0.1776863382487069E+00 -0.1115439535440972E+00 -0.6318543654640739E-01 -0.3315083760750679E-01 -0.1833353770816749E-01 -0.1375931844385603E-01 -0.1339562993837683E-01 -0.1232757295397342E-01 -0.7448308151508025E-02 -0.2778487927459621E-03  0.9299696012397749E-02  0.1166653768575628E-01  0.9984615161187803E-02 -0.1327377734933633E+00 -0.3904428076114528E+00 -0.5667525353965083E+00 -0.5440881221048477E+00  0.1065511830918035E+01
  0.0000000000000000E+00  0.0000000000000000E+00  0.0000000000000000E+00  0.0000000000000000E+00  0.0000000000000000E+00  0.0000000000000000E+00  0.0000000000000000E+00  0.0000000000000000E+00  0.0000000000000000E+00  0.0000000000000000E+00  0.0000000000000000E+00  0.0000000000000000E+00  0.0000000000000000E+00  0.0000000000000000E+00  0.0000000000000000E+00  0.0000000000000000E+00  0.0000000000000000E+00  0.0000000000000000E+00  0.0000000000000000E+00  0.0000000000000000E+00  0.0000000000000000E+00
