  0.0000000000000000E+00  0.0000000000000000E+00  0.0000000000000000E+00  0.0000000000000000E+00  0.0000000000000000E+00  0.0000000000000000E+00  0.0000000000000000E+00  0.0000000000000000E+00  0.0000000000000000E+00  0.0000000000000000E+00  0.0000000000000000E+00  0.0000000000000000E+00  0.0000000000000000E+00  0.0000000000000000E+00  0.0000000000000000E+00  0.0000000000000000E+00  0.0000000000000000E+00  0.0000000000000000E+00  0.0000000000000000E+00  0.0000000000000000E+00  0.0000000000000000E+00
  0.3806097530511299E-01 -0.1558603885035556E-01 -0.8697141245953673E-02  0.2239915325507981E-02 -0.8763093254922272E-02 -0.3819018974035406E-01 -0.6834430982721437E-01 -0.8152306679092335E-01 -0.8110165755427839E-01 -0.7416196250855328E-01 -0.6190399462816279E-01 -0.3141018566713815E-01  0.2644648772688278E-01  0.9324122572600818E-01  0.1334472661939827E+00  0.1326410558129045E+00  0.9866398344069631E-01  0.4574224552647579E-01 -0.5977714680916604E-02 -0.2497083452778361E-01  0.6893478890243421E-01
  0.1532737675976427E-02  0.1721278464288612E-01  0.5317109160463479E-01  0.7178905393835147E-01  0.4306379461341906E-01 -0.2495054409736181E-01 -0.1160477807850338E+00 -0.2058257749399463E+00 -0.2791106635530025E+00 -0.3162560560264338E+00 -0.3030591989868405E+00 -0.2270941155940501E+00 -0.1022359427850714E+00  0.3534976425917732E-01  0.1444961574128935E+00  0.1998227707124461E+00  0.1966373206924557E+00  0.1457304894279483E+00  0.7157924489373006E-01  0.1104793429162622E-01  0.3843544201885142E-01
 -0.1541914010670042E+00  0.1092026897227150E+00  0.1734166681011408E+00  0.1818503880277154E+00  0.1177760149805211E+00  0.4417833911061996E-02 -0.1368992282245449E+00 -0.2777590684864627E+00 -0.4030026907919315E+00 -0.4868014995998829E+00 -0.5101194334085223E+00 -0.4498101586266370E+00 -0.3102683839556767E+00 -0.1254385321014149E+00  0.5537046486418805E-01  0.1932028000405980E+00  0.2643424262442071E+00  0.2593619071756703E+00  0.1927605836474859E+00  0.1031310465637807E+00 -0.1166325560438563E+00
 -0.4001722008790429E+00  0.2449824476281251E+00  0.3347751420053324E+00  0.3164909465915053E+00  0.2108079936326956E+00  0.5099038203049775E-01 -0.1414364292189536E+00 -0.3355692109618731E+00 -0.5158552341355890E+00 -0.6500351012688569E+00 -0.7140499492418418E+00 -0.6761921742499346E+00 -0.5338699677022466E+00 -0.3205145133819156E+00 -0.9212297137701857E-01  0.1091414365187361E+00  0.2543117568648909E+00  0.3165001689288519E+00  0.2907422724722024E+00  0.1946058649128621E+00 -0.2930753222663838E+00
 -0.6599564285626541E+00  0.3912758425090337E+00  0.5138710989644472E+00  0.4643258180428125E+00  0.3225469542671411E+00  0.1261963641144488E+00 -0.1035944868181793E+00 -0.3359070586187587E+00 -0.5592215174779746E+00 -0.7433502093673281E+00 -0.8628153086393371E+00 -0.8738883375772466E+00 -0.7514084647668191E+00 -0.5199753871267835E+00 -0.2535347459308742E+00 -0.9951321281487907E-02  0.1870919029719061E+00  0.3099315270426320E+00  0.3334501000953933E+00  0.2352182769099435E+00 -0.3722047306344372E+00
 -0.8567256954527829E+00  0.5139084370002071E+00  0.6849996155478384E+00  0.6092339026647515E+00  0.4365941591409054E+00  0.2090789919339329E+00 -0.5108982949038574E-01 -0.3122523117021677E+00 -0.5648420268646864E+00 -0.7848007857897713E+00 -0.9549004167520184E+00 -0.1031973169959002E+01 -0.9628806412769496E+00 -0.7355829198453906E+00 -0.4286580922602003E+00 -0.1412897930505635E+00  0.9226121574772553E-01  0.2569933786076583E+00  0.3167567088418335E+00  0.2185022726307948E+00 -0.3387501090505509E+00
 -0.9361063986164946E+00  0.5889100248887326E+00  0.8306236760497030E+00  0.7445113942938083E+00  0.5503624261873030E+00  0.3003624092468702E+00  0.1795944437117286E-01 -0.2642479693628869E+00 -0.5341613580047563E+00 -0.7718494747194664E+00 -0.9733440395118114E+00 -0.1115947433240361E+01 -0.1135923371800602E+01 -0.9651196046703348E+00 -0.6395475406884906E+00 -0.2956881774268013E+00 -0.1938020597052112E-01  0.1737523931912042E+00  0.2559337767733464E+00  0.1737961911704898E+00 -0.2654547967381230E+00
 -0.8780732973472827E+00  0.6064160151260435E+00  0.9411747480308479E+00  0.8670137982757211E+00  0.6607837649003931E+00  0.3944648169897390E+00  0.9255893631747410E-01 -0.2111075888049500E+00 -0.4966598344790500E+00 -0.7399229544955240E+00 -0.9439943578892506E+00 -0.1120313566509270E+01 -0.1231512897610086E+01 -0.1170606354684614E+01 -0.8886529762287573E+00 -0.5033417166662569E+00 -0.1658720717651482E+00  0.6775611990964635E-01  0.1769148995872280E+00  0.1286778688059442E+00 -0.2091187068306045E+00
 -0.7133114869297350E+00  0.5735779734492640E+00  0.1007422433418057E+01  0.9721852172622161E+00  0.7663668311348737E+00  0.4920141466713692E+00  0.1765631954978295E+00 -0.1472861163634350E+00 -0.4520018760388159E+00 -0.7030629631733054E+00 -0.8951857946019206E+00 -0.1065753288685126E+01 -0.1233289634041375E+01 -0.1298561594647575E+01 -0.1128196997555194E+01 -0.7592656704442735E+00 -0.3680239162696218E+00 -0.7128369031977723E-01  0.8975544733346004E-01  0.9247603923497681E-01 -0.1876726703714704E+00
 -0.5108377262731441E+00  0.5094449470735924E+00  0.1017497114947633E+01  0.1048326588940717E+01  0.8604944527155989E+00  0.5874561464893265E+00  0.2666838035999888E+00 -0.7127256470308228E-01 -0.3947609614426522E+00 -0.6601046434905898E+00 -0.8430489614305177E+00 -0.9830885564833634E+00 -0.1157990353786006E+01 -0.1325052567253603E+01 -0.1303055499378499E+01 -0.1018487752593379E+01 -0.6140425002400399E+00 -0.2544365489882791E+00 -0.1862699794651659E-01  0.5283335957961412E-01 -0.1771270766853590E+00
 -0.3176639663649563E+00  0.4255813674477060E+00  0.9590801359781618E+00  0.1073580127464982E+01  0.9270801101099673E+00  0.6686536890585115E+00  0.3535384176350321E+00  0.1334166852987884E-01 -0.3193092192092296E+00 -0.5978661781793748E+00 -0.7807236032223210E+00 -0.8874012162063136E+00 -0.1030334440347397E+01 -0.1252124269057277E+01 -0.1379874482328961E+01 -0.1234537224922202E+01 -0.8730508020297597E+00 -0.4768420967900381E+00 -0.1620972207231657E+00 -0.6960975617964742E-02 -0.1412142938692714E+00
 -0.1528923143088420E+00  0.3280115043637628E+00  0.8311421987824462E+00  0.1029710656685234E+01  0.9492645237025366E+00  0.7231752351541109E+00  0.4255616198816169E+00  0.9607422010742959E-01 -0.2311255386748163E+00 -0.5114609037350937E+00 -0.6958427109174189E+00 -0.7787334728073648E+00 -0.8720020277342143E+00 -0.1097182182505402E+01 -0.1344894906424117E+01 -0.1370568895489688E+01 -0.1111659325191315E+01 -0.7233273676170195E+00 -0.3459345231624661E+00 -0.9255888571697320E-01 -0.6825786601154649E-01
 -0.2214171780589147E-01  0.2226464497553656E+00  0.6457976314602053E+00  0.9028822375256910E+00  0.9034783580003239E+00  0.7324335328358045E+00  0.4700656142295073E+00  0.1666562902451883E+00 -0.1391365165532883E+00 -0.4047138759142286E+00 -0.5819723903689610E+00 -0.6500304106335870E+00 -0.6964295323782393E+00 -0.8854786908381441E+00 -0.1201398304881926E+01 -0.1399489671261249E+01 -0.1296219867533967E+01 -0.9692825312619028E+00 -0.5639086654823585E+00 -0.2018647070595752E+00  0.4168545569636717E-01
  0.7542694436423342E-01  0.1203585768778689E+00  0.4365026749978400E+00  0.7074982551024701E+00  0.7833623201963830E+00  0.6842230571920214E+00  0.4763972299745194E+00  0.2159635951197886E+00 -0.5255640577087609E-01 -0.2868463668631474E+00 -0.4437396965575262E+00 -0.5000064647394109E+00 -0.5134703022992176E+00 -0.6458888493881145E+00 -0.9681304131631659E+00 -0.1303368199967580E+01 -0.1390820337645222E+01 -0.1182763682433603E+01 -0.7978289774284355E+00 -0.3303655508304960E+00  0.1932676750630525E+00
  0.1345809995592272E+00  0.3448973547434303E-01  0.2380502059822563E+00  0.4689192775271056E+00  0.5874934844879408E+00  0.5623826782577043E+00  0.4273287638144914E+00  0.2304318399287614E+00  0.1729721188546618E-01 -0.1704164077223665E+00 -0.2953648027788693E+00 -0.3395167060921539E+00 -0.3366278455834361E+00 -0.4105503893313683E+00 -0.6803927132303610E+00 -0.1080653215796880E+01 -0.1357543751597713E+01 -0.1322003224594957E+01 -0.1017476177612928E+01 -0.4720371752588431E+00  0.3986353481636018E+00
  0.1221397029522172E+00 -0.9218892553038472E-02  0.9448302529310175E-01  0.2476822060017212E+00  0.3600294518481002E+00  0.3834745881982216E+00  0.3202217347948098E+00  0.1984263927035537E+00  0.5457350056190662E-01 -0.7541183878674915E-01 -0.1618155000367642E+00 -0.1930203699468231E+00 -0.1863802964757073E+00 -0.2134404350656564E+00 -0.3890893295473164E+00 -0.7561711733844004E+00 -0.1167656552921217E+01 -0.1336611001176454E+01 -0.1180630097853652E+01 -0.6204439659546448E+00  0.6807018000102827E+00
  0.2724777113130212E-01 -0.6792845087205375E-02  0.6869235869685993E-02  0.7177600378876377E-01  0.1460685935421606E+00  0.1852054842890261E+00  0.1735390452409236E+00  0.1197592837949669E+00  0.4540145887551351E-01 -0.2513303152334021E-01 -0.7242365469525158E-01 -0.8925722691079059E-01 -0.8303493032874722E-01 -0.8159638736035606E-01 -0.1544134961622139E+00 -0.3928872497570987E+00 -0.8238871328016858E+00 -0.1174753774412816E+01 -0.1224292899399138E+01 -0.7675357119572663E+00  0.1078314236472661E+01
 -0.1672547836604468E+00  0.4572433411454928E-01 -0.3008178131679896E-01 -0.3577842481562209E-01 -0.1236898241481189E-02  0.3215501278865571E-01  0.4497938173702665E-01  0.3530525289768260E-01  0.1160715994563726E-01 -0.1385394455897600E-01 -0.3095111695375376E-01 -0.3484721642070456E-01 -0.2857802949129402E-01 -0.1739295991571021E-01 -0.2269487839179316E-01 -0.9367324575828545E-01 -0.4051203930914783E+00 -0.8201112741154564E+00 -0.1049423895582436E+01 -0.8464139590384726E+00  0.1489817981532982E+01
  0.4136422925649215E+00 -0.2192120460809905E+00 -0.2439938456780500E+00 -0.1776864452081341E+00 -0.1115440071851260E+00 -0.6318543423392332E-01 -0.3315079053855398E-01 -0.1833346104872021E-01 -0.1375923773980562E-01 -0.1339558174594195E-01 -0.1232759756941744E-01 -0.7448425723770968E-02 -0.2780513931205938E-03  0.9299430273102637E-02  0.1166629900413183E-01  0.9984450504861480E-02 -0.1327378450823917E+00 -0.3904428471442283E+00 -0.5667525882193328E+00 -0.5440881722492803E+00  0.1065511928528508E+01
  0.0000000000000000E+00  0.0000000000000000E+00  0.0000000000000000E+00  0.0000000000000000E+00  0.0000000000000000E+00  0.0000000000000000E+00  0.0000000000000000E+00  0.0000000000000000E+00  0.0000000000000000E+00  0.0000000000000000E+00  0.0000000000000000E+00  0.0000000000000000E+00  0.0000000000000000E+00  0.0000000000000000E+00  0.0000000000000000E+00  0.0000000000000000E+00  0.0000000000000000E+00  0.0000000000000000E+00  0.0000000000000000E+00  0.0000000000000000E+00  0.0000000000000000E+00
