  0.0000000000000000E+00  0.0000000000000000E+00  0.0000000000000000E+00  0.0000000000000000E+00  0.0000000000000000E+00  0.0000000000000000E+00  0.0000000000000000E+00  0.0000000000000000E+00  0.0000000000000000E+00  0.0000000000000000E+00  0.0000000000000000E+00  0.0000000000000000E+00  0.0000000000000000E+00  0.0000000000000000E+00  0.0000000000000000E+00  0.0000000000000000E+00  0.0000000000000000E+00  0.0000000000000000E+00  0.0000000000000000E+00  0.0000000000000000E+00  0.0000000000000000E+00
  0.5438916683673026E-01 -0.4453994868562216E-01 -0.7923067922013621E-01 -0.1028824447214770E+00 -0.1182517874661734E+00 -0.1251522011852358E+00 -0.1222479973287767E+00 -0.1109047209751741E+00 -0.9092243838149143E-01 -0.6030108926604444E-01 -0.1917539298445675E-01  0.2475016349452327E-01  0.5892165666351493E-01  0.7437039450968691E-01  0.7034646311010609E-01  0.5178543732850694E-01  0.2640498069234580E-01  0.1102561039838365E-02 -0.1572585973778686E-01 -0.1888315785839275E-01  0.4092361383739139E-01
  0.8439394838693121E-01 -0.6283304014420658E-01 -0.1041051720456885E+00 -0.1405779984141045E+00 -0.1754067189918486E+00 -0.2042085637658157E+00 -0.2186659649876020E+00 -0.2132723780823675E+00 -0.1841597505295831E+00 -0.1319497366575261E+00 -0.6302367879883365E-01  0.9742740884729432E-02  0.7189059771447329E-01  0.1123870950919914E+00  0.1269799013424805E+00  0.1176148780821401E+00  0.9183946697434767E-01  0.5888519589917113E-01  0.2926374037559434E-01  0.5032309079234186E-02  0.1416681313789178E-01
  0.1025884034274621E+00 -0.7603168032105996E-01 -0.1255066375357178E+00 -0.1757439416346782E+00 -0.2281991084265191E+00 -0.2765235025609111E+00 -0.3114364954232482E+00 -0.3253532390321201E+00 -0.3105047288659766E+00 -0.2639626035812767E+00 -0.1882484458122825E+00 -0.9415166822614096E-01  0.3022588691861966E-02  0.8717862744008428E-01  0.1460257802421569E+00  0.1728798851808678E+00  0.1689019195746408E+00  0.1421364801543806E+00  0.1059850984231127E+00  0.6333594481763946E-01 -0.8402273602980573E-01
  0.7103240308403483E-01 -0.5791206003645970E-01 -0.1027037770253443E+00 -0.1549368128549736E+00 -0.2168073630842243E+00 -0.2853964884784163E+00 -0.3507528931383819E+00 -0.3979786131896172E+00 -0.4115939210335249E+00 -0.3842608785247849E+00 -0.3156638168097267E+00 -0.2156558568163474E+00 -0.9899139535806159E-01  0.1673809245420149E-01  0.1152678550460670E+00  0.1833420592194904E+00  0.2140010231489965E+00  0.2095213407692685E+00  0.1810847898303952E+00  0.1270787335837061E+00 -0.2001514109207230E+00
 -0.4234026147307909E-01  0.6554527140926383E-02 -0.2267668005029994E-01 -0.6906646859067163E-01 -0.1433938493218942E+00 -0.2475841590308240E+00 -0.3622142965880879E+00 -0.4603160209706060E+00 -0.5187861796324271E+00 -0.5247826235838212E+00 -0.4733155088929584E+00 -0.3732575039780959E+00 -0.2409853595226630E+00 -0.9817605202439995E-01  0.3544715100818392E-01  0.1432987642327881E+00  0.2131024420472302E+00  0.2409593814039349E+00  0.2307548954489238E+00  0.1683947186861630E+00 -0.2744292606095652E+00
 -0.2578010096428555E+00  0.1258970803631203E+00  0.1198902314465053E+00  0.7862100530170309E-01 -0.1811939864493829E-01 -0.1688721264294243E+00 -0.3384569570174735E+00 -0.4937473929348496E+00 -0.6074818742615760E+00 -0.6613289424111191E+00 -0.6429689234343555E+00 -0.5555325448580950E+00 -0.4145701233963128E+00 -0.2479521028753888E+00 -0.8258612520267231E-01  0.6119932805435505E-01  0.1689476588969549E+00  0.2321774753265681E+00  0.2441604098601624E+00  0.1762276948558905E+00 -0.2845226747075090E+00
 -0.5414685523072167E+00  0.2823365975092895E+00  0.3055412402206519E+00  0.2616949448221161E+00  0.1355329888406760E+00 -0.6249855112295274E-01 -0.2841976241581384E+00 -0.4956460398685512E+00 -0.6679211953882056E+00 -0.7811136256911024E+00 -0.8152986744862719E+00 -0.7611509165866683E+00 -0.6245631146347128E+00 -0.4358334903848481E+00 -0.2348561905755566E+00 -0.5331672615736636E-01  0.9105548452349931E-01  0.1878393175463538E+00  0.2218670374910358E+00  0.1571104303728247E+00 -0.2494642536274384E+00
 -0.8143567377295458E+00  0.4389719795574711E+00  0.5025592009428674E+00  0.4520216048247742E+00  0.2987709783762427E+00  0.6244684936837632E-01 -0.1987407237244169E+00 -0.4515311554831172E+00 -0.6703387087925164E+00 -0.8420070423481557E+00 -0.9464841767485481E+00 -0.9597034203149426E+00 -0.8633971750425494E+00 -0.6720562393892425E+00 -0.4339345158483692E+00 -0.2039150664368841E+00 -0.1613800581341956E-01  0.1148408091742555E+00  0.1726727304914901E+00  0.1249537614867076E+00 -0.2021885539686327E+00
 -0.9870176664368527E+00  0.5546133879816667E+00  0.6768224975081475E+00  0.6229865703612477E+00  0.4499931479295217E+00  0.1864908927262778E+00 -0.1002266344755016E+00 -0.3738830431471361E+00 -0.6122470660259716E+00 -0.8154096117880509E+00 -0.9800397607825955E+00 -0.1082639499645071E+01 -0.1078237613807611E+01 -0.9393501652029749E+00 -0.6934060049371964E+00 -0.4130438494650296E+00 -0.1659583770281916E+00  0.1369547496966753E-01  0.1074668818375499E+00  0.9191527723930787E-01 -0.1682789498803737E+00
 -0.1001154579610886E+01  0.6021220894910780E+00  0.8052116888623475E+00  0.7585626025603929E+00  0.5744895620814686E+00  0.2933267745884678E+00 -0.1145923937388162E-01 -0.2952882837142877E+00 -0.5321043582937888E+00 -0.7290632014695771E+00 -0.9084136844693883E+00 -0.1074787453071535E+01 -0.1183434053790613E+01 -0.1161917036365435E+01 -0.9784053538072565E+00 -0.6854319970107805E+00 -0.3796097232655857E+00 -0.1311560203828259E+00  0.2358447321229355E-01  0.5896266311540170E-01 -0.1533035161339115E+00
 -0.8548542959280606E+00  0.5757991169043134E+00  0.8725430547848797E+00  0.8503469967561806E+00  0.6677080889810080E+00  0.3814425053383195E+00  0.6531207574392883E-01 -0.2276137197935669E+00 -0.4624667990886619E+00 -0.6389512174702130E+00 -0.7908953622840895E+00 -0.9609823334417351E+00 -0.1143641569284633E+01 -0.1258611751726413E+01 -0.1207826650951248E+01 -0.9752235978148326E+00 -0.6492390690398813E+00 -0.3346262629861267E+00 -0.9785550717586121E-01  0.1091830720120467E-01 -0.1306104287794752E+00
 -0.6351394071427803E+00  0.5028228143495184E+00  0.8733290359057748E+00  0.8956489473332636E+00  0.7300157580942455E+00  0.4537747111937444E+00  0.1402586562021900E+00 -0.1544655760484374E+00 -0.3910438531860942E+00 -0.5567476102879032E+00 -0.6754455334003107E+00 -0.8063621255158733E+00 -0.9962666986266788E+00 -0.1207752016654616E+01 -0.1315339532010838E+01 -0.1215472709225057E+01 -0.9357557038895443E+00 -0.5907557147716168E+00 -0.2728011505091792E+00 -0.6753485396111490E-01 -0.7019658862583456E-01
 -0.4227882204324099E+00  0.4070628895850296E+00  0.7984004483226789E+00  0.8728143178026402E+00  0.7436491595606201E+00  0.4976276038086011E+00  0.2068281199748807E+00 -0.7365595245815057E-01 -0.3038739409165961E+00 -0.4643025093077141E+00 -0.5643296809897554E+00 -0.6515390415265887E+00 -0.7987581778137764E+00 -0.1036574548042316E+01 -0.1274166003950119E+01 -0.1347491182683029E+01 -0.1185145218304587E+01 -0.8690843625885710E+00 -0.4984991583748162E+00 -0.1771725275286886E+00  0.3301842421124951E-01
 -0.2498978703873868E+00  0.3058786679022104E+00  0.6677381333192444E+00  0.7873839859442403E+00  0.7088852685068490E+00  0.5078978940022302E+00  0.2539876330449075E+00  0.1866862322252794E-02 -0.2086898261645825E+00 -0.3572127326279390E+00 -0.4471069660296301E+00 -0.5073389897735765E+00 -0.5985591721213853E+00 -0.7965177575565302E+00 -0.1093735124007763E+01 -0.1333926253180084E+01 -0.1343656604010737E+01 -0.1121764286053426E+01 -0.7498780726439589E+00 -0.3103729687833514E+00  0.1812408337060951E+00
 -0.1228803320018521E+00  0.2042005101234333E+00  0.4897211983684477E+00  0.6219308101691764E+00  0.5934519893767702E+00  0.4527327562717295E+00  0.2564007732288879E+00  0.5303512035363220E-01 -0.1211562941253370E+00 -0.2470495897711689E+00 -0.3254593952948636E+00 -0.3727392708443996E+00 -0.4222093414116451E+00 -0.5463050177585597E+00 -0.8150113200515804E+00 -0.1160309242611312E+01 -0.1364308340337534E+01 -0.1298677038568747E+01 -0.9902258280969186E+00 -0.4585741799175613E+00  0.3854967116557654E+00
 -0.5086068551357675E-01  0.1257320187965468E+00  0.3263353708760636E+00  0.4445637283703434E+00  0.4504454159846871E+00  0.3656071661906721E+00  0.2292346356355199E+00  0.8000930494582451E-01 -0.5194456150088263E-01 -0.1503930646447990E+00 -0.2141249706672530E+00 -0.2520588296773547E+00 -0.2781180554303350E+00 -0.3327209535784508E+00 -0.5068167513028621E+00 -0.8488733144144477E+00 -0.1208462079656629E+01 -0.1342566398631093E+01 -0.1172003142513401E+01 -0.6135260403437738E+00  0.6685749785179207E+00
 -0.1248323619072739E-01  0.5307988425585054E-01  0.1467564165768243E+00  0.2218731927003592E+00  0.2456942525536907E+00  0.2141532856945196E+00  0.1434880417672471E+00  0.5684844154496258E-01 -0.2488870109952177E-01 -0.8887823124028998E-01 -0.1314120271119794E+00 -0.1554317190839701E+00 -0.1666627519422165E+00 -0.1779226198486590E+00 -0.2446311332466448E+00 -0.4746136865722025E+00 -0.8785418520750241E+00 -0.1198412108883201E+01 -0.1228799613323481E+01 -0.7661070859931699E+00  0.1069521644656029E+01
 -0.1788380246229814E+00  0.8445961951932517E-01  0.7454083393499411E-01  0.8934495556280163E-01  0.1019746419081555E+00  0.9230793028282579E-01  0.6101632753323968E-01  0.1850440374456001E-01 -0.2327905867917065E-01 -0.5590758869641640E-01 -0.7594816425753537E-01 -0.8409125085232616E-01 -0.8364861854928701E-01 -0.7813902827898905E-01 -0.8031800906774894E-01 -0.1553542840976317E+00 -0.4590130395158815E+00 -0.8494014523542457E+00 -0.1059632884399954E+01 -0.8491808128407855E+00  0.1487909554122403E+01
  0.3862056414147556E+00 -0.2036789379416638E+00 -0.2248311724102358E+00 -0.1643347656107310E+00 -0.1056780404523727E+00 -0.6694469530036588E-01 -0.4759629200780231E-01 -0.4180262413059771E-01 -0.4267742657336768E-01 -0.4452741800557700E-01 -0.4389402234726348E-01 -0.3963828788570065E-01 -0.3268171165749801E-01 -0.2427347754340820E-01 -0.1956460940402701E-01 -0.2830055356671571E-01 -0.1701176519425211E+00 -0.4119128884530913E+00 -0.5739978279986446E+00 -0.5471755800388766E+00  0.1067528912117985E+01
  0.0000000000000000E+00  0.0000000000000000E+00  0.0000000000000000E+00  0.0000000000000000E+00  0.0000000000000000E+00  0.0000000000000000E+00  0.0000000000000000E+00  0.0000000000000000E+00  0.0000000000000000E+00  0.0000000000000000E+00  0.0000000000000000E+00  0.0000000000000000E+00  0.0000000000000000E+00  0.0000000000000000E+00  0.0000000000000000E+00  0.0000000000000000E+00  0.0000000000000000E+00  0.0000000000000000E+00  0.0000000000000000E+00  0.0000000000000000E+00  0.0000000000000000E+00
