  0.0000000000000000E+00  0.0000000000000000E+00  0.0000000000000000E+00  0.0000000000000000E+00  0.0000000000000000E+00  0.0000000000000000E+00  0.0000000000000000E+00  0.0000000000000000E+00  0.0000000000000000E+00  0.0000000000000000E+00  0.0000000000000000E+00  0.0000000000000000E+00  0.0000000000000000E+00  0.0000000000000000E+00  0.0000000000000000E+00  0.0000000000000000E+00  0.0000000000000000E+00  0.0000000000000000E+00  0.0000000000000000E+00  0.0000000000000000E+00  0.0000000000000000E+00
  0.3801024439120448E-01 -0.1567316756634799E-01 -0.9009258307839484E-02  0.1693438560123943E-02 -0.9424676467115978E-02 -0.3880512761368449E-01 -0.6880300160081775E-01 -0.8187807278389607E-01 -0.8144108213452836E-01 -0.7451313047832660E-01 -0.6220610638619540E-01 -0.3157412867938581E-01  0.2643114724742633E-01  0.9322530505673692E-01  0.1333220502314521E+00  0.1324243721460428E+00  0.9842383646450034E-01  0.4554899539569396E-01 -0.6058782257678298E-02 -0.2496624455636644E-01  0.6883995141142103E-01
  0.1668263832104257E-02  0.1698044995028060E-01  0.5260961368294607E-01  0.7100882292802126E-01  0.4227033668362251E-01 -0.2559265083171791E-01 -0.1164262942826977E+00 -0.2059226045324127E+00 -0.2789301424287391E+00 -0.3158204280726318E+00 -0.3023952940404288E+00 -0.2263047515590310E+00 -0.1014928164774760E+00  0.3587095634535054E-01  0.1447034292681393E+00  0.1997333804652422E+00  0.1963558023826869E+00  0.1454087767439342E+00  0.7137093221862494E-01  0.1099434128798889E-01  0.3838790835465828E-01
 -0.1535534574130089E+00  0.1086832767528387E+00  0.1724963728455072E+00  0.1807994155032296E+00  0.1168069391565738E+00  0.3634439167752622E-02 -0.1374441883667301E+00 -0.2780725042666403E+00 -0.4030706779563683E+00 -0.4866247571987105E+00 -0.5097066935028360E+00 -0.4492371403671878E+00 -0.3096680582708525E+00 -0.1249509179902847E+00  0.5564279051629313E-01  0.1931978816169188E+00  0.2640732864540516E+00  0.2589447779849246E+00  0.1923892420542183E+00  0.1029456873159257E+00 -0.1164478198935588E+00
 -0.3991875464787906E+00  0.2442845755377733E+00  0.3336661801345294E+00  0.3154293861614224E+00  0.2099580871347469E+00  0.5038339527099980E-01 -0.1417801382124621E+00 -0.3356538754641656E+00 -0.5156440922295644E+00 -0.6495222989488262E+00 -0.7132739110174887E+00 -0.6752903935388997E+00 -0.5330309745979875E+00 -0.3198555879446425E+00 -0.9168350158333612E-01  0.1093073349556658E+00  0.2541604584809099E+00  0.3160972842952935E+00  0.2902851810055869E+00  0.1943390341519910E+00 -0.2927319214503861E+00
 -0.6590361953361000E+00  0.3905864341120027E+00  0.5127231069999080E+00  0.4633011692351243E+00  0.3217212795985613E+00  0.1255357828575160E+00 -0.1040972796152294E+00 -0.3362604083785501E+00 -0.5593699896558127E+00 -0.7432275707037268E+00 -0.8623872067316085E+00 -0.8732308086010814E+00 -0.7507222693543154E+00 -0.5194167438218364E+00 -0.2531267526736306E+00 -0.9727988170818522E-02  0.1870385304482327E+00  0.3095919583864147E+00  0.3329966673786560E+00  0.2349829915304222E+00 -0.3719523072126105E+00
 -0.8562717700066949E+00  0.5134176257114484E+00  0.6839811071276505E+00  0.6083666409868714E+00  0.4359516036374196E+00  0.2086070420132499E+00 -0.5141867617716885E-01 -0.3124723055942749E+00 -0.5649250337658901E+00 -0.7846863427734643E+00 -0.9545343054315786E+00 -0.1031385458493776E+01 -0.9622554372858263E+00 -0.7351097945642737E+00 -0.4283543023604154E+00 -0.1411234199170653E+00  0.9222952873787008E-01  0.2567173051667272E+00  0.3163846266132037E+00  0.2183704330119632E+00 -0.3387266724226861E+00
 -0.9363460348444824E+00  0.5887248435489350E+00  0.8298284958023224E+00  0.7438121917231719E+00  0.5498577989095454E+00  0.2999612553173364E+00  0.1760637733425372E-01 -0.2645952313990013E+00 -0.5344796271664751E+00 -0.7720539968294284E+00 -0.9733255560041151E+00 -0.1115649496784328E+01 -0.1135481807690681E+01 -0.9647692083478779E+00 -0.6393656501439868E+00 -0.2956314880933027E+00 -0.1944721586897998E-01  0.1735433941419309E+00  0.2556930609210991E+00  0.1737587455029356E+00 -0.2655831755877076E+00
 -0.8790001428492799E+00  0.6065519313881428E+00  0.9406556513151486E+00  0.8664895546722136E+00  0.6604342844282625E+00  0.3942047715052953E+00  0.9232025789847155E-01 -0.2113866820097856E+00 -0.4969910090575280E+00 -0.7402479824377590E+00 -0.9441912048681117E+00 -0.1120249064271707E+01 -0.1231241443176768E+01 -0.1170367982050874E+01 -0.8885623680568965E+00 -0.5033577814981556E+00 -0.1659762185340535E+00  0.6759360280734367E-01  0.1767790582254021E+00  0.1286852447931805E+00 -0.2092766761541393E+00
 -0.7145383959750817E+00  0.5739210368455564E+00  0.1007224714561588E+01  0.9718544129121697E+00  0.7661659331095390E+00  0.4918763469435117E+00  0.1763834124945304E+00 -0.1475873618794100E+00 -0.4524459874243792E+00 -0.7036014594357192E+00 -0.8956802890128867E+00 -0.1065982650518637E+01 -0.1233202294764631E+01 -0.1298414671821353E+01 -0.1128177309961410E+01 -0.7593207258553986E+00 -0.3681293213657495E+00 -0.7141584432819581E-01  0.8966336613285369E-01  0.9246930462740412E-01 -0.1877445477493587E+00
 -0.5119847892947118E+00  0.5098794846461736E+00  0.1017653664643809E+01  0.1048237831446311E+01  0.8604451554064173E+00  0.5874406386458767E+00  0.2665950906063589E+00 -0.7151766551174545E-01 -0.3952052201335132E+00 -0.6607449784135669E+00 -0.8437804792343290E+00 -0.9836242614739585E+00 -0.1158111048802271E+01 -0.1324972843172218E+01 -0.1303065275935845E+01 -0.1018568419796843E+01 -0.6141362683092884E+00 -0.2545413053544318E+00 -0.1870274361702240E-01  0.5280030132001871E-01 -0.1771036475770785E+00
 -0.3185911564153109E+00  0.4260559553743711E+00  0.9595767097078024E+00  0.1073786870147089E+01  0.9272038872354664E+00  0.6687571629457646E+00  0.3535403944015799E+00  0.1315373042487165E-01 -0.3197419942874960E+00 -0.5985640618334638E+00 -0.7816301911145895E+00 -0.8882271964259079E+00 -0.1030695811423455E+01 -0.1252120776756481E+01 -0.1379879523310798E+01 -0.1234618845370947E+01 -0.8731328759398216E+00 -0.4769261831805193E+00 -0.1621630194480938E+00 -0.6998220024847257E-02 -0.1411683593735520E+00
 -0.1535850857235136E+00  0.3284926931877447E+00  0.8318929938397205E+00  0.1030225220074542E+01  0.9495843413020209E+00  0.7233879318644972E+00  0.4256363732441870E+00  0.9594086519528977E-01 -0.2315197809219417E+00 -0.5121513920237073E+00 -0.6968229208307450E+00 -0.7797661406259349E+00 -0.8725958566833426E+00 -0.1097269171213090E+01 -0.1344875215303034E+01 -0.1370620233644452E+01 -0.1111718477858128E+01 -0.7233851199017138E+00 -0.3459843868561325E+00 -0.9258664696651789E-01 -0.6822444595657884E-01
 -0.2263098477945080E-01  0.2230938994690125E+00  0.6466507136275867E+00  0.9036456979119436E+00  0.9040131185884834E+00  0.7327777622639859E+00  0.4702190977384301E+00  0.1665768385547900E+00 -0.1394913079496579E+00 -0.4053790028030134E+00 -0.5829554037647148E+00 -0.6511534558552319E+00 -0.6971917536601470E+00 -0.8856595562103604E+00 -0.1201353888328987E+01 -0.1399486309818121E+01 -0.1296239196120491E+01 -0.9693053962041608E+00 -0.5639351122221320E+00 -0.2018797226139607E+00  0.4170405561974999E-01
  0.7510742160642397E-01  0.1207232224344205E+00  0.4372770889096855E+00  0.7083614155000832E+00  0.7840612639359036E+00  0.6846956341422282E+00  0.4766320704644106E+00  0.2159382216431332E+00 -0.5286916369044119E-01 -0.2874696803032714E+00 -0.4446679983705730E+00 -0.5010956890454559E+00 -0.5142844502989431E+00 -0.6461295992391854E+00 -0.9680695682901093E+00 -0.1303307638856287E+01 -0.1390789879334433E+01 -0.1182743933989640E+01 -0.7978245767179077E+00 -0.3303661567712470E+00  0.1932738935958334E+00
  0.1344433033981476E+00  0.3471925028565024E-01  0.2386010542550983E+00  0.4696902459408878E+00  0.5882481072274671E+00  0.5629656485132695E+00  0.4276671323108406E+00  0.2304887091479245E+00  0.1705492217609850E-01 -0.1709610318106104E+00 -0.2961753960945863E+00 -0.3404531497966966E+00 -0.3373558706965882E+00 -0.4107856008075050E+00 -0.6803181682716229E+00 -0.1080551345512053E+01 -0.1357472809250789E+01 -0.1321948361329972E+01 -0.1017442428836490E+01 -0.4720237769518375E+00  0.3986289020190228E+00
  0.1222654330558427E+00 -0.9174646725597885E-02  0.9474149287904902E-01  0.2481758912068489E+00  0.3606238035089052E+00  0.3840139957859684E+00  0.3205926100602758E+00  0.1985584228038316E+00  0.5443529184491581E-01 -0.7581640348016414E-01 -0.1624257794818846E+00 -0.1936992612527282E+00 -0.1869033142023876E+00 -0.2136000031511627E+00 -0.3889971630821468E+00 -0.7560522494775409E+00 -0.1167565568858264E+01 -0.1336537783336187E+01 -0.1180577058329833E+01 -0.6204192243911176E+00  0.6806806148435203E+00
  0.2746541711709844E-01 -0.6844581884202406E-02  0.6931671464491224E-02  0.7200637492445051E-01  0.1464151732600817E+00  0.1855638481426629E+00  0.1738098183017968E+00  0.1198711461380585E+00  0.4532272450430050E-01 -0.2539020182670351E-01 -0.7279762398705711E-01 -0.8964641921380145E-01 -0.8331776058560145E-01 -0.8165477045634434E-01 -0.1543062585813937E+00 -0.3927729856296105E+00 -0.8238014661796037E+00 -0.1174683885745135E+01 -0.1224236189070969E+01 -0.7675037714777673E+00  0.1078275125362332E+01
 -0.1672485030928968E+00  0.4571463853922405E-01 -0.3010458747522469E-01 -0.3572803328043528E-01 -0.1111686397398771E-02  0.3231111450841152E-01  0.4511166772464590E-01  0.3536906814278276E-01  0.1158129520381182E-01 -0.1396277957396638E-01 -0.3111062381795607E-01 -0.3500748185078054E-01 -0.2868876285277294E-01 -0.1739937936179177E-01 -0.2260517549280527E-01 -0.9357603666288988E-01 -0.4050512908328949E+00 -0.8200598423362682E+00 -0.1049380361086136E+01 -0.8463823936977444E+00  0.1489766820007097E+01
  0.4135852062209799E+00 -0.2191618706881063E+00 -0.2439004058433390E+00 -0.1775831524074152E+00 -0.1114459781989817E+00 -0.6309895083794860E-01 -0.3308400096491500E-01 -0.1829699070006921E-01 -0.1375966103519872E-01 -0.1342996876524298E-01 -0.1238274945498388E-01 -0.7503623880495499E-02 -0.3149556550448846E-03  0.9298648862852537E-02  0.1170761120699563E-01  0.1004234788580962E-01 -0.1326913212058661E+00 -0.3904122590417390E+00 -0.5667314812923271E+00 -0.5440704148353598E+00  0.1065479763213752E+01
  0.0000000000000000E+00  0.0000000000000000E+00  0.0000000000000000E+00  0.0000000000000000E+00  0.0000000000000000E+00  0.0000000000000000E+00  0.0000000000000000E+00  0.0000000000000000E+00  0.0000000000000000E+00  0.0000000000000000E+00  0.0000000000000000E+00  0.0000000000000000E+00  0.0000000000000000E+00  0.0000000000000000E+00  0.0000000000000000E+00  0.0000000000000000E+00  0.0000000000000000E+00  0.0000000000000000E+00  0.0000000000000000E+00  0.0000000000000000E+00  0.0000000000000000E+00
