  0.0000000000000000E+00  0.0000000000000000E+00  0.0000000000000000E+00  0.0000000000000000E+00  0.0000000000000000E+00  0.0000000000000000E+00  0.0000000000000000E+00  0.0000000000000000E+00  0.0000000000000000E+00  0.0000000000000000E+00  0.0000000000000000E+00  0.0000000000000000E+00  0.0000000000000000E+00  0.0000000000000000E+00  0.0000000000000000E+00  0.0000000000000000E+00  0.0000000000000000E+00  0.0000000000000000E+00  0.0000000000000000E+00  0.0000000000000000E+00  0.0000000000000000E+00
  0.3806097574464178E-01 -0.1558603846220335E-01 -0.8697139641968273E-02  0.2239918474446837E-02 -0.8763088970860823E-02 -0.3819018552975208E-01 -0.6834430684763552E-01 -0.8152306497369972E-01 -0.8110165608400655E-01 -0.7416196111881083E-01 -0.6190399385306380E-01 -0.3141018641690393E-01  0.2644648554813006E-01  0.9324122402164124E-01  0.1334472662316417E+00  0.1326410572964141E+00  0.9866398554382989E-01  0.4574224753802589E-01 -0.5977713319401078E-02 -0.2497083400467871E-01  0.6893478869463504E-01
  0.1532737932887461E-02  0.1721278542229766E-01  0.5317109419978044E-01  0.7178905847093245E-01  0.4306380038715031E-01 -0.2495053825343548E-01 -0.1160477759652422E+00 -0.2058257718777135E+00 -0.2791106626725573E+00 -0.3162560579208097E+00 -0.3030592039615002E+00 -0.2270941230032570E+00 -0.1022359506630055E+00  0.3534975823225005E-01  0.1444961544941762E+00  0.1998227707589373E+00  0.1966373226939634E+00  0.1457304920992125E+00  0.7157924715204031E-01  0.1104793555567970E-01  0.3843544048500122E-01
 -0.1541914020462596E+00  0.1092026913672135E+00  0.1734166720553809E+00  0.1818503940450293E+00  0.1177760221402391E+00  0.4417841158362027E-02 -0.1368992216530664E+00 -0.2777590632463949E+00 -0.4030026874616541E+00 -0.4868014991200735E+00 -0.5101194364637609E+00 -0.4498101650451494E+00 -0.3102683920312334E+00 -0.1254385393842052E+00  0.5537046002587966E-01  0.1932027981946989E+00  0.2643424270909718E+00  0.2593619097153108E+00  0.1927605865931099E+00  0.1031310487370279E+00 -0.1166325596179738E+00
 -0.4001722025227418E+00  0.2449824496376454E+00  0.3347751463901944E+00  0.3164909527057571E+00  0.2108080005778523E+00  0.5099038903291037E-01 -0.1414364227003912E+00 -0.3355692056657424E+00 -0.5158552307962153E+00 -0.6500351010338092E+00 -0.7140499529600215E+00 -0.6761921817559939E+00 -0.5338699770539638E+00 -0.3205145219437148E+00 -0.9212297761801247E-01  0.1091414330474990E+00  0.2543117562325177E+00  0.3165001706121467E+00  0.2907422753184394E+00  0.1946058671649520E+00 -0.2930753261764166E+00
 -0.6599564296362993E+00  0.3912758442274611E+00  0.5138711030460840E+00  0.4643258237586287E+00  0.3225469609819600E+00  0.1261963712934805E+00 -0.1035944795989671E+00 -0.3359070519990406E+00 -0.5592215120002302E+00 -0.7433502062034832E+00 -0.8628153092477665E+00 -0.8738883428634681E+00 -0.7514084733471521E+00 -0.5199753957470477E+00 -0.2535347523808185E+00 -0.9951325280391669E-02  0.1870919014303039E+00  0.3099315278385844E+00  0.3334501023030966E+00  0.2352182783736886E+00 -0.3722047328179692E+00
 -0.8567256951126208E+00  0.5139084379672592E+00  0.6849996187891567E+00  0.6092339075663968E+00  0.4365941650938999E+00  0.2090789982919520E+00 -0.5108982330948449E-01 -0.3122523062505764E+00 -0.5648420222011158E+00 -0.7848007823108571E+00 -0.9549004156219627E+00 -0.1031973172934023E+01 -0.9628806485288917E+00 -0.7355829284684170E+00 -0.4286580989266798E+00 -0.1412897970657102E+00  0.9226121395449241E-01  0.2569933787911165E+00  0.3167567101705658E+00  0.2185022731808612E+00 -0.3387501093720177E+00
 -0.9361063967345409E+00  0.5889100250187141E+00  0.8306236783216017E+00  0.7445113984986526E+00  0.5503624317523410E+00  0.3003624153603542E+00  0.1795945014549798E-01 -0.2642479646344987E+00 -0.5341613541345734E+00 -0.7718494712703380E+00 -0.9733440367393790E+00 -0.1115947433009621E+01 -0.1135923376023572E+01 -0.9651196121317442E+00 -0.6395475475920558E+00 -0.2956881817071944E+00 -0.1938020790399044E-01  0.1737523929221422E+00  0.2559337773205310E+00  0.1737961912303160E+00 -0.2654547963704170E+00
 -0.8780732944661247E+00  0.6064160146125669E+00  0.9411747493715759E+00  0.8670138019145950E+00  0.6607837702785515E+00  0.3944648229691740E+00  0.9255894153363853E-01 -0.2111075853695053E+00 -0.4966598326208395E+00 -0.7399229530910385E+00 -0.9439943558455363E+00 -0.1120313564631926E+01 -0.1231512898622730E+01 -0.1170606359620639E+01 -0.8886529824976510E+00 -0.5033417213598183E+00 -0.1658720741623834E+00  0.6775611923177718E-01  0.1769148997023309E+00  0.1286778687818181E+00 -0.2091187066431234E+00
 -0.7133114838550039E+00  0.5735779725664738E+00  0.1007422433844418E+01  0.9721852202769010E+00  0.7663668363197642E+00  0.4920141526790322E+00  0.1765632006651403E+00 -0.1472861133245534E+00 -0.4520018752178298E+00 -0.7030629634396955E+00 -0.8951857940447177E+00 -0.1065753286625367E+01 -0.1233289632789051E+01 -0.1298561596674545E+01 -0.1128197001987881E+01 -0.7592656747623665E+00 -0.3680239190574681E+00 -0.7128369147369883E-01  0.8975544715844951E-01  0.9247603927097163E-01 -0.1876726706544654E+00
 -0.5108377234323715E+00  0.5094449459378788E+00  0.1017497114381265E+01  0.1048326591026981E+01  0.8604944573447312E+00  0.5874561522374421E+00  0.2666838086261352E+00 -0.7127256185008972E-01 -0.3947609611006427E+00 -0.6601046447938645E+00 -0.8430489623119087E+00 -0.9830885551138171E+00 -0.1157990351445906E+01 -0.1325052566970955E+01 -0.1303055501647635E+01 -0.1018487755709556E+01 -0.6140425027898726E+00 -0.2544365503826658E+00 -0.1862699836597711E-01  0.5283335957825699E-01 -0.1771270771007481E+00
 -0.3176639639039539E+00  0.4255813660801530E+00  0.9590801343365049E+00  0.1073580128224207E+01  0.9270801136032543E+00  0.6686536939794413E+00  0.3535384221624133E+00  0.1334167123203517E-01 -0.3193092187807347E+00 -0.5978661794911110E+00 -0.7807236045707386E+00 -0.8874012153702016E+00 -0.1030334437576500E+01 -0.1252124267212220E+01 -0.1379874482692467E+01 -0.1234537226544897E+01 -0.8730508038054257E+00 -0.4768420980247849E+00 -0.1620972212334268E+00 -0.6960975700230708E-02 -0.1412142941327347E+00
 -0.1528923122904827E+00  0.3280115027914609E+00  0.8311421960838998E+00  0.1029710655795385E+01  0.9492645255293816E+00  0.7231752387157129E+00  0.4255616235081984E+00  0.9607422244205319E-01 -0.2311255381170257E+00 -0.5114609045972456E+00 -0.6958427118723626E+00 -0.7787334718363041E+00 -0.8720020246167043E+00 -0.1097182179723548E+01 -0.1344894905442461E+01 -0.1370568895796499E+01 -0.1111659326010151E+01 -0.7233273683904012E+00 -0.3459345235610034E+00 -0.9255888580570162E-01 -0.6825786614389850E-01
 -0.2214171623397454E-01  0.2226464480752607E+00  0.6457976279918076E+00  0.9028822349551692E+00  0.9034783578054265E+00  0.7324335345685192E+00  0.4700656165516898E+00  0.1666562919483064E+00 -0.1391365159535529E+00 -0.4047138761644843E+00 -0.5819723904384652E+00 -0.6500304089162596E+00 -0.6964295286722779E+00 -0.8854786874224606E+00 -0.1201398303113836E+01 -0.1399489670675274E+01 -0.1296219867561091E+01 -0.9692825315204178E+00 -0.5639086656624268E+00 -0.2018647070953957E+00  0.4168545562376025E-01
  0.7542694550082552E-01  0.1203585752751596E+00  0.4365026713263044E+00  0.7074982512523483E+00  0.7833623180316543E+00  0.6842230569407272E+00  0.4763972307775529E+00  0.2159635959996763E+00 -0.5255640526140431E-01 -0.2868463665560029E+00 -0.4437396956682572E+00 -0.5000064621095894E+00 -0.5134702979388727E+00 -0.6458888455179276E+00 -0.9681304110546625E+00 -0.1303368198960974E+01 -0.1390820337176161E+01 -0.1182763682291661E+01 -0.7978289773991284E+00 -0.3303655508021831E+00  0.1932676750074209E+00
  0.1345810001211345E+00  0.3448973425149151E-01  0.2380502028756090E+00  0.4689192733316787E+00  0.5874934808991491E+00  0.5623826761447407E+00  0.4273287630004448E+00  0.2304318398228327E+00  0.1729721212318949E-01 -0.1704164070717298E+00 -0.2953648011974273E+00 -0.3395167028946744E+00 -0.3366278409490480E+00 -0.4105503852939290E+00 -0.6803927110867442E+00 -0.1080653214771532E+01 -0.1357543750980005E+01 -0.1322003224235223E+01 -0.1017476177444350E+01 -0.4720371751810822E+00  0.3986353480988969E+00
  0.1221397024937728E+00 -0.9218893027896276E-02  0.9448302341008399E-01  0.2476822027142551E+00  0.3600294481832865E+00  0.3834745851382541E+00  0.3202217327178302E+00  0.1984263915418893E+00  0.5457350021163735E-01 -0.7541183825627434E-01 -0.1618154983796506E+00 -0.1930203669527087E+00 -0.1863802923808063E+00 -0.2134404313957342E+00 -0.3890893275897523E+00 -0.7561711725330966E+00 -0.1167656552396077E+01 -0.1336611000782974E+01 -0.1180630097629163E+01 -0.6204439658492193E+00  0.6807017999184954E+00
  0.2724777007116136E-01 -0.6792844948101894E-02  0.6869235226855681E-02  0.7177600202374122E-01  0.1460685910873787E+00  0.1852054818358303E+00  0.1735390432800193E+00  0.1197592825394343E+00  0.4540145841275142E-01 -0.2513303113151163E-01 -0.7242365340979687E-01 -0.8925722478661424E-01 -0.8303492752574805E-01 -0.8159638467317945E-01 -0.1544134946016959E+00 -0.3928872490933032E+00 -0.8238871324281790E+00 -0.1174753774095693E+01 -0.1224292899188156E+01 -0.7675357118452379E+00  0.1078314236347558E+01
 -0.1672547841368090E+00  0.4572433426826114E-01 -0.3008178133202554E-01 -0.3577842546214639E-01 -0.1236899416936594E-02  0.3215501143240463E-01  0.4497938054022637E-01  0.3530525207751924E-01  0.1160715960934137E-01 -0.1385394438248257E-01 -0.3095111629231181E-01 -0.3484721537009509E-01 -0.2857802815740429E-01 -0.1739295853522121E-01 -0.2269487743931460E-01 -0.9367324523028528E-01 -0.4051203927812455E+00 -0.8201112738948017E+00 -0.1049423895430100E+01 -0.8464139589462715E+00  0.1489817981408715E+01
  0.4136422924593646E+00 -0.2192120460934144E+00 -0.2439938458208787E+00 -0.1776864454671204E+00 -0.1115440075287285E+00 -0.6318543461929678E-01 -0.3315079089185241E-01 -0.1833346129088047E-01 -0.1375923780921364E-01 -0.1339558161114299E-01 -0.1232759723624168E-01 -0.7448425240641598E-02 -0.2780508323284741E-03  0.9299430845888194E-02  0.1166629942118957E-01  0.9984450820264270E-02 -0.1327378448501610E+00 -0.3904428470136769E+00 -0.5667525881473844E+00 -0.5440881722035152E+00  0.1065511928463161E+01
  0.0000000000000000E+00  0.0000000000000000E+00  0.0000000000000000E+00  0.0000000000000000E+00  0.0000000000000000E+00  0.0000000000000000E+00  0.0000000000000000E+00  0.0000000000000000E+00  0.0000000000000000E+00  0.0000000000000000E+00  0.0000000000000000E+00  0.0000000000000000E+00  0.0000000000000000E+00  0.0000000000000000E+00  0.0000000000000000E+00  0.0000000000000000E+00  0.0000000000000000E+00  0.0000000000000000E+00  0.0000000000000000E+00  0.0000000000000000E+00  0.0000000000000000E+00
