  0.0000000000000000E+00  0.0000000000000000E+00  0.0000000000000000E+00  0.0000000000000000E+00  0.0000000000000000E+00  0.0000000000000000E+00  0.0000000000000000E+00  0.0000000000000000E+00  0.0000000000000000E+00  0.0000000000000000E+00  0.0000000000000000E+00  0.0000000000000000E+00  0.0000000000000000E+00  0.0000000000000000E+00  0.0000000000000000E+00  0.0000000000000000E+00  0.0000000000000000E+00  0.0000000000000000E+00  0.0000000000000000E+00  0.0000000000000000E+00  0.0000000000000000E+00
  0.3803482599300846E-01 -0.1563128316191535E-01 -0.8859023492737575E-02  0.1959122634992820E-02 -0.9097833926150989E-02 -0.3849891150157050E-01 -0.6857681848167677E-01 -0.8170920188330257E-01 -0.8128279776092601E-01 -0.7435098500108978E-01 -0.6207204988973095E-01 -0.3151675840502458E-01  0.2640880126341926E-01  0.9320929384258665E-01  0.1333734466829670E+00  0.1325320583683506E+00  0.9854930925638372E-01  0.4565430303461686E-01 -0.6007609852139218E-02 -0.2496108060082504E-01  0.6887563195033589E-01
  0.1611884159167701E-02  0.1708760560640035E-01  0.5287470097836876E-01  0.7138741553979971E-01  0.4266981700323853E-01 -0.2525451174842150E-01 -0.1162092939475605E+00 -0.2058436074571607E+00 -0.2789928307790109E+00 -0.3160236884562835E+00 -0.3027320552734621E+00 -0.2267246166641460E+00 -0.1018997680570940E+00  0.3557901721233075E-01  0.1445803467870138E+00  0.1997701348056529E+00  0.1964965775522354E+00  0.1455749218257146E+00  0.7148574586340897E-01  0.1103313650145035E-01  0.3838633635905792E-01
 -0.1538331292135130E+00  0.1089193476865962E+00  0.1729249138462757E+00  0.1813066242644602E+00  0.1172951570557058E+00  0.4047903339951316E-02 -0.1371366187431209E+00 -0.2778765915950467E+00 -0.4029995116456308E+00 -0.4866905475197028E+00 -0.5099145714405540E+00 -0.4495540165341088E+00 -0.3100173262265712E+00 -0.1252438030048385E+00  0.5546925733014032E-01  0.1931759720484357E+00  0.2641939449489463E+00  0.2591479079560717E+00  0.1925794412418687E+00  0.1030503010284952E+00 -0.1165714618436168E+00
 -0.3996172847857080E+00  0.2445976770241076E+00  0.3341757462866148E+00  0.3159406459309353E+00  0.2103937811969428E+00  0.5072083061684483E-01 -0.1415560782262147E+00 -0.3355513499088452E+00 -0.5156875036447235E+00 -0.6497292470859045E+00 -0.7136393070544176E+00 -0.6757556214347124E+00 -0.5334934312943248E+00 -0.3202337111342656E+00 -0.9194232914085473E-01  0.1091952831235540E+00  0.2542140096395066E+00  0.3162833297442920E+00  0.2905088795117859E+00  0.1944778127253940E+00 -0.2929245586643961E+00
 -0.6594307503035598E+00  0.3908911817308306E+00  0.5132427948889319E+00  0.4637909738395846E+00  0.3221435654309133E+00  0.1258972600961740E+00 -0.1037989839324678E+00 -0.3360306185362263E+00 -0.5592381535157137E+00 -0.7432363538947505E+00 -0.8625693634097692E+00 -0.8735666633349728E+00 -0.7511111343571828E+00 -0.5197530406641522E+00 -0.2533739628821427E+00 -0.9869348494634488E-02  0.1870408389452434E+00  0.3097407879556373E+00  0.3332104457341797E+00  0.2350983379027195E+00 -0.3720845679739787E+00
 -0.8564563300904368E+00  0.5136304809684917E+00  0.6844351128150384E+00  0.6087803789241338E+00  0.4362884462248272E+00  0.2088801147650015E+00 -0.5120572284927290E-01 -0.3123131341780750E+00 -0.5648313773130641E+00 -0.7846881996731139E+00 -0.9546689026382809E+00 -0.1031663030648719E+01 -0.9626018916130837E+00 -0.7354099271626157E+00 -0.4285601505722515E+00 -0.1412405724857362E+00  0.9222048652323291E-01  0.2568326989685777E+00  0.3165538248124687E+00  0.2184314791685888E+00 -0.3387406126932978E+00
 -0.9362271486618011E+00  0.5888014740535530E+00  0.8301772734988578E+00  0.7441474382840850E+00  0.5501330969178029E+00  0.3002022686468561E+00  0.1782378231698122E-01 -0.2643939603719674E+00 -0.5343007095747841E+00 -0.7719260801238942E+00 -0.9732968015846101E+00 -0.1115767478397950E+01 -0.1135714561761314E+01 -0.9650036657929907E+00 -0.6395230893887758E+00 -0.2957058145638642E+00 -0.1944272124612384E-01  0.1736261223893150E+00  0.2557987003486599E+00  0.1737748757990924E+00 -0.2655259270486172E+00
 -0.8785885294883238E+00  0.6064891019409641E+00  0.9408787763345685E+00  0.8667454788062723E+00  0.6606438208979870E+00  0.3943864805275232E+00  0.9248320279619064E-01 -0.2112312392209280E+00 -0.4968344418433692E+00 -0.7400982658452250E+00 -0.9440840111352236E+00 -0.1120250574429039E+01 -0.1231364353081305E+01 -0.1170524878585357E+01 -0.8886732679108422E+00 -0.5034059637616828E+00 -0.1659613214460265E+00  0.6765275736577790E-01  0.1768365476229184E+00  0.1286820056235326E+00 -0.2092094692476795E+00
 -0.7140024688973674E+00  0.5737690249556973E+00  0.1007304605969724E+01  0.9720229766300672E+00  0.7663124747331238E+00  0.4920089020682474E+00  0.1765216197049161E+00 -0.1474288606540925E+00 -0.4522582760630222E+00 -0.7033874372721406E+00 -0.8954707767942200E+00 -0.1065861207162924E+01 -0.1233221518828453E+01 -0.1298498532539271E+01 -0.1128235983502788E+01 -0.7593468041060939E+00 -0.3681175548402082E+00 -0.7137432190653864E-01  0.8969961802477049E-01  0.9247264739299352E-01 -0.1877183241542100E+00
 -0.5114845411807052E+00  0.5096870088682506E+00  0.1017576485424047E+01  0.1048295416105329E+01  0.8605226299731168E+00  0.5875202679148033E+00  0.2666944331185852E+00 -0.7138497314142793E-01 -0.3950249443465192E+00 -0.6605042476573433E+00 -0.8434930669801933E+00 -0.9833854328016812E+00 -0.1158030893886519E+01 -0.1325001287911250E+01 -0.1303085796517681E+01 -0.1018568339965767E+01 -0.6141251602253289E+00 -0.2545131297427753E+00 -0.1867576715578769E-01  0.5281410875837007E-01 -0.1771180934308979E+00
 -0.3181852802945196E+00  0.4258443039258149E+00  0.9593476314829251E+00  0.1073706591110034E+01  0.9271956103447060E+00  0.6687774355660264E+00  0.3535963947043210E+00  0.1326123532682556E-01 -0.3195656544412211E+00 -0.5983007867927498E+00 -0.7812776567568451E+00 -0.8878753192715392E+00 -0.1030510247308709E+01 -0.1252098859077157E+01 -0.1379879800882455E+01 -0.1234600174516602E+01 -0.8731162513651932E+00 -0.4769037522323030E+00 -0.1621407095109028E+00 -0.6983443757498799E-02 -0.1411903782384064E+00
 -0.1532802578914083E+00  0.3282759243559934E+00  0.8315475151765719E+00  0.1029997958367745E+01  0.9494736289606689E+00  0.7233452777098532E+00  0.4256507618965231E+00  0.9602160547985930E-01 -0.2313571161618895E+00 -0.5118852458166081E+00 -0.6964352134676703E+00 -0.7793268447614596E+00 -0.8723086384636911E+00 -0.1097197902024591E+01 -0.1344870439402235E+01 -0.1370598971787422E+01 -0.1111699462103523E+01 -0.7233674375658309E+00 -0.3459667974876709E+00 -0.9257560711174131E-01 -0.6823997615244692E-01
 -0.2241468397888635E-01  0.2228898056070188E+00  0.6462547328421702E+00  0.9032953470998019E+00  0.9037875043749694E+00  0.7326564299060353E+00  0.4701836617161970E+00  0.1666274810730822E+00 -0.1393434591795944E+00 -0.4051144466274746E+00 -0.5825545626645823E+00 -0.6506666829395651E+00 -0.6968260329400382E+00 -0.8855404928080409E+00 -0.1201350482672442E+01 -0.1399478263742337E+01 -0.1296227536976728E+01 -0.9692958716393946E+00 -0.5639243147355528E+00 -0.2018731544881307E+00  0.4169514872883917E-01
  0.7524900744897417E-01  0.1205543056439514E+00  0.4369119243808284E+00  0.7079545555522981E+00  0.7837425067490208E+00  0.6844949088094809E+00  0.4765427195658847E+00  0.2159559855779693E+00 -0.5273888604187627E-01 -0.2872138197293168E+00 -0.4442762824728679E+00 -0.5006105677608221E+00 -0.5138878564665138E+00 -0.6459786887928128E+00 -0.9680689320978442E+00 -0.1303319749380070E+01 -0.1390793910784930E+01 -0.1182747595667319E+01 -0.7978240879423850E+00 -0.3303647436435386E+00  0.1932701429882306E+00
  0.1345034104292324E+00  0.3461078652918522E-01  0.2383357700167880E+00  0.4693179912161978E+00  0.5878884846731585E+00  0.5626950150851944E+00  0.4275136898261591E+00  0.2304598694295512E+00  0.1715347179339462E-01 -0.1707318599787701E+00 -0.2958222095782554E+00 -0.3400235532194036E+00 -0.3369911684644920E+00 -0.4106338502419473E+00 -0.6803223378935446E+00 -0.1080581576940410E+01 -0.1357493285327376E+01 -0.1321964685339176E+01 -0.1017452744618484E+01 -0.4720276296256132E+00  0.3986301442583560E+00
  0.1222054095979526E+00 -0.9197682623800198E-02  0.9461236172655196E-01  0.2479304664115298E+00  0.3603303031989272E+00  0.3837497208221421E+00  0.3204097910074242E+00  0.1984854592321556E+00  0.5448424152785077E-01 -0.7564540556602441E-01 -0.1621534930438246E+00 -0.1933788933752281E+00 -0.1866310545386211E+00 -0.2134840520414840E+00 -0.3890102676684179E+00 -0.7560921747370114E+00 -0.1167596851993085E+01 -0.1336562242213971E+01 -0.1180595169430782E+01 -0.6204275641792160E+00  0.6806875231068661E+00
  0.2736180233900696E-01 -0.6821023526234955E-02  0.6898731760302094E-02  0.7188944916941506E-01  0.1462404775853956E+00  0.1853833206718766E+00  0.1736710475700905E+00  0.1198066183530685E+00  0.4534709017208513E-01 -0.2528057867883677E-01 -0.7262709920016971E-01 -0.8945741365991787E-01 -0.8316270085125774E-01 -0.8159394229658520E-01 -0.1543301209411092E+00 -0.3928130199093464E+00 -0.8238332167635132E+00 -0.1174708773314814E+01 -0.1224256493246925E+01 -0.7675151656129054E+00  0.1078289003591791E+01
 -0.1672571689845879E+00  0.4572080327356885E-01 -0.3009475916388139E-01 -0.3575645312140469E-01 -0.1178137347962797E-02  0.3222907514726761E-01  0.4504106015537729E-01  0.3533128480211183E-01  0.1158672965750950E-01 -0.1391623075965241E-01 -0.3103638771527912E-01 -0.3492734557156212E-01 -0.2862493560387264E-01 -0.1737792431649891E-01 -0.2262953905147810E-01 -0.9361010042674542E-01 -0.4050770177422364E+00 -0.8200787902864931E+00 -0.1049396344979044E+01 -0.8463940790881319E+00  0.1489785892285352E+01
  0.4136073074678092E+00 -0.2191826324759359E+00 -0.2439405899599985E+00 -0.1776289315155752E+00 -0.1114907868980504E+00 -0.6313968298576209E-01 -0.3311633826936395E-01 -0.1831548710882967E-01 -0.1376071497114104E-01 -0.1341426853596288E-01 -0.1235571180454787E-01 -0.7474420997638150E-02 -0.2921564402911677E-03  0.9306683208457185E-02  0.1169605270663459E-01  0.1002214289342556E-01 -0.1327082609823699E+00 -0.3904236796643598E+00 -0.5667393497178709E+00 -0.5440771342389333E+00  0.1065492052998929E+01
  0.0000000000000000E+00  0.0000000000000000E+00  0.0000000000000000E+00  0.0000000000000000E+00  0.0000000000000000E+00  0.0000000000000000E+00  0.0000000000000000E+00  0.0000000000000000E+00  0.0000000000000000E+00  0.0000000000000000E+00  0.0000000000000000E+00  0.0000000000000000E+00  0.0000000000000000E+00  0.0000000000000000E+00  0.0000000000000000E+00  0.0000000000000000E+00  0.0000000000000000E+00  0.0000000000000000E+00  0.0000000000000000E+00  0.0000000000000000E+00  0.0000000000000000E+00
