  0.0000000000000000E+00  0.0000000000000000E+00  0.0000000000000000E+00  0.0000000000000000E+00  0.0000000000000000E+00  0.0000000000000000E+00  0.0000000000000000E+00  0.0000000000000000E+00  0.0000000000000000E+00  0.0000000000000000E+00  0.0000000000000000E+00  0.0000000000000000E+00  0.0000000000000000E+00  0.0000000000000000E+00  0.0000000000000000E+00  0.0000000000000000E+00  0.0000000000000000E+00  0.0000000000000000E+00  0.0000000000000000E+00  0.0000000000000000E+00  0.0000000000000000E+00
  0.7613659856918827E-01 -0.5673802581634658E-01 -0.9407747887985148E-01 -0.9652354452268135E-01 -0.9909198137259045E-01 -0.1068342864838351E+00 -0.1150619183314937E+00 -0.1151612498890279E+00 -0.1026238858961346E+00 -0.6978494316340647E-01 -0.1722735891185596E-01  0.4277315231657344E-01  0.8951063923176174E-01  0.1100907670684324E+00  0.1040193637694655E+00  0.7755779025483010E-01  0.3925484899509556E-01 -0.2329021947745582E-02 -0.3303285839165251E-01 -0.3363115102059822E-01  0.6786059467014216E-01
  0.1288566776114474E+00 -0.8149641569473333E-01 -0.1156325694727526E+00 -0.1117063354639391E+00 -0.1250901721369954E+00 -0.1568152428272305E+00 -0.1945320069013114E+00 -0.2163196227406855E+00 -0.2103353610686649E+00 -0.1657682237861858E+00 -0.9098720149566425E-01 -0.1437018384266129E-02  0.8128029776959185E-01  0.1405403197186957E+00  0.1679880891834350E+00  0.1622554452943700E+00  0.1286209402567334E+00  0.7692604070494018E-01  0.2273402891728579E-01 -0.1238188102289376E-01  0.5987967198596707E-01
  0.1245457512305674E+00 -0.6728866069624816E-01 -0.7732023085817709E-01 -0.7027099621988619E-01 -0.1104521656206194E+00 -0.1824817367310985E+00 -0.2686967215817190E+00 -0.3379413317925012E+00 -0.3754199550711901E+00 -0.3587088627982763E+00 -0.2908243472465749E+00 -0.1802508319791198E+00 -0.5226558927509583E-01  0.6844890101443722E-01  0.1626502211821631E+00  0.2169829212358497E+00  0.2250594566939531E+00  0.1891518494323906E+00  0.1249896573409759E+00  0.5926109400400618E-01 -0.5279362467104265E-01
 -0.1202279596292833E-01  0.1693122382186171E-01  0.3877087550265679E-01  0.3296393243594695E-01 -0.4691543064323158E-01 -0.1646212852621004E+00 -0.3014532489298888E+00 -0.4184122836899326E+00 -0.5016542338262655E+00 -0.5201697435450203E+00 -0.4746968556797408E+00 -0.3657191564650846E+00 -0.2185957379836842E+00 -0.6033899706246241E-01  0.8526820877400039E-01  0.1990271456189349E+00  0.2643972495323800E+00  0.2706337789687364E+00  0.2251758075958198E+00  0.1469912649896493E+00 -0.2157979873731280E+00
 -0.2623433451622642E+00  0.1575145911419271E+00  0.2102004282635172E+00  0.1742047854964025E+00  0.4816189327634633E-01 -0.1178086863335408E+00 -0.3079662229160920E+00 -0.4778806595346709E+00 -0.6162734505297612E+00 -0.6821732465875333E+00 -0.6692577927023687E+00 -0.5686966502355508E+00 -0.4070181109142985E+00 -0.2190749168341103E+00 -0.3581053630201805E-01  0.1233879932077734E+00  0.2406392267228673E+00  0.2969576104503003E+00  0.2865167156030277E+00  0.2036315029933515E+00 -0.3243777933770268E+00
 -0.5475679410672580E+00  0.3196250339151065E+00  0.4113071606780617E+00  0.3391884544448687E+00  0.1728796952172328E+00 -0.3221090378035669E-01 -0.2641856110818935E+00 -0.4792171781263905E+00 -0.6721831726977706E+00 -0.7991161120354577E+00 -0.8422313639913118E+00 -0.7758430378739073E+00 -0.6137670338694654E+00 -0.3982385598552258E+00 -0.1791006635263599E+00  0.1557290133013732E-01  0.1719422164211751E+00  0.2720972972538481E+00  0.2958312290943205E+00  0.2089298034844157E+00 -0.3309581813589267E+00
 -0.7790829163113511E+00  0.4628759214653089E+00  0.6095448480845755E+00  0.5057157918036099E+00  0.3060737871736732E+00  0.7091707733543695E-01 -0.1891327586682405E+00 -0.4343005603839977E+00 -0.6672407015492218E+00 -0.8523930161736244E+00 -0.9674998595931787E+00 -0.9704307365107477E+00 -0.8429255259193927E+00 -0.6131726244412962E+00 -0.3507915052063724E+00 -0.1136763261677184E+00  0.7691464818733122E-01  0.2095308528990825E+00  0.2584216458057904E+00  0.1774983578225484E+00 -0.2740734276618547E+00
 -0.8916906117303834E+00  0.5572979619188386E+00  0.7802032740261325E+00  0.6598768932440501E+00  0.4355910904536858E+00  0.1796049282382693E+00 -0.9591337800851166E-01 -0.3551858907936018E+00 -0.6048349409232884E+00 -0.8244287757296108E+00 -0.1002377132804874E+01 -0.1098420432414863E+01 -0.1059693255531543E+01 -0.8662157872584204E+00 -0.5752995137649677E+00 -0.2820199499581549E+00 -0.4447177914673790E-01  0.1201090222951410E+00  0.1922465200260489E+00  0.1343691400105436E+00 -0.2108609000055819E+00
 -0.8584792485671361E+00  0.5890523107180803E+00  0.9086776835871048E+00  0.7950864664960018E+00  0.5546436995973694E+00  0.2823468156874074E+00 -0.5469012459519673E-02 -0.2748544749590430E+00 -0.5274319276958521E+00 -0.7508092503330693E+00 -0.9509696628246381E+00 -0.1117668297236164E+01 -0.1195473453810685E+01 -0.1107957469861511E+01 -0.8492788101476725E+00 -0.5151676393371983E+00 -0.2140737345959173E+00  0.2781287975649813E-02  0.1138818613511197E+00  0.9547382824698411E-01 -0.1725396233898326E+00
 -0.7070676695818918E+00  0.5649344378982003E+00  0.9877356441127090E+00  0.9103747268252835E+00  0.6659122753001164E+00  0.3825928675186208E+00  0.8366286244878561E-01 -0.2002802940477626E+00 -0.4601134112358652E+00 -0.6774039267852328E+00 -0.8621275639015594E+00 -0.1043089695847718E+01 -0.1207579016399920E+01 -0.1260532149228474E+01 -0.1112063512677913E+01 -0.7971898015083998E+00 -0.4463842454225852E+00 -0.1594873865336159E+00  0.1790540437132460E-01  0.5824370252053467E-01 -0.1568257031902794E+00
 -0.5069712227189112E+00  0.5042488745879408E+00  0.1005775401044911E+01  0.9951524655379572E+00  0.7670053784412081E+00  0.4823246604453845E+00  0.1769861224546908E+00 -0.1226939582286360E+00 -0.3982760612041085E+00 -0.6193096447209651E+00 -0.7801528151659151E+00 -0.9276895625103013E+00 -0.1113622000876700E+01 -0.1283021980255628E+01 -0.1291171707976390E+01 -0.1072023333187067E+01 -0.7209838339488337E+00 -0.3748852397248951E+00 -0.1140957400963088E+00  0.5548688886283714E-02 -0.1307418067551600E+00
 -0.3126737868971238E+00  0.4222878629094411E+00  0.9541898018311995E+00  0.1032811670326686E+01  0.8476788442690135E+00  0.5745391016319307E+00  0.2706662708470500E+00 -0.3685289813878115E-01 -0.3256643332105900E+00 -0.5588839257923710E+00 -0.7094741652950682E+00 -0.8105507847609009E+00 -0.9586517916063543E+00 -0.1181476962133748E+01 -0.1342674401318438E+01 -0.1279574931817411E+01 -0.9967188238066892E+00 -0.6320764478218245E+00 -0.2942534153603578E+00 -0.7537284139338242E-01 -0.6813489118021049E-01
 -0.1473479864644938E+00  0.3247505850211880E+00  0.8269037685990701E+00  0.9954041041748342E+00  0.8804468536767167E+00  0.6391279376855556E+00  0.3503059545170615E+00  0.4911908066283355E-01 -0.2394501766763330E+00 -0.4781172513238806E+00 -0.6288128776829065E+00 -0.6983411212280676E+00 -0.7835568352920085E+00 -0.9897827762966023E+00 -0.1255446617171819E+01 -0.1372547365842880E+01 -0.1224717417681077E+01 -0.9004866401817422E+00 -0.5177419143778019E+00 -0.1844610077684259E+00  0.3564110892747574E-01
 -0.1728997201946214E-01  0.2193236553396906E+00  0.6406809939996096E+00  0.8752056977005649E+00  0.8478710665465495E+00  0.6627260446394142E+00  0.4060370569759670E+00  0.1250536362238687E+00 -0.1480972534107756E+00 -0.3759752959652823E+00 -0.5212732211291723E+00 -0.5762653367995394E+00 -0.6088662679757579E+00 -0.7526080968733483E+00 -0.1047137206926552E+01 -0.1322497909706766E+01 -0.1358696530931918E+01 -0.1138587150617659E+01 -0.7622917116190150E+00 -0.3153574040658951E+00  0.1837805005786702E+00
  0.7536759783593389E-01  0.1148431130072319E+00  0.4198969368576297E+00  0.6682538957746070E+00  0.7212746539687424E+00  0.6119639117464295E+00  0.4111832698123849E+00  0.1729456384657695E+00 -0.6353527375334617E-01 -0.2615599658420527E+00 -0.3886414794853454E+00 -0.4350851445535411E+00 -0.4394152445113598E+00 -0.5114296542691463E+00 -0.7599674370283098E+00 -0.1122538201859518E+01 -0.1355094987371322E+01 -0.1299592435198993E+01 -0.9936175174010520E+00 -0.4602922576517277E+00  0.3872592555541310E+00
  0.1140973069312693E+00  0.3451078811010989E-01  0.2176296712615990E+00  0.4215234206376280E+00  0.5202472152282301E+00  0.4902146288796117E+00  0.3659008966242268E+00  0.1920915426761236E+00  0.9187699948061078E-02 -0.1467610183350260E+00 -0.2472137670199663E+00 -0.2848946810703368E+00 -0.2812913697269477E+00 -0.3000907343083685E+00 -0.4549902285233978E+00 -0.8004724855147302E+00 -0.1181950298661481E+01 -0.1330293565902561E+01 -0.1166962528532776E+01 -0.6118254747304681E+00  0.6685138956586281E+00
  0.6949450084616071E-01 -0.2687520559311463E-02  0.6143193916822633E-01  0.1756921202880905E+00  0.2643884861326999E+00  0.2835521412328062E+00  0.2339679122155706E+00  0.1387939419139255E+00  0.2791984141660925E-01 -0.6963870613959193E-01 -0.1324294183315411E+00 -0.1553770209331906E+00 -0.1506236547135633E+00 -0.1434216233764663E+00 -0.2002353853715478E+00 -0.4275680245030929E+00 -0.8438211048629490E+00 -0.1178348657285560E+01 -0.1218310875399306E+01 -0.7615276534100749E+00  0.1066272084830919E+01
 -0.1592787787354620E+00  0.5025062896997402E-01 -0.8526891825539928E-02  0.1675338003728594E-01  0.6825902325071180E-01  0.9841475177190318E-01  0.9318669069361814E-01  0.5897161928131769E-01  0.1137398943219761E-01 -0.3254108449410582E-01 -0.6032533623903623E-01 -0.6821109858584226E-01 -0.6212769262827975E-01 -0.4918550692157762E-01 -0.4731210106788412E-01 -0.1160038682504626E+00 -0.4238716758747985E+00 -0.8279947913819803E+00 -0.1048398407899398E+01 -0.8431260708953547E+00  0.1480979804786666E+01
  0.4049587184841894E+00 -0.2099446638627068E+00 -0.2248752731039310E+00 -0.1548998089635837E+00 -0.8790394073438339E-01 -0.4147342663165675E-01 -0.1699257767737251E-01 -0.1043422054433562E-01 -0.1477059027660147E-01 -0.2196698201636547E-01 -0.2552704836360912E-01 -0.2239974370366122E-01 -0.1471548050825729E-01 -0.4288791928407715E-02  0.1322308183793407E-02 -0.1581815257323760E-02 -0.1449086712290222E+00 -0.3968367695585709E+00 -0.5672795540721008E+00 -0.5430831485216407E+00  0.1061969891492821E+01
  0.0000000000000000E+00  0.0000000000000000E+00  0.0000000000000000E+00  0.0000000000000000E+00  0.0000000000000000E+00  0.0000000000000000E+00  0.0000000000000000E+00  0.0000000000000000E+00  0.0000000000000000E+00  0.0000000000000000E+00  0.0000000000000000E+00  0.0000000000000000E+00  0.0000000000000000E+00  0.0000000000000000E+00  0.0000000000000000E+00  0.0000000000000000E+00  0.0000000000000000E+00  0.0000000000000000E+00  0.0000000000000000E+00  0.0000000000000000E+00  0.0000000000000000E+00
