  0.0000000000000000E+00  0.0000000000000000E+00  0.0000000000000000E+00  0.0000000000000000E+00  0.0000000000000000E+00  0.0000000000000000E+00  0.0000000000000000E+00  0.0000000000000000E+00  0.0000000000000000E+00  0.0000000000000000E+00  0.0000000000000000E+00  0.0000000000000000E+00  0.0000000000000000E+00  0.0000000000000000E+00  0.0000000000000000E+00  0.0000000000000000E+00  0.0000000000000000E+00  0.0000000000000000E+00  0.0000000000000000E+00  0.0000000000000000E+00  0.0000000000000000E+00
  0.3806097583326550E-01 -0.1558603833497240E-01 -0.8697139171651712E-02  0.2239919343391216E-02 -0.8763087839565298E-02 -0.3819018444238535E-01 -0.6834430607122177E-01 -0.8152306446495991E-01 -0.8110165564228233E-01 -0.7416196068130598E-01 -0.6190399354893912E-01 -0.3141018646559751E-01  0.2644648515248005E-01  0.9324122370730976E-01  0.1334472662940190E+00  0.1326410576757892E+00  0.9866398605476429E-01  0.4574224801379050E-01 -0.5977713017825854E-02 -0.2497083390518887E-01  0.6893478869774075E-01
  0.1532737876837949E-02  0.1721278569781931E-01  0.5317109497029587E-01  0.7178905969656918E-01  0.4306380184431624E-01 -0.2495053685949633E-01 -0.1160477748886800E+00 -0.2058257712634549E+00 -0.2791106625951423E+00 -0.3162560584847791E+00 -0.3030592052106020E+00 -0.2270941247724437E+00 -0.1022359525026358E+00  0.3534975684117916E-01  0.1444961538335948E+00  0.1998227707980835E+00  0.1966373231979812E+00  0.1457304927567355E+00  0.7157924768438277E-01  0.1104793582618038E-01  0.3843544020584164E-01
 -0.1541914025823018E+00  0.1092026919374872E+00  0.1734166732301599E+00  0.1818503956496931E+00  0.1177760239169284E+00  0.4417842867571326E-02 -0.1368992201730963E+00 -0.2777590621162173E+00 -0.4030026867926949E+00 -0.4868014990928626E+00 -0.5101194371991882E+00 -0.4498101664808872E+00 -0.3102683937903907E+00 -0.1254385409517900E+00  0.5537045900182159E-01  0.1932027978497168E+00  0.2643424273723234E+00  0.2593619103900929E+00  0.1927605873328201E+00  0.1031310492456348E+00 -0.1166325604040843E+00
 -0.4001722033307952E+00  0.2449824503435319E+00  0.3347751476998005E+00  0.3164909542994169E+00  0.2108080022322350E+00  0.5099039059474333E-01 -0.1414364213384840E+00 -0.3355692046466429E+00 -0.5158552302719612E+00 -0.6500351012272644E+00 -0.7140499540042864E+00 -0.6761921835525169E+00 -0.5338699791500788E+00 -0.3205145238068374E+00 -0.9212297896166172E-01  0.1091414323300215E+00  0.2543117561844693E+00  0.3165001711179042E+00  0.2907422760788471E+00  0.1946058677254950E+00 -0.2930753270976379E+00
 -0.6599564302823574E+00  0.3912758448546335E+00  0.5138711042815430E+00  0.4643258252360765E+00  0.3225469625729262E+00  0.1261963729156933E+00 -0.1035944780217738E+00 -0.3359070505932784E+00 -0.5592215108903490E+00 -0.7433502056464288E+00 -0.8628153095275654E+00 -0.8738883441085120E+00 -0.7514084751986211E+00 -0.5199753975388469E+00 -0.2535347537189202E+00 -0.9951326105282618E-02  0.1870919011748669E+00  0.3099315281510447E+00  0.3334501029403469E+00  0.2352182787634980E+00 -0.3722047333501473E+00
 -0.8567256952715729E+00  0.5139084383491290E+00  0.6849996197758141E+00  0.6092339087973562E+00  0.4365941664459066E+00  0.2090789996634334E+00 -0.5108982202049621E-01 -0.3122523051445814E+00 -0.5648420212959969E+00 -0.7848007817111219E+00 -0.9549004155665904E+00 -0.1031973173728711E+01 -0.9628806501034558E+00 -0.7355829301981319E+00 -0.4286581002249715E+00 -0.1412897978433689E+00  0.9226121365644452E-01  0.2569933789662286E+00  0.3167567106027754E+00  0.2185022733427298E+00 -0.3387501094254139E+00
 -0.9361063963076903E+00  0.5889100251037875E+00  0.8306236790036723E+00  0.7445113995104651E+00  0.5503624329702188E+00  0.3003624166620145E+00  0.1795945137694811E-01 -0.2642479636029381E+00 -0.5341613532697310E+00 -0.7718494705264906E+00 -0.9733440362164932E+00 -0.1115947433082293E+01 -0.1135923376963242E+01 -0.9651196135841571E+00 -0.6395475488504891E+00 -0.2956881824556462E+00 -0.1938020819430226E-01  0.1737523929883935E+00  0.2559337775420401E+00  0.1737961912523369E+00 -0.2654547962149706E+00
 -0.8780732935881946E+00  0.6064160144445264E+00  0.9411747497453847E+00  0.8670138027346821E+00  0.6607837713951038E+00  0.3944648241867567E+00  0.9255894260290402E-01 -0.2111075846308668E+00 -0.4966598321543483E+00 -0.7399229526948110E+00 -0.9439943553693232E+00 -0.1120313564302607E+01 -0.1231512898913772E+01 -0.1170606360574288E+01 -0.8886529835877669E+00 -0.5033417221275153E+00 -0.1658720745035561E+00  0.6775611920790968E-01  0.1769148997936289E+00  0.1286778687673902E+00 -0.2091187065085418E+00
 -0.7133114828469223E+00  0.5735779722516979E+00  0.1007422433908171E+01  0.9721852208916966E+00  0.7663668373393595E+00  0.4920141538569348E+00  0.1765632017020275E+00 -0.1472861126598773E+00 -0.4520018749169756E+00 -0.7030629632798645E+00 -0.8951857937155981E+00 -0.1065753286125922E+01 -0.1233289632592865E+01 -0.1298561597081842E+01 -0.1128197002721238E+01 -0.7592656754316197E+00 -0.3680239194558076E+00 -0.7128369159077198E-01  0.8975544717939256E-01  0.9247603927849007E-01 -0.1876726706560777E+00
 -0.5108377225148228E+00  0.5094449455453776E+00  0.1017497114121310E+01  0.1048326591364261E+01  0.8604944581962320E+00  0.5874561533206152E+00  0.2666838096003489E+00 -0.7127256125344009E-01 -0.3947609609142791E+00 -0.6601046448132841E+00 -0.8430489621601659E+00 -0.9830885545973230E+00 -0.1157990350954428E+01 -0.1325052566950449E+01 -0.1303055501999539E+01 -0.1018487756150378E+01 -0.6140425031417260E+00 -0.2544365505480953E+00 -0.1862699839129133E-01  0.5283335959658719E-01 -0.1771270771810529E+00
 -0.3176639631481637E+00  0.4255813656347334E+00  0.9590801337560364E+00  0.1073580128193590E+01  0.9270801141642790E+00  0.6686536948560039E+00  0.3535384230067604E+00  0.1334167177728194E-01 -0.3193092185905911E+00 -0.5978661795052933E+00 -0.7807236044438386E+00 -0.8874012148153627E+00 -0.1030334436882775E+01 -0.1252124266883596E+01 -0.1379874482730081E+01 -0.1234537226729138E+01 -0.8730508040204450E+00 -0.4768420981647526E+00 -0.1620972212735243E+00 -0.6960975690701471E-02 -0.1412142942014198E+00
 -0.1528923117081009E+00  0.3280115023126517E+00  0.8311421952298541E+00  0.1029710655339227E+01  0.9492645256874375E+00  0.7231752392795662E+00  0.4255616241474475E+00  0.9607422289755702E-01 -0.2311255379165602E+00 -0.5114609045355184E+00 -0.6958427116490545E+00 -0.7787334711589290E+00 -0.8720020237329907E+00 -0.1097182179179472E+01 -0.1344894905272485E+01 -0.1370568895780081E+01 -0.1111659326069341E+01 -0.7233273684582913E+00 -0.3459345235841090E+00 -0.9255888579943204E-01 -0.6825786618581292E-01
 -0.2214171581118884E-01  0.2226464475978999E+00  0.6457976269825108E+00  0.9028822341007643E+00  0.9034783574891428E+00  0.7324335347160039E+00  0.4700656168984524E+00  0.1666562922599533E+00 -0.1391365157551456E+00 -0.4047138759917654E+00 -0.5819723900478009E+00 -0.6500304080565716E+00 -0.6964295275840764E+00 -0.8854786867050304E+00 -0.1201398302827269E+01 -0.1399489670549422E+01 -0.1296219867509826E+01 -0.9692825315167169E+00 -0.5639086656567415E+00 -0.2018647070848122E+00  0.4168545559769521E-01
  0.7542694577924069E-01  0.1203585748528287E+00  0.4365026703377269E+00  0.7074982501433560E+00  0.7833623172816491E+00  0.6842230566480931E+00  0.4763972307885277E+00  0.2159635961277311E+00 -0.5255640509146968E-01 -0.2868463662846855E+00 -0.4437396951152807E+00 -0.5000064610949599E+00 -0.5134702966957794E+00 -0.6458888446725777E+00 -0.9681304107170607E+00 -0.1303368198809394E+01 -0.1390820337077440E+01 -0.1182763682245186E+01 -0.7978289773739689E+00 -0.3303655507875946E+00  0.1932676749888149E+00
  0.1345810002246268E+00  0.3448973395861113E-01  0.2380502021004602E+00  0.4689192722236934E+00  0.5874934798755295E+00  0.5623826754552711E+00  0.4273287626549283E+00  0.2304318397263174E+00  0.1729721221757412E-01 -0.1704164067579827E+00 -0.2953648005588692E+00 -0.3395167018475440E+00 -0.3366278396978968E+00 -0.4105503844096043E+00 -0.6803927107437259E+00 -0.1080653214651223E+01 -0.1357543750893058E+01 -0.1322003224177506E+01 -0.1017476177413993E+01 -0.4720371751658866E+00  0.3986353480836669E+00
  0.1221397023146279E+00 -0.9218893109402552E-02  0.9448302298642021E-01  0.2476822019109361E+00  0.3600294472372119E+00  0.3834745843066640E+00  0.3202217321304949E+00  0.1984263912225652E+00  0.5457350016151675E-01 -0.7541183801379295E-01 -0.1618154978098914E+00 -0.1930203660691828E+00 -0.1863802913393152E+00 -0.2134404306147414E+00 -0.3890893272805231E+00 -0.7561711724566597E+00 -0.1167656552350823E+01 -0.1336611000739266E+01 -0.1180630097604373E+01 -0.6204439658364248E+00  0.6807017999049010E+00
  0.2724776977492546E-01 -0.6792844890259339E-02  0.6869235104147434E-02  0.7177600161850850E-01  0.1460685904887238E+00  0.1852054812157030E+00  0.1735390427774464E+00  0.1197592822305402E+00  0.4540145833442624E-01 -0.2513303096463547E-01 -0.7242365300949040E-01 -0.8925722420589829E-01 -0.8303492685375519E-01 -0.8159638413040275E-01 -0.1544134943662912E+00 -0.3928872490437677E+00 -0.8238871324151814E+00 -0.1174753774073174E+01 -0.1224292899173162E+01 -0.7675357118366504E+00  0.1078314236336789E+01
 -0.1672547842231372E+00  0.4572433430382885E-01 -0.3008178131165064E-01 -0.3577842558655968E-01 -0.1236899676618219E-02  0.3215501111724933E-01  0.4497938025711645E-01  0.3530525188876507E-01  0.1160715954799115E-01 -0.1385394430962107E-01 -0.3095111610074910E-01 -0.3484721509915231E-01 -0.2857802785130712E-01 -0.1739295826945339E-01 -0.2269487730597797E-01 -0.9367324518953812E-01 -0.4051203927709138E+00 -0.8201112738853477E+00 -0.1049423895423220E+01 -0.8464139589432166E+00  0.1489817981406430E+01
  0.4136422924675525E+00 -0.2192120461186327E+00 -0.2439938458883457E+00 -0.1776864455601058E+00 -0.1115440076355095E+00 -0.6318543472989374E-01 -0.3315079098935262E-01 -0.1833346135575719E-01 -0.1375923782612243E-01 -0.1339558157406791E-01 -0.1232759715065657E-01 -0.7448425124704005E-02 -0.2780507088106000E-03  0.9299430954298048E-02  0.1166629947793888E-01  0.9984450845597325E-02 -0.1327378448377928E+00 -0.3904428470095632E+00 -0.5667525881453559E+00 -0.5440881722036225E+00  0.1065511928465512E+01
  0.0000000000000000E+00  0.0000000000000000E+00  0.0000000000000000E+00  0.0000000000000000E+00  0.0000000000000000E+00  0.0000000000000000E+00  0.0000000000000000E+00  0.0000000000000000E+00  0.0000000000000000E+00  0.0000000000000000E+00  0.0000000000000000E+00  0.0000000000000000E+00  0.0000000000000000E+00  0.0000000000000000E+00  0.0000000000000000E+00  0.0000000000000000E+00  0.0000000000000000E+00  0.0000000000000000E+00  0.0000000000000000E+00  0.0000000000000000E+00  0.0000000000000000E+00
