  0.0000000000000000E+00  0.0000000000000000E+00  0.0000000000000000E+00  0.0000000000000000E+00  0.0000000000000000E+00  0.0000000000000000E+00  0.0000000000000000E+00  0.0000000000000000E+00  0.0000000000000000E+00  0.0000000000000000E+00  0.0000000000000000E+00  0.0000000000000000E+00  0.0000000000000000E+00  0.0000000000000000E+00  0.0000000000000000E+00  0.0000000000000000E+00  0.0000000000000000E+00  0.0000000000000000E+00  0.0000000000000000E+00  0.0000000000000000E+00  0.0000000000000000E+00
  0.3806021336381285E-01 -0.1558633757702806E-01 -0.8698799367271323E-02  0.2237205813200345E-02 -0.8765336058546859E-02 -0.3819187720155734E-01 -0.6834624307354298E-01 -0.8152607956792067E-01 -0.8110513592943647E-01 -0.7416577700335129E-01 -0.6190835175126175E-01 -0.3141600587121756E-01  0.2643952628254295E-01  0.9323546434358880E-01  0.1334441987056512E+00  0.1326403245783294E+00  0.9866473928513422E-01  0.4574401142900287E-01 -0.5975172415315423E-02 -0.2496894904264700E-01  0.6893167471262560E-01
  0.1534855493866089E-02  0.1721048903881362E-01  0.5316632261030696E-01  0.7178443340562404E-01  0.4306237521163405E-01 -0.2494827906519612E-01 -0.1160423152809330E+00 -0.2058189004957680E+00 -0.2791036828274857E+00 -0.3162515139516366E+00 -0.3030586359550190E+00 -0.2270981730077228E+00 -0.1022426582267907E+00  0.3534333804945410E-01  0.1444917156308854E+00  0.1998203747599170E+00  0.1966365014134314E+00  0.1457310415705899E+00  0.7158151691537366E-01  0.1105086317772905E-01  0.3842892738218653E-01
 -0.1541814651815425E+00  0.1091960042439834E+00  0.1734065475504076E+00  0.1818426466369290E+00  0.1177736337690365E+00  0.4420354797721467E-02 -0.1368926139767312E+00 -0.2777506017417543E+00 -0.4029936732899965E+00 -0.4867950563188045E+00 -0.5101177357649319E+00 -0.4498147005427791E+00 -0.3102772784503395E+00 -0.1254479998043456E+00  0.5536274196068288E-01  0.1931970573175810E+00  0.2643383503980377E+00  0.2593595851774285E+00  0.1927610044427696E+00  0.1031337490400854E+00 -0.1166402426774865E+00
 -0.4001552415076174E+00  0.2449718495021163E+00  0.3347603069987316E+00  0.3164818537593734E+00  0.2108068083427927E+00  0.5099571015478659E-01 -0.1414255894700934E+00 -0.3355555140745798E+00 -0.5158399210619555E+00 -0.6500217988975174E+00 -0.7140418743709179E+00 -0.6761920161430076E+00 -0.5338762588672216E+00 -0.3205226278190358E+00 -0.9212995825198607E-01  0.1091354417690108E+00  0.2543061947114069E+00  0.3164954997573950E+00  0.2907402140007675E+00  0.1946067498360000E+00 -0.2930800355072327E+00
 -0.6599381975654159E+00  0.3912636785451301E+00  0.5138528380699743E+00  0.4643153267616792E+00  0.3225451721252722E+00  0.1262008698280372E+00 -0.1035851426798432E+00 -0.3358954776046178E+00 -0.5592078595757377E+00 -0.7433367489958731E+00 -0.8628054770180530E+00 -0.8738865184570138E+00 -0.7514149804738377E+00 -0.5199846750279810E+00 -0.2535418857880334E+00 -0.9956732140713445E-02  0.1870863612673022E+00  0.3099258207055270E+00  0.3334460977137954E+00  0.2352172110232801E+00 -0.3722055353560449E+00
 -0.8567142031055714E+00  0.5138982600596143E+00  0.6849805770732713E+00  0.6092238464616688E+00  0.4365940174637116E+00  0.2090851903071636E+00 -0.5107994051319668E-01 -0.3122418011338892E+00 -0.5648300859071991E+00 -0.7847872556655003E+00 -0.9548873984747135E+00 -0.1031966440065547E+01 -0.9628844802245976E+00 -0.7355932923178755E+00 -0.4286671033080829E+00 -0.1412956786596726E+00  0.9225603966171839E-01  0.2569876626228847E+00  0.3167519581237980E+00  0.2185006658913053E+00 -0.3387500395501179E+00
 -0.9361080587111370E+00  0.5889047709897406E+00  0.8306062542580848E+00  0.7445028039179376E+00  0.5503644902444373E+00  0.3003698300704710E+00  0.1796762562079382E-01 -0.2642429154190467E+00 -0.5341578436831212E+00 -0.7718439155627089E+00 -0.9733346139594478E+00 -0.1115938497734218E+01 -0.1135923101690167E+01 -0.9651291960479754E+00 -0.6395590017208648E+00 -0.2956963818037490E+00 -0.1938595929430593E-01  0.1737472743067742E+00  0.2559298256080753E+00  0.1737952875094576E+00 -0.2654560369202977E+00
 -0.8780908300321942E+00  0.6064172527695911E+00  0.9411609282765793E+00  0.8670075126330866E+00  0.6607892434109419E+00  0.3944755132368231E+00  0.9256798557596138E-01 -0.2111056532049015E+00 -0.4966639670532991E+00 -0.7399274522557241E+00 -0.9439927981375107E+00 -0.1120305855981592E+01 -0.1231508251570748E+01 -0.1170611973238717E+01 -0.8886642410844924E+00 -0.5033517751313870E+00 -0.1658792894205104E+00  0.6775129148006329E-01  0.1769122504459495E+00  0.1286778093435531E+00 -0.2091211775847099E+00
 -0.7133374965301207E+00  0.5735838471975016E+00  0.1007414045062384E+01  0.9721817655822623E+00  0.7663756607759615E+00  0.4920283700201146E+00  0.1765736308639637E+00 -0.1472864647555043E+00 -0.4520130628643856E+00 -0.7030788172551092E+00 -0.8951963354801408E+00 -0.1065752155578594E+01 -0.1233283494512143E+01 -0.1298562297712846E+01 -0.1128205122205153E+01 -0.7592748913890577E+00 -0.3680315214353365E+00 -0.7128868569569780E-01  0.8975320956130022E-01  0.9247593465355348E-01 -0.1876745943993602E+00
 -0.5108628547108829E+00  0.5094527448111459E+00  0.1017495379722555E+01  0.1048326518561272E+01  0.8605055184745543E+00  0.5874729796655862E+00  0.2666962475098972E+00 -0.7127243935543891E-01 -0.3947746823608683E+00 -0.6601275126474829E+00 -0.8430703714649922E+00 -0.9830966933105033E+00 -0.1157986102837966E+01 -0.1325049428494750E+01 -0.1303059334630848E+01 -0.1018494153395052E+01 -0.6140486058083232E+00 -0.2544410693497562E+00 -0.1862922002230531E-01  0.5283270974387672E-01 -0.1771273492539355E+00
 -0.3176844380470633E+00  0.4255897879702162E+00  0.9590849258635855E+00  0.1073583863670974E+01  0.9270919806966339E+00  0.6686710109210385E+00  0.3535517543758364E+00  0.1334283903246612E-01 -0.3193227274702529E+00 -0.5978913280076984E+00 -0.7807514324495096E+00 -0.8874177290892132E+00 -0.1030334159682085E+01 -0.1252119087317768E+01 -0.1379874209808352E+01 -0.1234540074614750E+01 -0.8730542606440903E+00 -0.4768452952405094E+00 -0.1620991139015497E+00 -0.6961754441020727E-02 -0.1412138505784875E+00
 -0.1529077142541638E+00  0.3280197751201212E+00  0.8311516111061997E+00  0.1029717810929238E+01  0.9492759931516593E+00  0.7231907116373564E+00  0.4255738488346117E+00  0.9607578058133698E-01 -0.2311375311124317E+00 -0.5114846702370728E+00 -0.6958715365392618E+00 -0.7787543603414592E+00 -0.8720053826542685E+00 -0.1097176371430257E+01 -0.1344891460785155E+01 -0.1370568444609205E+01 -0.1111659827400376E+01 -0.7233285491783938E+00 -0.3459354783038243E+00 -0.9255931322387530E-01 -0.6825753863219836E-01
 -0.2215281731323571E-01  0.2226538122521151E+00  0.6458086194431097E+00  0.9028914906707431E+00  0.9034889097829526E+00  0.7324460097571416E+00  0.4700752627811154E+00  0.1666572274219358E+00 -0.1391470207387335E+00 -0.4047347464496680E+00 -0.5819984832274362E+00 -0.6500510333960628E+00 -0.6964342540434457E+00 -0.8854726204789383E+00 -0.1201392781826139E+01 -0.1399486717593816E+01 -0.1296217874072020E+01 -0.9692816682049957E+00 -0.5639084127740599E+00 -0.2018646278322717E+00  0.4168547072275519E-01
  0.7541924374253567E-01  0.1203642698488303E+00  0.4365120532890265E+00  0.7075071985722223E+00  0.7833711572972287E+00  0.6842321081719301E+00  0.4764036124924777E+00  0.2159631769375543E+00 -0.5256575807056511E-01 -0.2868638454624513E+00 -0.4437610877379294E+00 -0.5000233871864667E+00 -0.5134737547655736E+00 -0.6458820346693972E+00 -0.9681237087183310E+00 -0.1303363903805182E+01 -0.1390816711540698E+01 -0.1182761148169557E+01 -0.7978275787771696E+00 -0.3303649772652911E+00  0.1932673530187037E+00
  0.1345765865684150E+00  0.3449318910312813E-01  0.2380561538777994E+00  0.4689258685991760E+00  0.5874999831976128E+00  0.5623887127497736E+00  0.4273324138670614E+00  0.2304303425695946E+00  0.1728915095849891E-01 -0.1704302115482327E+00 -0.2953807007016538E+00 -0.3395282981193792E+00 -0.3366284664316370E+00 -0.4105423634941416E+00 -0.6803853145247588E+00 -0.1080648687040552E+01 -0.1357539760929431E+01 -0.1321999838665210E+01 -0.1017473995527139E+01 -0.4720362105265301E+00  0.3986346360524506E+00
  0.1221397077875196E+00 -0.9218142893889388E-02  0.9448527910585142E-01  0.2476852766563787E+00  0.3600326141082214E+00  0.3834772595402719E+00  0.3202226600537640E+00  0.1984238682864981E+00  0.5456675899594247E-01 -0.7542190551202470E-01 -0.1618259057036786E+00 -0.1930267096859981E+00 -0.1863783002794388E+00 -0.2134316593584790E+00 -0.3890816110583949E+00 -0.7561669812985365E+00 -0.1167653171741379E+01 -0.1336607690680435E+01 -0.1180627642196377E+01 -0.6204427558311589E+00  0.6807006252971000E+00
  0.2724972043089359E-01 -0.6793302958030328E-02  0.6869811556802608E-02  0.7177724090159718E-01  0.1460699495290456E+00  0.1852063925450525E+00  0.1735387298920994E+00  0.1197568690665414E+00  0.4539674831742562E-01 -0.2513914309380518E-01 -0.7242914069883545E-01 -0.8925964724024675E-01 -0.8303201205713816E-01 -0.8158860066393790E-01 -0.1544062612540649E+00 -0.3928834671510281E+00 -0.8238847218779605E+00 -0.1174751250459383E+01 -0.1224290700982682E+01 -0.7675344160271016E+00  0.1078312547098622E+01
 -0.1672559394661133E+00  0.4572470259566268E-01 -0.3008183167912532E-01 -0.3577843949011254E-01 -0.1236890175932178E-02  0.3215485298490359E-01  0.4497876209320451E-01  0.3530384564915733E-01  0.1160494994473392E-01 -0.1385649595458814E-01 -0.3095311565525552E-01 -0.3484770036818893E-01 -0.2857618013070694E-01 -0.1738847575015317E-01 -0.2268980153616965E-01 -0.9366985594256480E-01 -0.4051185310852298E+00 -0.8201097165125580E+00 -0.1049422394266641E+01 -0.8464128458718732E+00  0.1489816143348979E+01
  0.4136406105766629E+00 -0.2192108441838589E+00 -0.2439919219749137E+00 -0.1776846288766786E+00 -0.1115426145548036E+00 -0.6318452262011337E-01 -0.3315034933136160E-01 -0.1833349729364576E-01 -0.1375967207771875E-01 -0.1339617266012395E-01 -0.1232796795357214E-01 -0.7448213344593614E-02 -0.2770791377474365E-03  0.9301282802068924E-02  0.1166853843743475E-01  0.9986521028637892E-02 -0.1327364662706828E+00 -0.3904420003161745E+00 -0.5667519184062683E+00 -0.5440876033320889E+00  0.1065510891589998E+01
  0.0000000000000000E+00  0.0000000000000000E+00  0.0000000000000000E+00  0.0000000000000000E+00  0.0000000000000000E+00  0.0000000000000000E+00  0.0000000000000000E+00  0.0000000000000000E+00  0.0000000000000000E+00  0.0000000000000000E+00  0.0000000000000000E+00  0.0000000000000000E+00  0.0000000000000000E+00  0.0000000000000000E+00  0.0000000000000000E+00  0.0000000000000000E+00  0.0000000000000000E+00  0.0000000000000000E+00  0.0000000000000000E+00  0.0000000000000000E+00  0.0000000000000000E+00
