  0.0000000000000000E+00  0.0000000000000000E+00  0.0000000000000000E+00  0.0000000000000000E+00  0.0000000000000000E+00  0.0000000000000000E+00  0.0000000000000000E+00  0.0000000000000000E+00  0.0000000000000000E+00  0.0000000000000000E+00  0.0000000000000000E+00  0.0000000000000000E+00  0.0000000000000000E+00  0.0000000000000000E+00  0.0000000000000000E+00  0.0000000000000000E+00  0.0000000000000000E+00  0.0000000000000000E+00  0.0000000000000000E+00  0.0000000000000000E+00  0.0000000000000000E+00
  0.3806097266166250E-01 -0.1558603828501652E-01 -0.8697142193387077E-02  0.2239910655991359E-02 -0.8763101844635558E-02 -0.3819019933749614E-01 -0.6834431654127497E-01 -0.8152306968834661E-01 -0.8110165865167547E-01 -0.7416196265080205E-01 -0.6190399228552026E-01 -0.3141017843142163E-01  0.2644649873664890E-01  0.9324123394184285E-01  0.1334472677765872E+00  0.1326410521700163E+00  0.9866397751868088E-01  0.4574223957355472E-01 -0.5977719288581060E-02 -0.2497083683151150E-01  0.6893479120595346E-01
  0.1532731175395020E-02  0.1721278618693864E-01  0.5317108973621092E-01  0.7178904551971400E-01  0.4306377994595180E-01 -0.2495056191702150E-01 -0.1160477980606497E+00 -0.2058257883893803E+00 -0.2791106708684253E+00 -0.3162560543066362E+00 -0.3030591862665987E+00 -0.2270940935970149E+00 -0.1022359180758173E+00  0.3534978354609732E-01  0.1444961669410824E+00  0.1998227711457451E+00  0.1966373154137946E+00  0.1457304822107996E+00  0.7157923822796976E-01  0.1104792971991588E-01  0.3843544906822213E-01
 -0.1541914106628759E+00  0.1092026915870302E+00  0.1734166640982147E+00  0.1818503749207666E+00  0.1177759948322440E+00  0.4417810590924121E-02 -0.1368992514643398E+00 -0.2777590884763094E+00 -0.4030027047339222E+00 -0.4868015033321177E+00 -0.5101194232698081E+00 -0.4498101345989680E+00 -0.3102683524057298E+00 -0.1254385031881169E+00  0.5537048445621177E-01  0.1932028089134223E+00  0.2643424262663840E+00  0.2593619018983793E+00  0.1927605764180853E+00  0.1031310401551003E+00 -0.1166325440472154E+00
 -0.4001722117354959E+00  0.2449824493900306E+00  0.3347751364345959E+00  0.3164909306973403E+00  0.2108079706958811E+00  0.5099035569859597E-01 -0.1414364564105368E+00 -0.3355692358914872E+00 -0.5158552536688013E+00 -0.6500351103976418E+00 -0.7140499427065792E+00 -0.6761921504038320E+00 -0.5338699327604709E+00 -0.3205144792427342E+00 -0.9212294612031616E-01  0.1091414513682839E+00  0.2543117623362706E+00  0.3165001673956593E+00  0.2907422670032552E+00  0.1946058593388141E+00 -0.2930753110131871E+00
 -0.6599564392557182E+00  0.3912758440253628E+00  0.5138710928203700E+00  0.4643258016446329E+00  0.3225469313258353E+00  0.1261963378672568E+00 -0.1035945142188304E+00 -0.3359070847434731E+00 -0.5592215403701001E+00 -0.7433502249536897E+00 -0.8628153101009678E+00 -0.8738883189424059E+00 -0.7514084290039100E+00 -0.5199753485174403E+00 -0.2535347169640776E+00 -0.9951303453607530E-02  0.1870919119121842E+00  0.3099315289588234E+00  0.3334500974960757E+00  0.2352182740268406E+00 -0.3722047245844462E+00
 -0.8567257051229984E+00  0.5139084380625517E+00  0.6849996090646566E+00  0.6092338861317950E+00  0.4365941361262146E+00  0.2090789659600822E+00 -0.5108985559305428E-01 -0.3122523356991663E+00 -0.5648420484416666E+00 -0.7848008041627752E+00 -0.9549004268957781E+00 -0.1031973162320061E+01 -0.9628806108763547E+00 -0.7355828781554945E+00 -0.4286580582581585E+00 -0.1412897725119857E+00  0.9226122662153295E-01  0.2569933829784612E+00  0.3167567090184317E+00  0.2185022719093199E+00 -0.3387501067095281E+00
 -0.9361064065509352E+00  0.5889100252664742E+00  0.8306236692484874E+00  0.7445113776421844E+00  0.5503624030022637E+00  0.3003623839082923E+00  0.1795942104315085E-01 -0.2642479878585339E+00 -0.5341613722499285E+00 -0.7718494878938039E+00 -0.9733440522121530E+00 -0.1115947437367875E+01 -0.1135923354303370E+01 -0.9651195663525232E+00 -0.6395475015372104E+00 -0.2956881518288241E+00 -0.1938019258835233E-01  0.1737523992153513E+00  0.2559337784487103E+00  0.1737961910447075E+00 -0.2654547946854123E+00
 -0.8780733032402946E+00  0.6064160147154687E+00  0.9411747409061114E+00  0.8670137812265161E+00  0.6607837405622168E+00  0.3944647905311178E+00  0.9255891351821739E-01 -0.2111076035835983E+00 -0.4966598408928331E+00 -0.7399229574679248E+00 -0.9439943644255214E+00 -0.1120313575926595E+01 -0.1231512895151638E+01 -0.1170606328605114E+01 -0.8886529380607914E+00 -0.5033416860547748E+00 -0.1658720541519401E+00  0.6775612778742052E-01  0.1769149016839782E+00  0.1286778683832562E+00 -0.2091187034657903E+00
 -0.7133114923002870E+00  0.5735779728863452E+00  0.1007422426358749E+01  0.9721852002432804E+00  0.7663668059674703E+00  0.4920141189912420E+00  0.1765631722631647E+00 -0.1472861296816016E+00 -0.4520018775054491E+00 -0.7030629564602910E+00 -0.8951857898170918E+00 -0.1065753294358373E+01 -0.1233289641211086E+01 -0.1298561584121233E+01 -0.1128196968508305E+01 -0.7592656401643967E+00 -0.3680238955236645E+00 -0.7128367982843006E-01  0.8975545047517350E-01  0.9247603901847230E-01 -0.1876726665802434E+00
 -0.5108377324719724E+00  0.5094449471572567E+00  0.1017497108999798E+01  0.1048326573179445E+01  0.8604944282755759E+00  0.5874561188904416E+00  0.2666837800276612E+00 -0.7127257855575404E-01 -0.3947609624441217E+00 -0.6601046325677308E+00 -0.8430489472876869E+00 -0.9830885536435601E+00 -0.1157990363238724E+01 -0.1325052569443250E+01 -0.1303055483028358E+01 -0.1018487728242875E+01 -0.6140424801855991E+00 -0.2544365370035397E+00 -0.1862699332959177E-01  0.5283336035679467E-01 -0.1771270743999758E+00
 -0.3176639733827105E+00  0.4255813686724847E+00  0.9590801326347436E+00  0.1073580114684557E+01  0.9270800885591425E+00  0.6686536637960050E+00  0.3535383954217264E+00  0.1334165472842360E-01 -0.3193092213491980E+00 -0.5978661677800308E+00 -0.7807235854159459E+00 -0.8874012058789928E+00 -0.1030334447271279E+01 -0.1252124279037404E+01 -0.1379874478250942E+01 -0.1234537209464015E+01 -0.8730507860197845E+00 -0.4768420854572195E+00 -0.1620972152817721E+00 -0.6960974041833976E-02 -0.1412142931562702E+00
 -0.1528923215818450E+00  0.3280115070503918E+00  0.8311421995693304E+00  0.1029710648831611E+01  0.9492645070310759E+00  0.7231752141312017E+00  0.4255616006426286E+00  0.9607420752921537E-01 -0.2311255417489002E+00 -0.5114608959573554E+00 -0.6958426946473897E+00 -0.7787334596757587E+00 -0.8720020312719305E+00 -0.1097182195682060E+01 -0.1344894911701346E+01 -0.1370568889231405E+01 -0.1111659315070693E+01 -0.7233273590409446E+00 -0.3459345182195595E+00 -0.9255888406354927E-01 -0.6825786602891171E-01
 -0.2214172482081511E-01  0.2226464539305147E+00  0.6457976369707290E+00  0.9028822360981994E+00  0.9034783478838848E+00  0.7324335175489527E+00  0.4700655991477443E+00  0.1666562798142298E+00 -0.1391365198169941E+00 -0.4047138708504964E+00 -0.5819723782548273E+00 -0.6500303995406989E+00 -0.6964295347724561E+00 -0.8854787046941046E+00 -0.1201398315806966E+01 -0.1399489672641776E+01 -0.1296219863310260E+01 -0.9692825263522479E+00 -0.5639086620374607E+00 -0.2018647058258572E+00  0.4168545544011104E-01
  0.7542693789807753E-01  0.1203585821548456E+00  0.4365026843626143E+00  0.7074982604907906E+00  0.7833623177147917E+00  0.6842230487035198E+00  0.4763972198985089E+00  0.2159635874843233E+00 -0.5255640865048399E-01 -0.2868463640943220E+00 -0.4437396892721898E+00 -0.5000064585375074E+00 -0.5134703063184781E+00 -0.6458888632864170E+00 -0.9681304263831748E+00 -0.1303368206339180E+01 -0.1390820338318824E+01 -0.1182763681070611E+01 -0.7978289758827917E+00 -0.3303655502270831E+00  0.1932676747984577E+00
  0.1345809941912575E+00  0.3448974077218782E-01  0.2380502165078210E+00  0.4689192877097517E+00  0.5874934893015465E+00  0.5623826771348776E+00  0.4273287594327349E+00  0.2304318356078766E+00  0.1729720982425335E-01 -0.1704164067270185E+00 -0.2953647998687856E+00 -0.3395167052453194E+00 -0.3366278525024870E+00 -0.4105504032978948E+00 -0.6803927264349369E+00 -0.1080653224151607E+01 -0.1357543755262853E+01 -0.1322003225866252E+01 -0.1017476177760713E+01 -0.4720371752774385E+00  0.3986353480716027E+00
  0.1221397005026851E+00 -0.9218888937049561E-02  0.9448303369153643E-01  0.2476822167352390E+00  0.3600294608696551E+00  0.3834745934007725E+00  0.3202217366584133E+00  0.1984263929711278E+00  0.5457350070636490E-01 -0.7541183822483308E-01 -0.1618154999346452E+00 -0.1930203726995399E+00 -0.1863803051081575E+00 -0.2134404484103789E+00 -0.3890893414187725E+00 -0.7561711814616118E+00 -0.1167656557662993E+01 -0.1336611003837529E+01 -0.1180630099132157E+01 -0.6204439664648405E+00  0.6807018002623648E+00
  0.2724777290435142E-01 -0.6792844339557174E-02  0.6869239885679899E-02  0.7177601083961746E-01  0.1460686012292170E+00  0.1852054905543663E+00  0.1735390494193766E+00  0.1197592862571688E+00  0.4540146016198305E-01 -0.2513303123849297E-01 -0.7242365586690537E-01 -0.8925723057645293E-01 -0.8303493787870911E-01 -0.8159639818488637E-01 -0.1544135057853410E+00 -0.3928872564033622E+00 -0.8238871372568574E+00 -0.1174753777338740E+01 -0.1224292901118494E+01 -0.7675357127786436E+00  0.1078314237217437E+01
 -0.1672547810994702E+00  0.4572433371982534E-01 -0.3008177993999420E-01 -0.3577842108178914E-01 -0.1236893318048209E-02  0.3215501752560315E-01  0.4497938543251193E-01  0.3530525530898496E-01  0.1160716114374814E-01 -0.1385394447659459E-01 -0.3095111801913962E-01 -0.3484721884685394E-01 -0.2857803365815836E-01 -0.1739296600535530E-01 -0.2269488456349076E-01 -0.9367325080466375E-01 -0.4051203968802716E+00 -0.8201112765889297E+00 -0.1049423897084562E+01 -0.8464139599212103E+00  0.1489817982679069E+01
  0.4136422940599769E+00 -0.2192120467803917E+00 -0.2439938462811983E+00 -0.1776864453628805E+00 -0.1115440068899115E+00 -0.6318543366364646E-01 -0.3315078996460322E-01 -0.1833346068930723E-01 -0.1375923772177103E-01 -0.1339558215123244E-01 -0.1232759844948318E-01 -0.7448427141944115E-02 -0.2780533533992934E-03  0.9299427637595241E-02  0.1166629621661415E-01  0.9984447566276755E-02 -0.1327378476636877E+00 -0.3904428487239880E+00 -0.5667525890149143E+00 -0.5440881727722001E+00  0.1065511929301686E+01
  0.0000000000000000E+00  0.0000000000000000E+00  0.0000000000000000E+00  0.0000000000000000E+00  0.0000000000000000E+00  0.0000000000000000E+00  0.0000000000000000E+00  0.0000000000000000E+00  0.0000000000000000E+00  0.0000000000000000E+00  0.0000000000000000E+00  0.0000000000000000E+00  0.0000000000000000E+00  0.0000000000000000E+00  0.0000000000000000E+00  0.0000000000000000E+00  0.0000000000000000E+00  0.0000000000000000E+00  0.0000000000000000E+00  0.0000000000000000E+00  0.0000000000000000E+00
