  0.0000000000000000E+00  0.0000000000000000E+00  0.0000000000000000E+00  0.0000000000000000E+00  0.0000000000000000E+00  0.0000000000000000E+00  0.0000000000000000E+00  0.0000000000000000E+00  0.0000000000000000E+00  0.0000000000000000E+00  0.0000000000000000E+00  0.0000000000000000E+00  0.0000000000000000E+00  0.0000000000000000E+00  0.0000000000000000E+00  0.0000000000000000E+00  0.0000000000000000E+00  0.0000000000000000E+00  0.0000000000000000E+00  0.0000000000000000E+00  0.0000000000000000E+00
  0.3805781319307921E-01 -0.1559023666198723E-01 -0.8712896792882488E-02  0.2213427731832159E-02 -0.8792138727755571E-02 -0.3821591111288090E-01 -0.6836511610521129E-01 -0.8154313784353502E-01 -0.8112260542534411E-01 -0.7418438466259533E-01 -0.6192635241058078E-01 -0.3143163793288153E-01  0.2642739261356609E-01  0.9322554282699262E-01  0.1334350104905426E+00  0.1326317528651795E+00  0.9865766479661958E-01  0.4574006133148947E-01 -0.5974040384989459E-02 -0.2496582169085430E-01  0.6892342468757344E-01
  0.1544250795026701E-02  0.1719815896660068E-01  0.5313872769482875E-01  0.7174997060014682E-01  0.4303293646991567E-01 -0.2496635022743483E-01 -0.1160461038708109E+00 -0.2058107577311400E+00 -0.2790859970717702E+00 -0.3162290887587044E+00 -0.3030349474424828E+00 -0.2270776339042659E+00 -0.1022279180861641E+00  0.3535107591374261E-01  0.1444919999592351E+00  0.1998137614666129E+00  0.1966256674039432E+00  0.1457207983294650E+00  0.7157778152316706E-01  0.1105356618425173E-01  0.3841708297041188E-01
 -0.1541417871347880E+00  0.1091668014682856E+00  0.1733586172700688E+00  0.1817947539108252E+00  0.1177374353949209E+00  0.4398406731623479E-02 -0.1369000488168829E+00 -0.2777474012316163E+00 -0.4029816226974205E+00 -0.4867791494946843E+00 -0.5101019490199422E+00 -0.4498038828333744E+00 -0.3102726847991912E+00 -0.1254478589660258E+00  0.5535894051411222E-01  0.1931874695416712E+00  0.2643225936604235E+00  0.2593414660581302E+00  0.1927486199823370E+00  0.1031314094924062E+00 -0.1166456084948816E+00
 -0.4000928110551942E+00  0.2449307422263635E+00  0.3346994156238962E+00  0.3164325688785342E+00  0.2107775459992962E+00  0.5098502526551205E-01 -0.1414187746171028E+00 -0.3355354751729496E+00 -0.5158075409169854E+00 -0.6499826518960449E+00 -0.7140028204707366E+00 -0.6761622552284803E+00 -0.5338598078291437E+00 -0.3205153195849542E+00 -0.9212763871153831E-01  0.1091308067611744E+00  0.2542918764433257E+00  0.3164740564330851E+00  0.2907208698845598E+00  0.1945986925610803E+00 -0.2930752077986811E+00
 -0.6598767508862652E+00  0.3912209993363308E+00  0.5137862471227274E+00  0.4642658787752841E+00  0.3225161169597450E+00  0.1261869953423027E+00 -0.1035864616231636E+00 -0.3358884348419978E+00 -0.5591909438515089E+00 -0.7433112225972288E+00 -0.8627759912809289E+00 -0.8738630572924178E+00 -0.7514050911732405E+00 -0.5199839444837566E+00 -0.2535419411757572E+00 -0.9959107108800628E-02  0.1870750795563782E+00  0.3099047174712167E+00  0.3334237362535232E+00  0.2352072880695195E+00 -0.3721981279550354E+00
 -0.8566798014287064E+00  0.5138659947170309E+00  0.6849181827223861E+00  0.6091811820716549E+00  0.4365742573255531E+00  0.2090808061123026E+00 -0.5107403720424863E-01 -0.3122313603665840E+00 -0.5648130377978758E+00 -0.7847612140902912E+00 -0.9548541280625601E+00 -0.1031936779368168E+01 -0.9628722846494825E+00 -0.7355980715550223E+00 -0.4286748927810530E+00 -0.1413015894362571E+00  0.9224558985818634E-01  0.2569684510921934E+00  0.3167311951259382E+00  0.2184936327027575E+00 -0.3387497029823344E+00
 -0.9361178429386998E+00  0.5888908627395424E+00  0.8305547452799273E+00  0.7444686218794860E+00  0.5503529626928755E+00  0.3003695827160191E+00  0.1796969147153523E-01 -0.2642457739297340E+00 -0.5341625359978093E+00 -0.7718417880990452E+00 -0.9733189273859976E+00 -0.1115914547107485E+01 -0.1135909759638964E+01 -0.9651369812878215E+00 -0.6395759522128613E+00 -0.2957108035238284E+00 -0.1939915472824032E-01  0.1737310735019703E+00  0.2559149206981915E+00  0.1737927366958639E+00 -0.2654632893894002E+00
 -0.8781479891988163E+00  0.6064242875857762E+00  0.9411248735585122E+00  0.8669832060459971E+00  0.6607883970826580E+00  0.3944852122869257E+00  0.9257551048001379E-01 -0.2111106766845800E+00 -0.4966807298880922E+00 -0.7399452358919911E+00 -0.9439969779748436E+00 -0.1120291285936619E+01 -0.1231492350189201E+01 -0.1170616114606795E+01 -0.8886842564972046E+00 -0.5033726106454022E+00 -0.1658968244972419E+00  0.6773685796220552E-01  0.1769030495827962E+00  0.1286781665541098E+00 -0.2091314500795332E+00
 -0.7134171072535567E+00  0.5736048426645010E+00  0.1007397420739946E+01  0.9721686193811871E+00  0.7663850817766759E+00  0.4920476202617813E+00  0.1765853139957502E+00 -0.1472956228351603E+00 -0.4520444091153220E+00 -0.7031217169556603E+00 -0.8952302530824204E+00 -0.1065758321911807E+01 -0.1233270556312479E+01 -0.1298559995391951E+01 -0.1128221684306413E+01 -0.7592960695696003E+00 -0.3680503246612838E+00 -0.7130274503749662E-01  0.8974601023100148E-01  0.9247561262175837E-01 -0.1876808276342736E+00
 -0.5109379401753749E+00  0.5094795586190437E+00  0.1017500735681756E+01  0.1048326815185753E+01  0.8605235349735326E+00  0.5875003115048243E+00  0.2667141292937964E+00 -0.7127865410660350E-01 -0.3948093329783694E+00 -0.6601842790556398E+00 -0.8431295761881983E+00 -0.9831286255788434E+00 -0.1157983122102959E+01 -0.1325041792124296E+01 -0.1303068510260931E+01 -0.1018511277887338E+01 -0.6140648431259839E+00 -0.2544537835917106E+00 -0.1863610523307132E-01  0.5283040848259132E-01 -0.1771273306808453E+00
 -0.3177448021441880E+00  0.4256186494150274E+00  0.9591111461008941E+00  0.1073599783016189E+01  0.9271170839767829E+00  0.6687030611436636E+00  0.3535739972399667E+00  0.1334018371744001E-01 -0.3193563712457538E+00 -0.5979530892901574E+00 -0.7808264755832721E+00 -0.8874733988724868E+00 -0.1030346198841814E+01 -0.1252109945738008E+01 -0.1379875017280135E+01 -0.1234550555940227E+01 -0.8730656714838952E+00 -0.4768553417913467E+00 -0.1621053810919882E+00 -0.6964575329324056E-02 -0.1412116551040160E+00
 -0.1529524318068795E+00  0.3280483231535118E+00  0.8311925376536559E+00  0.1029748829607761E+01  0.9493070470811885E+00  0.7232236769995042E+00  0.4255968321881297E+00  0.9607547844255754E-01 -0.2311674937483373E+00 -0.5115437172785275E+00 -0.6959503036187570E+00 -0.7788242786963742E+00 -0.8720318843763476E+00 -0.1097169174798442E+01 -0.1344885021077565E+01 -0.1370571329975521E+01 -0.1111665151959144E+01 -0.7233343258871263E+00 -0.3459398017107864E+00 -0.9256132988162802E-01 -0.6825581206590237E-01
 -0.2218421385998215E-01  0.2226795104425265E+00  0.6458543174675974E+00  0.9029332399189650E+00  0.9035255547986439E+00  0.7324789154100345E+00  0.4700970633594049E+00  0.1666577510419765E+00 -0.1391734733990988E+00 -0.4047884332164117E+00 -0.5820728426734786E+00 -0.6501235988887870E+00 -0.6964692866871507E+00 -0.8854685685027111E+00 -0.1201381384656159E+01 -0.1399482459929366E+01 -0.1296217051303477E+01 -0.9692825980623982E+00 -0.5639099219868993E+00 -0.2018653981740786E+00  0.4168627253533652E-01
  0.7539863089271193E-01  0.1203843461170244E+00  0.4365516692437852E+00  0.7075507067409492E+00  0.7834101107154192E+00  0.6842640032296602E+00  0.4764232439879306E+00  0.2159634460078878E+00 -0.5258916212365485E-01 -0.2869109979210437E+00 -0.4438261337623333E+00 -0.5000887118548071E+00 -0.5135087649994869E+00 -0.6458793317476884E+00 -0.9681096204521838E+00 -0.1303354530411095E+01 -0.1390810704342546E+01 -0.1182757440452472E+01 -0.7978259701906384E+00 -0.3303644039285666E+00  0.1932672415950615E+00
  0.1345669511638862E+00  0.3450516199039596E-01  0.2380824371350740E+00  0.4689615974156466E+00  0.5875363034916099E+00  0.5624192479793377E+00  0.4273512184050264E+00  0.2304316580514230E+00  0.1726996325846712E-01 -0.1704691688879496E+00 -0.2954330947469256E+00 -0.3395795821005729E+00 -0.3366558017591391E+00 -0.4105378651326896E+00 -0.6803698087611009E+00 -0.1080636952934909E+01 -0.1357531015093971E+01 -0.1321993056705399E+01 -0.1017469843346624E+01 -0.4720344446191513E+00  0.3986334905108297E+00
  0.1221452154112194E+00 -0.9216387064735924E-02  0.9449605421701168E-01  0.2477056335172812E+00  0.3600574255389896E+00  0.3835002657610310E+00  0.3202377334507697E+00  0.1984256853351104E+00  0.5455276820067719E-01 -0.7545054912533566E-01 -0.1618628370681170E+00 -0.1930604244325123E+00 -0.1863939191347642E+00 -0.2134234037989165E+00 -0.3890653227993463E+00 -0.7561550901613926E+00 -0.1167644184889841E+01 -0.1336599970688222E+01 -0.1180622126006813E+01 -0.6204401193117174E+00  0.6806982319283397E+00
  0.2726022113950802E-01 -0.6796092031673712E-02  0.6871945044486888E-02  0.7178597375503983E-01  0.1460831883655866E+00  0.1852198769508999E+00  0.1735477811080963E+00  0.1197575156137138E+00  0.4538738001907335E-01 -0.2515695926603286E-01 -0.7245032684930361E-01 -0.8927690889439284E-01 -0.8303740095605304E-01 -0.8157828453349732E-01 -0.1543905331225577E+00 -0.3928726210001818E+00 -0.8238772629858894E+00 -0.1174744613017593E+01 -0.1224285271949921E+01 -0.7675313176132172E+00  0.1078308680889731E+01
 -0.1672577990263149E+00  0.4572488604542467E-01 -0.3008314089004091E-01 -0.3577745265577548E-01 -0.1233264793115611E-02  0.3215951408583437E-01  0.4498217772320810E-01  0.3530392715014914E-01  0.1160083816713234E-01 -0.1386397930296024E-01 -0.3096157497250499E-01 -0.3485392631142471E-01 -0.2857708725243431E-01 -0.1738150968885687E-01 -0.2267833430075578E-01 -0.9366054736596889E-01 -0.4051125802635303E+00 -0.8201051467726185E+00 -0.1049418425405231E+01 -0.8464099833880280E+00  0.1489811524758853E+01
  0.4136358815045367E+00 -0.2192071924590135E+00 -0.2439856958725037E+00 -0.1776782698834986E+00 -0.1115371132667813E+00 -0.6318015197139108E-01 -0.3314734328264313E-01 -0.1833222130919003E-01 -0.1376024744658923E-01 -0.1339815807069879E-01 -0.1233035952518155E-01 -0.7449732465183456E-02 -0.2767878867346819E-03  0.9304261088211132E-02  0.1167368080464288E-01  0.9992116354762022E-02 -0.1327322924442060E+00 -0.3904393610720571E+00 -0.5667500539935537E+00 -0.5440860609396786E+00  0.1065508128825482E+01
  0.0000000000000000E+00  0.0000000000000000E+00  0.0000000000000000E+00  0.0000000000000000E+00  0.0000000000000000E+00  0.0000000000000000E+00  0.0000000000000000E+00  0.0000000000000000E+00  0.0000000000000000E+00  0.0000000000000000E+00  0.0000000000000000E+00  0.0000000000000000E+00  0.0000000000000000E+00  0.0000000000000000E+00  0.0000000000000000E+00  0.0000000000000000E+00  0.0000000000000000E+00  0.0000000000000000E+00  0.0000000000000000E+00  0.0000000000000000E+00  0.0000000000000000E+00
