  0.0000000000000000E+00  0.0000000000000000E+00  0.0000000000000000E+00  0.0000000000000000E+00  0.0000000000000000E+00  0.0000000000000000E+00  0.0000000000000000E+00  0.0000000000000000E+00  0.0000000000000000E+00  0.0000000000000000E+00  0.0000000000000000E+00  0.0000000000000000E+00  0.0000000000000000E+00  0.0000000000000000E+00  0.0000000000000000E+00  0.0000000000000000E+00  0.0000000000000000E+00  0.0000000000000000E+00  0.0000000000000000E+00  0.0000000000000000E+00  0.0000000000000000E+00
  0.2174917921518730E-01 -0.1688806325172691E-01 -0.2891501053999344E-01 -0.3387932539516118E-01 -0.3575363002045635E-01 -0.3702414645013388E-01 -0.3837225790890567E-01 -0.3998089279442581E-01 -0.4185561102960371E-01 -0.4393478440998162E-01 -0.4609878322429540E-01 -0.4817038317304287E-01 -0.4992263243295161E-01 -0.5109855939559520E-01 -0.5142690639172388E-01 -0.5058286070702232E-01 -0.4798608500753614E-01 -0.4238299373215565E-01 -0.3120967125836407E-01 -0.1351121615727928E-01  0.9323977213473778E-02
  0.2801909313422025E-01 -0.2007470648380833E-01 -0.3220502631720475E-01 -0.3738521619098244E-01 -0.3990119051454007E-01 -0.4220212468112323E-01 -0.4492188111956708E-01 -0.4822650371981024E-01 -0.5209468600492126E-01 -0.5640774993363579E-01 -0.6094006114398617E-01 -0.6534855773541526E-01 -0.6918165896686009E-01 -0.7192002284145280E-01 -0.7303478109552820E-01 -0.7199030494789957E-01 -0.6802242928111479E-01 -0.5954870471014845E-01 -0.4349155573719998E-01 -0.1881932457251907E-01  0.1296641798035722E-01
  0.3254263809864021E-01 -0.2350079837992535E-01 -0.3795975704113586E-01 -0.4433844511436046E-01 -0.4818785606841995E-01 -0.5220961994025679E-01 -0.5710723019880254E-01 -0.6304507479951722E-01 -0.6996883547153257E-01 -0.7768003468535822E-01 -0.8580506427617507E-01 -0.9376642484946210E-01 -0.1007851295074474E+00 -0.1059396261738200E+00 -0.1082763037012758E+00 -0.1068807366398234E+00 -0.1006565066307304E+00 -0.8751796288845401E-01 -0.6345345229110280E-01 -0.2687582042959147E-01  0.1717400899767162E-01
  0.3440845938957050E-01 -0.2519717375959253E-01 -0.4118306188920709E-01 -0.4845734048494970E-01 -0.5351860404843012E-01 -0.5925335368066684E-01 -0.6640147262423099E-01 -0.7512311699983309E-01 -0.8534825864888550E-01 -0.9682377542405496E-01 -0.1090447422556931E+00 -0.1211839425713743E+00 -0.1320591054317258E+00 -0.1401900275004957E+00 -0.1439815688806390E+00 -0.1419619795981188E+00 -0.1327265413296060E+00 -0.1140075615245933E+00 -0.8129503793921339E-01 -0.3307513793555806E-01  0.1793037586746080E-01
  0.3517714338553281E-01 -0.2610510175343680E-01 -0.4313816187477758E-01 -0.5126137343408705E-01 -0.5754818975402747E-01 -0.6504661048325720E-01 -0.7455003010445629E-01 -0.8626389211123760E-01 -0.1001647667598660E+00 -0.1160124721963146E+00 -0.1332222933109991E+00 -0.1507122013795439E+00 -0.1667733735605824E+00 -0.1790645750686515E+00 -0.1848756680470879E+00 -0.1817161739823039E+00 -0.1677832325496382E+00 -0.1411462820160967E+00 -0.9768662963985966E-01 -0.3729099895841206E-01  0.1418636723537653E-01
  0.3454096535722830E-01 -0.2594548678449348E-01 -0.4329549499625215E-01 -0.5203010114928815E-01 -0.5942638582090939E-01 -0.6861187346878345E-01 -0.8043784106798375E-01 -0.9521998964164956E-01 -0.1130804623778651E+00 -0.1339171969978111E+00 -0.1571916452909199E+00 -0.1816308308520455E+00 -0.2048809700505866E+00 -0.2232834883612322E+00 -0.2321719268026913E+00 -0.2271529634800162E+00 -0.2058741575801810E+00 -0.1677878111144712E+00 -0.1108077854571762E+00 -0.3797500183007395E-01  0.3117220033045640E-02
  0.3217205093868036E-01 -0.2451373334023753E-01 -0.4136914908203224E-01 -0.5040461447432018E-01 -0.5872756439353271E-01 -0.6943090179833199E-01 -0.8342715168085285E-01 -0.1012245939112322E+00 -0.1232337545488271E+00 -0.1496985612552642E+00 -0.1803820102557215E+00 -0.2140366447849780E+00 -0.2476179048496966E+00 -0.2754793137445056E+00 -0.2894984688526657E+00 -0.2816926796791206E+00 -0.2488835038884277E+00 -0.1938181088615394E+00 -0.1192086237698405E+00 -0.3354476643144599E-01 -0.1857432447550256E-01
  0.2768178198031127E-01 -0.2156647945568674E-01 -0.3701765638674894E-01 -0.4596632890552538E-01 -0.5493621061097458E-01 -0.6683455936309134E-01 -0.8262664006393643E-01 -0.1030996685252164E+00 -0.1291339607622078E+00 -0.1616324382759314E+00 -0.2011227725105953E+00 -0.2469019774814921E+00 -0.2954236733763013E+00 -0.3381539342359551E+00 -0.3610009438960682E+00 -0.3494761226819353E+00 -0.2992175627506114E+00 -0.2193708529021993E+00 -0.1215291806315237E+00 -0.2250082214670220E-01 -0.5402671419141707E-01
  0.2074002022667423E-01 -0.1690435622825671E-01 -0.2997304845809591E-01 -0.3839917740159896E-01 -0.4764000060225780E-01 -0.6021930143251181E-01 -0.7711534885010193E-01 -0.9945546762354235E-01 -0.1287789044465563E+00 -0.1670590033332372E+00 -0.2163256120035934E+00 -0.2774261063002341E+00 -0.3469811988181948E+00 -0.4125228025328326E+00 -0.4502617031710092E+00 -0.4349593195743706E+00 -0.3607998080470789E+00 -0.2471719406158809E+00 -0.1192353525008108E+00 -0.5748683105794587E-02 -0.1019893031834271E+00
  0.1108634235552589E-01 -0.1038391191259973E-01 -0.2006539338227330E-01 -0.2752923431621929E-01 -0.3659308509562875E-01 -0.4913541990017551E-01 -0.6604429888082054E-01 -0.8876608666236983E-01 -0.1196122916318170E+00 -0.1620467314447862E+00 -0.2205793002878008E+00 -0.2992073630434106E+00 -0.3961368426486009E+00 -0.4941572871917103E+00 -0.5554794831214653E+00 -0.5395363834217516E+00 -0.4389585507994828E+00 -0.2856712605900902E+00 -0.1211879281619415E+00  0.9127238815472239E-02 -0.1485696446083583E+00
 -0.1480913499440572E-02 -0.1927135600766862E-02 -0.7262320301741157E-02 -0.1340717942598215E-01 -0.2185605582119786E-01 -0.3350199315005142E-01 -0.4894307768044859E-01 -0.6976501345874457E-01 -0.9894567409737566E-01 -0.1416485152024721E+00 -0.2058352781544243E+00 -0.3007190231427281E+00 -0.4285092145086176E+00 -0.5676894814732451E+00 -0.6635829839898966E+00 -0.6572965830390078E+00 -0.5389810390360233E+00 -0.3502111237987691E+00 -0.1466640161112058E+00  0.5200133808815470E-02 -0.1622644175376522E+00
 -0.1718500280011685E-01  0.8496607865070267E-02  0.8304820795093950E-02  0.3601019087326897E-02 -0.3971994974021648E-02 -0.1391158530173444E-01 -0.2622836910127743E-01 -0.4226314445459870E-01 -0.6519783036182600E-01 -0.1016130216779731E+00 -0.1634833224064134E+00 -0.2674732518455347E+00 -0.4235544363695127E+00 -0.6090764897120131E+00 -0.7534060170036065E+00 -0.7787253783402824E+00 -0.6674647232037683E+00 -0.4605992637215645E+00 -0.2210951933721087E+00 -0.3584571780527324E-01 -0.1135580399562890E+00
 -0.3643121653143502E-01  0.2091299543798132E-01  0.2630776978250894E-01  0.2270179611750946E-01  0.1582775020275657E-01  0.8002454703719922E-02  0.1115387747624823E-03 -0.8443817240070602E-02 -0.2028832711629917E-01 -0.4257714439994431E-01 -0.9115006110366591E-01 -0.1919967234159613E+00 -0.3673559505943730E+00 -0.5992624581215937E+00 -0.8072073802894126E+00 -0.8965731779268732E+00 -0.8308790545899526E+00 -0.6342982823811113E+00 -0.3651359931769596E+00 -0.1187798098819408E+00 -0.8796563531137058E-02
 -0.6017870638141767E-01  0.3545830372320623E-01  0.4619620478820103E-01  0.4254459225753004E-01  0.3543357349741846E-01  0.2928461709440279E-01  0.2598129570632312E-01  0.2595704289364997E-01  0.2779472999794594E-01  0.2487448555635530E-01 -0.1212581302432027E-02 -0.8516645339173351E-01 -0.2628978739871487E+00 -0.5269889955168339E+00 -0.7999929323456703E+00 -0.9800747129714766E+00 -0.1002778515276431E+01 -0.8574456370268155E+00 -0.5760457512735969E+00 -0.2366825403269037E+00  0.1340018697071141E+00
 -0.8916060105285753E-01  0.5190940030201727E-01  0.6656759985319427E-01  0.6072906131426060E-01  0.5161962249365874E-01  0.4571703440775638E-01  0.4553788006552952E-01  0.5223806109111122E-01  0.6562714727386991E-01  0.8067201474948468E-01  0.7962243890792479E-01  0.2493531381415480E-01 -0.1279378597693653E+00 -0.3867051603709470E+00 -0.6957227958481623E+00 -0.9662162617367848E+00 -0.1109450176574359E+01 -0.1065913505912868E+01 -0.8161627474196662E+00 -0.3802050639907015E+00  0.3244524445524384E+00
 -0.1294203442085305E+00  0.7173875315465937E-01  0.8579591525544758E-01  0.7350728853075335E-01  0.5979154508967492E-01  0.5227592944830733E-01  0.5285992426431803E-01  0.6228619344777876E-01  0.8076881430844068E-01  0.1053846384477294E+00  0.1231394760156831E+00  0.1029189680868481E+00  0.1517977270283255E-02 -0.2035368426066480E+00 -0.4917125865044644E+00 -0.8133947450854162E+00 -0.1080330553153225E+01 -0.1181661258239840E+01 -0.1028644464231715E+01 -0.5396552020845784E+00  0.5903211420220205E+00
 -0.1462995326703479E+00  0.7870392164220544E-01  0.8981223225626843E-01  0.7029337617029463E-01  0.5284117969656830E-01  0.4455461087747470E-01  0.4538823496175760E-01  0.5457764858679109E-01  0.7169250926012925E-01  0.9524086353235901E-01  0.1183363984569640E+00  0.1225972764543430E+00  0.7828817280506167E-01 -0.3931038176890245E-01 -0.2388120855071270E+00 -0.5281838419515381E+00 -0.8695801060776536E+00 -0.1124163202435734E+01 -0.1133945116490582E+01 -0.7030317016365002E+00  0.9751499884189190E+00
 -0.3339092163675754E+00  0.1396164181803205E+00  0.8494003817338600E-01  0.4003300177557125E-01  0.2104965064361932E-01  0.1729047641108606E-01  0.2152669783152255E-01  0.3069232089894840E-01  0.4374212856532762E-01  0.5996235876828530E-01  0.7685027510267495E-01  0.8740916620652837E-01  0.7939127150891069E-01  0.4072834594328523E-01 -0.3863827302639592E-01 -0.2043706822817884E+00 -0.5104846167040754E+00 -0.8434713530728383E+00 -0.1014550158924210E+01 -0.8058456539020424E+00  0.1402986802781917E+01
  0.2006096573499561E+00 -0.9683004437434584E-01 -0.8988047577308136E-01 -0.5379077005206654E-01 -0.2445366962833332E-01 -0.5451349167873256E-02  0.7501135364368662E-02  0.1801940480224307E-01  0.2797341470206968E-01  0.3795558242439895E-01  0.4728727864902166E-01  0.5349227188169758E-01  0.5226301258670119E-01  0.3925550902643888E-01  0.1452491784415798E-01 -0.4539339062561900E-01 -0.2100487990007104E+00 -0.4282746721844151E+00 -0.5610429125276185E+00 -0.5301986915624171E+00  0.1029553162159633E+01
  0.0000000000000000E+00  0.0000000000000000E+00  0.0000000000000000E+00  0.0000000000000000E+00  0.0000000000000000E+00  0.0000000000000000E+00  0.0000000000000000E+00  0.0000000000000000E+00  0.0000000000000000E+00  0.0000000000000000E+00  0.0000000000000000E+00  0.0000000000000000E+00  0.0000000000000000E+00  0.0000000000000000E+00  0.0000000000000000E+00  0.0000000000000000E+00  0.0000000000000000E+00  0.0000000000000000E+00  0.0000000000000000E+00  0.0000000000000000E+00  0.0000000000000000E+00
