  0.0000000000000000E+00  0.0000000000000000E+00  0.0000000000000000E+00  0.0000000000000000E+00  0.0000000000000000E+00  0.0000000000000000E+00  0.0000000000000000E+00  0.0000000000000000E+00  0.0000000000000000E+00  0.0000000000000000E+00  0.0000000000000000E+00  0.0000000000000000E+00  0.0000000000000000E+00  0.0000000000000000E+00  0.0000000000000000E+00  0.0000000000000000E+00  0.0000000000000000E+00  0.0000000000000000E+00  0.0000000000000000E+00  0.0000000000000000E+00  0.0000000000000000E+00
  0.2541522308535875E-01 -0.2060354545941717E-01 -0.3639541329289275E-01 -0.4444035996385098E-01 -0.4858084473020833E-01 -0.5239175227198563E-01 -0.5685051792474155E-01 -0.6201199847743204E-01 -0.6733771385365450E-01 -0.7191676406610970E-01 -0.7459355735119184E-01 -0.7425022203241725E-01 -0.7022754281786356E-01 -0.6271299838515371E-01 -0.5277990720031900E-01 -0.4194120175371600E-01 -0.3124759392830074E-01 -0.2095481754827472E-01 -0.9432736289775237E-02 -0.9039357021113552E-03 -0.6720929183441172E-02
  0.3147251583652735E-01 -0.2357656138984022E-01 -0.3925716833299331E-01 -0.4846618320150779E-01 -0.5490942899270222E-01 -0.6212394330392051E-01 -0.7104601058673266E-01 -0.8160212738673660E-01 -0.9283694667851218E-01 -0.1030323097527942E+00 -0.1098209478464056E+00 -0.1107163716811238E+00 -0.1040930259595708E+00 -0.9017963569898529E-01 -0.7121362745228474E-01 -0.5044124474657672E-01 -0.3039301827148520E-01 -0.1206323018008458E-01  0.5550789412258006E-02  0.1364684213173264E-01 -0.3538973698293991E-01
  0.3418429203468622E-01 -0.2648668446884482E-01 -0.4527576137184824E-01 -0.5760003837197857E-01 -0.6810204550706012E-01 -0.8070271844046288E-01 -0.9650556432919555E-01 -0.1153355515592051E+00 -0.1357337917375812E+00 -0.1549037589346635E+00 -0.1687182846238242E+00 -0.1725356836850210E+00 -0.1630662242668733E+00 -0.1404294493596588E+00 -0.1085295990506681E+00 -0.7318130838738257E-01 -0.3909917274712436E-01 -0.8293875935689778E-02  0.2002510632225754E-01  0.3261507269939325E-01 -0.7782011177592221E-01
  0.3064882186641173E-01 -0.2541886845153827E-01 -0.4560778348820307E-01 -0.6034386247453831E-01 -0.7469323578048803E-01 -0.9288071062397066E-01 -0.1162656220692179E+00 -0.1447840082282026E+00 -0.1766622262403744E+00 -0.2079061978818758E+00 -0.2318725497807052E+00 -0.2404189920969861E+00 -0.2274643004424464E+00 -0.1930931359066450E+00 -0.1441186758106925E+00 -0.9047922934338745E-01 -0.4021836687803469E-01  0.3253721649307304E-02  0.4114891861177001E-01  0.5635581350503823E-01 -0.1279185219033447E+00
  0.2291872399481701E-01 -0.2162727773966096E-01 -0.4196310922416588E-01 -0.5872503464693925E-01 -0.7677357349899153E-01 -0.1007700421344449E+00 -0.1326748501481733E+00 -0.1730629767746006E+00 -0.2203044434664627E+00 -0.2690758544695057E+00 -0.3088543202659718E+00 -0.3255761231792234E+00 -0.3085132132232062E+00 -0.2579380780604712E+00 -0.1853658444993188E+00 -0.1069777635046335E+00 -0.3590079345846588E-01  0.2215150560042058E-01  0.6908106656462502E-01  0.8433961249504654E-01 -0.1839377709205146E+00
  0.9863846426688888E-02 -0.1426215160118082E-01 -0.3292260837685358E-01 -0.5064310172127903E-01 -0.7144901119148393E-01 -0.1005468025244575E+00 -0.1409862423248806E+00 -0.1948266787462338E+00 -0.2614405274375496E+00 -0.3341817623884590E+00 -0.3968246079076086E+00 -0.4263249742531359E+00 -0.4055689349408324E+00 -0.3357058987243475E+00 -0.2343439487466772E+00 -0.1252127177973000E+00 -0.2812391075532937E-01  0.4742542465368431E-01  0.1031444862035834E+00  0.1149918442741960E+00 -0.2418310466190046E+00
 -0.9375319784939645E-02 -0.2801001977542722E-02 -0.1777832571756781E-01 -0.3489714555430824E-01 -0.5669802618219497E-01 -0.8897885218586704E-01 -0.1364563302214807E+00 -0.2037886954541478E+00 -0.2926110063169587E+00 -0.3951873105925475E+00 -0.4877444700172582E+00 -0.5356893999884824E+00 -0.5150399192882742E+00 -0.4285050598471793E+00 -0.2989921650326254E+00 -0.1567679687685621E+00 -0.2884864894469420E-01  0.6940578162229825E-01  0.1361179014647020E+00  0.1418199732280570E+00 -0.2893420182194690E+00
 -0.3513316738181614E-01  0.1301692922406123E-01  0.3917620290367544E-02 -0.1043463812340692E-01 -0.3031985339409738E-01 -0.6192172305644397E-01 -0.1120382609831449E+00 -0.1890824096127992E+00 -0.2986563636069089E+00 -0.4330520422298023E+00 -0.5605602881502864E+00 -0.6346246799637847E+00 -0.6251170130451856E+00 -0.5346247843067181E+00 -0.3870190875404628E+00 -0.2163575020950165E+00 -0.5616907802502875E-01  0.7080342309039371E-01  0.1536301658760318E+00  0.1533350895749457E+00 -0.3063751028488054E+00
 -0.6643504008960825E-01  0.3271768585731745E-01  0.3171801748234410E-01  0.2274837275245889E-01  0.8768337691852745E-02 -0.1616848747741019E-01 -0.6099764525502568E-01 -0.1390982097814099E+00 -0.2627923765499888E+00 -0.4275287141078041E+00 -0.5955001289429238E+00 -0.7093303897144404E+00 -0.7317788709772308E+00 -0.6587321294783303E+00 -0.5085771909007560E+00 -0.3177102520353409E+00 -0.1266323186165225E+00  0.3336183001027512E-01  0.1383108096564060E+00  0.1383428954877357E+00 -0.2767178768068012E+00
 -0.1006336746303941E+00  0.5484729195101320E-01  0.6390820122264547E-01  0.6287225180039327E-01  0.5905594432895870E-01  0.4771267735772900E-01  0.1791974314073744E-01 -0.5021987731412744E-01 -0.1795108473664744E+00 -0.3722857717058295E+00 -0.5865288427054673E+00 -0.7559161391865304E+00 -0.8343846439396347E+00 -0.8036083569372990E+00 -0.6700978119383166E+00 -0.4696947385313879E+00 -0.2504874869726956E+00 -0.5511189127741466E-01  0.7846832732946973E-01  0.9560721657841129E-01 -0.2083533224057641E+00
 -0.1335314141547581E+00  0.7693303472103791E-01  0.9726769000835558E-01  0.1056690365310118E+00  0.1147523521724690E+00  0.1218776616858634E+00  0.1143567405515354E+00  0.6489196898851872E-01 -0.6131274820897877E-01 -0.2739213559404778E+00 -0.5288432414314344E+00 -0.7574825802053821E+00 -0.9086257927105401E+00 -0.9475274961198334E+00 -0.8614046963209038E+00 -0.6744067065320547E+00 -0.4366314609033496E+00 -0.2034452244547295E+00 -0.2789840819140307E-01  0.3410490677345034E-01 -0.1302131285117541E+00
 -0.1603124989824584E+00  0.9590353095495976E-01  0.1273980938824209E+00  0.1446262399839362E+00  0.1658661428276616E+00  0.1911763548819410E+00  0.2070283694869455E+00  0.1807988074182158E+00  0.6899764627134462E-01 -0.1439002438225296E+00 -0.4174028686136578E+00 -0.6907277706943875E+00 -0.9155978652643366E+00 -0.1046425541280898E+01 -0.1047091165672938E+01 -0.9143999689622676E+00 -0.6852639367235168E+00 -0.4192902833397553E+00 -0.1827634338404129E+00 -0.4247642096431397E-01 -0.5533417094747095E-01
 -0.1770136690907369E+00  0.1089138782669106E+00  0.1497279657099951E+00  0.1726924667554919E+00  0.2013260655764711E+00  0.2387031957620306E+00  0.2724138753736376E+00  0.2694338253064315E+00  0.1835517873525679E+00 -0.5917847672038052E-02 -0.2675519811778387E+00 -0.5533186059404358E+00 -0.8261320748306064E+00 -0.1045046183514300E+01 -0.1159875648111822E+01 -0.1130729552973253E+01 -0.9600819677370878E+00 -0.6928415984713208E+00 -0.3932018073975589E+00 -0.1429432766630406E+00  0.3562802259156284E-01
 -0.1825619064146472E+00  0.1145751367491511E+00  0.1611635038328062E+00  0.1848895853412212E+00  0.2134971567690501E+00  0.2531031650249534E+00  0.2944277780272401E+00  0.3093117480569553E+00  0.2551254305772486E+00  0.1069761861147921E+00 -0.1151823736451069E+00 -0.3743106455492703E+00 -0.6468670589107189E+00 -0.9133176396396185E+00 -0.1134528888394500E+01 -0.1243692171313150E+01 -0.1189994071014950E+01 -0.9800689082925833E+00 -0.6503621743740161E+00 -0.2728926133031567E+00  0.1683156655354540E+00
 -0.1765983456663351E+00  0.1120014691429702E+00  0.1594060617625755E+00  0.1788672961403109E+00  0.2004977677656877E+00  0.2328872879650096E+00  0.2706993865564578E+00  0.2937285434421758E+00  0.2681615524435192E+00  0.1679220255901332E+00  0.6234519735861374E-03 -0.2050333579556586E+00 -0.4310106695471209E+00 -0.6792809444161018E+00 -0.9499199689463210E+00 -0.1189323479476162E+01 -0.1294656689400995E+01 -0.1208021723515855E+01 -0.9139537561964384E+00 -0.4251261440242910E+00  0.3614246758764346E+00
 -0.1724390809441721E+00  0.1068932242636643E+00  0.1482405918468208E+00  0.1572608419861591E+00  0.1662661664142302E+00  0.1850699150867127E+00  0.2111052109431092E+00  0.2317519309415780E+00  0.2244437251910415E+00  0.1674784220890413E+00  0.5832611219878393E-01 -0.8523307921176956E-01 -0.2438257103817605E+00 -0.4194220530503903E+00 -0.6498675484221111E+00 -0.9500953895914872E+00 -0.1213990713265283E+01 -0.1300878346387216E+01 -0.1123068365599364E+01 -0.5868532549892955E+00  0.6374913993685227E+00
 -0.1280387860451692E+00  0.7859401252402191E-01  0.1077432515268965E+00  0.1093861906388507E+00  0.1106754140016222E+00  0.1197357142239237E+00  0.1351735041108660E+00  0.1495917291319174E+00  0.1499278387132679E+00  0.1221827138539557E+00  0.6111420678836869E-01 -0.2516976767143180E-01 -0.1208377852497081E+00 -0.2151044136792069E+00 -0.3384424014103666E+00 -0.5806031922880973E+00 -0.9307595855004416E+00 -0.1196428515645185E+01 -0.1204543943861507E+01 -0.7464185186400387E+00  0.1034711612058609E+01
 -0.2774431137174194E+00  0.1201716736118585E+00  0.8307190711815618E-01  0.4931547200739599E-01  0.3880843347800511E-01  0.4275243705721402E-01  0.5348808246305185E-01  0.6454891006198599E-01  0.6883885656787578E-01  0.5945979595112126E-01  0.3337267764548258E-01 -0.6083957046631156E-02 -0.4991260685427877E-01 -0.8939448348763149E-01 -0.1217592315512208E+00 -0.2219988083538513E+00 -0.5176015721100186E+00 -0.8696212837631460E+00 -0.1053319081290786E+01 -0.8378420600412430E+00  0.1460207098832943E+01
  0.3153797899581665E+00 -0.1631053238187785E+00 -0.1739361814981690E+00 -0.1227558132746308E+00 -0.7245696041557206E-01 -0.3437969310729125E-01 -0.6866933058504644E-02  0.1242100633676573E-01  0.2390174810466097E-01  0.2668604859164392E-01  0.2064623668753791E-01  0.7446954869079900E-02 -0.7874944440599408E-02 -0.2247561711281017E-01 -0.3102292020206040E-01 -0.5665397751932964E-01 -0.2051418002088154E+00 -0.4308043580183928E+00 -0.5747405220726189E+00 -0.5436121617446236E+00  0.1056095963161252E+01
  0.0000000000000000E+00  0.0000000000000000E+00  0.0000000000000000E+00  0.0000000000000000E+00  0.0000000000000000E+00  0.0000000000000000E+00  0.0000000000000000E+00  0.0000000000000000E+00  0.0000000000000000E+00  0.0000000000000000E+00  0.0000000000000000E+00  0.0000000000000000E+00  0.0000000000000000E+00  0.0000000000000000E+00  0.0000000000000000E+00  0.0000000000000000E+00  0.0000000000000000E+00  0.0000000000000000E+00  0.0000000000000000E+00  0.0000000000000000E+00  0.0000000000000000E+00
