  0.0000000000000000E+00  0.0000000000000000E+00  0.0000000000000000E+00  0.0000000000000000E+00  0.0000000000000000E+00  0.0000000000000000E+00  0.0000000000000000E+00  0.0000000000000000E+00  0.0000000000000000E+00  0.0000000000000000E+00  0.0000000000000000E+00  0.0000000000000000E+00  0.0000000000000000E+00  0.0000000000000000E+00  0.0000000000000000E+00  0.0000000000000000E+00  0.0000000000000000E+00  0.0000000000000000E+00  0.0000000000000000E+00  0.0000000000000000E+00  0.0000000000000000E+00
  0.3806097592047154E-01 -0.1558603817183022E-01 -0.8697138595019110E-02  0.2239920373688657E-02 -0.8763086538900060E-02 -0.3819018321160566E-01 -0.6834430518309328E-01 -0.8152306384817787E-01 -0.8110165508230113E-01 -0.7416196011256596E-01 -0.6190399310906704E-01 -0.3141018638438778E-01  0.2644648486655923E-01  0.9324122347680759E-01  0.1334472664192112E+00  0.1326410581034817E+00  0.9866398660135796E-01  0.4574224850677315E-01 -0.5977712729514239E-02 -0.2497083382971503E-01  0.6893478875963086E-01
  0.1532737716841828E-02  0.1721278607221874E-01  0.5317109593349806E-01  0.7178906113850989E-01  0.4306380346504340E-01 -0.2495053538848087E-01 -0.1160477738300379E+00 -0.2058257707381293E+00 -0.2791106626546452E+00 -0.3162560591971972E+00 -0.3030592065913526E+00 -0.2270941266335285E+00 -0.1022359543915977E+00  0.3534975543343698E-01  0.1444961531836199E+00  0.1998227708753220E+00  0.1966373237597627E+00  0.1457304934690570E+00  0.7157924823286413E-01  0.1104793607318000E-01  0.3843544001332412E-01
 -0.1541914034399849E+00  0.1092026927189686E+00  0.1734166747169208E+00  0.1818503975334008E+00  0.1177760258759522E+00  0.4417844658596961E-02 -0.1368992187023198E+00 -0.2777590610535733E+00 -0.4030026862291082E+00 -0.4868014991686024E+00 -0.5101194379980555E+00 -0.4498101679113192E+00 -0.3102683954850398E+00 -0.1254385424370892E+00  0.5537045805520129E-01  0.1932027975884393E+00  0.2643424277562479E+00  0.2593619111748130E+00  0.1927605881461405E+00  0.1031310497636469E+00 -0.1166325611448001E+00
 -0.4001722046064570E+00  0.2449824513299770E+00  0.3347751493834740E+00  0.3164909561545016E+00  0.2108080040007352E+00  0.5099039214524986E-01 -0.1414364200981170E+00 -0.3355692038274137E+00 -0.5158552300109964E+00 -0.6500351017015894E+00 -0.7140499552841564E+00 -0.6761921854722489E+00 -0.5338699812444555E+00 -0.3205145256086073E+00 -0.9212298024242994E-01  0.1091414316845420E+00  0.2543117562439031E+00  0.3165001717632185E+00  0.2907422769626750E+00  0.1946058683348082E+00 -0.2930753280417497E+00
 -0.6599564313741270E+00  0.3912758457601584E+00  0.5138711059063482E+00  0.4643258269605546E+00  0.3225469642716250E+00  0.1261963745496045E+00 -0.1035944765065512E+00 -0.3359070492958460E+00 -0.5592215099386916E+00 -0.7433502052833185E+00 -0.8628153099868613E+00 -0.8738883454346513E+00 -0.7514084769859859E+00 -0.5199753991941396E+00 -0.2535347549518217E+00 -0.9951326855268802E-02  0.1870919010201114E+00  0.3099315286103927E+00  0.3334501037266678E+00  0.2352182792157752E+00 -0.3722047339206578E+00
 -0.8567256956912673E+00  0.5139084389319529E+00  0.6849996211045916E+00  0.6092339102178391E+00  0.4365941678374493E+00  0.2090790009790224E+00 -0.5108982084577953E-01 -0.3122523041755856E+00 -0.5648420205597583E+00 -0.7848007813272492E+00 -0.9549004157478559E+00 -0.1031973174680786E+01 -0.9628806516424308E+00 -0.7355829317342596E+00 -0.4286581013360840E+00 -0.1412897985021527E+00  0.9226121346694761E-01  0.2569933792857658E+00  0.3167567111786058E+00  0.2185022735478876E+00 -0.3387501094650570E+00
 -0.9361063958596036E+00  0.5889100252677110E+00  0.8306236799435294E+00  0.7445114006492141E+00  0.5503624341745049E+00  0.3003624178874124E+00  0.1795945253063879E-01 -0.2642479626061350E+00 -0.5341613524130708E+00 -0.7718494698269637E+00 -0.9733440358208661E+00 -0.1115947433310404E+01 -0.1135923377916476E+01 -0.9651196148298704E+00 -0.6395475498326954E+00 -0.2956881830003659E+00 -0.1938020834134914E-01  0.1737523931875189E+00  0.2559337778701992E+00  0.1737961912869829E+00 -0.2654547959907495E+00
 -0.8780732924028635E+00  0.6064160142244618E+00  0.9411747502705218E+00  0.8670138036128335E+00  0.6607837724282193E+00  0.3944648252636773E+00  0.9255894355691868E-01 -0.2111075839152808E+00 -0.4966598316140988E+00 -0.7399229521992496E+00 -0.9439943548801825E+00 -0.1120313564087884E+01 -0.1231512899289987E+01 -0.1170606361390348E+01 -0.8886529843797488E+00 -0.5033417226227951E+00 -0.1658720746515261E+00  0.6775611931460636E-01  0.1769148999546888E+00  0.1286778687457775E+00 -0.2091187062826437E+00
 -0.7133114814078307E+00  0.5735779718029359E+00  0.1007422434000977E+01  0.9721852214917146E+00  0.7663668382107089E+00  0.4920141548353771E+00  0.1765632025977686E+00 -0.1472861119933928E+00 -0.4520018744485580E+00 -0.7030629628452423E+00 -0.8951857931540451E+00 -0.1065753285595082E+01 -0.1233289632498410E+01 -0.1298561597455639E+01 -0.1128197003213062E+01 -0.7592656758210774E+00 -0.3680239196359814E+00 -0.7128369156750508E-01  0.8975544726198773E-01  0.9247603928630027E-01 -0.1876726705969131E+00
 -0.5108377212033501E+00  0.5094449449889074E+00  0.1017497113763372E+01  0.1048326591606034E+01  0.8604944588482946E+00  0.5874561541576846E+00  0.2666838103954642E+00 -0.7127256067987124E-01 -0.3947609605522788E+00 -0.6601046444756375E+00 -0.8430489615972376E+00 -0.9830885538560695E+00 -0.1157990350506983E+01 -0.1325052566983366E+01 -0.1303055502211306E+01 -0.1018487756357411E+01 -0.6140425032896707E+00 -0.2544365505729250E+00 -0.1862699834928377E-01  0.5283335963396816E-01 -0.1771270772511883E+00
 -0.3176639620906975E+00  0.4255813650197438E+00  0.9590801329685340E+00  0.1073580127981635E+01  0.9270801144873753E+00  0.6686536954630616E+00  0.3535384236499854E+00  0.1334167227826313E-01 -0.3193092182382904E+00 -0.5978661791425008E+00 -0.7807236038033858E+00 -0.8874012138586027E+00 -0.1030334436121487E+01 -0.1252124266648587E+01 -0.1379874482736196E+01 -0.1234537226758708E+01 -0.8730508040747077E+00 -0.4768420981802488E+00 -0.1620972212443758E+00 -0.6960975654189351E-02 -0.1412142942818078E+00
 -0.1528923109171344E+00  0.3280115016744466E+00  0.8311421941062055E+00  0.1029710654628772E+01  0.9492645255796089E+00  0.7231752395734427E+00  0.4255616245862983E+00  0.9607422329900933E-01 -0.2311255375778505E+00 -0.5114609041236652E+00 -0.6958427108978633E+00 -0.7787334699776064E+00 -0.8720020226673404E+00 -0.1097182178724684E+01 -0.1344894905160749E+01 -0.1370568895700034E+01 -0.1111659326029620E+01 -0.7233273684377856E+00 -0.3459345235499772E+00 -0.9255888576993573E-01 -0.6825786624017000E-01
 -0.2214171525631581E-01  0.2226464469869986E+00  0.6457976257046799E+00  0.9028822329549234E+00  0.9034783568874608E+00  0.7324335345995461E+00  0.4700656170554522E+00  0.1666562925169849E+00 -0.1391365154368219E+00 -0.4047138755055543E+00 -0.5819723891677844E+00 -0.6500304066795617E+00 -0.6964295262447754E+00 -0.8854786860508321E+00 -0.1201398302656576E+01 -0.1399489670444680E+01 -0.1296219867425885E+01 -0.9692825314705884E+00 -0.5639086656167875E+00 -0.2018647070600736E+00  0.4168545556343328E-01
  0.7542694612918066E-01  0.1203585743380104E+00  0.4365026691432118E+00  0.7074982487657453E+00  0.7833623162553034E+00  0.6842230561084769E+00  0.4763972306276394E+00  0.2159635962069501E+00 -0.5255640481583622E-01 -0.2868463657399897E+00 -0.4437396941407594E+00 -0.5000064596223774E+00 -0.5134702952003966E+00 -0.6458888438724738E+00 -0.9681304105215723E+00 -0.1303368198740466E+01 -0.1390820337005341E+01 -0.1182763682202861E+01 -0.7978289773429499E+00 -0.3303655507700453E+00  0.1932676749671860E+00
  0.1345810003397908E+00  0.3448973362436066E-01  0.2380502012128728E+00  0.4689192709235323E+00  0.5874934786211501E+00  0.5623826745465321E+00  0.4273287621527280E+00  0.2304318395806680E+00  0.1729721239662227E-01 -0.1704164062202577E+00 -0.2953647995862509E+00 -0.3395167004496877E+00 -0.3366278382540495E+00 -0.4105503835763977E+00 -0.6803927105490346E+00 -0.1080653214643241E+01 -0.1357543750870412E+01 -0.1322003224158464E+01 -0.1017476177402999E+01 -0.4720371751584013E+00  0.3986353480722042E+00
  0.1221397020722395E+00 -0.9218893177324274E-02  0.9448302254026671E-01  0.2476822010223900E+00  0.3600294461570279E+00  0.3834745833294417E+00  0.3202217314315700E+00  0.1984263908673347E+00  0.5457350017518921E-01 -0.7541183760682577E-01 -0.1618154970090493E+00 -0.1930203649634698E+00 -0.1863802901949980E+00 -0.2134404299079806E+00 -0.3890893271161234E+00 -0.7561711724949434E+00 -0.1167656552383019E+01 -0.1336611000750798E+01 -0.1180630097614896E+01 -0.6204439658396661E+00  0.6807017999041018E+00
  0.2724776941533320E-01 -0.6792844807569366E-02  0.6869234992625099E-02  0.7177600119108818E-01  0.1460685898332262E+00  0.1852054805239765E+00  0.1735390422186538E+00  0.1197592819099088E+00  0.4540145830429870E-01 -0.2513303069436638E-01 -0.7242365247960532E-01 -0.8925722351763889E-01 -0.8303492615403364E-01 -0.8159638367397869E-01 -0.1544134942621818E+00 -0.3928872490950059E+00 -0.8238871324726034E+00 -0.1174753774104371E+01 -0.1224292899197258E+01 -0.7675357118491574E+00  0.1078314236350214E+01
 -0.1672547842874944E+00  0.4572433433853688E-01 -0.3008178127188379E-01 -0.3577842569682767E-01 -0.1236899937763631E-02  0.3215501078895872E-01  0.4497937996139365E-01  0.3530525170176577E-01  0.1160715951051020E-01 -0.1385394419329284E-01 -0.3095111585927315E-01 -0.3484721479259222E-01 -0.2857802754592691E-01 -0.1739295806161940E-01 -0.2269487726531118E-01 -0.9367324523032894E-01 -0.4051203928185190E+00 -0.8201112739169355E+00 -0.1049423895447152E+01 -0.8464139589610195E+00  0.1489817981435906E+01
  0.4136422925115866E+00 -0.2192120461695266E+00 -0.2439938459969930E+00 -0.1776864456936172E+00 -0.1115440077763157E+00 -0.6318543486718851E-01 -0.3315079110571664E-01 -0.1833346142986748E-01 -0.1375923784166731E-01 -0.1339558152725848E-01 -0.1232759705270056E-01 -0.7448425002085109E-02 -0.2780505909789254E-03  0.9299431037230948E-02  0.1166629949269330E-01  0.9984450822716534E-02 -0.1327378448649960E+00 -0.3904428470304257E+00 -0.5667525881585994E+00 -0.5440881722154830E+00  0.1065511928487850E+01
  0.0000000000000000E+00  0.0000000000000000E+00  0.0000000000000000E+00  0.0000000000000000E+00  0.0000000000000000E+00  0.0000000000000000E+00  0.0000000000000000E+00  0.0000000000000000E+00  0.0000000000000000E+00  0.0000000000000000E+00  0.0000000000000000E+00  0.0000000000000000E+00  0.0000000000000000E+00  0.0000000000000000E+00  0.0000000000000000E+00  0.0000000000000000E+00  0.0000000000000000E+00  0.0000000000000000E+00  0.0000000000000000E+00  0.0000000000000000E+00  0.0000000000000000E+00
