  0.0000000000000000E+00  0.0000000000000000E+00  0.0000000000000000E+00  0.0000000000000000E+00  0.0000000000000000E+00  0.0000000000000000E+00  0.0000000000000000E+00  0.0000000000000000E+00  0.0000000000000000E+00  0.0000000000000000E+00  0.0000000000000000E+00  0.0000000000000000E+00  0.0000000000000000E+00  0.0000000000000000E+00  0.0000000000000000E+00  0.0000000000000000E+00  0.0000000000000000E+00  0.0000000000000000E+00  0.0000000000000000E+00  0.0000000000000000E+00  0.0000000000000000E+00
  0.3806097482258006E-01 -0.1558603902494831E-01 -0.8697142252264884E-02  0.2239913092663226E-02 -0.8763096512419535E-02 -0.3819019305209306E-01 -0.6834431215300862E-01 -0.8152306807610710E-01 -0.8110165846806100E-01 -0.7416196328501418E-01 -0.6190399481329136E-01 -0.3141018449646320E-01  0.2644649009260898E-01  0.9324122754599444E-01  0.1334472663574264E+00  0.1326410546249130E+00  0.9866398166293416E-01  0.4574224378520211E-01 -0.5977715930699934E-02 -0.2497083506874054E-01  0.6893478927552169E-01
  0.1532736916618149E-02  0.1721278435359941E-01  0.5317108997741636E-01  0.7178905058426285E-01  0.4306378992514294E-01 -0.2495054916108204E-01 -0.1160477852432574E+00 -0.2058257780421249E+00 -0.2791106648247479E+00 -0.3162560548226863E+00 -0.3030591949302491E+00 -0.2270941092092625E+00 -0.1022359358439212E+00  0.3534976962224340E-01  0.1444961600461711E+00  0.1998227707585206E+00  0.1966373190548089E+00  0.1457304872030477E+00  0.7157924293619668E-01  0.1104793309686683E-01  0.3843544364559619E-01
 -0.1541914014866642E+00  0.1092026890160007E+00  0.1734166655613377E+00  0.1818503834274411E+00  0.1177760090023115E+00  0.4417827527537486E-02 -0.1368992342624471E+00 -0.2777590734775398E+00 -0.4030026941273824E+00 -0.4868015003090044E+00 -0.5101194307303900E+00 -0.4498101526390108E+00 -0.3102683762585514E+00 -0.1254385250979756E+00  0.5537046957177236E-01  0.1932028020016014E+00  0.2643424258062434E+00  0.2593619052428824E+00  0.1927605812617893E+00  0.1031310446730128E+00 -0.1166325527572490E+00
 -0.4001722011221034E+00  0.2449824467546789E+00  0.3347751391419332E+00  0.3164909417068306E+00  0.2108079875163494E+00  0.5099037548318315E-01 -0.1414364356383720E+00 -0.3355692165014245E+00 -0.5158552380655202E+00 -0.6500351024138354E+00 -0.7140499465866798E+00 -0.6761921677063906E+00 -0.5338699589899171E+00 -0.3205145051803554E+00 -0.9212296535018277E-01  0.1091414399726826E+00  0.2543117578049923E+00  0.3165001678680941E+00  0.2907422703379972E+00  0.1946058630764975E+00 -0.2930753188914953E+00
 -0.6599564291467295E+00  0.3912758418089155E+00  0.5138710962800170E+00  0.4643258133697182E+00  0.3225469482958657E+00  0.1261963574833393E+00 -0.1035944936468639E+00 -0.3359070650136992E+00 -0.5592215229431672E+00 -0.7433502128159708E+00 -0.8628153085549953E+00 -0.8738883328309168E+00 -0.7514084564339820E+00 -0.5199753784772878E+00 -0.2535347394496871E+00 -0.9951317260786512E-02  0.1870919047558149E+00  0.3099315268267239E+00  0.3334500986212536E+00  0.2352182758061477E+00 -0.3722047287971895E+00
 -0.8567256966816947E+00  0.5139084366742767E+00  0.6849996133411353E+00  0.6092338984542605E+00  0.4365941535890551E+00  0.2090789857871507E+00 -0.5108983559874908E-01 -0.3122523172028620E+00 -0.5648420317072995E+00 -0.7848007896728135E+00 -0.9549004185113862E+00 -0.1031973167625255E+01 -0.9628806342440246E+00 -0.7355829109057572E+00 -0.4286580851774747E+00 -0.1412897887729775E+00  0.9226121784625532E-01  0.2569933789711012E+00  0.3167567081435764E+00  0.2185022722656533E+00 -0.3387501086533834E+00
 -0.9361064004079901E+00  0.5889100249238237E+00  0.8306236743634811E+00  0.7445113904628683E+00  0.5503624208173468E+00  0.3003624032834402E+00  0.1795943877486363E-01 -0.2642479738674900E+00 -0.5341613616037980E+00 -0.7718494780058153E+00 -0.9733440424141969E+00 -0.1115947433875101E+01 -0.1135923367761045E+01 -0.9651195967277915E+00 -0.6395475329738883E+00 -0.2956881725101110E+00 -0.1938020355822037E-01  0.1737523939595288E+00  0.2559337766572253E+00  0.1737961911369526E+00 -0.2654547967536325E+00
 -0.8780732993138478E+00  0.6064160153755188E+00  0.9411747468127085E+00  0.8670137947098661E+00  0.6607837594884188E+00  0.3944648109581223E+00  0.9255893108502430E-01 -0.2111075921704804E+00 -0.4966598360830003E+00 -0.7399229555218493E+00 -0.9439943596988781E+00 -0.1120313568567053E+01 -0.1231512896863764E+01 -0.1170606349377106E+01 -0.8886529689799353E+00 -0.5033417110347260E+00 -0.1658720686827360E+00  0.6775612107918030E-01  0.1769148997441077E+00  0.1286778687832115E+00 -0.2091187066055267E+00
 -0.7133114888393841E+00  0.5735779738349911E+00  0.1007422432665589E+01  0.9721852140258809E+00  0.7663668257142165E+00  0.4920141404630601E+00  0.1765631902355829E+00 -0.1472861193312638E+00 -0.4520018764874481E+00 -0.7030629621868675E+00 -0.8951857943518233E+00 -0.1065753290421710E+01 -0.1233289635507665E+01 -0.1298561592508672E+01 -0.1128196992245835E+01 -0.7592656650771783E+00 -0.3680239126740172E+00 -0.7128368863553954E-01  0.8975544774800147E-01  0.9247603919590468E-01 -0.1876726698397125E+00
 -0.5108377281309622E+00  0.5094449476376247E+00  0.1017497114781912E+01  0.1048326586314287E+01  0.8604944476546686E+00  0.5874561404031723E+00  0.2666837983617874E+00 -0.7127256761539008E-01 -0.3947609615298884E+00 -0.6601046414154778E+00 -0.8430489593415279E+00 -0.9830885569214588E+00 -0.1157990356069075E+01 -0.1325052567661734E+01 -0.1303055496535070E+01 -0.1018487748503640E+01 -0.6140424968691388E+00 -0.2544365470372992E+00 -0.1862699725739403E-01  0.5283335965878999E-01 -0.1771270762337640E+00
 -0.3176639681395457E+00  0.4255813682406034E+00  0.9590801365822645E+00  0.1073580125830391E+01  0.9270801059639899E+00  0.6686536836607507E+00  0.3535384127988007E+00  0.1334166569593075E-01 -0.3193092194514901E+00 -0.5978661761121125E+00 -0.7807236004384974E+00 -0.8874012155428156E+00 -0.1030334442602490E+01 -0.1252124271108174E+01 -0.1379874481758341E+01 -0.1234537222554760E+01 -0.8730507995139261E+00 -0.4768420950110665E+00 -0.1620972199125247E+00 -0.6960975418434994E-02 -0.1412142936572197E+00
 -0.1528923159191791E+00  0.3280115054093522E+00  0.8311422003088775E+00  0.1029710656410981E+01  0.9492645209790220E+00  0.7231752309619396E+00  0.4255616158572473E+00  0.9607421759319647E-01 -0.2311255390985907E+00 -0.5114609021861672E+00 -0.6958427084876431E+00 -0.7787334719110249E+00 -0.8720020298408899E+00 -0.1097182185401997E+01 -0.1344894907522908E+01 -0.1370568894762673E+01 -0.1111659323806016E+01 -0.7233273663847499E+00 -0.3459345224760595E+00 -0.9255888551211107E-01 -0.6825786593972627E-01
 -0.2214171919285124E-01  0.2226464510099138E+00  0.6457976338368900E+00  0.9028822387828528E+00  0.9034783570652838E+00  0.7324335302760590E+00  0.4700656113816589E+00  0.1666562883031703E+00 -0.1391365170407160E+00 -0.4047138750099750E+00 -0.5819723888707687E+00 -0.6500304103628095E+00 -0.6964295347115506E+00 -0.8854786941733581E+00 -0.1201398306975658E+01 -0.1399489671774423E+01 -0.1296219867175201E+01 -0.9692825306886667E+00 -0.5639086650756165E+00 -0.2018647069307017E+00  0.4168545571648863E-01
  0.7542694323314725E-01  0.1203585782088741E+00  0.4365026778597696E+00  0.7074982577241701E+00  0.7833623211267177E+00  0.6842230564568305E+00  0.4763972285152905E+00  0.2159635939313532E+00 -0.5255640618815957E-01 -0.2868463665415861E+00 -0.4437396961228261E+00 -0.5000064654955323E+00 -0.5134703051820899E+00 -0.6458888530069663E+00 -0.9681304156784616E+00 -0.1303368201190309E+01 -0.1390820338036863E+01 -0.1182763682435504E+01 -0.7978289773304647E+00 -0.3303655508026482E+00  0.1932676750774799E+00
  0.1345809988166859E+00  0.3448973661565564E-01  0.2380502086636528E+00  0.4689192808121924E+00  0.5874934869403075E+00  0.5623826793190834E+00  0.4273287638548899E+00  0.2304318396318246E+00  0.1729721168188997E-01 -0.1704164078151267E+00 -0.2953648032216153E+00 -0.3395167077364435E+00 -0.3366278489268634E+00 -0.4105503930733392E+00 -0.6803927157753944E+00 -0.1080653217209170E+01 -0.1357543752346811E+01 -0.1322003224971027E+01 -0.1017476177758615E+01 -0.4720371753210410E+00  0.3986353482045077E+00
  0.1221397030061946E+00 -0.9218891962998276E-02  0.9448302711719977E-01  0.2476822088507918E+00  0.3600294547671820E+00  0.3834745904288313E+00  0.3202217361744948E+00  0.1984263934516659E+00  0.5457350088146564E-01 -0.7541183890203518E-01 -0.1618155008538176E+00 -0.1930203718670166E+00 -0.1863802996905322E+00 -0.2134404385466610E+00 -0.3890893318694007E+00 -0.7561711746640858E+00 -0.1167656553701370E+01 -0.1336611001693997E+01 -0.1180630098136323E+01 -0.6204439660802918E+00  0.6807018001045526E+00
  0.2724777188637611E-01 -0.6792845096434846E-02  0.6869236597071574E-02  0.7177600543861733E-01  0.1460685956543103E+00  0.1852054862809124E+00  0.1735390467750383E+00  0.1197592847910508E+00  0.4540145933260363E-01 -0.2513303163956178E-01 -0.7242365547796822E-01 -0.8925722845541283E-01 -0.8303493269758813E-01 -0.8159639002274667E-01 -0.1544134980437304E+00 -0.3928872507933559E+00 -0.8238871334521726E+00 -0.1174753774896684E+01 -0.1224292899708836E+01 -0.7675357121155714E+00  0.1078314236637878E+01
 -0.1672547831347552E+00  0.4572433398323147E-01 -0.3008178118506082E-01 -0.3577842410236302E-01 -0.1236897110502588E-02  0.3215501401245985E-01  0.4497938278110079E-01  0.3530525361695676E-01  0.1160716028320620E-01 -0.1385394461838035E-01 -0.3095111740967144E-01 -0.3484721724955055E-01 -0.2857803067625336E-01 -0.1739296133749123E-01 -0.2269487957652694E-01 -0.9367324656709822E-01 -0.4051203936374188E+00 -0.8201112744877419E+00 -0.1049423895827747E+01 -0.8464139591877033E+00  0.1489817981735363E+01
  0.4136422927847364E+00 -0.2192120461534290E+00 -0.2439938456755505E+00 -0.1776864450956442E+00 -0.1115440069764776E+00 -0.6318543396908968E-01 -0.3315079028539064E-01 -0.1833346087320489E-01 -0.1375923769078624E-01 -0.1339558185284070E-01 -0.1232759783890396E-01 -0.7448426138163672E-02 -0.2780519126601520E-03  0.9299429673672336E-02  0.1166629847758653E-01  0.9984450027712919E-02 -0.1327378454683415E+00 -0.3904428473736219E+00 -0.5667525883421993E+00 -0.5440881723310775E+00  0.1065511928651033E+01
  0.0000000000000000E+00  0.0000000000000000E+00  0.0000000000000000E+00  0.0000000000000000E+00  0.0000000000000000E+00  0.0000000000000000E+00  0.0000000000000000E+00  0.0000000000000000E+00  0.0000000000000000E+00  0.0000000000000000E+00  0.0000000000000000E+00  0.0000000000000000E+00  0.0000000000000000E+00  0.0000000000000000E+00  0.0000000000000000E+00  0.0000000000000000E+00  0.0000000000000000E+00  0.0000000000000000E+00  0.0000000000000000E+00  0.0000000000000000E+00  0.0000000000000000E+00
