  0.0000000000000000E+00  0.0000000000000000E+00  0.0000000000000000E+00  0.0000000000000000E+00  0.0000000000000000E+00  0.0000000000000000E+00  0.0000000000000000E+00  0.0000000000000000E+00  0.0000000000000000E+00  0.0000000000000000E+00  0.0000000000000000E+00  0.0000000000000000E+00  0.0000000000000000E+00  0.0000000000000000E+00  0.0000000000000000E+00  0.0000000000000000E+00  0.0000000000000000E+00  0.0000000000000000E+00  0.0000000000000000E+00  0.0000000000000000E+00  0.0000000000000000E+00
  0.6234272201241343E-01 -0.4484469318678819E-01 -0.7219135754795115E-01 -0.8002681868898279E-01 -0.9222023930771005E-01 -0.1058041307287923E+00 -0.1155589001669711E+00 -0.1168723968879899E+00 -0.1108372381406047E+00 -0.9022549506884738E-01 -0.4907033476936919E-01  0.1182885995111065E-01  0.7171173850330374E-01  0.1083115999754245E+00  0.1139015565666475E+00  0.9295467481193420E-01  0.5481604089832108E-01  0.9252485184113165E-02 -0.2771228432315641E-01 -0.3229618349436954E-01  0.6917626615995220E-01
  0.7900049873910324E-01 -0.4470729185631515E-01 -0.5512137682984221E-01 -0.5691414691439164E-01 -0.8518328043430917E-01 -0.1315063294913787E+00 -0.1850505746140098E+00 -0.2265552513105130E+00 -0.2441675067839408E+00 -0.2207669258303773E+00 -0.1573535316973580E+00 -0.6336821828741375E-01  0.3623981808688623E-01  0.1176295502172168E+00  0.1654269794901184E+00  0.1739955367381850E+00  0.1467916803711763E+00  0.9387344347284690E-01  0.3290418620001979E-01 -0.8840910956546549E-02  0.5942691906965944E-01
  0.1011095834438730E-01  0.1802717198618815E-02  0.1551910994024375E-01  0.9227735509507083E-02 -0.4927659218914639E-01 -0.1382092326145219E+00 -0.2434216560827747E+00 -0.3368188290903842E+00 -0.4044152815715041E+00 -0.4192507405517034E+00 -0.3765076588087098E+00 -0.2741337791285089E+00 -0.1364528464235852E+00  0.6585444798308767E-02  0.1276809255399012E+00  0.2071407826125639E+00  0.2336925097019913E+00  0.2060361979521453E+00  0.1391512226608799E+00  0.6561553090195134E-01 -0.5769537004497410E-01
 -0.1816850501857525E+00  0.1111322774152606E+00  0.1517117820600293E+00  0.1287216309924160E+00  0.3441528485259217E-01 -0.9840359783021246E-01 -0.2544892294833568E+00 -0.3981107996884734E+00 -0.5156709072394640E+00 -0.5731499881895181E+00 -0.5630714534207010E+00 -0.4742656075991387E+00 -0.3267800114177440E+00 -0.1507850307342040E+00  0.2108041544935814E-01  0.1635137150220997E+00  0.2550603675776605E+00  0.2788285625015246E+00  0.2375300316563855E+00  0.1530792363731297E+00 -0.2217076774630037E+00
 -0.4471056067742483E+00  0.2588635294331760E+00  0.3294849815252796E+00  0.2767924095786791E+00  0.1417936406132558E+00 -0.3640407511443625E-01 -0.2426869157644158E+00 -0.4373213852777365E+00 -0.6098241447720676E+00 -0.7203384137493914E+00 -0.7544148217835737E+00 -0.6887773995739738E+00 -0.5362199353697160E+00 -0.3320213716744000E+00 -0.1212559815965547E+00  0.6712196400743095E-01  0.2129547566466006E+00  0.2923245131408095E+00  0.2920640639773175E+00  0.2054028596349529E+00 -0.3241445149275413E+00
 -0.7061983930352455E+00  0.4098404619361385E+00  0.5233229927731701E+00  0.4406963061954939E+00  0.2719008009056924E+00  0.5878725224258578E-01 -0.1838784234732757E+00 -0.4170289914506085E+00 -0.6358525955532160E+00 -0.8033277211765935E+00 -0.9001131883773085E+00 -0.8883636555366442E+00 -0.7562190475142618E+00 -0.5318921316862343E+00 -0.2808951600445497E+00 -0.5381739213465828E-01  0.1311572502145428E+00  0.2554714005446215E+00  0.2922544386895241E+00  0.2049397072256779E+00 -0.3225646829875095E+00
 -0.8817020561214639E+00  0.5285692092923988E+00  0.7040055717557325E+00  0.5993991877267373E+00  0.4020870126499791E+00  0.1606387803146690E+00 -0.1087170472733302E+00 -0.3678391372873364E+00 -0.6156579751288322E+00 -0.8246788289839363E+00 -0.9817846472773583E+00 -0.1047598911473880E+01 -0.9785978577190138E+00 -0.7651147344830697E+00 -0.4730066871788006E+00 -0.1949283979882847E+00  0.2780522225203237E-01  0.1839983202236703E+00  0.2467010366434077E+00  0.1701606134807262E+00 -0.2637808037987708E+00
 -0.9246126528190892E+00  0.5926462457430880E+00  0.8533260844101749E+00  0.7448020188554868E+00  0.5276975184696776E+00  0.2662817927906490E+00 -0.2169399536370817E-01 -0.2986354968272403E+00 -0.5608353224269181E+00 -0.7879054964313730E+00 -0.9796031937588144E+00 -0.1118618715267687E+01 -0.1151634879431448E+01 -0.1013303124492888E+01 -0.7184418602219680E+00 -0.3827087766222213E+00 -0.1042590586684872E+00  0.8817442109854215E-01  0.1766473484877799E+00  0.1275815235893274E+00 -0.2060972222802022E+00
 -0.8258965991610046E+00  0.5954281474477877E+00  0.9603878431823585E+00  0.8729065664189329E+00  0.6456675262180454E+00  0.3699393666660571E+00  0.6575975096288469E-01 -0.2300310854942760E+00 -0.5052460163952035E+00 -0.7365028574896370E+00 -0.9280596480566035E+00 -0.1096977975997317E+01 -0.1222384410601875E+01 -0.1210297758565299E+01 -0.9891464605594453E+00 -0.6332068014014215E+00 -0.2898949866515413E+00 -0.3772457636630244E-01  0.9646036573312718E-01  0.9122970790579954E-01 -0.1772287579842715E+00
 -0.6380225404703372E+00  0.5510880344196593E+00  0.1015241562788641E+01  0.9785711055591071E+00  0.7555430933597631E+00  0.4735538006579109E+00  0.1594253532935317E+00 -0.1540773281510897E+00 -0.4471130503686987E+00 -0.6873317471935113E+00 -0.8665565015052168E+00 -0.1021032006120515E+01 -0.1187802553247269E+01 -0.1299594636503013E+01 -0.1214967754686188E+01 -0.9112869174648681E+00 -0.5318870641280689E+00 -0.2100113249505924E+00 -0.3966387851505806E-02  0.5388644632669633E-01 -0.1656257268315948E+00
 -0.4317408940554666E+00  0.4786357862100989E+00  0.1004166464574830E+01  0.1044992403017613E+01  0.8480470727675475E+00  0.5708781358317088E+00  0.2557941823137920E+00 -0.6789266961267415E-01 -0.3763614264634163E+00 -0.6313644736655069E+00 -0.8056086211139742E+00 -0.9269628938778350E+00 -0.1080351653481796E+01 -0.1271467697791823E+01 -0.1342320487333239E+01 -0.1160138456835538E+01 -0.8012379822672316E+00 -0.4295453616269534E+00 -0.1412354670573534E+00 -0.2081448736777178E-02 -0.1349911208470219E+00
 -0.2452751503008861E+00  0.3882840029751778E+00  0.9195768586246473E+00  0.1051776768014141E+01  0.9075149588562456E+00  0.6497061666854632E+00  0.3435075040032240E+00  0.2147310326680386E-01 -0.2907743812296139E+00 -0.5553136778233164E+00 -0.7325975327706188E+00 -0.8261048220574360E+00 -0.9328426234744359E+00 -0.1142964284784841E+01 -0.1346935606194567E+01 -0.1331044518475388E+01 -0.1059021403815475E+01 -0.6815656208882215E+00 -0.3231939117520910E+00 -0.8543812130802396E-01 -0.6687954782801914E-01
 -0.9246904288992464E-01  0.2853105645720295E+00  0.7634626508261637E+00  0.9766156135118160E+00  0.9094016379495743E+00  0.6929844538648269E+00  0.4099231836934525E+00  0.1031027964505892E+00 -0.1980442481763456E+00 -0.4577264747232361E+00 -0.6344791646419975E+00 -0.7123838479445259E+00 -0.7678733483607862E+00 -0.9447928904780518E+00 -0.1228145574152804E+01 -0.1388715422332087E+01 -0.1263787723758756E+01 -0.9375810092809456E+00 -0.5432248608171866E+00 -0.1944068240244548E+00  0.3999561125617790E-01
  0.2469199534313882E-01  0.1786577013113215E+00  0.5606650992771032E+00  0.8195885542847005E+00  0.8377742670746211E+00  0.6855070657401500E+00  0.4446510618022689E+00  0.1684344318702058E+00 -0.1068249423300646E+00 -0.3453498429013261E+00 -0.5091968909154061E+00 -0.5769677970034788E+00 -0.5951306275177135E+00 -0.7113522254813580E+00 -0.1005848218794106E+01 -0.1311754676888517E+01 -0.1375780846018762E+01 -0.1161664634197996E+01 -0.7812459760417475E+00 -0.3236102988163273E+00  0.1895849204072344E+00
  0.1045461072821847E+00  0.7960218167695049E-01  0.3433526523130361E+00  0.5928286478346302E+00  0.6791155827250922E+00  0.6050810060235284E+00  0.4284637908051060E+00  0.2035599871247587E+00 -0.2755178034078817E-01 -0.2284673778427807E+00 -0.3661291104943957E+00 -0.4225325264113037E+00 -0.4215978257687099E+00 -0.4757907510341980E+00 -0.7186297364463556E+00 -0.1097409413369829E+01 -0.1354609093614412E+01 -0.1310053915472711E+01 -0.1005448917087637E+01 -0.4663505011726775E+00  0.3936025864303954E+00
  0.1245738828935225E+00  0.1214128278302120E-01  0.1609977312425861E+00  0.3480617175194128E+00  0.4581746927563789E+00  0.4534876348127761E+00  0.3545875931317970E+00  0.2005197036826754E+00  0.3045948101281697E-01 -0.1206749824453724E+00 -0.2241445438756439E+00 -0.2667711034393325E+00 -0.2609013987544823E+00 -0.2701939285658081E+00 -0.4211389469646967E+00 -0.7731819396934914E+00 -0.1171241185773738E+01 -0.1331343168805809E+01 -0.1172660770087858E+01 -0.6158088734423889E+00  0.6747658502393090E+00
  0.5555788433684067E-01 -0.7125543383607726E-02  0.3418125418601749E-01  0.1294249426153375E+00  0.2155064892694596E+00  0.2456567788533326E+00  0.2127361669316049E+00  0.1339512554264460E+00  0.3586197195867134E-01 -0.5462760841246359E-01 -0.1163752878409392E+00 -0.1405693125524797E+00 -0.1341119606813919E+00 -0.1215331225747452E+00 -0.1767148617950701E+00 -0.4058228762398480E+00 -0.8299217081752649E+00 -0.1173960790281437E+01 -0.1219671554883807E+01 -0.7638180241919746E+00  0.1071782517692117E+01
 -0.1595091543797962E+00  0.4572614721243981E-01 -0.2233071274247677E-01 -0.1018518384208539E-01  0.3566958413612500E-01  0.6891464742403478E-01  0.7235002522297158E-01  0.4859190585489970E-01  0.1023140081150122E-01 -0.2758430443584209E-01 -0.5299494143767267E-01 -0.6041602749791394E-01 -0.5355784672574392E-01 -0.3786425691226825E-01 -0.3481763436117091E-01 -0.1021087691267935E+00 -0.4113659847567393E+00 -0.8218031206207197E+00 -0.1047468014890457E+01 -0.8438996522204211E+00  0.1484230941770806E+01
  0.4106983903801461E+00 -0.2150398163788458E+00 -0.2344210587563912E+00 -0.1656366989173699E+00 -0.9863789017659744E-01 -0.5098935582603362E-01 -0.2383647923846586E-01 -0.1376044598629264E-01 -0.1470517230453969E-01 -0.1941390092048776E-01 -0.2188528269157779E-01 -0.1846181647425610E-01 -0.1078368508915264E-01  0.4302353753092690E-03  0.6177923284147904E-02  0.5393752410238698E-02 -0.1369550082488480E+00 -0.3922209305710938E+00 -0.5662453682226180E+00 -0.5430480848596847E+00  0.1062898886356436E+01
  0.0000000000000000E+00  0.0000000000000000E+00  0.0000000000000000E+00  0.0000000000000000E+00  0.0000000000000000E+00  0.0000000000000000E+00  0.0000000000000000E+00  0.0000000000000000E+00  0.0000000000000000E+00  0.0000000000000000E+00  0.0000000000000000E+00  0.0000000000000000E+00  0.0000000000000000E+00  0.0000000000000000E+00  0.0000000000000000E+00  0.0000000000000000E+00  0.0000000000000000E+00  0.0000000000000000E+00  0.0000000000000000E+00  0.0000000000000000E+00  0.0000000000000000E+00
