  0.0000000000000000E+00  0.0000000000000000E+00  0.0000000000000000E+00  0.0000000000000000E+00  0.0000000000000000E+00  0.0000000000000000E+00  0.0000000000000000E+00  0.0000000000000000E+00  0.0000000000000000E+00  0.0000000000000000E+00  0.0000000000000000E+00  0.0000000000000000E+00  0.0000000000000000E+00  0.0000000000000000E+00  0.0000000000000000E+00  0.0000000000000000E+00  0.0000000000000000E+00  0.0000000000000000E+00  0.0000000000000000E+00  0.0000000000000000E+00  0.0000000000000000E+00
  0.3789178299423496E-01 -0.1587400015116945E-01 -0.9730217459273384E-02  0.4057638588672268E-03 -0.1103260727862613E-01 -0.4032321453149449E-01 -0.6991566436707906E-01 -0.8268108058689913E-01 -0.8217601081066739E-01 -0.7525346908428626E-01 -0.6278212160347994E-01 -0.3172574857295661E-01  0.2669953166089963E-01  0.9342321418656753E-01  0.1331168605410614E+00  0.1318874292066320E+00  0.9777149846339860E-01  0.4498453691636586E-01 -0.6361787965181959E-02 -0.2502663805375150E-01  0.6871812619607255E-01
  0.1898256182653921E-02  0.1648651000062222E-01  0.5135778618452057E-01  0.6916981640138964E-01  0.4025876445855948E-01 -0.2736729189109994E-01 -0.1176470524541192E+00 -0.2064672705599278E+00 -0.2787491946060657E+00 -0.3148716128726831E+00 -0.3006826013922660E+00 -0.2240796369009117E+00 -0.9928807169240995E-01  0.3747444600823316E-01  0.1454014901480765E+00  0.1995783402419358E+00  0.1956481016862236E+00  0.1445556446163762E+00  0.7075187439718900E-01  0.1074640520259035E-01  0.3851265878941794E-01
 -0.1523335684523061E+00  0.1076088362304150E+00  0.1704929402389390E+00  0.1783371568135109E+00  0.1143343828174885E+00  0.1449941630805384E-02 -0.1391589234101250E+00 -0.2792435569973130E+00 -0.4035993193472425E+00 -0.4863903221924410E+00 -0.5086353597772013E+00 -0.4474748670392016E+00 -0.3076528066869925E+00 -0.1232264484278020E+00  0.5670061377756733E-01  0.1934252760053364E+00  0.2635357072778469E+00  0.2579588228919156E+00  0.1914257694045777E+00  0.1023727686947894E+00 -0.1156925366797905E+00
 -0.3973169335515117E+00  0.2428737007397649E+00  0.3313041686677830E+00  0.3129346052829922E+00  0.2076963771039448E+00  0.4850461774712939E-01 -0.1431729143063393E+00 -0.3364714226039340E+00 -0.5157320445539016E+00 -0.6487237527349166E+00 -0.7115420603573831E+00 -0.6728679541340108E+00 -0.5304722782523853E+00 -0.3176912706146344E+00 -0.9017565400124744E-01  0.1100182181595937E+00  0.2540025332158489E+00  0.3152465841486559E+00  0.2892017133702053E+00  0.1936277584409972E+00 -0.2916815619527863E+00
 -0.6573459272110437E+00  0.3892279925534353E+00  0.5103380504492622E+00  0.4609133575121185E+00  0.3195227902991981E+00  0.1235447784804880E+00 -0.1058368233796200E+00 -0.3376782394486892E+00 -0.5603065668658102E+00 -0.7434257421397686E+00 -0.8616052463796979E+00 -0.8714754700858126E+00 -0.7484965597598560E+00 -0.5173947853981007E+00 -0.2516346115963905E+00 -0.8853553300326300E-02  0.1871558418311240E+00  0.3089586115048628E+00  0.3320035648814698E+00  0.2344221156543131E+00 -0.3712627820814696E+00
 -0.8555256252222591E+00  0.5124801486932435E+00  0.6819148208574716E+00  0.6063343848565651E+00  0.4341411949395646E+00  0.2070196589216133E+00 -0.5275154392570391E-01 -0.3135332444918522E+00 -0.5656612382785169E+00 -0.7849493000562601E+00 -0.9540867840608624E+00 -0.1030047362485236E+01 -0.9602988681030939E+00 -0.7332173233541032E+00 -0.4269911712736757E+00 -0.1403304254959950E+00  0.9241786226546994E-01  0.2562658885871197E+00  0.3156334217541921E+00  0.2180886789076227E+00 -0.3386326149686760E+00
 -0.9369324328164026E+00  0.5883939611656530E+00  0.8282494506805564E+00  0.7421387916640829E+00  0.5483170917068713E+00  0.2985181916622021E+00  0.1628812089711315E-01 -0.2657639950697027E+00 -0.5354866413604555E+00 -0.7728208404652449E+00 -0.9736461175313889E+00 -0.1115191814473780E+01 -0.1134212691501936E+01 -0.9632204398862846E+00 -0.6381587962192725E+00 -0.2949706638735132E+00 -0.1929239476273368E-01  0.1732563805433422E+00  0.2552468910462685E+00  0.1736873946576613E+00 -0.2658152929267154E+00
 -0.8808462899380514E+00  0.6068300491589651E+00  0.9396438575388439E+00  0.8651699265680058E+00  0.6591659128300486E+00  0.3930038016133958E+00  0.9125463868995753E-01 -0.2122832590075287E+00 -0.4977634078684066E+00 -0.7409481662442730E+00 -0.9447671412625066E+00 -0.1120384624280139E+01 -0.1230667826524338E+01 -0.1169330366596218E+01 -0.8875830653630783E+00 -0.5027557660020401E+00 -0.1658175702637211E+00  0.6743200375265478E-01  0.1765512246091465E+00  0.1286952122719141E+00 -0.2095344122065958E+00
 -0.7169162934224012E+00  0.5745893931565196E+00  0.1006851886047158E+01  0.9709264864091165E+00  0.7651610122862867E+00  0.4908670585399477E+00  0.1754175472735309E+00 -0.1484688853157168E+00 -0.4532654841155663E+00 -0.7044270498260018E+00 -0.8965396589704566E+00 -0.1066613545867201E+01 -0.1233222607119325E+01 -0.1297908374744257E+01 -0.1127554690674969E+01 -0.7588315551292919E+00 -0.3679228511981307E+00 -0.7146901988681094E-01  0.8954131846005405E-01  0.9245145240604148E-01 -0.1878130387580704E+00
 -0.5142143875773293E+00  0.5107333173432657E+00  0.1017985564452468E+01  0.1047821393428381E+01  0.8597567358440801E+00  0.5866613818344287E+00  0.2657925426948208E+00 -0.7228849687976253E-01 -0.3959686719910744E+00 -0.6616058896654413E+00 -0.8448375833696274E+00 -0.9846584643984753E+00 -0.1158609219144578E+01 -0.1324880838427534E+01 -0.1302778028597108E+01 -0.1018281225660299E+01 -0.6139451869503113E+00 -0.2545216257270449E+00 -0.1876742032154139E-01  0.5274784273547725E-01 -0.1770109485279731E+00
 -0.3204192497697023E+00  0.4270078576639835E+00  0.9606043232222483E+00  0.1074023644282817E+01  0.9269439560842947E+00  0.6682776690824597E+00  0.3529483209644239E+00  0.1249284859346304E-01 -0.3205013127759307E+00 -0.5995213860542783E+00 -0.7829131040833767E+00 -0.8896609722795615E+00 -0.1031638336508649E+01 -0.1252358746568870E+01 -0.1379838687687164E+01 -0.1234532808397809E+01 -0.8730274336005976E+00 -0.4768961610024282E+00 -0.1622003498045060E+00 -0.7046335796714141E-02 -0.1410613424143636E+00
 -0.1549762767063245E+00  0.3294845458706883E+00  0.8334773609057402E+00  0.1031181357472328E+01  0.9498618008010118E+00  0.7232629067490245E+00  0.4252790025440715E+00  0.9541486927155399E-01 -0.2322366310823808E+00 -0.5131608254291000E+00 -0.6982824361422219E+00 -0.7815546974927603E+00 -0.8739593072430152E+00 -0.1097777448555783E+01 -0.1344974642667413E+01 -0.1370661666014753E+01 -0.1111704374028033E+01 -0.7233750427237643E+00 -0.3460115152926492E+00 -0.9261916937017423E-01 -0.6815400718212650E-01
 -0.2363310005459296E-01  0.2240470296686096E+00  0.6485079889512357E+00  0.9052331297619031E+00  0.9049084184852644E+00  0.7331066314478355E+00  0.4701594655811637E+00  0.1662193406297089E+00 -0.1401520287535002E+00 -0.4064310791227945E+00 -0.5845407649012204E+00 -0.6531906635237672E+00 -0.6989059019966928E+00 -0.8864032170712499E+00 -0.1201518970501094E+01 -0.1399559900327126E+01 -0.1296267423039873E+01 -0.9693083953024321E+00 -0.5639540710014428E+00 -0.2018991847784561E+00  0.4174348333392564E-01
  0.7443895396957595E-01  0.1215325798493676E+00  0.4390366935176787E+00  0.7102864496363873E+00  0.7854883971759702E+00  0.6854963666895395E+00  0.4769041829191006E+00  0.2157754078256326E+00 -0.5345158646643925E-01 -0.2885296194580401E+00 -0.4462947704117649E+00 -0.5032030269946038E+00 -0.5161712244854095E+00 -0.6470304573081235E+00 -0.9682539290349256E+00 -0.1303346033361287E+01 -0.1390805020130762E+01 -0.1182732561500920E+01 -0.7978224030168556E+00 -0.3303713195486656E+00  0.1932915556291411E+00
  0.1341464587866461E+00  0.3525853102578975E-01  0.2399220518640153E+00  0.4715153361581895E+00  0.5899603669503695E+00  0.5641964040185530E+00  0.4283229763769700E+00  0.2305897797322566E+00  0.1662225219157202E-01 -0.1719394243102139E+00 -0.2977047321802136E+00 -0.3423920734588256E+00 -0.3391427531594544E+00 -0.4117004768778964E+00 -0.6804853238393462E+00 -0.1080526135574585E+01 -0.1357443016446759E+01 -0.1321909945452146E+01 -0.1017412103814852E+01 -0.4720132862106953E+00  0.3986277548172337E+00
  0.1225310571614124E+00 -0.9036516920463129E-02  0.9542150640002296E-01  0.2494289378751800E+00  0.3620888500677671E+00  0.3853045030906089E+00  0.3214733090109952E+00  0.1989250524849702E+00  0.5425220530016601E-01 -0.7654969552224568E-01 -0.1636401505683118E+00 -0.1951968719361418E+00 -0.1882905127819059E+00 -0.2143452578308069E+00 -0.3891112696815382E+00 -0.7559763076437680E+00 -0.1167491196350942E+01 -0.1336474394259319E+01 -0.1180523358223278E+01 -0.6203943719059661E+00  0.6806597574946207E+00
  0.2796217696182263E-01 -0.6946142751360173E-02  0.7123748707742114E-02  0.7262464429437891E-01  0.1473147305702643E+00  0.1864801952212095E+00  0.1745148424409073E+00  0.1202206370058892E+00  0.4525445626277968E-01 -0.2586305102639494E-01 -0.7357808755928433E-01 -0.9056054176481505E-01 -0.8414753251967105E-01 -0.8210731965341410E-01 -0.1543434002295280E+00 -0.3926792539291422E+00 -0.8237149403358810E+00 -0.1174615298455655E+01 -0.1224174647526163E+01 -0.7674683160192770E+00  0.1078230300531668E+01
 -0.1671735549492921E+00  0.4567891898979351E-01 -0.3013679797991161E-01 -0.3555438721515355E-01 -0.7448014534311093E-03  0.3275169993179192E-01  0.4549051438259575E-01  0.3558429114822755E-01  0.1158445688799375E-01 -0.1416376355520864E-01 -0.3145849183319871E-01 -0.3540767744455566E-01 -0.2904565849977076E-01 -0.1759439857857170E-01 -0.2258934312264598E-01 -0.9349145124634203E-01 -0.4049824680100015E+00 -0.8200074844377190E+00 -0.1049331721355955E+01 -0.8463448041300403E+00  0.1489702691034166E+01
  0.4135075079481781E+00 -0.2190791059795475E+00 -0.2437298099904645E+00 -0.1773806331026211E+00 -0.1112402212685984E+00 -0.6290599138591203E-01 -0.3292728814933241E-01 -0.1820465445796471E-01 -0.1375070343970741E-01 -0.1350366978613250E-01 -0.1251657848145133E-01 -0.7657294268587007E-02 -0.4491855496534819E-03  0.9220951149980868E-02  0.1171783203380683E-01  0.1009256317999265E-01 -0.1326480692930171E+00 -0.3903809568405269E+00 -0.5667076123272556E+00 -0.5440484283437724E+00  0.1065437672704062E+01
  0.0000000000000000E+00  0.0000000000000000E+00  0.0000000000000000E+00  0.0000000000000000E+00  0.0000000000000000E+00  0.0000000000000000E+00  0.0000000000000000E+00  0.0000000000000000E+00  0.0000000000000000E+00  0.0000000000000000E+00  0.0000000000000000E+00  0.0000000000000000E+00  0.0000000000000000E+00  0.0000000000000000E+00  0.0000000000000000E+00  0.0000000000000000E+00  0.0000000000000000E+00  0.0000000000000000E+00  0.0000000000000000E+00  0.0000000000000000E+00  0.0000000000000000E+00
