  0.0000000000000000E+00  0.0000000000000000E+00  0.0000000000000000E+00  0.0000000000000000E+00  0.0000000000000000E+00  0.0000000000000000E+00  0.0000000000000000E+00  0.0000000000000000E+00  0.0000000000000000E+00  0.0000000000000000E+00  0.0000000000000000E+00  0.0000000000000000E+00  0.0000000000000000E+00  0.0000000000000000E+00  0.0000000000000000E+00  0.0000000000000000E+00  0.0000000000000000E+00  0.0000000000000000E+00  0.0000000000000000E+00  0.0000000000000000E+00  0.0000000000000000E+00
  0.3732102047291017E-01 -0.1788624788532301E-01 -0.1633772318305885E-01 -0.1108401004072142E-01 -0.2529169063391464E-01 -0.5366579112963522E-01 -0.7956073909259032E-01 -0.8943333765876482E-01 -0.8813355220491986E-01 -0.8085601730568617E-01 -0.6615204077441382E-01 -0.3038321916953647E-01  0.3183203640212859E-01  0.9682746310312444E-01  0.1317699095782798E+00  0.1269041985110976E+00  0.9149545549351416E-01  0.3942715952224578E-01 -0.9645563740895419E-02 -0.2600353550071718E-01  0.6836504276125613E-01
  0.4412414227060603E-02  0.1193525890821906E-01  0.4021819095171780E-01  0.5259524043417085E-01  0.2146144104534930E-01 -0.4468915868676942E-01 -0.1304271120260655E+00 -0.2131410338498484E+00 -0.2783657356931235E+00 -0.3064195255305134E+00 -0.2838859615372313E+00 -0.2015776113368061E+00 -0.7688423079458090E-01  0.5359900411651854E-01  0.1523134178059188E+00  0.1981281484607596E+00  0.1889834487243521E+00  0.1365421349810876E+00  0.6465077500128470E-01  0.7837680291052723E-02  0.4113773412812653E-01
 -0.1416250116117985E+00  0.9817974148417193E-01  0.1529142128407173E+00  0.1558887887564183E+00  0.9061515592498866E-01 -0.2048549593540674E-01 -0.1572528820400418E+00 -0.2922078916566118E+00 -0.4099726032477762E+00 -0.4843176330191648E+00 -0.4968837919945858E+00 -0.4274584854313126E+00 -0.2844681040806146E+00 -0.1033645245585712E+00  0.6906018213720858E-01  0.1969943137659352E+00  0.2594403341422045E+00  0.2494397736362135E+00  0.1826590789621439E+00  0.9660029600735656E-01 -0.1071418090599258E+00
 -0.3813174384023312E+00  0.2306045933994842E+00  0.3104963417961215E+00  0.2894078819180971E+00  0.1845834695651458E+00  0.2782679948731651E-01 -0.1600257239399441E+00 -0.3480643395900050E+00 -0.5201308988451856E+00 -0.6436400348243105E+00 -0.6956479349041828E+00 -0.6479446486662710E+00 -0.5023563155125821E+00 -0.2931090685384872E+00 -0.7285666160051217E-01  0.1188137928397835E+00  0.2541539405446598E+00  0.3087049677789756E+00  0.2800173235709312E+00  0.1870094678923384E+00 -0.2810110801060842E+00
 -0.6427901751652645E+00  0.3773179289894972E+00  0.4891636118032270E+00  0.4378505765485374E+00  0.2965579287254586E+00  0.1017309622293334E+00 -0.1256626335401927E+00 -0.3543688132150251E+00 -0.5721076003772607E+00 -0.7473691878046483E+00 -0.8544364088576959E+00 -0.8522497490502310E+00 -0.7221267609905468E+00 -0.4923667728333679E+00 -0.2331900345215541E+00  0.2139088462723926E-02  0.1903609659507411E+00  0.3049695195432865E+00  0.3242267867365035E+00  0.2295293219146820E+00 -0.3643611790075425E+00
 -0.8486565685436861E+00  0.5039634983891242E+00  0.6632339266236865E+00  0.5859241602573012E+00  0.4140579286812272E+00  0.1882595211573428E+00 -0.6938790857269926E-01 -0.3274057821573789E+00 -0.5762426938544394E+00 -0.7907490993077567E+00 -0.9520544899179471E+00 -0.1016729322649239E+01 -0.9369880379258299E+00 -0.7080535197005173E+00 -0.4079829857474260E+00 -0.1290596847118169E+00  0.9676447146280533E-01  0.2542883062357797E+00  0.3103159057219324E+00  0.2157683256634987E+00 -0.3369890712685636E+00
 -0.9410037502351921E+00  0.5848231446466765E+00  0.8134656837048374E+00  0.7244925103870481E+00  0.5302697889736557E+00  0.2810205114365283E+00  0.4023544049805049E-03 -0.2792415064178149E+00 -0.5466129077272106E+00 -0.7815917552651049E+00 -0.9784750307382222E+00 -0.1111608410355714E+01 -0.1119103554643190E+01 -0.9411033445133929E+00 -0.6187071554217493E+00 -0.2832268742449389E+00 -0.1449476286201257E-01  0.1728859174872383E+00  0.2524914744630655E+00  0.1730581992089714E+00 -0.2666831231638488E+00
 -0.8955365786200589E+00  0.6083152418957652E+00  0.9294091470672368E+00  0.8502298520075084E+00  0.6430158571025587E+00  0.3771682287936382E+00  0.7743581290521116E-01 -0.2229057579060567E+00 -0.5054990459620331E+00 -0.7472338594136901E+00 -0.9506634442518953E+00 -0.1123168522205541E+01 -0.1224832832135020E+01 -0.1154057081011262E+01 -0.8698162454964263E+00 -0.4899622139535424E+00 -0.1598437298358952E+00  0.6843175157903340E-01  0.1754612255120486E+00  0.1285920000280019E+00 -0.2103147745719572E+00
 -0.7367695740117299E+00  0.5795405108594356E+00  0.1001851958566577E+01  0.9590918608928272E+00  0.7508862815101900E+00  0.4762188444874110E+00  0.1622370129084121E+00 -0.1586614291631218E+00 -0.4602337456790954E+00 -0.7094868952873521E+00 -0.9021259614753266E+00 -0.1072604377436225E+01 -0.1234619835435293E+01 -0.1290759880867562E+01 -0.1114756065715772E+01 -0.7467949200653878E+00 -0.3606788519194304E+00 -0.6897757872558799E-01  0.8949062389963243E-01  0.9222003180859373E-01 -0.1871694715261488E+00
 -0.5335962450162417E+00  0.5175506431473006E+00  0.1019055684425660E+01  0.1040364188104142E+01  0.8481199952976767E+00  0.5737750986440716E+00  0.2537359115999575E+00 -0.8186136466469839E-01 -0.4025684517971198E+00 -0.6661766368500636E+00 -0.8499789848330533E+00 -0.9919410626005712E+00 -0.1164461463718667E+01 -0.1324295033985472E+01 -0.1295879629113076E+01 -0.1009252115059409E+01 -0.6068987216206487E+00 -0.2510433614492003E+00 -0.1797890194662535E-01  0.5255378659765237E-01 -0.1756402617395825E+00
 -0.3369354754667624E+00  0.4350152157555676E+00  0.9681101717999403E+00  0.1072584624541695E+01  0.9193753421058065E+00  0.6582292403563523E+00  0.3427795467669311E+00  0.3700911400613325E-02 -0.3274355987416969E+00 -0.6051061496238300E+00 -0.7891215778500111E+00 -0.8983997409789259E+00 -0.1040435238835610E+01 -0.1256416721435712E+01 -0.1378090217375198E+01 -0.1229357031992625E+01 -0.8676104603504177E+00 -0.4734382016577967E+00 -0.1609360857401912E+00 -0.6962047868008867E-02 -0.1400499421361646E+00
 -0.1680507476781612E+00  0.3382509772259353E+00  0.8467021839996449E+00  0.1036870596778400E+01  0.9477729735179755E+00  0.7169564566298103E+00  0.4175747224433906E+00  0.8788756092803894E-01 -0.2391531060866779E+00 -0.5199147063116115E+00 -0.7064171062294243E+00 -0.7925195793535440E+00 -0.8852428949396230E+00 -0.1104801882197780E+01 -0.1346825372221521E+01 -0.1368917625816024E+01 -0.1108487481861512E+01 -0.7207235297027537E+00 -0.3447380051009584E+00 -0.9236410770573888E-01 -0.6764568198374177E-01
 -0.3346525412978474E-01  0.2329111369429544E+00  0.6652681566990786E+00  0.9177927752856856E+00  0.9094607617708582E+00  0.7317603387849604E+00  0.4657134685163808E+00  0.1604307353244582E+00 -0.1467608640191286E+00 -0.4142455022151151E+00 -0.5947563459475005E+00 -0.6666957627773807E+00 -0.7126559759364148E+00 -0.8954161281655031E+00 -0.1205399138488375E+01 -0.1400143185488433E+01 -0.1294929210221828E+01 -0.9676789251822778E+00 -0.5629608023911641E+00 -0.2016290552169718E+00  0.4192636325975130E-01
  0.6747836260241807E-01  0.1295115941869117E+00  0.4560131451631533E+00  0.7274353851867720E+00  0.7963379058125158E+00  0.6896158123490075E+00  0.4762686137197676E+00  0.2121348066591607E+00 -0.5940874172065330E-01 -0.2969884168637575E+00 -0.4580221709931994E+00 -0.5184895475507115E+00 -0.5316683309474215E+00 -0.6572268419937549E+00 -0.9728983876392306E+00 -0.1305059303039333E+01 -0.1390708709851964E+01 -0.1181922200811857E+01 -0.7971421898640241E+00 -0.3301407067092949E+00  0.1932799302638606E+00
  0.1304413162050442E+00  0.4104594362763743E-01  0.2535791470879565E+00  0.4891386675144048E+00  0.6050696285125855E+00  0.5736809525207615E+00  0.4321745677303618E+00  0.2298462999063660E+00  0.1204762533140571E-01 -0.1801488610989530E+00 -0.3096685979025910E+00 -0.3576523698917074E+00 -0.3545779873115631E+00 -0.4219646672489709E+00 -0.6849706008382739E+00 -0.1082350390862548E+01 -0.1357883481344092E+01 -0.1321621394304770E+01 -0.1016965605741461E+01 -0.4718186917251778E+00  0.3984904694340723E+00
  0.1239737629264374E+00 -0.6904621284930945E-02  0.1032598990716446E+00  0.2625284047732776E+00  0.3763364034411583E+00  0.3969740527188015E+00  0.3288000958837167E+00  0.2015486223270823E+00  0.5232473334421279E-01 -0.8278442041451249E-01 -0.1736751337385347E+00 -0.2078319671158993E+00 -0.2010612011728790E+00 -0.2231175001084182E+00 -0.3928008931451684E+00 -0.7573808409817322E+00 -0.1167978904677031E+01 -0.1336429671157707E+01 -0.1180223111655649E+01 -0.6202188290318936E+00  0.6804333754400316E+00
  0.3235148772010565E-01 -0.7502385936451856E-02  0.9844329910750089E-02  0.7959031037659650E-01  0.1566492784360763E+00  0.1954609228712400E+00  0.1811187351475553E+00  0.1234007964562530E+00  0.4470211122202784E-01 -0.2991034095570970E-01 -0.8034147515668959E-01 -0.9878520629480274E-01 -0.9236907234554928E-01 -0.8803631341566769E-01 -0.1568477822346132E+00 -0.3935742028380597E+00 -0.8241133418990495E+00 -0.1174686628226542E+01 -0.1223978785459412E+01 -0.7673000041848684E+00  0.1077921227095194E+01
 -0.1660030063869884E+00  0.4536248099676189E-01 -0.2991556339670267E-01 -0.3305349041748281E-01  0.3587386917525472E-02  0.3756049524845587E-01  0.4944954089324263E-01  0.3781822507678628E-01  0.1175340257407352E-01 -0.1592049171397365E-01 -0.3462759854597961E-01 -0.3923406460638733E-01 -0.3282609863009522E-01 -0.2048420755527909E-01 -0.2387270235895383E-01 -0.9403211867325929E-01 -0.4053674235027601E+00 -0.8201585292305981E+00 -0.1049241845723726E+01 -0.8462005628141019E+00  0.1489359842718580E+01
  0.4131884185423844E+00 -0.2185474034834259E+00 -0.2424537919078932E+00 -0.1757384355276779E+00 -0.1094634528334415E+00 -0.6117511129281476E-01 -0.3151100212508996E-01 -0.1738951724559062E-01 -0.1371393058839317E-01 -0.1424209874745101E-01 -0.1383800425570584E-01 -0.9237178647038069E-02 -0.1967055386294644E-02  0.8014178058505867E-02  0.1115755686871600E-01  0.9795402385159878E-02 -0.1329277145397412E+00 -0.3905060432015497E+00 -0.5666849387829942E+00 -0.5439748511375428E+00  0.1065239614629634E+01
  0.0000000000000000E+00  0.0000000000000000E+00  0.0000000000000000E+00  0.0000000000000000E+00  0.0000000000000000E+00  0.0000000000000000E+00  0.0000000000000000E+00  0.0000000000000000E+00  0.0000000000000000E+00  0.0000000000000000E+00  0.0000000000000000E+00  0.0000000000000000E+00  0.0000000000000000E+00  0.0000000000000000E+00  0.0000000000000000E+00  0.0000000000000000E+00  0.0000000000000000E+00  0.0000000000000000E+00  0.0000000000000000E+00  0.0000000000000000E+00  0.0000000000000000E+00
