  0.0000000000000000E+00  0.0000000000000000E+00  0.0000000000000000E+00  0.0000000000000000E+00  0.0000000000000000E+00  0.0000000000000000E+00  0.0000000000000000E+00  0.0000000000000000E+00  0.0000000000000000E+00  0.0000000000000000E+00  0.0000000000000000E+00  0.0000000000000000E+00  0.0000000000000000E+00  0.0000000000000000E+00  0.0000000000000000E+00  0.0000000000000000E+00  0.0000000000000000E+00  0.0000000000000000E+00  0.0000000000000000E+00  0.0000000000000000E+00  0.0000000000000000E+00
  0.3806091065099462E-01 -0.1558592731860471E-01 -0.8696871304819508E-02  0.2240333555429810E-02 -0.8762556275425784E-02 -0.3818969139913411E-01 -0.6834399492949932E-01 -0.8152291738063668E-01 -0.8110153208667421E-01 -0.7416182828394519E-01 -0.6190392279844781E-01 -0.3141033947316013E-01  0.2644609462508806E-01  0.9324088069468578E-01  0.1334471836406249E+00  0.1326412106294119E+00  0.9866426507407459E-01  0.4574255872670508E-01 -0.5977456162803738E-02 -0.2497071097895109E-01  0.6893467677404953E-01
  0.1532592715918754E-02  0.1721293379383397E-01  0.5317139409742067E-01  0.7178952988447328E-01  0.4306445256642548E-01 -0.2494982053101162E-01 -0.1160471122115636E+00 -0.2058252840708877E+00 -0.2791104155227926E+00 -0.3162561992945803E+00 -0.3030597988525026E+00 -0.2270951296429691E+00 -0.1022370886251776E+00  0.3534883532499421E-01  0.1444956431206567E+00  0.1998226708671174E+00  0.1966375207587940E+00  0.1457308393856859E+00  0.7157961343587886E-01  0.1104819132031366E-01  0.3843503947493788E-01
 -0.1541915796310703E+00  0.1092028297207851E+00  0.1734169095312851E+00  0.1818508312765309E+00  0.1177766959509550E+00  0.4418652239044672E-02 -0.1368983488285040E+00 -0.2777582616911572E+00 -0.4030020363050895E+00 -0.4868012038974768E+00 -0.5101196086354958E+00 -0.4498108437451815E+00 -0.3102693572585963E+00 -0.1254394670615045E+00  0.5536978345238446E-01  0.1932024545142062E+00  0.2643424159710390E+00  0.2593621600191904E+00  0.1927609951429546E+00  0.1031314303022968E+00 -0.1166332957639358E+00
 -0.4001722178385607E+00  0.2449824554757122E+00  0.3347751485885758E+00  0.3164911970109656E+00  0.2108085451280508E+00  0.5099114259098350E-01 -0.1414355258735625E+00 -0.3355683454718701E+00 -0.5158545056466700E+00 -0.6500347547569963E+00 -0.7140501168580359E+00 -0.6761928814517884E+00 -0.5338709483655290E+00 -0.3205154340705635E+00 -0.9212368301940031E-01  0.1091409637874741E+00  0.2543115606113459E+00  0.3165002602768303E+00  0.2907426079641721E+00  0.1946062086631310E+00 -0.2930760180252209E+00
 -0.6599562187423732E+00  0.3912756745520501E+00  0.5138708049137773E+00  0.4643258607627740E+00  0.3225474112194474E+00  0.1261971261823522E+00 -0.1035935002935999E+00 -0.3359060349063784E+00 -0.5592205052162780E+00 -0.7433494309794033E+00 -0.8628149856279704E+00 -0.8738886461527379E+00 -0.7514092181528115E+00 -0.5199761614845246E+00 -0.2535353310086762E+00 -0.9951744870338305E-02  0.1870916512112030E+00  0.3099315077931611E+00  0.3334503080676313E+00  0.2352184456271070E+00 -0.3722050288136898E+00
 -0.8567254495465045E+00  0.5139081645511541E+00  0.6849990441069577E+00  0.6092337533041755E+00  0.4365945085261675E+00  0.2090796519993191E+00 -0.5108901310490335E-01 -0.3122515400162085E+00 -0.5648412530697797E+00 -0.7848000632062300E+00 -0.9548999076216508E+00 -0.1031973165613733E+01 -0.9628811737638324E+00 -0.7355835982391215E+00 -0.4286585818949004E+00 -0.1412901098950010E+00  0.9226101805706054E-01  0.2569933263401713E+00  0.3167567905303844E+00  0.2185022870228376E+00 -0.3387500705381284E+00
 -0.9361064087744434E+00  0.5889097795964185E+00  0.8306229300148121E+00  0.7445111417500676E+00  0.5503627904438235E+00  0.3003631061670486E+00  0.1796019938254903E-01 -0.2642474130547590E+00 -0.5341608917644729E+00 -0.7718489459008605E+00 -0.9733434415979713E+00 -0.1115947079326702E+01 -0.1135923549907186E+01 -0.9651201105259629E+00 -0.6395479659157914E+00 -0.2956884354035759E+00 -0.1938034499031914E-01  0.1737523424590846E+00  0.2559337797912868E+00  0.1737961501270739E+00 -0.2654546705899349E+00
 -0.8780738406245969E+00  0.6064159298325542E+00  0.9411739488730657E+00  0.8670135094452803E+00  0.6607842142880332E+00  0.3944656065102956E+00  0.9255962342135893E-01 -0.2111073513829105E+00 -0.4966599175860962E+00 -0.7399229985323893E+00 -0.9439940766465311E+00 -0.1120313127503482E+01 -0.1231512769151575E+01 -0.1170606609426277E+01 -0.8886532752609307E+00 -0.5033419283228385E+00 -0.1658721964336685E+00  0.6775607516800440E-01  0.1769148869025874E+00  0.1286778385662014E+00 -0.2091186287960170E+00
 -0.7133124312001557E+00  0.5735780464934329E+00  0.1007421708280143E+01  0.9721849288616161E+00  0.7663673770167088E+00  0.4920150793388365E+00  0.1765639250907271E+00 -0.1472860361188015E+00 -0.4520023721215828E+00 -0.7030635839632068E+00 -0.8951860010474660E+00 -0.1065752982728791E+01 -0.1233289329600125E+01 -0.1298561616618486E+01 -0.1128197110966217E+01 -0.7592657531633936E+00 -0.3680240018570139E+00 -0.7128373267938169E-01  0.8975543682675270E-01  0.9247603185242768E-01 -0.1876726587305304E+00
 -0.5108387234680885E+00  0.5094450963542779E+00  0.1017496565594745E+01  0.1048326316030529E+01  0.8604950183959629E+00  0.5874571630818622E+00  0.2666845923108874E+00 -0.7127253301637582E-01 -0.3947616996726543E+00 -0.6601057114125685E+00 -0.8430496730640432E+00 -0.9830885160969490E+00 -0.1157989992220365E+01 -0.1325052427174107E+01 -0.1303055461633434E+01 -0.1018487668170863E+01 -0.6140424737099981E+00 -0.2544365490221073E+00 -0.1862699467358982E-01  0.5283336231306746E-01 -0.1771270816127922E+00
 -0.3176648411054629E+00  0.4255815503002198E+00  0.9590798097951966E+00  0.1073579879108705E+01  0.9270805759335752E+00  0.6686546391299544E+00  0.3535391971343254E+00  0.1334172246694374E-01 -0.3193099815296888E+00 -0.5978674034364321E+00 -0.7807246095366059E+00 -0.8874014025092191E+00 -0.1030334062149158E+01 -0.1252124009530206E+01 -0.1379874349335901E+01 -0.1234537009272533E+01 -0.8730506322803403E+00 -0.4768420134435374E+00 -0.1620971795360273E+00 -0.6960959899454020E-02 -0.1412142998376653E+00
 -0.1528930307817250E+00  0.3280117005588735E+00  0.8311420708948956E+00  0.1029710427057800E+01  0.9492647866477995E+00  0.7231759475734439E+00  0.4255622566515767E+00  0.9607426356621326E-01 -0.2311262300797212E+00 -0.5114620689190686E+00 -0.6958437500463522E+00 -0.7787337269402155E+00 -0.8720015913589034E+00 -0.1097181809393359E+01 -0.1344894726729821E+01 -0.1370568625191193E+01 -0.1111659042689662E+01 -0.7233271918695845E+00 -0.3459344251671725E+00 -0.9255884753079935E-01 -0.6825788257477450E-01
 -0.2214229429255621E-01  0.2226466429008803E+00  0.6457976344100849E+00  0.9028820203951720E+00  0.9034783827925129E+00  0.7324338981810052E+00  0.4700659821239893E+00  0.1666562456627665E+00 -0.1391371229778200E+00 -0.4047148587992520E+00 -0.5819732593162008E+00 -0.6500305610004907E+00 -0.6964289618803929E+00 -0.8854781739261240E+00 -0.1201398094749855E+01 -0.1399489421173208E+01 -0.1296219541866372E+01 -0.9692822947207187E+00 -0.5639085192812548E+00 -0.2018646478757351E+00  0.4168542434595035E-01
  0.7542647474723546E-01  0.1203587521710451E+00  0.4365027312603708E+00  0.7074980378889288E+00  0.7833621301166606E+00  0.6842230655387692E+00  0.4763972784350929E+00  0.2159634051561253E+00 -0.5255695073975662E-01 -0.2868471320109989E+00 -0.4437402998195576E+00 -0.5000064207443808E+00 -0.5134695736240481E+00 -0.6458881745547012E+00 -0.9681301663233143E+00 -0.1303368022237461E+01 -0.1390820043192512E+01 -0.1182763429931690E+01 -0.7978288096441842E+00 -0.3303654793491166E+00  0.1932676284031657E+00
  0.1345806224975579E+00  0.3448988385748100E-01  0.2380502740700009E+00  0.4689190830821131E+00  0.5874931675321893E+00  0.5623824128668223E+00  0.4273285327395704E+00  0.2304315049293338E+00  0.1729671192400700E-01 -0.1704169674862472E+00 -0.2953651412668308E+00 -0.3395164887350433E+00 -0.3366270343410286E+00 -0.4105496056267546E+00 -0.6803924171818403E+00 -0.1080653122663280E+01 -0.1357543552497624E+01 -0.1322003003230777E+01 -0.1017476016532755E+01 -0.4720371007683473E+00  0.3986352857722875E+00
  0.1221394595762412E+00 -0.9218788814443067E-02  0.9448309313291202E-01  0.2476820758634539E+00  0.3600291419959759E+00  0.3834742118751628E+00  0.3202213434234363E+00  0.1984259620579161E+00  0.5457303612524080E-01 -0.7541224098605359E-01 -0.1618156529317168E+00 -0.1930200931762440E+00 -0.1863795647272353E+00 -0.2134396717085111E+00 -0.3890889947549525E+00 -0.7561711305230132E+00 -0.1167656468411894E+01 -0.1336610847309988E+01 -0.1180629965165584E+01 -0.6204438957006838E+00  0.6807017219364675E+00
  0.2724769680120966E-01 -0.6792796700427898E-02  0.6869306699925966E-02  0.7177597633875944E-01  0.1460684268338958E+00  0.1852052200643627E+00  0.1735387326568136E+00  0.1197589476542063E+00  0.4540113852327999E-01 -0.2513326063181954E-01 -0.7242369143837288E-01 -0.8925700091127337E-01 -0.8303442563342901E-01 -0.8159580505847855E-01 -0.1544131757488714E+00 -0.3928872051176371E+00 -0.8238871283741515E+00 -0.1174753699071915E+01 -0.1224292807780111E+01 -0.7675356511974490E+00  0.1078314145812236E+01
 -0.1672548418836690E+00  0.4572437470163844E-01 -0.3008171777875366E-01 -0.3577840253900441E-01 -0.1236950924695267E-02  0.3215489426980442E-01  0.4497922530801488E-01  0.3530508394375851E-01  0.1160700908082438E-01 -0.1385403880318869E-01 -0.3095111300257812E-01 -0.3484709571632104E-01 -0.2857779262140394E-01 -0.1739266038729107E-01 -0.2269466043712931E-01 -0.9367317611698123E-01 -0.4051204020968825E+00 -0.8201112556911309E+00 -0.1049423847850507E+01 -0.8464139170719651E+00  0.1489817903365389E+01
  0.4136422463105785E+00 -0.2192120170144371E+00 -0.2439938047327327E+00 -0.1776864175472734E+00 -0.1115440023998591E+00 -0.6318545340712768E-01 -0.3315082782264864E-01 -0.1833350749754559E-01 -0.1375927936448329E-01 -0.1339560093948823E-01 -0.1232757719005642E-01 -0.7448361125115273E-02 -0.2779514842732425E-03  0.9299548475342692E-02  0.1166639100187819E-01  0.9984498642574868E-02 -0.1327378395379804E+00 -0.3904428465481398E+00 -0.5667525723763537E+00 -0.5440881548709763E+00  0.1065511892236575E+01
  0.0000000000000000E+00  0.0000000000000000E+00  0.0000000000000000E+00  0.0000000000000000E+00  0.0000000000000000E+00  0.0000000000000000E+00  0.0000000000000000E+00  0.0000000000000000E+00  0.0000000000000000E+00  0.0000000000000000E+00  0.0000000000000000E+00  0.0000000000000000E+00  0.0000000000000000E+00  0.0000000000000000E+00  0.0000000000000000E+00  0.0000000000000000E+00  0.0000000000000000E+00  0.0000000000000000E+00  0.0000000000000000E+00  0.0000000000000000E+00  0.0000000000000000E+00
