  0.0000000000000000E+00  0.0000000000000000E+00  0.0000000000000000E+00  0.0000000000000000E+00  0.0000000000000000E+00  0.0000000000000000E+00  0.0000000000000000E+00  0.0000000000000000E+00  0.0000000000000000E+00  0.0000000000000000E+00  0.0000000000000000E+00  0.0000000000000000E+00  0.0000000000000000E+00  0.0000000000000000E+00  0.0000000000000000E+00  0.0000000000000000E+00  0.0000000000000000E+00  0.0000000000000000E+00  0.0000000000000000E+00  0.0000000000000000E+00  0.0000000000000000E+00
  0.3806096693390769E-01 -0.1558603110260290E-01 -0.8697126373901019E-02  0.2239930861161690E-02 -0.8763081890380707E-02 -0.3819018386605851E-01 -0.6834430608858898E-01 -0.8152306044163152E-01 -0.8110164722777738E-01 -0.7416194878243916E-01 -0.6190397712465065E-01 -0.3141016536857583E-01  0.2644650678860399E-01  0.9324123829145396E-01  0.1334472713912551E+00  0.1326410564152370E+00  0.9866398239519064E-01  0.4574224419192559E-01 -0.5977717048814027E-02 -0.2497083714949543E-01  0.6893479439967226E-01
  0.1532710426801330E-02  0.1721280042201453E-01  0.5317111169284492E-01  0.7178906691711814E-01  0.4306379601520688E-01 -0.2495055372952367E-01 -0.1160477978896274E+00 -0.2058257946487080E+00 -0.2791106812601196E+00 -0.3162560677365798E+00 -0.3030592004965941E+00 -0.2270941076882558E+00 -0.1022359302787119E+00  0.3534977439110187E-01  0.1444961618510429E+00  0.1998227709577285E+00  0.1966373198483319E+00  0.1457304891937037E+00  0.7157924379235421E-01  0.1104793121999535E-01  0.3843545013236817E-01
 -0.1541914520442944E+00  0.1092027139220432E+00  0.1734166897218354E+00  0.1818503936984322E+00  0.1177760060755337E+00  0.4417815425412910E-02 -0.1368992508954376E+00 -0.2777590904901230E+00 -0.4030027070983601E+00 -0.4868015051101939E+00 -0.5101194210826094E+00 -0.4498101276951308E+00 -0.3102683417877081E+00 -0.1254384932877484E+00  0.5537049106138470E-01  0.1932028141094531E+00  0.2643424332846281E+00  0.2593619118886825E+00  0.1927605868614500E+00  0.1031310460905683E+00 -0.1166325514102549E+00
 -0.4001722594716007E+00  0.2449824719174817E+00  0.3347751562808445E+00  0.3164909379310013E+00  0.2108079689936543E+00  0.5099034803427034E-01 -0.1414364680404681E+00 -0.3355692515630561E+00 -0.5158552718009244E+00 -0.6500351299278575E+00 -0.7140499570855785E+00 -0.6761921536362783E+00 -0.5338699225328193E+00 -0.3205144636699132E+00 -0.9212293439582818E-01  0.1091414588896759E+00  0.2543117701402829E+00  0.3165001786199704E+00  0.2907422805785552E+00  0.1946058677435686E+00 -0.2930753226521506E+00
 -0.6599564772765171E+00  0.3912758599251239E+00  0.5138711024988548E+00  0.4643257999208114E+00  0.3225469258171664E+00  0.1261963319636724E+00 -0.1035945189953983E+00 -0.3359070899040548E+00 -0.5592215453791745E+00 -0.7433502314077101E+00 -0.8628153134968184E+00 -0.8738883118561962E+00 -0.7514084053260183E+00 -0.5199753167693970E+00 -0.2535346930666997E+00 -0.9951290209954776E-02  0.1870919217109019E+00  0.3099315412320987E+00  0.3334501120936205E+00  0.2352182807200206E+00 -0.3722047300664412E+00
 -0.8567257273574153E+00  0.5139084441941683E+00  0.6849996052250894E+00  0.6092338733951432E+00  0.4365941218763013E+00  0.2090789520011000E+00 -0.5108986840398733E-01 -0.3122523490054390E+00 -0.5648420608595898E+00 -0.7848008176498147E+00 -0.9549004388694586E+00 -0.1031973163681514E+01 -0.9628805882895605E+00 -0.7355828350293288E+00 -0.4286580187551048E+00 -0.1412897489512160E+00  0.9226124132716165E-01  0.2569933970415910E+00  0.3167567223484057E+00  0.2185022746014240E+00 -0.3387501014558662E+00
 -0.9361064153837247E+00  0.5889100227487141E+00  0.8306236528624175E+00  0.7445113566547759E+00  0.5503623852314318E+00  0.3003623705526158E+00  0.1795941218104531E-01 -0.2642479944354167E+00 -0.5341613746526075E+00 -0.7718494893176883E+00 -0.9733440565346599E+00 -0.1115947441326598E+01 -0.1135923339219268E+01 -0.9651195205051546E+00 -0.6395474468424938E+00 -0.2956881137095430E+00 -0.1938017017179841E-01  0.1737524146075398E+00  0.2559337883072549E+00  0.1737961903758931E+00 -0.2654547828204242E+00
 -0.8780733076762148E+00  0.6064160074376032E+00  0.9411747146365945E+00  0.8670137535279472E+00  0.6607837192915675E+00  0.3944647743688723E+00  0.9255890026641449E-01 -0.2111076157423790E+00 -0.4966598466744479E+00 -0.7399229556666963E+00 -0.9439943619565849E+00 -0.1120313580718071E+01 -0.1231512893583391E+01 -0.1170606294451140E+01 -0.8886528785929872E+00 -0.5033416349954061E+00 -0.1658720222724888E+00  0.6775614558516527E-01  0.1769149089018812E+00  0.1286778662955730E+00 -0.2091186899848378E+00
 -0.7133115012694491E+00  0.5735779650957931E+00  0.1007422394017930E+01  0.9721851673803060E+00  0.7663667823661626E+00  0.4920141020535061E+00  0.1765631580644561E+00 -0.1472861437225454E+00 -0.4520018847374449E+00 -0.7030629499611558E+00 -0.8951857743055074E+00 -0.1065753288605994E+01 -0.1233289646926815E+01 -0.1298561569050406E+01 -0.1128196918172462E+01 -0.7592655844488128E+00 -0.3680238564727193E+00 -0.7128365790407186E-01  0.8975545852364519E-01  0.9247603851234540E-01 -0.1876726570133910E+00
 -0.5108377470088346E+00  0.5094449407154431E+00  0.1017497075137495E+01  0.1048326536678381E+01  0.8604944026179111E+00  0.5874561016342690E+00  0.2666837647303317E+00 -0.7127259676572735E-01 -0.3947609769709696E+00 -0.6601046304490250E+00 -0.8430489247361085E+00 -0.9830885325113670E+00 -0.1157990365738442E+01 -0.1325052571107002E+01 -0.1303055450807046E+01 -0.1018487677490941E+01 -0.6140424390814520E+00 -0.2544365116552996E+00 -0.1862698250678681E-01  0.5283336280379367E-01 -0.1771270709181678E+00
 -0.3176639912868099E+00  0.4255813644599126E+00  0.9590801020929279E+00  0.1073580076693794E+01  0.9270800603262088E+00  0.6686536454994834E+00  0.3535383799372284E+00  0.1334163582730618E-01 -0.3193092391443101E+00 -0.5978661704048096E+00 -0.7807235611738732E+00 -0.8874011704617194E+00 -0.1030334437986036E+01 -0.1252124289321463E+01 -0.1379874466095722E+01 -0.1234537171090431E+01 -0.8730507481191565E+00 -0.4768420591561736E+00 -0.1620972019332878E+00 -0.6960969550405163E-02 -0.1412142932820724E+00
 -0.1528923409439948E+00  0.3280115058948602E+00  0.8311421767405858E+00  0.1029710612543971E+01  0.9492644759121976E+00  0.7231751928832022E+00  0.4255615839951056E+00  0.9607418910461432E-01 -0.2311255599761544E+00 -0.5114609017423287E+00 -0.6958426724752782E+00 -0.7787334157493597E+00 -0.8720020074487005E+00 -0.1097182205755822E+01 -0.1344894916255746E+01 -0.1370568867177484E+01 -0.1111659285139140E+01 -0.7233273355848207E+00 -0.3459345043656551E+00 -0.9255887894846508E-01 -0.6825786752025992E-01
 -0.2214174443851413E-01  0.2226464564133905E+00  0.6457976248016573E+00  0.9028822057642185E+00  0.9034783153850886E+00  0.7324334919029862E+00  0.4700655791540844E+00  0.1666562610006975E+00 -0.1391365366340178E+00 -0.4047138763439403E+00 -0.5819723581775669E+00 -0.6500303536126336E+00 -0.6964294998380338E+00 -0.8854787087321628E+00 -0.1201398330623299E+01 -0.1399489667099503E+01 -0.1296219844117402E+01 -0.9692825087214211E+00 -0.5639086500400121E+00 -0.2018647011543372E+00  0.4168545342299956E-01
  0.7542691837551291E-01  0.1203585883541515E+00  0.4365026834379674E+00  0.7074982404506226E+00  0.7833622880633779E+00  0.6842230204460568E+00  0.4763971963960270E+00  0.2159635675637107E+00 -0.5255642384840698E-01 -0.2868463677687572E+00 -0.4437396709017551E+00 -0.5000064162784869E+00 -0.5134702678193749E+00 -0.6458888605526644E+00 -0.9681304447214603E+00 -0.1303368214109186E+01 -0.1390820330709680E+01 -0.1182763670731165E+01 -0.7978289675783949E+00 -0.3303655467259773E+00  0.1932676725995370E+00
  0.1345809750084002E+00  0.3448974972043814E-01  0.2380502241697146E+00  0.4689192800300687E+00  0.5874934677503868E+00  0.5623826506628231E+00  0.4273287344982967E+00  0.2304318148241297E+00  0.1729719574380461E-01 -0.1704164090091239E+00 -0.2953647840670819E+00 -0.3395166714095263E+00 -0.3366278190612515E+00 -0.4105503972458771E+00 -0.6803927434727828E+00 -0.1080653239549479E+01 -0.1357543757517068E+01 -0.1322003222451344E+01 -0.1017476173654137E+01 -0.4720371732258146E+00  0.3986353460233070E+00
  0.1221396843253810E+00 -0.9218879743440560E-02  0.9448304509505935E-01  0.2476822196680242E+00  0.3600294518339732E+00  0.3834745763610405E+00  0.3202217172889415E+00  0.1984263756279798E+00  0.5457348918154024E-01 -0.7541183980757923E-01 -0.1618154885888902E+00 -0.1930203505705796E+00 -0.1863802830631126E+00 -0.2134404439245573E+00 -0.3890893551440184E+00 -0.7561711984470489E+00 -0.1167656566261427E+01 -0.1336611005754708E+01 -0.1180630098607167E+01 -0.6204439657838853E+00  0.6807017987444892E+00
  0.2724776799051741E-01 -0.6792839910442544E-02  0.6869248259189774E-02  0.7177601722176502E-01  0.1460686010551170E+00  0.1852054841014084E+00  0.1735390397249965E+00  0.1197592767500155E+00  0.4540145401818628E-01 -0.2513303149333571E-01 -0.7242364935113758E-01 -0.8925721960280605E-01 -0.8303492779128453E-01 -0.8159639770293010E-01 -0.1544135161768827E+00 -0.3928872705062233E+00 -0.8238871478066384E+00 -0.1174753782249471E+01 -0.1224292902872371E+01 -0.7675357131899985E+00  0.1078314236697625E+01
 -0.1672547783315532E+00  0.4572433458587335E-01 -0.3008177457393321E-01 -0.3577841455505272E-01 -0.1236889031448964E-02  0.3215501843057270E-01  0.4497938372469070E-01  0.3530525256420476E-01  0.1160715908198439E-01 -0.1385394456152450E-01 -0.3095111565556332E-01 -0.3484721514396760E-01 -0.2857803069762745E-01 -0.1739296738541354E-01 -0.2269489139151803E-01 -0.9367326061371832E-01 -0.4051204061634250E+00 -0.8201112820221711E+00 -0.1049423899516584E+01 -0.8464139610560475E+00  0.1489817983651559E+01
  0.4136422968935828E+00 -0.2192120484835196E+00 -0.2439938485569761E+00 -0.1776864474899714E+00 -0.1115440087831835E+00 -0.6318543552381772E-01 -0.3315079189474251E-01 -0.1833346252339289E-01 -0.1375923906029940E-01 -0.1339558264034338E-01 -0.1232759796515175E-01 -0.7448426199214115E-02 -0.2780527477037214E-03  0.9299426610054357E-02  0.1166629289700963E-01  0.9984442069622807E-02 -0.1327378535848814E+00 -0.3904428524992949E+00 -0.5667525905605686E+00 -0.5440881736649821E+00  0.1065511930434378E+01
  0.0000000000000000E+00  0.0000000000000000E+00  0.0000000000000000E+00  0.0000000000000000E+00  0.0000000000000000E+00  0.0000000000000000E+00  0.0000000000000000E+00  0.0000000000000000E+00  0.0000000000000000E+00  0.0000000000000000E+00  0.0000000000000000E+00  0.0000000000000000E+00  0.0000000000000000E+00  0.0000000000000000E+00  0.0000000000000000E+00  0.0000000000000000E+00  0.0000000000000000E+00  0.0000000000000000E+00  0.0000000000000000E+00  0.0000000000000000E+00  0.0000000000000000E+00
