  0.0000000000000000E+00  0.0000000000000000E+00  0.0000000000000000E+00  0.0000000000000000E+00  0.0000000000000000E+00  0.0000000000000000E+00  0.0000000000000000E+00  0.0000000000000000E+00  0.0000000000000000E+00  0.0000000000000000E+00  0.0000000000000000E+00  0.0000000000000000E+00  0.0000000000000000E+00  0.0000000000000000E+00  0.0000000000000000E+00  0.0000000000000000E+00  0.0000000000000000E+00  0.0000000000000000E+00  0.0000000000000000E+00  0.0000000000000000E+00  0.0000000000000000E+00
  0.3975878095139410E-01 -0.2272193270703199E-01 -0.2840701716970187E-01 -0.2881866440124523E-01 -0.4515224427159564E-01 -0.7115858420782574E-01 -0.9232431850560283E-01 -0.9914913237358770E-01 -0.9710616420830644E-01 -0.8863437666491622E-01 -0.6941247154300785E-01 -0.2592668405543128E-01  0.4055951662406580E-01  0.1014575987192272E+00  0.1292540766003893E+00  0.1195456106410607E+00  0.8269922129716904E-01  0.3189972009968297E-01 -0.1400705749370691E-01 -0.2731868914647425E-01  0.6794900994571584E-01
  0.1533734059290905E-01  0.1849861591001703E-02  0.2088692536591415E-01  0.2757815918593934E-01 -0.5047506753609374E-02 -0.6812194751763236E-01 -0.1471201597304290E+00 -0.2210438944360326E+00 -0.2759265471526404E+00 -0.2919542178919728E+00 -0.2575368980657580E+00 -0.1680748266697216E+00 -0.4524511194626575E-01  0.7495088800302947E-01  0.1603132091838188E+00  0.1948753136797952E+00  0.1792706679621330E+00  0.1256387383611344E+00  0.5658296112815353E-01  0.3973020400828776E-02  0.4466389992566720E-01
 -0.1148977289751970E+00  0.7967280463983453E-01  0.1241206849443066E+00  0.1227181859137243E+00  0.5685766084581907E-01 -0.5111599887074134E-01 -0.1821583588550913E+00 -0.3093673027514600E+00 -0.4171165056226381E+00 -0.4786095851632657E+00 -0.4770817881012664E+00 -0.3962719128386625E+00 -0.2500397836017317E+00 -0.7503629272091385E-01  0.8587589236799809E-01  0.2012642067458935E+00  0.2534413128251256E+00  0.2379669423582794E+00  0.1712059002058934E+00  0.8900899012187008E-01 -0.9582107015971680E-01
 -0.3452327666284090E+00  0.2074305583701808E+00  0.2770589084821335E+00  0.2543076397609872E+00  0.1505627663600773E+00 -0.2313681612296187E-02 -0.1842660011328407E+00 -0.3639514271712317E+00 -0.5248486812063071E+00 -0.6338791048568911E+00 -0.6702589368659577E+00 -0.6100647147009668E+00 -0.4607417297526770E+00 -0.2573449056325957E+00 -0.4814271586652014E-01  0.1310896873687194E+00  0.2544968335007172E+00  0.3003107931077215E+00  0.2683842710568457E+00  0.1784371104359270E+00 -0.2669270602509354E+00
 -0.6088274408851724E+00  0.3546889670283285E+00  0.4552394601998132E+00  0.4027073100414007E+00  0.2614796706037462E+00  0.6865111336948246E-01 -0.1554195475832466E+00 -0.3785510780630661E+00 -0.5879956300950550E+00 -0.7503593954154375E+00 -0.8404729893370574E+00 -0.8207963507251476E+00 -0.6810863419779136E+00 -0.4541543292537215E+00 -0.2053853485407337E+00  0.1857070444545436E-01  0.1956732130395386E+00  0.3006355454209669E+00  0.3149145646046153E+00  0.2232978915710117E+00 -0.3549791101084196E+00
 -0.8270973067833747E+00  0.4867796855290207E+00  0.6332417498036873E+00  0.5542085447544700E+00  0.3823252149617690E+00  0.1585799987437632E+00 -0.9584919638847419E-01 -0.3491285586658196E+00 -0.5922930316326626E+00 -0.7983836362028474E+00 -0.9469080730540215E+00 -0.9940352550015108E+00 -0.8992450604851326E+00 -0.6677845933632229E+00 -0.3775794484358594E+00 -0.1109014459202593E+00  0.1045593151895058E+00  0.2532842222627826E+00  0.3045555533536702E+00  0.2128989562101263E+00 -0.3341413152767085E+00
 -0.9375654594923153E+00  0.5756988885304791E+00  0.7895312060991222E+00  0.6965064050146614E+00  0.5009142618573070E+00  0.2525571606687980E+00 -0.2556009256964406E-01 -0.3009179070307782E+00 -0.5639783325801649E+00 -0.7942087920626545E+00 -0.9840783351736447E+00 -0.1103637296167972E+01 -0.1092845337290446E+01 -0.9034575449942076E+00 -0.5854039392980781E+00 -0.2626947171072799E+00 -0.5113378181631271E-02  0.1744204277808166E+00  0.2500822781400089E+00  0.1722980610651516E+00 -0.2668119050554458E+00
 -0.9106929334297003E+00  0.6076964883664968E+00  0.9123965316697902E+00  0.8259754517633063E+00  0.6160416805666439E+00  0.3505992766564037E+00  0.5377923623431432E-01 -0.2412429059613425E+00 -0.5186774347155581E+00 -0.7569438572522352E+00 -0.9587180482407808E+00 -0.1125920813519413E+01 -0.1213528076445722E+01 -0.1126298830466032E+01 -0.8371159484426153E+00 -0.4659666511359905E+00 -0.1476380550168771E+00  0.7217504001259155E-01  0.1750965242339652E+00  0.1283982840393477E+00 -0.2100983278840778E+00
 -0.7629523951883285E+00  0.5852079182664327E+00  0.9926713596109696E+00  0.9390988679529604E+00  0.7262655163774646E+00  0.4508067286269146E+00  0.1388518173132784E+00 -0.1769590031194324E+00 -0.4724810756080719E+00 -0.7170089826076608E+00 -0.9089315688003730E+00 -0.1079975780804002E+01 -0.1235428673614237E+01 -0.1276661012790051E+01 -0.1089202339080391E+01 -0.7224442895683294E+00 -0.3454341061402744E+00 -0.6256774825726739E-01  0.9062648083372789E-01  0.9194340629460945E-01 -0.1852037380501005E+00
 -0.5611359736021746E+00  0.5267174979814938E+00  0.1019016520342307E+01  0.1026532393305845E+01  0.8270196128559122E+00  0.5504303966376515E+00  0.2312984412579037E+00 -0.1002324429363395E+00 -0.4152420017245224E+00 -0.6733664581597677E+00 -0.8553390318152463E+00 -0.9999169550721895E+00 -0.1172078570816054E+01 -0.1321955651141266E+01 -0.1280600274921317E+01 -0.9891135741132550E+00 -0.5911670027733327E+00 -0.2425848720232693E+00 -0.1529722398717081E-01  0.5263283139456871E-01 -0.1731957181708769E+00
 -0.3611344307354235E+00  0.4463779733886223E+00  0.9779994894304435E+00  0.1067582794667704E+01  0.9040567845933406E+00  0.6387048080345702E+00  0.3226446505075686E+00 -0.1422910123634238E-01 -0.3414291929074312E+00 -0.6144254987992166E+00 -0.7956804725483843E+00 -0.9068281755827196E+00 -0.1051339830287578E+01 -0.1262286568101132E+01 -0.1372720493070840E+01 -0.1215932187127792E+01 -0.8541832221566072E+00 -0.4646062309000176E+00 -0.1571450540348960E+00 -0.6194817380603851E-02 -0.1385606018930845E+00
 -0.1875325403040122E+00  0.3510792847867629E+00  0.8657053140562763E+00  0.1042706891842735E+01  0.9405506776793509E+00  0.7027997149809789E+00  0.4009015399980014E+00  0.7151034428042634E-01 -0.2536624689961124E+00 -0.5316846969289910E+00 -0.7160843117192326E+00 -0.8030268281525692E+00 -0.8980613252491334E+00 -0.1115319416763446E+01 -0.1349035822583705E+01 -0.1362464143793689E+01 -0.1099004544537870E+01 -0.7131752106165051E+00 -0.3407155488972560E+00 -0.9119643443921586E-01 -0.6712624557960845E-01
 -0.4829520282342825E-01  0.2461878053327518E+00  0.6902682131748272E+00  0.9344768571304173E+00  0.9123556203152504E+00  0.7249216005916967E+00  0.4537930928905557E+00  0.1465578859898240E+00 -0.1609463085118453E+00 -0.4278985845585712E+00 -0.6079101406176108E+00 -0.6806011873723533E+00 -0.7275932783312039E+00 -0.9082266452873577E+00 -0.1212190531590188E+01 -0.1399359187411713E+01 -0.1289514855648685E+01 -0.9622494249820395E+00 -0.5594694500035202E+00 -0.2004357942384287E+00  0.4183793271176572E-01
  0.5679000691959529E-01  0.1417493924551073E+00  0.4820381842849171E+00  0.7518896871083868E+00  0.8092633922678141E+00  0.6912337330277879E+00  0.4702414392956286E+00  0.2016973362516276E+00 -0.7238608991297639E-01 -0.3115120125974385E+00 -0.4737255090137105E+00 -0.5354288377992330E+00 -0.5485864049543090E+00 -0.6709106929408870E+00 -0.9815283935828955E+00 -0.1307965716604741E+01 -0.1388743303062621E+01 -0.1178646758769072E+01 -0.7945448794533179E+00 -0.3291248330745932E+00  0.1928296197704618E+00
  0.1242820442924514E+00  0.5029358910101930E-01  0.2751628115955093E+00  0.5153681760851443E+00  0.6253671746046497E+00  0.5839141159382583E+00  0.4332028092349708E+00  0.2240730289718396E+00  0.1523881793948477E-02 -0.1940292232088031E+00 -0.3260073762476716E+00 -0.3755911546033323E+00 -0.3719897628080419E+00 -0.4352600577545646E+00 -0.6933399792283363E+00 -0.1086762563157694E+01 -0.1358275813667244E+01 -0.1320150136804541E+01 -0.1015299732718851E+01 -0.4710433352648758E+00  0.3978302730757761E+00
  0.1249715358475305E+00 -0.2854002397969075E-02  0.1164095286536233E+00  0.2829809888662084E+00  0.3969051597253055E+00  0.4120382891592305E+00  0.3363172178652039E+00  0.2018257337063997E+00  0.4651814198280189E-01 -0.9336276846309316E-01 -0.1876030024193256E+00 -0.2234339004609718E+00 -0.2161319074656864E+00 -0.2344371912334262E+00 -0.3995899893196846E+00 -0.7616375974096536E+00 -0.1169601294109531E+01 -0.1336231396782508E+01 -0.1179343652079717E+01 -0.6196719910339329E+00  0.6796723210220812E+00
  0.3844055543983996E-01 -0.7818145348960944E-02  0.1498611939295713E-01  0.9103967734831347E-01  0.1708015017122426E+00  0.2079622114622683E+00  0.1891909701457810E+00  0.1260464179839823E+00  0.4214234963636534E-01 -0.3670593684571206E-01 -0.8989907557364343E-01 -0.1094245774486907E+00 -0.1025823433980472E+00 -0.9589302280015603E-01 -0.1614479496135245E+00 -0.3967915920772380E+00 -0.8261285362118529E+00 -0.1175286252552351E+01 -0.1223688276287154E+01 -0.7669425451562107E+00  0.1077139359181478E+01
 -0.1640789162014480E+00  0.4510575170969876E-01 -0.2876166107235176E-01 -0.2826478952484406E-01  0.1083155905859913E-01  0.4493760952263847E-01  0.5497449767039874E-01  0.4041829176234175E-01  0.1127283302103028E-01 -0.1894828550162981E-01 -0.3925717422019277E-01 -0.4442606911118629E-01 -0.3777837837134247E-01 -0.2450269655011000E-01 -0.2631807005643481E-01 -0.9613104786568265E-01 -0.4073079601416487E+00 -0.8211147773450110E+00 -0.1049328559204577E+01 -0.8460316676761783E+00  0.1488766443823958E+01
  0.4128733078524024E+00 -0.2178638262852264E+00 -0.2407181710032769E+00 -0.1734557671035643E+00 -0.1069643804290477E+00 -0.5878110880493209E-01 -0.2967759709072276E-01 -0.1652629675708596E-01 -0.1399409054915961E-01 -0.1555529731223394E-01 -0.1583094214746644E-01 -0.1147185960356324E-01 -0.4065185544567623E-02  0.6225578510462916E-02  0.1001416644902938E-01  0.8611042842191113E-02 -0.1342311282372382E+00 -0.3912455828547311E+00 -0.5668319407571037E+00 -0.5439458484241445E+00  0.1065005604515330E+01
  0.0000000000000000E+00  0.0000000000000000E+00  0.0000000000000000E+00  0.0000000000000000E+00  0.0000000000000000E+00  0.0000000000000000E+00  0.0000000000000000E+00  0.0000000000000000E+00  0.0000000000000000E+00  0.0000000000000000E+00  0.0000000000000000E+00  0.0000000000000000E+00  0.0000000000000000E+00  0.0000000000000000E+00  0.0000000000000000E+00  0.0000000000000000E+00  0.0000000000000000E+00  0.0000000000000000E+00  0.0000000000000000E+00  0.0000000000000000E+00  0.0000000000000000E+00
