  0.0000000000000000E+00  0.0000000000000000E+00  0.0000000000000000E+00  0.0000000000000000E+00  0.0000000000000000E+00  0.0000000000000000E+00  0.0000000000000000E+00  0.0000000000000000E+00  0.0000000000000000E+00  0.0000000000000000E+00  0.0000000000000000E+00  0.0000000000000000E+00  0.0000000000000000E+00  0.0000000000000000E+00  0.0000000000000000E+00  0.0000000000000000E+00  0.0000000000000000E+00  0.0000000000000000E+00  0.0000000000000000E+00  0.0000000000000000E+00  0.0000000000000000E+00
  0.3806058929802152E-01 -0.1558593761821727E-01 -0.8697223556630287E-02  0.2239795088636015E-02 -0.8762703303392504E-02 -0.3818963844830010E-01 -0.6834429408963014E-01 -0.8152390050199537E-01 -0.8110276241335779E-01 -0.7416320247501111E-01 -0.6190563002252550E-01 -0.3141296992941262E-01  0.2644267715541289E-01  0.9323804918473891E-01  0.1334458401630580E+00  0.1326411573877745E+00  0.9866498610807899E-01  0.4574371700543635E-01 -0.5976073436004904E-02 -0.2496978058373756E-01  0.6893326831520777E-01
  0.1533409643421413E-02  0.1721214837386359E-01  0.5316985476501219E-01  0.7178836618991644E-01  0.4306488502686731E-01 -0.2494778580512817E-01 -0.1160438710452102E+00 -0.2058217479882927E+00 -0.2791072198813352E+00 -0.3162545763751733E+00 -0.3030604720089296E+00 -0.2270982746220218E+00 -0.1022414885991301E+00  0.3534489198083514E-01  0.1444931306492093E+00  0.1998215998508316E+00  0.1966375135298840E+00  0.1457315780509921E+00  0.7158104701935894E-01  0.1104972597179000E-01  0.3843186910398895E-01
 -0.1541876200895663E+00  0.1092002776700964E+00  0.1734132129207231E+00  0.1818484810513108E+00  0.1177768782178283E+00  0.4420999567403923E-02 -0.1368943051682663E+00 -0.2777536218504426E+00 -0.4029974605591328E+00 -0.4867982433608364E+00 -0.5101193224239912E+00 -0.4498138696481229E+00 -0.3102745773674415E+00 -0.1254448212554954E+00  0.5536558327751001E-01  0.1931996178234339E+00  0.2643407793285661E+00  0.2593616097119565E+00  0.1927617472612881E+00  0.1031330466798776E+00 -0.1166373927783447E+00
 -0.4001652589128920E+00  0.2449782031773032E+00  0.3347693506190176E+00  0.3164881558607199E+00  0.2108091200779234E+00  0.5099460641523913E-01 -0.1414296935530471E+00 -0.3355614590417826E+00 -0.5158472285158953E+00 -0.6500288965144586E+00 -0.7140472069604847E+00 -0.6761940524073429E+00 -0.5338752047783233E+00 -0.3205203361849888E+00 -0.9212773380064262E-01  0.1091377721217364E+00  0.2543090240435713E+00  0.3164985265039814E+00  0.2907422545440628E+00  0.1946070404601147E+00 -0.2930788668362813E+00
 -0.6599485119384206E+00  0.3912706134798506E+00  0.5138633285011313E+00  0.4643220477751293E+00  0.3225476450273804E+00  0.1262002599984175E+00 -0.1035881727789898E+00 -0.3358998000705395E+00 -0.5592135174342878E+00 -0.7433429176579559E+00 -0.8628106889531634E+00 -0.8738886224808521E+00 -0.7514133355064636E+00 -0.5199814620612250E+00 -0.2535393795468440E+00 -0.9954709260630770E-02  0.1870889950241893E+00  0.3099291736144695E+00  0.3334489856653773E+00  0.2352182584811766E+00 -0.3722057897781526E+00
 -0.8567204104719477E+00  0.5139037919813281E+00  0.6849909654720365E+00  0.6092299090975856E+00  0.4365952811154596E+00  0.2090833443804714E+00 -0.5108367822503736E-01 -0.3122460461796853E+00 -0.5648352327738294E+00 -0.7847935262595600E+00 -0.9548939666855376E+00 -0.1031970627743113E+01 -0.9628838784222187E+00 -0.7355892875573130E+00 -0.4286633725313189E+00 -0.1412932020899078E+00  0.9225852771309162E-01  0.2569909045060192E+00  0.3167549795463993E+00  0.2185016762903076E+00 -0.3387500493245236E+00
 -0.9361069227882537E+00  0.5889074122227503E+00  0.8306153138799972E+00  0.7445077725603394E+00  0.5503644606816007E+00  0.3003673112988918E+00  0.1796473014771783E-01 -0.2642444381429654E+00 -0.5341587098974592E+00 -0.7718459001199992E+00 -0.9733387873004991E+00 -0.1115943052296083E+01 -0.1135923978290936E+01 -0.9651252341315427E+00 -0.6395537639270737E+00 -0.2956924879427247E+00 -0.1938305178092878E-01  0.1737501281017079E+00  0.2559321742812455E+00  0.1737957489193402E+00 -0.2654550724767752E+00
 -0.8780812960604223E+00  0.6064163379071630E+00  0.9411677176610667E+00  0.8670110275916771E+00  0.6607873599398908E+00  0.3944712388798245E+00  0.9256441595128979E-01 -0.2111060376941317E+00 -0.4966615322077056E+00 -0.7399247819541793E+00 -0.9439930214174044E+00 -0.1120309392201702E+01 -0.1231510824990210E+01 -0.1170609635595071E+01 -0.8886588371706641E+00 -0.5033467669245988E+00 -0.1658755540463473E+00  0.6775394716336644E-01  0.1769137760027902E+00  0.1286777914774970E+00 -0.2091195984297008E+00
 -0.7133237072740983E+00  0.5735804758825126E+00  0.1007417720373439E+01  0.9721835765557761E+00  0.7663719790377839E+00  0.4920222960251655E+00  0.1765693238942466E+00 -0.1472858324195518E+00 -0.4520073433607587E+00 -0.7030707090263293E+00 -0.8951905196301002E+00 -0.1065752086646213E+01 -0.1233286410306494E+01 -0.1298562125439661E+01 -0.1128201039503108E+01 -0.7592701097134960E+00 -0.3680275315448596E+00 -0.7128597494405751E-01  0.8975447219201692E-01  0.9247598692604776E-01 -0.1876734885861264E+00
 -0.5108496886265783E+00  0.5094483617294617E+00  0.1017495396561807E+01  0.1048326303208590E+01  0.8605005189585097E+00  0.5874655091315684E+00  0.2666908621204591E+00 -0.7127218235431179E-01 -0.3947679515650343E+00 -0.6601161984700602E+00 -0.8430592538131848E+00 -0.9830917687917567E+00 -0.1157987718718928E+01 -0.1325050979783700E+01 -0.1303057267070343E+01 -0.1018490601668015E+01 -0.6140452690432732E+00 -0.2544385842315004E+00 -0.1862796658836594E-01  0.5283309120349854E-01 -0.1771272401988616E+00
 -0.3176738020964948E+00  0.4255850772482385E+00  0.9590814296482207E+00  0.1073581350419323E+01  0.9270862324918807E+00  0.6686630622659879E+00  0.3535457861545874E+00  0.1334251280050464E-01 -0.3193161521225735E+00 -0.5978789589469887E+00 -0.7807371388471894E+00 -0.8874083848470936E+00 -0.1030333401852850E+01 -0.1252121465992908E+01 -0.1379874174197944E+01 -0.1234538210260868E+01 -0.8730521369384685E+00 -0.4768434176840586E+00 -0.1620979949130254E+00 -0.6961283857958907E-02 -0.1412141433391487E+00
 -0.1528997950784893E+00  0.3280151530107004E+00  0.8311456639536120E+00  0.1029713182201794E+01  0.9492699676067886E+00  0.7231832952349447E+00  0.4255681917500023E+00  0.9607517435620162E-01 -0.2311317008696097E+00 -0.5114729558131867E+00 -0.6958566809358566E+00 -0.7787425799763810E+00 -0.8720023820475906E+00 -0.1097178829176260E+01 -0.1344893053960454E+01 -0.1370568271711943E+01 -0.1111659131040614E+01 -0.7233276375448651E+00 -0.3459347948916469E+00 -0.9255900838478687E-01 -0.6825776973728626E-01
 -0.2214719934634990E-01  0.2226497004886520E+00  0.6458019021196062E+00  0.9028854968128498E+00  0.9034828104677293E+00  0.7324395624472694E+00  0.4700705170496009E+00  0.1666567714609774E+00 -0.1391419041223888E+00 -0.4047243401316541E+00 -0.5819848345464685E+00 -0.6500391551524455E+00 -0.6964301728947517E+00 -0.8854749205474516E+00 -0.1201395451329114E+01 -0.1399487943697912E+01 -0.1296218473612370E+01 -0.9692817877592834E+00 -0.5639083258282220E+00 -0.2018645756504999E+00  0.4168540112327779E-01
  0.7542302811215229E-01  0.1203611035077182E+00  0.4365063386353068E+00  0.7075012547841886E+00  0.7833654903223793E+00  0.6842268443144824E+00  0.4764000683868227E+00  0.2159631794998685E+00 -0.5256121295167240E-01 -0.2868549799995379E+00 -0.4437496182711518E+00 -0.5000132332976396E+00 -0.5134700745182493E+00 -0.6458844514765087E+00 -0.9681269678096226E+00 -0.1303365991985636E+01 -0.1390818263187531E+01 -0.1182762170546343E+01 -0.7978280989797080E+00 -0.3303651844164150E+00  0.1932674542695372E+00
  0.1345785635823676E+00  0.3449131386634380E-01  0.2380525051813990E+00  0.4689212923740095E+00  0.5874953140267380E+00  0.5623845479698357E+00  0.4273298196276637E+00  0.2304306278703724E+00  0.1729299780032779E-01 -0.1704230931953825E+00 -0.2953718976630406E+00 -0.3395208843541882E+00 -0.3366262603043234E+00 -0.4105452796233548E+00 -0.6803888887587610E+00 -0.1080651053896849E+01 -0.1357541673398813E+01 -0.1322001387352938E+01 -0.1017474968093822E+01 -0.4720366345799747E+00  0.3986349356461016E+00
  0.1221392468631520E+00 -0.9218450405850098E-02  0.9448389564560167E-01  0.2476829423100556E+00  0.3600298841500259E+00  0.3834747622763852E+00  0.3202212483079705E+00  0.1984244822963093E+00  0.5456984317402782E-01 -0.7541669822976040E-01 -0.1618199647282814E+00 -0.1930222615658556E+00 -0.1863778012695368E+00 -0.2134350809285718E+00 -0.3890853224140227E+00 -0.7561692564729432E+00 -0.1167654936696314E+01 -0.1336609308362282E+01 -0.1180628816816655E+01 -0.6204433268205625E+00  0.6807011636450329E+00
  0.2724835730322307E-01 -0.6792941735180623E-02  0.6869532097681198E-02  0.7177629791309881E-01  0.1460686320510231E+00  0.1852051694902513E+00  0.1735381838073956E+00  0.1197575714034483E+00  0.4539888878745926E-01 -0.2513594897464420E-01 -0.7242589248915017E-01 -0.8925764574451021E-01 -0.8303256379798746E-01 -0.8159185495330973E-01 -0.1544097552806983E+00 -0.3928855201533540E+00 -0.8238860766095932E+00 -0.1174752554368005E+01 -0.1224291798324535E+01 -0.7675350524820075E+00  0.1078313359121487E+01
 -0.1672554166790582E+00  0.4572457334961730E-01 -0.3008169663020626E-01 -0.3577845908182468E-01 -0.1237103441737588E-02  0.3215460723504277E-01  0.4497873480841218E-01  0.3530429187249207E-01  0.1160594129844237E-01 -0.1385515865948942E-01 -0.3095188311327712E-01 -0.3484710858515971E-01 -0.2857671525283690E-01 -0.1739042733664367E-01 -0.2269227881384164E-01 -0.9367165129648521E-01 -0.4051195968026909E+00 -0.8201105671502170E+00 -0.1049423168404685E+01 -0.8464134105533603E+00  0.1489817063255396E+01
  0.4136414962200959E+00 -0.2192114927389782E+00 -0.2439929819968387E+00 -0.1776856609863066E+00 -0.1115434484471616E+00 -0.6318512256151997E-01 -0.3315070407166937E-01 -0.1833357954250324E-01 -0.1375949783371517E-01 -0.1339584888378012E-01 -0.1232768479262756E-01 -0.7448177860580828E-02 -0.2774164255638296E-03  0.9300467341464119E-02  0.1166743834808194E-01  0.9985433351439492E-02 -0.1327372342246414E+00 -0.3904424780144760E+00 -0.5667522728040169E+00 -0.5440878990716654E+00  0.1065511424410980E+01
  0.0000000000000000E+00  0.0000000000000000E+00  0.0000000000000000E+00  0.0000000000000000E+00  0.0000000000000000E+00  0.0000000000000000E+00  0.0000000000000000E+00  0.0000000000000000E+00  0.0000000000000000E+00  0.0000000000000000E+00  0.0000000000000000E+00  0.0000000000000000E+00  0.0000000000000000E+00  0.0000000000000000E+00  0.0000000000000000E+00  0.0000000000000000E+00  0.0000000000000000E+00  0.0000000000000000E+00  0.0000000000000000E+00  0.0000000000000000E+00  0.0000000000000000E+00
