  0.0000000000000000E+00  0.0000000000000000E+00  0.0000000000000000E+00  0.0000000000000000E+00  0.0000000000000000E+00  0.0000000000000000E+00  0.0000000000000000E+00  0.0000000000000000E+00  0.0000000000000000E+00  0.0000000000000000E+00  0.0000000000000000E+00  0.0000000000000000E+00  0.0000000000000000E+00  0.0000000000000000E+00  0.0000000000000000E+00  0.0000000000000000E+00  0.0000000000000000E+00  0.0000000000000000E+00  0.0000000000000000E+00  0.0000000000000000E+00  0.0000000000000000E+00
  0.4501501474905095E-01 -0.2858384287910712E-01 -0.4073651388827042E-01 -0.4420021760104516E-01 -0.6031410408979370E-01 -0.8352894400156165E-01 -0.1016929491199321E+00 -0.1072253452658170E+00 -0.1049625704126253E+00 -0.9470012748802852E-01 -0.7046181952828923E-01 -0.2031703219587358E-01  0.4796029308408055E-01  0.1042476835314586E+00  0.1263480983746706E+00  0.1133214971906079E+00  0.7581351986967710E-01  0.2628504652637828E-01 -0.1711831768681928E-01 -0.2820295362257078E-01  0.6749054318089305E-01
  0.3133430488726077E-01 -0.1001488977817211E-01  0.1289635552744422E-02  0.5510173693776869E-02 -0.2624912195843002E-01 -0.8551155956197309E-01 -0.1586056860976332E+00 -0.2251601102873004E+00 -0.2713746230304875E+00 -0.2773258735643000E+00 -0.2338856358343566E+00 -0.1404067320592375E+00 -0.2128122642915497E-01  0.8941342588320157E-01  0.1642271498314321E+00  0.1908054602219315E+00  0.1712297638901126E+00  0.1174612262795548E+00  0.5086203854606083E-01  0.1347743056687305E-02  0.4681880937599892E-01
 -0.8195282868545477E-01  0.5945400227311964E-01  0.9640917813390416E-01  0.9427539789762511E-01  0.3005320023253095E-01 -0.7416189571537596E-01 -0.2000790347351909E+00 -0.3205300885592331E+00 -0.4197786359690465E+00 -0.4703663758730159E+00 -0.4577548354523547E+00 -0.3690034991370790E+00 -0.2221613037780581E+00 -0.5362396799137677E-01  0.9749392821801420E-01  0.2032310255969437E+00  0.2482089025431973E+00  0.2294052134285759E+00  0.1631408447532930E+00  0.8377640599443967E-01 -0.8818837323002598E-01
 -0.3026079601809417E+00  0.1827524826587886E+00  0.2456494877954241E+00  0.2242131421180206E+00  0.1230023367962425E+00 -0.2562966356208492E-01 -0.2022165085910260E+00 -0.3744110635164098E+00 -0.5258400238377507E+00 -0.6227467240659648E+00 -0.6470939582079899E+00 -0.5781373530768070E+00 -0.4274910452273549E+00 -0.2299340538649324E+00 -0.2997300534391540E-01  0.1395525221614942E+00  0.2542747144626448E+00  0.2942158481039107E+00  0.2603496711846175E+00  0.1724875701187070E+00 -0.2571130391715036E+00
 -0.5677364728792857E+00  0.3305695334125520E+00  0.4239721273583703E+00  0.3727926795780134E+00  0.2329999156268326E+00  0.4283682037708453E-01 -0.1780555299210187E+00 -0.3958642246364799E+00 -0.5979456378311132E+00 -0.7488829645137589E+00 -0.8252077952559789E+00 -0.7924558061122676E+00 -0.6470535053995694E+00 -0.4239850295970913E+00 -0.1841101878064829E+00  0.3082485398164090E-01  0.1996324892394880E+00  0.2978403081803485E+00  0.3087042173009949E+00  0.2189490053818754E+00 -0.3481427988446312E+00
 -0.7975180102091964E+00  0.4678531545403503E+00  0.6060414534118544E+00  0.5274215036744653E+00  0.3564548117540962E+00  0.1350338281420951E+00 -0.1168339704162104E+00 -0.3659900427576750E+00 -0.6044194903804632E+00 -0.8027909723044795E+00 -0.9401225717869548E+00 -0.9728585126673804E+00 -0.8671401042062787E+00 -0.6353117901299267E+00 -0.3537537853401304E+00 -0.9678335007997574E-01  0.1108236539438720E+00  0.2531844387568232E+00  0.3009591461906495E+00  0.2109221071002979E+00 -0.3318071751102442E+00
 -0.9252784834895753E+00  0.5645021726548642E+00  0.7682280344750174E+00  0.6732312408695594E+00  0.4772561162945858E+00  0.2302905314907287E+00 -0.4587102931253707E-01 -0.3175929240040781E+00 -0.5773899723542671E+00 -0.8034320531669336E+00 -0.9868603913403750E+00 -0.1094557496648276E+01 -0.1069190844427153E+01 -0.8720322444973595E+00 -0.5586550643876534E+00 -0.2463259249977203E+00  0.2629171764062074E-02  0.1762618792732823E+00  0.2488417082552519E+00  0.1717984506903593E+00 -0.2665536438158261E+00
 -0.9167100429078032E+00  0.6047138180413313E+00  0.8974314112161905E+00  0.8059828657482150E+00  0.5943381666107075E+00  0.3297298805840817E+00  0.3507161087302867E-01 -0.2555674067980766E+00 -0.5292177287105355E+00 -0.7648561017749959E+00 -0.9649726186935064E+00 -0.1126823718608937E+01 -0.1202217417491144E+01 -0.1102079274438383E+01 -0.8100173071734450E+00 -0.4464047525146385E+00 -0.1374915081553397E+00  0.7567721528974104E-01  0.1752362642676707E+00  0.1282568342434621E+00 -0.2095342384627155E+00
 -0.7812287331958304E+00  0.5885433997907178E+00  0.9844014661763228E+00  0.9224268639111380E+00  0.7061510301602142E+00  0.4305203239418928E+00  0.1202377045053745E+00 -0.1910599444046171E+00 -0.4817534549483670E+00 -0.7227737740970588E+00 -0.9143781880793355E+00 -0.1085422717530808E+01 -0.1234626428488449E+01 -0.1263439522915868E+01 -0.1067264092488182E+01 -0.7020831557168126E+00 -0.3326094575703977E+00 -0.5693647858218259E-01  0.9185117499040506E-01  0.9174508965969100E-01 -0.1833840939886680E+00
 -0.5823803711357440E+00  0.5335506267209785E+00  0.1018271509027191E+01  0.1014447215330098E+01  0.8091884909654260E+00  0.5312238432292617E+00  0.2129608281379602E+00 -0.1148137715556500E+00 -0.4249641636073825E+00 -0.6786836569242568E+00 -0.8594454303428353E+00 -0.1006092435159422E+01 -0.1177296543007498E+01 -0.1318500130463810E+01 -0.1266770721186059E+01 -0.9717881639151975E+00 -0.5776741869575787E+00 -0.2351796587077656E+00 -0.1280419577451626E-01  0.5278379738036147E-01 -0.1711555879156007E+00
 -0.3803815310125721E+00  0.4552614049090875E+00  0.9854026837146902E+00  0.1062266875989140E+01  0.8903124050555253E+00  0.6219534351755981E+00  0.3056474327455239E+00 -0.2890669325476434E-01 -0.3524018715802589E+00 -0.6213116227188670E+00 -0.8003671577740731E+00 -0.9131652875384221E+00 -0.1059434973916029E+01 -0.1265745148447690E+01 -0.1366877931912431E+01 -0.1203813726579346E+01 -0.8423135481048913E+00 -0.4567045554990366E+00 -0.1536334545109274E+00 -0.5407123064059542E-02 -0.1374120853187488E+00
 -0.2032234157491832E+00  0.3612914795651743E+00  0.8806510229463398E+00  0.1045949271952129E+01  0.9328827124803624E+00  0.6898483405515550E+00  0.3862725257003261E+00  0.5765448098169025E-01 -0.2654233403094244E+00 -0.5406930545646946E+00 -0.7230402485699484E+00 -0.8106305278689803E+00 -0.9076046193176079E+00 -0.1122761595006923E+01 -0.1349451526924828E+01 -0.1355889369508539E+01 -0.1090153887525299E+01 -0.7061149516025886E+00 -0.3368537449191670E+00 -0.9000149327427054E-01 -0.6684926509635541E-01
 -0.6033381552408135E-01  0.2568704108903846E+00  0.7102774171470726E+00  0.9465174339688839E+00  0.9125902889442936E+00  0.7174179785181233E+00  0.4425722120165368E+00  0.1343122214901367E+00 -0.1728038385860672E+00 -0.4386147537839572E+00 -0.6175631002565579E+00 -0.6905580230429855E+00 -0.7385643243689720E+00 -0.9176008851807159E+00 -0.1216511046231626E+01 -0.1397418811111392E+01 -0.1283888909399556E+01 -0.9567749412272135E+00 -0.5558931510432293E+00 -0.1991472727602798E+00  0.4154866723760997E-01
  0.4797736285337934E-01  0.1516941281578700E+00  0.5030597473269894E+00  0.7703997446649272E+00  0.8175645089075305E+00  0.6903086162379684E+00  0.4634805811206227E+00  0.1919266951518853E+00 -0.8352977289794954E-01 -0.3230884836925549E+00 -0.4853950960001224E+00 -0.5475603461571260E+00 -0.5608709123754724E+00 -0.6809952699404304E+00 -0.9875595746857588E+00 -0.1309186494352556E+01 -0.1385960622657592E+01 -0.1174885991398208E+01 -0.7916087812594529E+00 -0.3279262067056332E+00  0.1921698388574465E+00
  0.1188066800902356E+00  0.5798445595068732E-01  0.2927600479422975E+00  0.5356296444789815E+00  0.6397600455421292E+00  0.5898021597480108E+00  0.4318681275353936E+00  0.2178008201287679E+00 -0.7843561038323307E-02 -0.2052149107625817E+00 -0.3382413184217179E+00 -0.3884812746389373E+00 -0.3845466172838874E+00 -0.4450362776866471E+00 -0.6993779024874681E+00 -0.1089461145345700E+01 -0.1357572309792191E+01 -0.1317926449086551E+01 -0.1013113568013178E+01 -0.4700100580982708E+00  0.3969166062816343E+00
  0.1246732115157101E+00  0.9124815711971720E-03  0.1274106562293016E+00  0.2990560286629537E+00  0.4120529932969927E+00  0.4221341847168849E+00  0.3402630828243590E+00  0.2003131330457805E+00  0.4076971060524507E-01 -0.1020971788938155E+00 -0.1981626547792110E+00 -0.2347473203507701E+00 -0.2269943328132785E+00 -0.2427232386420543E+00 -0.4045372881914497E+00 -0.7644807302920644E+00 -0.1170134182066016E+01 -0.1335204128918140E+01 -0.1177866107012010E+01 -0.6188165007756991E+00  0.6785833953150868E+00
  0.4245373388892753E-01 -0.7618130064247477E-02  0.1959934369618510E-01  0.1002277328113134E+00  0.1814053862266720E+00  0.2166488484725590E+00  0.1941022419583067E+00  0.1267667476024042E+00  0.3913509245234376E-01 -0.4249921267101541E-01 -0.9731019312300131E-01 -0.1172909194346905E+00 -0.1099985953705107E+00 -0.1016233943861830E+00 -0.1647840938249248E+00 -0.3990037033689336E+00 -0.8272183761412170E+00 -0.1175121930908153E+01 -0.1222828148321736E+01 -0.7662532087567763E+00  0.1075931477948593E+01
 -0.1627746611254928E+00  0.4514821485928814E-01 -0.2733001654762834E-01 -0.2412127428893482E-01  0.1650544206122577E-01  0.5028682891515720E-01  0.5857794525818862E-01  0.4164716875434806E-01  0.1019987419536993E-01 -0.2177279232250218E-01 -0.4305834443039192E-01 -0.4844418601696371E-01 -0.4148398259192498E-01 -0.2746960941619997E-01 -0.2809194518208697E-01 -0.9757709093638121E-01 -0.4085026038311001E+00 -0.8214579568515017E+00 -0.1048975308354144E+01 -0.8455677663691311E+00  0.1487727990753249E+01
  0.4124700700683105E+00 -0.2172674696783666E+00 -0.2393323389667892E+00 -0.1716928525570820E+00 -0.1050869841203064E+00 -0.5707389452444137E-01 -0.2850784459219549E-01 -0.1617314588414306E-01 -0.1452709822772947E-01 -0.1682821962392079E-01 -0.1754147256616254E-01 -0.1328936955045057E-01 -0.5719071609790108E-02  0.4847472073163857E-02  0.9154076859246589E-02  0.7798611800357689E-02 -0.1350462920778464E+00 -0.3916096771064869E+00 -0.5667510150283968E+00 -0.5437578964338774E+00  0.1064522674273235E+01
  0.0000000000000000E+00  0.0000000000000000E+00  0.0000000000000000E+00  0.0000000000000000E+00  0.0000000000000000E+00  0.0000000000000000E+00  0.0000000000000000E+00  0.0000000000000000E+00  0.0000000000000000E+00  0.0000000000000000E+00  0.0000000000000000E+00  0.0000000000000000E+00  0.0000000000000000E+00  0.0000000000000000E+00  0.0000000000000000E+00  0.0000000000000000E+00  0.0000000000000000E+00  0.0000000000000000E+00  0.0000000000000000E+00  0.0000000000000000E+00  0.0000000000000000E+00
