  0.0000000000000000E+00  0.0000000000000000E+00  0.0000000000000000E+00  0.0000000000000000E+00  0.0000000000000000E+00  0.0000000000000000E+00  0.0000000000000000E+00  0.0000000000000000E+00  0.0000000000000000E+00  0.0000000000000000E+00  0.0000000000000000E+00  0.0000000000000000E+00  0.0000000000000000E+00  0.0000000000000000E+00  0.0000000000000000E+00  0.0000000000000000E+00  0.0000000000000000E+00  0.0000000000000000E+00  0.0000000000000000E+00  0.0000000000000000E+00  0.0000000000000000E+00
  0.5382566755300163E-01 -0.3710741237417586E-01 -0.5749656956952596E-01 -0.6355986257545626E-01 -0.7767266490355543E-01 -0.9609016498947223E-01 -0.1104948001201936E+00 -0.1149238238645485E+00 -0.1122279756711264E+00 -0.9834546590671180E-01 -0.6632763440672683E-01 -0.9170423033592969E-02  0.5757753763884722E-01  0.1058706504884205E+00  0.1206388286988361E+00  0.1040195555994878E+00  0.6628757181264411E-01  0.1877341503741179E-01 -0.2135072083796231E-01 -0.2949896362400011E-01  0.6714617003403801E-01
  0.5565495246645117E-01 -0.2755430692135656E-01 -0.2700796829761853E-01 -0.2524278529264911E-01 -0.5439771599416825E-01 -0.1069963252781445E+00 -0.1710870902955489E+00 -0.2268511498961648E+00 -0.2608828861205117E+00 -0.2537196680541998E+00 -0.2005088147155386E+00 -0.1055488184225846E+00  0.5431790577057422E-02  0.1027229754529457E+00  0.1648324669998692E+00  0.1829124448116993E+00  0.1598772857082593E+00  0.1068568532085408E+00  0.4344130169538751E-01 -0.2282600829204283E-02  0.5028910418300036E-01
 -0.3465597910956448E-01  0.3043108538006720E-01  0.5663727703063712E-01  0.5406417878242947E-01 -0.6026148437050291E-02 -0.1028879905662315E+00 -0.2200061813427305E+00 -0.3295690892715409E+00 -0.4161047552038255E+00 -0.4515957782767638E+00 -0.4254212655346822E+00 -0.3293209011348364E+00 -0.1853189389067867E+00 -0.2758113386846321E-01  0.1101820621695575E+00  0.2040901842560257E+00  0.2409450758002343E+00  0.2186660290558275E+00  0.1528737263826632E+00  0.7661861234922994E-01 -0.7698211066502664E-01
 -0.2413176838043046E+00  0.1472516805193763E+00  0.2004373577538245E+00  0.1805779118622612E+00  0.8422030861461224E-01 -0.5684913591930877E-01 -0.2245812115669124E+00 -0.3850099531751482E+00 -0.5226532175908905E+00 -0.6030426602521310E+00 -0.6125216164669745E+00 -0.5342547199123805E+00 -0.3842577627281138E+00 -0.1957969560635589E+00 -0.8208408436435744E-02  0.1492316314361198E+00  0.2537103872520800E+00  0.2868340834969328E+00  0.2502578207680926E+00  0.1644381668202053E+00 -0.2430566796925233E+00
 -0.5073192799166881E+00  0.2954691393962124E+00  0.3790881382719491E+00  0.3295142338911520E+00  0.1932385235220108E+00  0.8658785416282755E-02 -0.2060968718347255E+00 -0.4146314938719127E+00 -0.6050909819125392E+00 -0.7395247494597000E+00 -0.7979334515859106E+00 -0.7501651674928892E+00 -0.6004181135909602E+00 -0.3846901206442587E+00 -0.1572604811890299E+00  0.4601357035602775E-01  0.2046787049733399E+00  0.2947405970120213E+00  0.3010513794019156E+00  0.2132159846144648E+00 -0.3385965744414788E+00
 -0.7520444646942559E+00  0.4396780339035130E+00  0.5669896370162830E+00  0.4884823649193247E+00  0.3196679496643226E+00  0.1024491836723758E+00 -0.1451658028539128E+00 -0.3876175045719402E+00 -0.6184915144478715E+00 -0.8048941086545385E+00 -0.9261051625799765E+00 -0.9399132326823368E+00 -0.8217371582224365E+00 -0.5918039950520610E+00 -0.3227861627070093E+00 -0.7865829792458873E-01  0.1190306925901795E+00  0.2535140067454710E+00  0.2967274687421970E+00  0.2085074189911692E+00 -0.3287947882313106E+00
 -0.9033066734528804E+00  0.5470478282297733E+00  0.7378368112364394E+00  0.6398148385634572E+00  0.4441246792720487E+00  0.2000970864390858E+00 -0.7271456587793688E-01 -0.3387457418443163E+00 -0.5936147009632771E+00 -0.8131885589218927E+00 -0.9868913624412097E+00 -0.1077916088418746E+01 -0.1033744520275080E+01 -0.8283033865739774E+00 -0.5228820301877152E+00 -0.2247928535566565E+00  0.1293598585325438E-01  0.1790650927066871E+00  0.2476440494680925E+00  0.1713851174892182E+00 -0.2665113029995620E+00
 -0.9199378005307363E+00  0.5987535658348535E+00  0.8763228969738243E+00  0.7778559399351052E+00  0.5644006010516669E+00  0.3015875595124072E+00  0.1014571926373699E-01 -0.2741531990558509E+00 -0.5425508067728834E+00 -0.7745138264641698E+00 -0.9719560963674563E+00 -0.1125587905163691E+01 -0.1183826925632373E+01 -0.1067011745197999E+01 -0.7726679659534061E+00 -0.4201195415675986E+00 -0.1238681986646618E+00  0.8062642912601101E-01  0.1757787237540600E+00  0.1283144862116223E+00 -0.2091647348808069E+00
 -0.8020727160894794E+00  0.5916029906356320E+00  0.9727362558174166E+00  0.8994045095425395E+00  0.6786852926372503E+00  0.4032501302022950E+00  0.9561958494165750E-01 -0.2088322720581121E+00 -0.4925104961990237E+00 -0.7288498533235189E+00 -0.9205080927642614E+00 -0.1091599913845837E+01 -0.1231725992767093E+01 -0.1243448406487599E+01 -0.1036188161667696E+01 -0.6741380158535542E+00 -0.3152199797558702E+00 -0.4918252915833192E-01  0.9376989897862828E-01  0.9174668098815790E-01 -0.1814701439858454E+00
 -0.6081728359964520E+00  0.5416234976729272E+00  0.1016697657022329E+01  0.9978421164505413E+00  0.7848890438719833E+00  0.5052429547699916E+00  0.1884644545757328E+00 -0.1333892141073274E+00 -0.4360414423957218E+00 -0.6833896470755183E+00 -0.8630724438187776E+00 -0.1013419211999586E+01 -0.1183476828344169E+01 -0.1312556946155420E+01 -0.1246807769499388E+01 -0.9476622551192275E+00 -0.5591930943358836E+00 -0.2250217643992529E+00 -0.9231827351036672E-02  0.5323367148526659E-01 -0.1689328418068365E+00
 -0.4040019723211478E+00  0.4661161006688080E+00  0.9943463296852763E+00  0.1054640057305142E+01  0.8714902196950925E+00  0.5991166186771728E+00  0.2827264053779565E+00 -0.4777744646373235E-01 -0.3649712867500443E+00 -0.6274155096321270E+00 -0.8037437702506552E+00 -0.9201055337930358E+00 -0.1069779537066696E+01 -0.1269844336261953E+01 -0.1358196936939234E+01 -0.1186857271558223E+01 -0.8259902075504213E+00 -0.4458489332828919E+00 -0.1487158313327079E+00 -0.4172661165003128E-02 -0.1361978478376985E+00
 -0.2224067075445835E+00  0.3738241375999656E+00  0.8990657052553135E+00  0.1049334399741095E+01  0.9221027506473910E+00  0.6721457461420346E+00  0.3665747780680934E+00  0.3985880748027200E-01 -0.2790118457269649E+00 -0.5493380830683666E+00 -0.7287935882999043E+00 -0.8185858622809979E+00 -0.9197839797822556E+00 -0.1132689333425783E+01 -0.1349725476746166E+01 -0.1346739036786654E+01 -0.1078080116440954E+01 -0.6964666996349462E+00 -0.3315140467466969E+00 -0.8828568165544816E-01 -0.6665700178035244E-01
 -0.7488447942646392E-01  0.2699375653551750E+00  0.7349282166390613E+00  0.9610675221876793E+00  0.9121484016641209E+00  0.7070699253562264E+00  0.4276387369301071E+00  0.1188623364719857E+00 -0.1863573201618069E+00 -0.4493573545119797E+00 -0.6266634753686585E+00 -0.7013679325621890E+00 -0.7525680318605351E+00 -0.9303764315643130E+00 -0.1222418298959858E+01 -0.1394802648230807E+01 -0.1276387494916144E+01 -0.9494046421305113E+00 -0.5510199018552534E+00 -0.1973584790970311E+00  0.4105553543583973E-01
  0.3748053688938829E-01  0.1638122643133981E+00  0.5289173298295825E+00  0.7930474374595777E+00  0.8275266150495038E+00  0.6888349040360466E+00  0.4549356497232237E+00  0.1802598899685568E+00 -0.9583148003654016E-01 -0.3349034601661248E+00 -0.4972637783511314E+00 -0.5614267939069849E+00 -0.5768523973048002E+00 -0.6950120343232714E+00 -0.9960154024941416E+00 -0.1310984958149121E+01 -0.1382439744622969E+01 -0.1169958385461828E+01 -0.7876911861426712E+00 -0.3263041095519183E+00  0.1912211425130836E+00
  0.1123832303363650E+00  0.6739139412742026E-01  0.3145574127186258E+00  0.5607387685380038E+00  0.6575771813277574E+00  0.5971329031504051E+00  0.4304827268741350E+00  0.2108443453945908E+00 -0.1782234018206018E-01 -0.2167771688712438E+00 -0.3513311895627371E+00 -0.4038689754865444E+00 -0.4013276580674106E+00 -0.4590002906106723E+00 -0.7080362126465590E+00 -0.1093244369837560E+01 -0.1356837887248900E+01 -0.1315103495065085E+01 -0.1010254987078864E+01 -0.4686376238284563E+00  0.3956578844065048E+00
  0.1245678005300719E+00  0.5533999430132920E-02  0.1411697988204707E+00  0.3194122462551506E+00  0.4314954018583092E+00  0.4354697669213647E+00  0.3461647040758354E+00  0.1997824572167540E+00  0.3542004251904066E-01 -0.1109370935616212E+00 -0.2097939187293426E+00 -0.2486981175134787E+00 -0.2418950934905179E+00 -0.2549412062108518E+00 -0.4118817844534515E+00 -0.7683861181638187E+00 -0.1170910840787290E+01 -0.1333920445638751E+01 -0.1175948466202016E+01 -0.6176870715606254E+00  0.6771127484798602E+00
  0.4783221962246558E-01 -0.7515159356068587E-02  0.2528674155425982E-01  0.1119123631603021E+00  0.1952268912145889E+00  0.2284300622327598E+00  0.2014862503504384E+00  0.1291990875185849E+00  0.3709155324447128E-01 -0.4813553840902182E-01 -0.1055788199312017E+00 -0.1271502832830920E+00 -0.1203105905864148E+00 -0.1102752854400609E+00 -0.1699620955258946E+00 -0.4019969796528403E+00 -0.8285433147905018E+00 -0.1174857299119402E+01 -0.1221684894352086E+01 -0.7653331842879303E+00  0.1074314658511705E+01
 -0.1611504911424052E+00  0.4514149291406692E-01 -0.2572601240020441E-01 -0.1894164745216143E-01  0.2386457729117389E-01  0.5749270204691919E-01  0.6381046859495992E-01  0.4405804488097676E-01  0.9780130469868085E-02 -0.2449848537407394E-01 -0.4733160611721762E-01 -0.5345386434311384E-01 -0.4654814790626403E-01 -0.3188311593050358E-01 -0.3091136035668873E-01 -0.9951642929945584E-01 -0.4098513938763008E+00 -0.8217576678204187E+00 -0.1048453833638808E+01 -0.8449280880580702E+00  0.1486330430535402E+01
  0.4119052901755288E+00 -0.2164425331066096E+00 -0.2374223091443000E+00 -0.1692844183388464E+00 -0.1025265878344424E+00 -0.5469664450912675E-01 -0.2675224020858182E-01 -0.1538327430085917E-01 -0.1481518881795828E-01 -0.1807485314511830E-01 -0.1945167549876218E-01 -0.1549329518378706E-01 -0.7857269170944045E-02  0.2974998857385449E-02  0.7935491582254140E-02  0.6788714898330793E-02 -0.1359397853198859E+00 -0.3919547257165051E+00 -0.5665918072634966E+00 -0.5434814974222427E+00  0.1063852685003231E+01
  0.0000000000000000E+00  0.0000000000000000E+00  0.0000000000000000E+00  0.0000000000000000E+00  0.0000000000000000E+00  0.0000000000000000E+00  0.0000000000000000E+00  0.0000000000000000E+00  0.0000000000000000E+00  0.0000000000000000E+00  0.0000000000000000E+00  0.0000000000000000E+00  0.0000000000000000E+00  0.0000000000000000E+00  0.0000000000000000E+00  0.0000000000000000E+00  0.0000000000000000E+00  0.0000000000000000E+00  0.0000000000000000E+00  0.0000000000000000E+00  0.0000000000000000E+00
