  0.0000000000000000E+00  0.0000000000000000E+00  0.0000000000000000E+00  0.0000000000000000E+00  0.0000000000000000E+00  0.0000000000000000E+00  0.0000000000000000E+00  0.0000000000000000E+00  0.0000000000000000E+00  0.0000000000000000E+00  0.0000000000000000E+00  0.0000000000000000E+00  0.0000000000000000E+00  0.0000000000000000E+00  0.0000000000000000E+00  0.0000000000000000E+00  0.0000000000000000E+00  0.0000000000000000E+00  0.0000000000000000E+00  0.0000000000000000E+00  0.0000000000000000E+00
  0.3805943381786402E-01 -0.1558748598968187E-01 -0.8703024151181599E-02  0.2230146997521438E-02 -0.8773070533266590E-02 -0.3819871316758608E-01 -0.6835174931617236E-01 -0.8153137115157438E-01 -0.8111066911745912E-01 -0.7417171130089520E-01 -0.6191427163562958E-01 -0.3142165333018456E-01  0.2643454950196780E-01  0.9323139423327904E-01  0.1334409974277409E+00  0.1326378623002271E+00  0.9866303546941511E-01  0.4574338067496494E-01 -0.5974258827799673E-02 -0.2496765641606799E-01  0.6892871042040430E-01
  0.1537992559007217E-02  0.1720658196297848E-01  0.5315773844794265E-01  0.7177408611358244E-01  0.4305418079582132E-01 -0.2495251543207370E-01 -0.1160419487346524E+00 -0.2058150064919314E+00 -0.2790972303225294E+00 -0.3162444048199812E+00 -0.3030521815521564E+00 -0.2270936966017494E+00 -0.1022403778805771E+00  0.3534383199096254E-01  0.1444907190637737E+00  0.1998180427775128E+00  0.1966334218295648E+00  0.1457284407678212E+00  0.7158106291388200E-01  0.1105229205679879E-01  0.3842418674348561E-01
 -0.1541682910467424E+00  0.1091865203478396E+00  0.1733912699967765E+00  0.1818280170060508E+00  0.1177634603675948E+00  0.4415188101223154E-02 -0.1368929222181038E+00 -0.2777476394889769E+00 -0.4029882507699237E+00 -0.4867892688700293E+00 -0.5101131914257114E+00 -0.4498130472656773E+00 -0.3102783666529551E+00 -0.1254503923126821E+00  0.5535977348251842E-01  0.1931930737568735E+00  0.2643331506160186E+00  0.2593541817197126E+00  0.1927577860391183E+00  0.1031337675552321E+00 -0.1166435166265780E+00
 -0.4001343034884927E+00  0.2449582664779840E+00  0.3347404959454593E+00  0.3164666024089080E+00  0.2107988415589219E+00  0.5099428339855166E-01 -0.1414210220761948E+00 -0.3355467346000050E+00 -0.5158274837155046E+00 -0.6500080780201971E+00 -0.7140295181378163E+00 -0.6761841489351017E+00 -0.5338735832187566E+00 -0.3205228410424912E+00 -0.9213117212692673E-01  0.1091326796724952E+00  0.2543009977315106E+00  0.3164886318395989E+00  0.2907345304816896E+00  0.1946047986479958E+00 -0.2930798654622980E+00
 -0.6599172666857260E+00  0.3912493388664857E+00  0.5138307499137309E+00  0.4642997453243856E+00  0.3225371345489874E+00  0.1261983856793168E+00 -0.1035831327722485E+00 -0.3358907106753328E+00 -0.5591999851598277E+00 -0.7433266549204047E+00 -0.8627952712192223E+00 -0.8738799627829402E+00 -0.7514141752568516E+00 -0.5199870170174992E+00 -0.2535438435573049E+00 -0.9958793933698244E-02  0.1870819535998041E+00  0.3099187772725402E+00  0.3334391317526223E+00  0.2352142976599253E+00 -0.3722037612271535E+00
 -0.8567021523298791E+00  0.5138872142910852E+00  0.6849594905433763E+00  0.6092102279130959E+00  0.4365888847269785E+00  0.2090856709192473E+00 -0.5107584585312233E-01 -0.3122363530622694E+00 -0.5648225519142420E+00 -0.7847769587457399E+00 -0.9548753455253174E+00 -0.1031956976169623E+01 -0.9628823955463571E+00 -0.7355974276580702E+00 -0.4286716629007517E+00 -0.1412988567316973E+00  0.9225190818743180E-01  0.2569811012945331E+00  0.3167452350598550E+00  0.2184984054103944E+00 -0.3387499811713282E+00
 -0.9361109652117423E+00  0.5888998263782671E+00  0.8305885139230589E+00  0.7444918326231429E+00  0.5503620896083108E+00  0.3003716946749199E+00  0.1797025901140524E-01 -0.2642423638270053E+00 -0.5341581820433473E+00 -0.7718419609128588E+00 -0.9733281214419947E+00 -0.1115929965197916E+01 -0.1135919641839253E+01 -0.9651339438675178E+00 -0.6395666787842764E+00 -0.2957024705476812E+00 -0.1939100787578733E-01  0.1737416433461511E+00  0.2559248644763146E+00  0.1737944024207062E+00 -0.2654583427858040E+00
 -0.8781101446597150E+00  0.6064194513027289E+00  0.9411482092484718E+00  0.8669997538893633E+00  0.6607905193810464E+00  0.3944808211309859E+00  0.9257229567364780E-01 -0.2111064094955439E+00 -0.4966693534239498E+00 -0.7399332465605539E+00 -0.9439935213284389E+00 -0.1120300083644788E+01 -0.1231502938942975E+01 -0.1170614695707133E+01 -0.8886727047537669E+00 -0.5033600962373678E+00 -0.1658859060613904E+00  0.6774618083273130E-01  0.1769091297027845E+00  0.1286779072566811E+00 -0.2091245920672587E+00
 -0.7133647778795587E+00  0.5735908658331741E+00  0.1007407819619964E+01  0.9721776790353599E+00  0.7663804824112991E+00  0.4920370670166772E+00  0.1765793821754350E+00 -0.1472888633562749E+00 -0.4520240223526971E+00 -0.7030940590774980E+00 -0.8952079597284458E+00 -0.1065753531740143E+01 -0.1233278538671083E+01 -0.1298561976972930E+01 -0.1128211835269471E+01 -0.7592831240125458E+00 -0.3680386154069278E+00 -0.7129376750430107E-01  0.8975071075943894E-01  0.9247583092207751E-01 -0.1876767820067936E+00
 -0.5108886911653521E+00  0.5094617598134528E+00  0.1017496588275006E+01  0.1048326828978545E+01  0.8605131686273416E+00  0.5874844491565010E+00  0.2667041314246754E+00 -0.7127392116980283E-01 -0.3947870905683985E+00 -0.6601481073983184E+00 -0.8430913800411877E+00 -0.9831072383717183E+00 -0.1157984250585919E+01 -0.1325046639308153E+01 -0.1303062919759252E+01 -0.1018500585923498E+01 -0.6140546660539804E+00 -0.2544457027542784E+00 -0.1863165195608097E-01  0.5283192896524816E-01 -0.1771274388518254E+00
 -0.3177052314952722E+00  0.4255994797733547E+00  0.9590932078247918E+00  0.1073589232580328E+01  0.9271017112503506E+00  0.6686838483422912E+00  0.3535610055046302E+00  0.1334255465942276E-01 -0.3193347969119055E+00 -0.5979137673048286E+00 -0.7807782022963492E+00 -0.8874366800632021E+00 -0.1030337314139763E+01 -0.1252115336175937E+01 -0.1379874442020043E+01 -0.1234543797007376E+01 -0.8730583738264598E+00 -0.4768489060918041E+00 -0.1621013195538394E+00 -0.6962718589979876E-02 -0.1412131637838998E+00
 -0.1529231324496421E+00  0.3280293255013832E+00  0.8311648440545075E+00  0.1029727979011778E+01  0.9492872068132658E+00  0.7232033520078345E+00  0.4255830273381413E+00  0.9607620743606356E-01 -0.2311482542585760E+00 -0.5115060299828701E+00 -0.6958995141800066E+00 -0.7787781926778483E+00 -0.8720133324965881E+00 -0.1097172974315863E+01 -0.1344888888943402E+01 -0.1370569242949513E+01 -0.1111661554550082E+01 -0.7233305190021792E+00 -0.3459369444534704E+00 -0.9255998345175695E-01 -0.6825699409819957E-01
 -0.2216367114031148E-01  0.2226623625720745E+00  0.6458234165759121E+00  0.9029049504599432E+00  0.9035013709955234E+00  0.7324579201815626E+00  0.4700835143034943E+00  0.1666577207887731E+00 -0.1391564600864768E+00 -0.4047539786023602E+00 -0.5820246071759818E+00 -0.6500755052235131E+00 -0.6964448555269664E+00 -0.8854700234304207E+00 -0.1201388322364268E+01 -0.1399484907551381E+01 -0.1296217295129614E+01 -0.9692818187254891E+00 -0.5639088279525593E+00 -0.2018648421089168E+00  0.4168569837419112E-01
  0.7541206109874304E-01  0.1203709034829210E+00  0.4365247715475061E+00  0.7075209638794571E+00  0.7833837728792510E+00  0.6842429183720325E+00  0.4764105090410850E+00  0.2159632780568444E+00 -0.5257411784649164E-01 -0.2868805281872780E+00 -0.4437835840770936E+00 -0.5000450118852644E+00 -0.5134840574784343E+00 -0.6458796509653089E+00 -0.9681182243240314E+00 -0.1303360327049866E+01 -0.1390814287738563E+01 -0.1182759616947511E+01 -0.7978268661308455E+00 -0.3303647081899216E+00  0.1932672584389193E+00
  0.1345730954449458E+00  0.3449712209097928E-01  0.2380644617178836E+00  0.4689369176324811E+00  0.5875112636754850E+00  0.5623983988045622E+00  0.4273384225216912E+00  0.2304304576377990E+00  0.1728221397520849E-01 -0.1704438372373510E+00 -0.2953984925757232E+00 -0.3395448553059235E+00 -0.3366360162162041E+00 -0.4105392289165190E+00 -0.6803792929715012E+00 -0.1080644380448781E+01 -0.1357536460698776E+01 -0.1321997241838166E+01 -0.1017472392156311E+01 -0.4720355214383723E+00  0.3986341721588063E+00
  0.1221412631737336E+00 -0.9217561719462763E-02  0.9448857801534535E-01  0.2476913457869284E+00  0.3600399573150593E+00  0.3834840657160434E+00  0.3202269716271539E+00  0.1984238354532353E+00  0.5456149648931450E-01 -0.7543190107283770E-01 -0.1618382460312657E+00 -0.1930372725047396E+00 -0.1863820476313534E+00 -0.2134273409452837E+00 -0.3890753257298793E+00 -0.7561627052163375E+00 -0.1167649916198812E+01 -0.1336604829939342E+01 -0.1180625588390501E+01 -0.6204417679277939E+00  0.6806997153928804E+00
  0.2725298912893240E-01 -0.6794179004879226E-02  0.6870452114294720E-02  0.7177978628532963E-01  0.1460737502009540E+00  0.1852101911159247E+00  0.1735410870904126E+00  0.1197565025923867E+00  0.4539316554792543E-01 -0.2514532664903700E-01 -0.7243609779963195E-01 -0.8926484517790323E-01 -0.8303276504941891E-01 -0.8158395954271062E-01 -0.1544002644945914E+00 -0.3928795852664100E+00 -0.8238820944769987E+00 -0.1174748848602310E+01 -0.1224288718273136E+01 -0.7675332780902776E+00  0.1078311115997697E+01
 -0.1672567350435074E+00  0.4572483594147792E-01 -0.3008222721907360E-01 -0.3577823474592860E-01 -0.1235973678731816E-02  0.3215602303939270E-01  0.4497951089855060E-01  0.3530353380237412E-01  0.1160333678806150E-01 -0.1385908948392365E-01 -0.3095584337685212E-01 -0.3484947519338683E-01 -0.2857597559645865E-01 -0.1738552191803755E-01 -0.2268548270325745E-01 -0.9366650308114886E-01 -0.4051164436577552E+00 -0.8201080935793224E+00 -0.1049420963199424E+01 -0.8464118102633240E+00  0.1489814467590549E+01
  0.4136389319533650E+00 -0.2192095756898252E+00 -0.2439897951161106E+00 -0.1776824952021220E+00 -0.1115408131995474E+00 -0.6318313795261823E-01 -0.3314943898593952E-01 -0.1833315958619193E-01 -0.1375992150246869E-01 -0.1339683581308371E-01 -0.1232868894923400E-01 -0.7448563678563663E-02 -0.2767635084900336E-03  0.9302533167306816E-02  0.1167046840824642E-01  0.9988542564627386E-02 -0.1327349876827129E+00 -0.3904410716636063E+00 -0.5667512521999898E+00 -0.5440870510303911E+00  0.1065509900891183E+01
  0.0000000000000000E+00  0.0000000000000000E+00  0.0000000000000000E+00  0.0000000000000000E+00  0.0000000000000000E+00  0.0000000000000000E+00  0.0000000000000000E+00  0.0000000000000000E+00  0.0000000000000000E+00  0.0000000000000000E+00  0.0000000000000000E+00  0.0000000000000000E+00  0.0000000000000000E+00  0.0000000000000000E+00  0.0000000000000000E+00  0.0000000000000000E+00  0.0000000000000000E+00  0.0000000000000000E+00  0.0000000000000000E+00  0.0000000000000000E+00  0.0000000000000000E+00
