  0.0000000000000000E+00  0.0000000000000000E+00  0.0000000000000000E+00  0.0000000000000000E+00  0.0000000000000000E+00  0.0000000000000000E+00  0.0000000000000000E+00  0.0000000000000000E+00  0.0000000000000000E+00  0.0000000000000000E+00  0.0000000000000000E+00  0.0000000000000000E+00  0.0000000000000000E+00  0.0000000000000000E+00  0.0000000000000000E+00  0.0000000000000000E+00  0.0000000000000000E+00  0.0000000000000000E+00  0.0000000000000000E+00  0.0000000000000000E+00  0.0000000000000000E+00
  0.3806097593308376E-01 -0.1558603814206943E-01 -0.8697138493124533E-02  0.2239920547972371E-02 -0.8763086330732124E-02 -0.3819018302001951E-01 -0.6834430504074900E-01 -0.8152306373700580E-01 -0.8110165497426547E-01 -0.7416195999928656E-01 -0.6190399300895438E-01 -0.3141018632560741E-01  0.2644648487847809E-01  0.9324122348566509E-01  0.1334472664588678E+00  0.1326410581700659E+00  0.9866398667520247E-01  0.4574224856660387E-01 -0.5977712704607035E-02 -0.2497083383176881E-01  0.6893478879069941E-01
  0.1532737665510958E-02  0.1721278614921022E-01  0.5317109611314162E-01  0.7178906138240271E-01  0.4306380370871307E-01 -0.2495053519510940E-01 -0.1160477737199731E+00 -0.2058257707151841E+00 -0.2791106627157475E+00 -0.3162560593344216E+00 -0.3030592067952036E+00 -0.2270941268734099E+00 -0.1022359546168406E+00  0.3534975527452874E-01  0.1444961531188933E+00  0.1998227709009547E+00  0.1966373238453827E+00  0.1457304935686105E+00  0.7157924829783505E-01  0.1104793608938607E-01  0.3843544002967683E-01
 -0.1541914036532584E+00  0.1092026928863339E+00  0.1734166750057432E+00  0.1818503978560664E+00  0.1177760261686725E+00  0.4417844891847476E-02 -0.1368992185426185E+00 -0.2777590609637471E+00 -0.4030026862115667E+00 -0.4868014992216884E+00 -0.5101194381167136E+00 -0.4498101680728068E+00 -0.3102683956519841E+00 -0.1254385425723417E+00  0.5537045797991121E-01  0.1932027975932667E+00  0.2643424278403445E+00  0.2593619113050998E+00  0.1927605882632155E+00  0.1031310498220050E+00 -0.1166325612027994E+00
 -0.4001722049273351E+00  0.2449824515509083E+00  0.3347751497253898E+00  0.3164909564732124E+00  0.2108080042498133E+00  0.5099039231793061E-01 -0.1414364200065742E+00 -0.3355692038151841E+00 -0.5158552300877339E+00 -0.6500351018673391E+00 -0.7140499555228502E+00 -0.6761921857392497E+00 -0.5338699814836746E+00 -0.3205145257919631E+00 -0.9212298036461845E-01  0.1091414316398629E+00  0.2543117562934822E+00  0.3165001718903494E+00  0.2907422771078338E+00  0.1946058684193346E+00 -0.2930753281501698E+00
 -0.6599564316707022E+00  0.3912758459751383E+00  0.5138711062547129E+00  0.4643258272637869E+00  0.3225469645124205E+00  0.1261963747407612E+00 -0.1035944763620499E+00 -0.3359070491959996E+00 -0.5592215098996908E+00 -0.7433502053249835E+00 -0.8628153101157656E+00 -0.8738883456230109E+00 -0.7514084771714742E+00 -0.5199753993376663E+00 -0.2535347550573210E+00 -0.9951326913824882E-02  0.1870919010415400E+00  0.3099315287193805E+00  0.3334501038717130E+00  0.2352182792899059E+00 -0.3722047339980046E+00
 -0.8567256958403394E+00  0.5139084390825208E+00  0.6849996214072230E+00  0.6092339104683460E+00  0.4365941680190238E+00  0.2090790011095585E+00 -0.5108982075760272E-01 -0.3122523041201589E+00 -0.5648420205450126E+00 -0.7848007813720426E+00 -0.9549004158658800E+00 -0.1031973174856133E+01 -0.9628806518122137E+00 -0.7355829318461063E+00 -0.4286581014011288E+00 -0.1412897985373074E+00  0.9226121348499726E-01  0.2569933793769637E+00  0.3167567112985137E+00  0.2185022735883624E+00 -0.3387501094665735E+00
 -0.9361063957947815E+00  0.5889100253225881E+00  0.8306236801729827E+00  0.7445114008455390E+00  0.5503624343137540E+00  0.3003624179984846E+00  0.1795945263028771E-01 -0.2642479625063006E+00 -0.5341613523196326E+00 -0.7718494697677094E+00 -0.9733440358305918E+00 -0.1115947433402496E+01 -0.1135923378038147E+01 -0.9651196149051671E+00 -0.6395475498531048E+00 -0.2956881829940046E+00 -0.1938020830785146E-01  0.1737523932593399E+00  0.2559337779481646E+00  0.1737961912968602E+00 -0.2654547959424159E+00
 -0.8780732921313391E+00  0.6064160141812671E+00  0.9411747504124622E+00  0.8670138037536067E+00  0.6607837725195013E+00  0.3944648253313062E+00  0.9255894362031807E-01 -0.2111075838382349E+00 -0.4966598315175405E+00 -0.7399229521009523E+00 -0.9439943548213724E+00 -0.1120313564111897E+01 -0.1231512899370793E+01 -0.1170606361441247E+01 -0.8886529843721338E+00 -0.5033417225883379E+00 -0.1658720746017450E+00  0.6775611937361448E-01  0.1769148999992347E+00  0.1286778687414478E+00 -0.2091187062251086E+00
 -0.7133114810503030E+00  0.5735779716981272E+00  0.1007422434044079E+01  0.9721852215722697E+00  0.7663668382566007E+00  0.4920141548663983E+00  0.1765632026437589E+00 -0.1472861119096314E+00 -0.4520018743174811E+00 -0.7030629626787144E+00 -0.8951857929976555E+00 -0.1065753285525423E+01 -0.1233289632529578E+01 -0.1298561597491733E+01 -0.1128197003191507E+01 -0.7592656757743977E+00 -0.3680239195831094E+00 -0.7128369151599942E-01  0.8975544729366383E-01  0.9247603928761342E-01 -0.1876726705691764E+00
 -0.5108377208731221E+00  0.5094449448579336E+00  0.1017497113700679E+01  0.1048326591612990E+01  0.8604944588482552E+00  0.5874561541524272E+00  0.2666838104140566E+00 -0.7127256061498023E-01 -0.3947609604250444E+00 -0.6601046442807371E+00 -0.8430489613656316E+00 -0.9830885536864599E+00 -0.1157990350475091E+01 -0.1325052567009781E+01 -0.1303055502192449E+01 -0.1018487756307770E+01 -0.6140425032408015E+00 -0.2544365505287767E+00 -0.1862699832132193E-01  0.5283335964510798E-01 -0.1771270772566458E+00
 -0.3176639618277186E+00  0.4255813648783828E+00  0.9590801328074297E+00  0.1073580127900752E+01  0.9270801144351130E+00  0.6686536954223888E+00  0.3535384236419740E+00  0.1334167232608059E-01 -0.3193092181161157E+00 -0.5978661789330527E+00 -0.7807236035187118E+00 -0.8874012135950016E+00 -0.1030334436012204E+01 -0.1252124266657666E+01 -0.1379874482730360E+01 -0.1234537226716829E+01 -0.8730508040325943E+00 -0.4768420981428138E+00 -0.1620972212185453E+00 -0.6960975640878663E-02 -0.1412142942959093E+00
 -0.1528923107243527E+00  0.3280115015331368E+00  0.8311421938750576E+00  0.1029710654458796E+01  0.9492645254685984E+00  0.7231752394994153E+00  0.4255616245565174E+00  0.9607422333109324E-01 -0.2311255374675347E+00 -0.5114609039187210E+00 -0.6958427105931938E+00 -0.7787334696488409E+00 -0.8720020224821837E+00 -0.1097182178707435E+01 -0.1344894905171383E+01 -0.1370568895676366E+01 -0.1111659325999609E+01 -0.7233273684106183E+00 -0.3459345235292370E+00 -0.9255888575946171E-01 -0.6825786625085190E-01
 -0.2214171512370089E-01  0.2226464468579859E+00  0.6457976254502569E+00  0.9028822327161978E+00  0.9034783567134939E+00  0.7324335344850812E+00  0.4700656170009818E+00  0.1666562925329470E+00 -0.1391365153377649E+00 -0.4047138753087383E+00 -0.5819723888645522E+00 -0.6500304063242288E+00 -0.6964295260051460E+00 -0.8854786860034382E+00 -0.1201398302679942E+01 -0.1399489670445786E+01 -0.1296219867413784E+01 -0.9692825314574164E+00 -0.5639086656044647E+00 -0.2018647070538906E+00  0.4168545555720715E-01
  0.7542694621196683E-01  0.1203585742356755E+00  0.4365026689189933E+00  0.7074982485049641E+00  0.7833623160361959E+00  0.6842230559558935E+00  0.4763972305477767E+00  0.2159635962063140E+00 -0.5255640472883176E-01 -0.2868463655555512E+00 -0.4437396938560302E+00 -0.5000064592804905E+00 -0.5134702949449972E+00 -0.6458888438049468E+00 -0.9681304105516675E+00 -0.1303368198764751E+01 -0.1390820337013803E+01 -0.1182763682206334E+01 -0.7978289773419858E+00 -0.3303655507689216E+00  0.1932676749647790E+00
  0.1345810003695823E+00  0.3448973356319776E-01  0.2380502010591756E+00  0.4689192706977666E+00  0.5874934783918571E+00  0.5623826743639401E+00  0.4273287620423716E+00  0.2304318395553228E+00  0.1729721246282813E-01 -0.1704164060593731E+00 -0.2953647993390006E+00 -0.3395167001585994E+00 -0.3366278380277699E+00 -0.4105503835098110E+00 -0.6803927105827670E+00 -0.1080653214682832E+01 -0.1357543750895087E+01 -0.1322003224175632E+01 -0.1017476177412902E+01 -0.4720371751622541E+00  0.3986353480738605E+00
  0.1221397020270141E+00 -0.9218893184505550E-02  0.9448302247349749E-01  0.2476822008835669E+00  0.3600294459824357E+00  0.3834745831661308E+00  0.3202217313158682E+00  0.1984263908223650E+00  0.5457350021210847E-01 -0.7541183748737446E-01 -0.1618154968239698E+00 -0.1930203647549089E+00 -0.1863802900350931E+00 -0.2134404298648176E+00 -0.3890893271537123E+00 -0.7561711725397856E+00 -0.1167656552415765E+01 -0.1336611000775464E+01 -0.1180630097632094E+01 -0.6204439658475767E+00  0.6807017999106360E+00
  0.2724776935008004E-01 -0.6792844790022070E-02  0.6869234980013830E-02  0.7177600112961754E-01  0.1460685897349251E+00  0.1852054804189272E+00  0.1735390421372608E+00  0.1197592818747386E+00  0.4540145832611257E-01 -0.2513303061811445E-01 -0.7242365236689066E-01 -0.8925722339976334E-01 -0.8303492606979042E-01 -0.8159638366168991E-01 -0.1544134943025281E+00 -0.3928872491368604E+00 -0.8238871325038424E+00 -0.1174753774128719E+01 -0.1224292899216251E+01 -0.7675357118596789E+00  0.1078314236362786E+01
 -0.1672547842866016E+00  0.4572433434149172E-01 -0.3008178126212643E-01 -0.3577842570685356E-01 -0.1236899970186540E-02  0.3215501074593231E-01  0.4497937992383697E-01  0.3530525168336071E-01  0.1160715951819687E-01 -0.1385394416094498E-01 -0.3095111581159254E-01 -0.3484721474481738E-01 -0.2857802751396972E-01 -0.1739295806331160E-01 -0.2269487729776021E-01 -0.9367324526509983E-01 -0.4051203928438887E+00 -0.8201112739353725E+00 -0.1049423895462029E+01 -0.8464139589715831E+00  0.1489817981452721E+01
  0.4136422925306953E+00 -0.2192120461855719E+00 -0.2439938460260205E+00 -0.1776864457252190E+00 -0.1115440078059869E+00 -0.6318543489323288E-01 -0.3315079112590146E-01 -0.1833346144111730E-01 -0.1375923784197657E-01 -0.1339558151740941E-01 -0.1232759703656694E-01 -0.7448424986006319E-02 -0.2780505807213945E-03  0.9299431035801263E-02  0.1166629947771785E-01  0.9984450802109662E-02 -0.1327378448819873E+00 -0.3904428470415403E+00 -0.5667525881659188E+00 -0.5440881722214842E+00  0.1065511928498534E+01
  0.0000000000000000E+00  0.0000000000000000E+00  0.0000000000000000E+00  0.0000000000000000E+00  0.0000000000000000E+00  0.0000000000000000E+00  0.0000000000000000E+00  0.0000000000000000E+00  0.0000000000000000E+00  0.0000000000000000E+00  0.0000000000000000E+00  0.0000000000000000E+00  0.0000000000000000E+00  0.0000000000000000E+00  0.0000000000000000E+00  0.0000000000000000E+00  0.0000000000000000E+00  0.0000000000000000E+00  0.0000000000000000E+00  0.0000000000000000E+00  0.0000000000000000E+00
