  0.0000000000000000E+00  0.0000000000000000E+00  0.0000000000000000E+00  0.0000000000000000E+00  0.0000000000000000E+00  0.0000000000000000E+00  0.0000000000000000E+00  0.0000000000000000E+00  0.0000000000000000E+00  0.0000000000000000E+00  0.0000000000000000E+00  0.0000000000000000E+00  0.0000000000000000E+00  0.0000000000000000E+00  0.0000000000000000E+00  0.0000000000000000E+00  0.0000000000000000E+00  0.0000000000000000E+00  0.0000000000000000E+00  0.0000000000000000E+00  0.0000000000000000E+00
  0.3806097400877282E-01 -0.1558603897498775E-01 -0.8697142916190439E-02  0.2239911029458155E-02 -0.8763099940871565E-02 -0.3819019673876842E-01 -0.6834431472906369E-01 -0.8152306929717749E-01 -0.8110165910579756E-01 -0.7416196363995374E-01 -0.6190399432732797E-01 -0.3141018226231870E-01  0.2644649374431174E-01  0.9324123030168328E-01  0.1334472668204404E+00  0.1326410532583332E+00  0.9866397949377564E-01  0.4574224161629323E-01 -0.5977717575423371E-02 -0.2497083585815958E-01  0.6893478999905536E-01
  0.1532735074518746E-02  0.1721278459107415E-01  0.5317108884774120E-01  0.7178904717246225E-01  0.4306378445186292E-01 -0.2495055555634184E-01 -0.1160477912660182E+00 -0.2058257825855956E+00 -0.2791106671350045E+00 -0.3162560539205445E+00 -0.3030591901817973E+00 -0.2270941012409070E+00 -0.1022359269791664E+00  0.3534977652752189E-01  0.1444961634620065E+00  0.1998227709005937E+00  0.1966373171109791E+00  0.1457304845361479E+00  0.7157924050131648E-01  0.1104793148214031E-01  0.3843544605489554E-01
 -0.1541914039468827E+00  0.1092026891749762E+00  0.1734166635780459E+00  0.1818503784085438E+00  0.1177760017017617E+00  0.4417819275072964E-02 -0.1368992423761124E+00 -0.2777590803895576E+00 -0.4030026989108347E+00 -0.4868015015433020E+00 -0.5101194272144557E+00 -0.4498101443902630E+00 -0.3102683654755044E+00 -0.1254385152268531E+00  0.5537047625531453E-01  0.1932028049706915E+00  0.2643424256476505E+00  0.2593619031775593E+00  0.1927605785193754E+00  0.1031310423232501E+00 -0.1166325484503750E+00
 -0.4001722038531711E+00  0.2449824468509003E+00  0.3347751366995299E+00  0.3164909359386870E+00  0.2108079795094233E+00  0.5099036644652748E-01 -0.1414364448631558E+00 -0.3355692248348775E+00 -0.5158552444493191E+00 -0.6500351051365468E+00 -0.7140499439579920E+00 -0.6761921592869016E+00 -0.5338699469950748E+00 -0.3205144935858341E+00 -0.9212295678203250E-01  0.1091414449867196E+00  0.2543117595306831E+00  0.3165001670756113E+00  0.2907422681341076E+00  0.1946058609582993E+00 -0.2930753147407903E+00
 -0.6599564320106590E+00  0.3912758419447648E+00  0.5138710938236355E+00  0.4643258075988627E+00  0.3225469403608348E+00  0.1261963484351691E+00 -0.1035945030936182E+00 -0.3359070739925356E+00 -0.5592215307807736E+00 -0.7433502180664052E+00 -0.8628153089412964E+00 -0.8738883264375487E+00 -0.7514084444266560E+00 -0.5199753656528641E+00 -0.2535347298304165E+00 -0.9951311316357877E-02  0.1870919076563246E+00  0.3099315272152771E+00  0.3334500973905320E+00  0.2352182746541545E+00 -0.3722047265719314E+00
 -0.8567256995477892E+00  0.5139084368614302E+00  0.6849996110365013E+00  0.6092338928626309E+00  0.4365941458155366E+00  0.2090789770084867E+00 -0.5108984442397743E-01 -0.3122523252764693E+00 -0.5648420389429448E+00 -0.7848007957553680E+00 -0.9549004217454928E+00 -0.1031973164882958E+01 -0.9628806240771268E+00 -0.7355828972399451E+00 -0.4286580741227926E+00 -0.1412897820917115E+00  0.9226122132637715E-01  0.2569933801830738E+00  0.3167567079068014E+00  0.2185022719492722E+00 -0.3387501079410151E+00
 -0.9361064030155238E+00  0.5889100250759152E+00  0.8306236722122217E+00  0.7445113850059468E+00  0.5503624130683726E+00  0.3003623947218301E+00  0.1795943083092310E-01 -0.2642479801830105E+00 -0.5341613665241807E+00 -0.7718494825592717E+00 -0.9733440467205841E+00 -0.1115947435189016E+01 -0.1135923361937612E+01 -0.9651195842939184E+00 -0.6395475204387355E+00 -0.2956881643663513E+00 -0.1938019935977827E-01  0.1737523957271166E+00  0.2559337770208971E+00  0.1737961911017743E+00 -0.2654547962844257E+00
 -0.8780733013884950E+00  0.6064160153862890E+00  0.9411747447703719E+00  0.8670137892636401E+00  0.6607837514264555E+00  0.3944648020801623E+00  0.9255892342056581E-01 -0.2111075970884631E+00 -0.4966598382355170E+00 -0.7399229566252979E+00 -0.9439943620296283E+00 -0.1120313571724143E+01 -0.1231512896008062E+01 -0.1170606340969242E+01 -0.8886529568850323E+00 -0.5033417014087067E+00 -0.1658720632032526E+00  0.6775612344881755E-01  0.1769149003167280E+00  0.1286778686777278E+00 -0.2091187057164555E+00
 -0.7133114906884033E+00  0.5735779738299980E+00  0.1007422430801591E+01  0.9721852087119827E+00  0.7663668174286661E+00  0.4920141311933039E+00  0.1765631824456116E+00 -0.1472861237129453E+00 -0.4520018769185998E+00 -0.7030629600589395E+00 -0.8951857930521693E+00 -0.1065753292519868E+01 -0.1233289637867971E+01 -0.1298561589132431E+01 -0.1128196983141994E+01 -0.7592656556570321E+00 -0.3680239062451766E+00 -0.7128368543527719E-01  0.8975544867208562E-01  0.9247603912999458E-01 -0.1876726687178981E+00
 -0.5108377301519085E+00  0.5094449478430474E+00  0.1017497113377234E+01  0.1048326581534935E+01  0.8604944396788647E+00  0.5874561311833905E+00  0.2666837904872695E+00 -0.7127257209706055E-01 -0.3947609616645752E+00 -0.6601046377643573E+00 -0.8430489549697519E+00 -0.9830885564039107E+00 -0.1157990359305467E+01 -0.1325052568377275E+01 -0.1303055491485607E+01 -0.1018487741043209E+01 -0.6140424907155145E+00 -0.2544365433807438E+00 -0.1862699587295853E-01  0.5283335987754623E-01 -0.1771270755055972E+00
 -0.3176639703518834E+00  0.4255813688041361E+00  0.9590801360605247E+00  0.1073580122148048E+01  0.9270800990576199E+00  0.6686536752834278E+00  0.3535384054091607E+00  0.1334166125200541E-01 -0.3193092199175989E+00 -0.5978661725612545E+00 -0.7807235948548652E+00 -0.8874012127413429E+00 -0.1030334445215690E+01 -0.1252124274365515E+01 -0.1379874480575862E+01 -0.1234537217937000E+01 -0.8730507946965879E+00 -0.4768420915945973E+00 -0.1620972182887832E+00 -0.6960974962182189E-02 -0.1412142934022367E+00
 -0.1528923181618432E+00  0.3280115064219196E+00  0.8311422011039155E+00  0.1029710654439976E+01  0.9492645158386160E+00  0.7231752241192602E+00  0.4255616095267357E+00  0.9607421357016636E-01 -0.2311255398745812E+00 -0.5114608994814938E+00 -0.6958427034057922E+00 -0.7787334683254844E+00 -0.8720020315846044E+00 -0.1097182189779649E+01 -0.1344894909259257E+01 -0.1370568893016590E+01 -0.1111659320872538E+01 -0.7233273638644467E+00 -0.3459345210318016E+00 -0.9255888503941191E-01 -0.6825786591356586E-01
 -0.2214172131497794E-01  0.2226464524645234E+00  0.6457976360785924E+00  0.9028822389539733E+00  0.9034783542441188E+00  0.7324335255150796E+00  0.4700656065607232E+00  0.1666562850366806E+00 -0.1391365179032388E+00 -0.4047138732452097E+00 -0.5819723851862065E+00 -0.6500304075304520E+00 -0.6964295362885132E+00 -0.8854786989101513E+00 -0.1201398310469566E+01 -0.1399489672353811E+01 -0.1296219866074526E+01 -0.9692825293223959E+00 -0.5639086641113673E+00 -0.2018647065930523E+00  0.4168545566778947E-01
  0.7542694132094346E-01  0.1203585799640162E+00  0.4365026812129920E+00  0.7074982600711661E+00  0.7833623209120467E+00  0.6842230541107378E+00  0.4763972255006090E+00  0.2159635916590915E+00 -0.5255640694216603E-01 -0.2868463655979209E+00 -0.4437396940676755E+00 -0.5000064642802226E+00 -0.5134703073933069E+00 -0.6458888578919098E+00 -0.9681304198976882E+00 -0.1303368203239422E+01 -0.1390820338406594E+01 -0.1182763682153612E+01 -0.7978289769497536E+00 -0.3303655506591099E+00  0.1932676750275760E+00
  0.1345809973010987E+00  0.3448973830916910E-01  0.2380502122286060E+00  0.4689192845729014E+00  0.5874934891022233E+00  0.5623826794991018E+00  0.4273287628482274E+00  0.2304318385321967E+00  0.1729721119960336E-01 -0.1704164074995178E+00 -0.2953648026148826E+00 -0.3395167081946138E+00 -0.3366278520343988E+00 -0.4105503980425253E+00 -0.6803927200115133E+00 -0.1080653219796353E+01 -0.1357543753561673E+01 -0.1322003225466095E+01 -0.1017476177881154E+01 -0.4720371753636231E+00  0.3986353482097158E+00
  0.1221397024770182E+00 -0.9218890879145679E-02  0.9448302983958116E-01  0.2476822125679382E+00  0.3600294581287182E+00  0.3834745926127726E+00  0.3202217372262862E+00  0.1984263938833620E+00  0.5457350112755333E-01 -0.7541183873076931E-01 -0.1618155011082627E+00 -0.1930203733174835E+00 -0.1863803031511169E+00 -0.2134404432616706E+00 -0.3890893357039406E+00 -0.7561711771236097E+00 -0.1167656555167801E+01 -0.1336611002567844E+01 -0.1180630098580485E+01 -0.6204439662657599E+00  0.6807018002167948E+00
  0.2724777261822889E-01 -0.6792844927220290E-02  0.6869237836568015E-02  0.7177600778521175E-01  0.1460685983577173E+00  0.1852054886115146E+00  0.1735390484336421E+00  0.1197592858327268E+00  0.4540145988101566E-01 -0.2513303156958064E-01 -0.7242365605208922E-01 -0.8925722997617912E-01 -0.8303493553031807E-01 -0.8159639377909389E-01 -0.1544135011612069E+00 -0.3928872528125449E+00 -0.8238871347840885E+00 -0.1174753775806962E+01 -0.1224292900262556E+01 -0.7675357123873164E+00  0.1078314236899393E+01
 -0.1672547823008856E+00  0.4572433382951583E-01 -0.3008178081233806E-01 -0.3577842292764682E-01 -0.1236895473519329E-02  0.3215501565192481E-01  0.4497938410632300E-01  0.3530525450902321E-01  0.1160716073195299E-01 -0.1385394460245039E-01 -0.3095111784226404E-01 -0.3484721817726701E-01 -0.2857803218519060E-01 -0.1739296341646277E-01 -0.2269488156994462E-01 -0.9367324811541329E-01 -0.4051203947648147E+00 -0.8201112752345123E+00 -0.1049423896295645E+01 -0.8464139594672883E+00  0.1489817982106220E+01
  0.4136422932409386E+00 -0.2192120463567691E+00 -0.2439938458293687E+00 -0.1776864450960672E+00 -0.1115440068265233E+00 -0.6318543372627319E-01 -0.3315079004260182E-01 -0.1833346071027122E-01 -0.1375923765977625E-01 -0.1339558198824239E-01 -0.1232759815909303E-01 -0.7448426652785082E-02 -0.2780526059257145E-03  0.9299428782199713E-02  0.1166629758177810E-01  0.9984449122352562E-02 -0.1327378462439674E+00 -0.3904428478452123E+00 -0.5667525885855034E+00 -0.5440881724927390E+00  0.1065511928892714E+01
  0.0000000000000000E+00  0.0000000000000000E+00  0.0000000000000000E+00  0.0000000000000000E+00  0.0000000000000000E+00  0.0000000000000000E+00  0.0000000000000000E+00  0.0000000000000000E+00  0.0000000000000000E+00  0.0000000000000000E+00  0.0000000000000000E+00  0.0000000000000000E+00  0.0000000000000000E+00  0.0000000000000000E+00  0.0000000000000000E+00  0.0000000000000000E+00  0.0000000000000000E+00  0.0000000000000000E+00  0.0000000000000000E+00  0.0000000000000000E+00  0.0000000000000000E+00
