  0.0000000000000000E+00  0.0000000000000000E+00  0.0000000000000000E+00  0.0000000000000000E+00  0.0000000000000000E+00  0.0000000000000000E+00  0.0000000000000000E+00  0.0000000000000000E+00  0.0000000000000000E+00  0.0000000000000000E+00  0.0000000000000000E+00  0.0000000000000000E+00  0.0000000000000000E+00  0.0000000000000000E+00  0.0000000000000000E+00  0.0000000000000000E+00  0.0000000000000000E+00  0.0000000000000000E+00  0.0000000000000000E+00  0.0000000000000000E+00  0.0000000000000000E+00
  0.3805449017738712E-01 -0.1559620428503070E-01 -0.8734122677704972E-02  0.2177069442685962E-02 -0.8834696629646905E-02 -0.3825479270114068E-01 -0.6839472737791452E-01 -0.8156774081219270E-01 -0.8114698959767108E-01 -0.7421004161678658E-01 -0.6194989366184909E-01 -0.3144855361503257E-01  0.2641836507715333E-01  0.9321814164201769E-01  0.1334242081515954E+00  0.1326180496851678E+00  0.9864409822049409E-01  0.4573029315851116E-01 -0.5976264135094471E-02 -0.2496353156820987E-01  0.6891433056953514E-01
  0.1555999467578208E-02  0.1718107838104798E-01  0.5309923461072215E-01  0.7169796273169293E-01  0.4298400718016054E-01 -0.2500191915645844E-01 -0.1160623070086854E+00 -0.2058085798989417E+00 -0.2790672801565470E+00 -0.3161978965147323E+00 -0.3029946517173627E+00 -0.2270349140331420E+00 -0.1021907861226751E+00  0.3537543439219998E-01  0.1444999036793014E+00  0.1998061499524095E+00  0.1966081085757880E+00  0.1457020847185289E+00  0.7156758437499207E-01  0.1105342231036269E-01  0.3840731744390401E-01
 -0.1540909236070059E+00  0.1091277696230807E+00  0.1732923852622361E+00  0.1817240412079116E+00  0.1176777972930205E+00  0.4355245884518658E-02 -0.1369247354966906E+00 -0.2777565321731543E+00 -0.4029759734782242E+00 -0.4867621244963660E+00 -0.5100766375365635E+00 -0.4497762710767807E+00 -0.3102483555882481E+00 -0.1254305154151619E+00  0.5536601182629994E-01  0.1931807011824249E+00  0.2643020688960941E+00  0.2593139002658478E+00  0.1927265573488787E+00  0.1031229833947897E+00 -0.1166423928354904E+00
 -0.4000139466668954E+00  0.2448772681689693E+00  0.3346178578400124E+00  0.3163609460879255E+00  0.2107273378159261E+00  0.5095625381948581E-01 -0.1414261779819640E+00 -0.3355245446750837E+00 -0.5157776012280015E+00 -0.6499372624048781E+00 -0.7139481800779393E+00 -0.6761096754040996E+00 -0.5338188504341166E+00 -0.3204871439533475E+00 -0.9211058067518703E-01  0.1091334592698070E+00  0.2542765431007728E+00  0.3164447217125012E+00  0.2906909248553328E+00  0.1945834028689603E+00 -0.2930592837515481E+00
 -0.6598011853135304E+00  0.3911669890998410E+00  0.5136997819859925E+00  0.4641957822482210E+00  0.3224670492097600E+00  0.1261540765631964E+00 -0.1036053182634813E+00 -0.3358963084611641E+00 -0.5591848443782163E+00 -0.7432895489066678E+00 -0.8627407630120945E+00 -0.8738239331373918E+00 -0.7513745566312252E+00 -0.5199643798800048E+00 -0.2535280360599351E+00 -0.9953053604369861E-02  0.1870652594810636E+00  0.3098778640029672E+00  0.3333918619176916E+00  0.2351919394936932E+00 -0.3721839565633879E+00
 -0.8566397309772892E+00  0.5138264588758694E+00  0.6848396456503191E+00  0.6091216868492798E+00  0.4365383374431159E+00  0.2090613538409767E+00 -0.5108146586492891E-01 -0.3122318186588956E+00 -0.5648041771832949E+00 -0.7847391913856846E+00 -0.9548182586700003E+00 -0.1031895706114898E+01 -0.9628423677462055E+00 -0.7355856918739409E+00 -0.4286704881117597E+00 -0.1413003232417839E+00  0.9223695097610285E-01  0.2569451103429284E+00  0.3167033820418088E+00  0.2184840931947777E+00 -0.3387488975425241E+00
 -0.9361328898029443E+00  0.5888749563540603E+00  0.8304919792592366E+00  0.7444211503200520E+00  0.5503276529292783E+00  0.3003554248710351E+00  0.1795865570832206E-01 -0.2642600012739916E+00 -0.5341771098931415E+00 -0.7718477395212017E+00 -0.9733076669259993E+00 -0.1115887685739418E+01 -0.1135885459264554E+01 -0.9651311506486336E+00 -0.6395826253104041E+00 -0.2957197179734366E+00 -0.1941117298429692E-01  0.1737121455563428E+00  0.2558959154444388E+00  0.1737897282405126E+00 -0.2654732692770990E+00
 -0.8782197503936505E+00  0.6064341709905836E+00  0.9410827625781003E+00  0.8669488855299913E+00  0.6607759569155734E+00  0.3944829044966588E+00  0.9257240948231832E-01 -0.2111236976443053E+00 -0.4967037244872504E+00 -0.7399689575678262E+00 -0.9440069991180612E+00 -0.1120279088109239E+01 -0.1231472010958163E+01 -0.1170611485558954E+01 -0.8886964387811742E+00 -0.5033888954254588E+00 -0.1659134171092118E+00  0.6772072107394379E-01  0.1768917557409733E+00  0.1286787708780584E+00 -0.2091445568932019E+00
 -0.7135145678082944E+00  0.5736315708686174E+00  0.1007380144797558E+01  0.9721489284149007E+00  0.7663849558473256E+00  0.4920561443890680E+00  0.1765871385555110E+00 -0.1473121807860403E+00 -0.4520812327357239E+00 -0.7031701441201468E+00 -0.8952713745488297E+00 -0.1065770966524242E+01 -0.1233258595814143E+01 -0.1298553701246432E+01 -0.1128233795713827E+01 -0.7593141396527785E+00 -0.3680680475887206E+00 -0.7131766845980524E-01  0.8973760773273808E-01  0.9247518357237941E-01 -0.1876879429844002E+00
 -0.5110292661271130E+00  0.5095134363322946E+00  0.1017511042869771E+01  0.1048324991098956E+01  0.8605347023095081E+00  0.5875186700283334E+00  0.2667234192716558E+00 -0.7129109081748780E-01 -0.3948481456819712E+00 -0.6602455269124615E+00 -0.8431964113029657E+00 -0.9831700781111011E+00 -0.1157985431439226E+01 -0.1325033777461846E+01 -0.1303076118036119E+01 -0.1018527380478648E+01 -0.6140804866614639E+00 -0.2544669249101097E+00 -0.1864380369178874E-01  0.5282759133459544E-01 -0.1771265776955751E+00
 -0.3178181883311073E+00  0.4256552659396389E+00  0.9591476094878095E+00  0.1073619145985043E+01  0.9271393257410321E+00  0.6687289050395255E+00  0.3535894820034283E+00  0.1333220299135980E-01 -0.3193940091487255E+00 -0.5980196190426195E+00 -0.7809102891843543E+00 -0.8875416809704707E+00 -0.1030367627212860E+01 -0.1252103370402413E+01 -0.1379876164046742E+01 -0.1234561819361449E+01 -0.8730775473665389E+00 -0.4768659793130096E+00 -0.1621123922269614E+00 -0.6967960446980489E-02 -0.1412085108860200E+00
 -0.1530068053918281E+00  0.3280848605639592E+00  0.8312477763000496E+00  0.1029789358977327E+01  0.9493404358349461E+00  0.7232541662579645E+00  0.4256154752662885E+00  0.9607102309594084E-01 -0.2312012698820443E+00 -0.5116080611118606E+00 -0.6960391862838141E+00 -0.7789098173674709E+00 -0.8720718470167197E+00 -0.1097167157487622E+01 -0.1344879848757846E+01 -0.1370575856712723E+01 -0.1111671852594351E+01 -0.7233410561336239E+00 -0.3459449520611608E+00 -0.9256385149186078E-01 -0.6825339758557847E-01
 -0.2222229577999957E-01  0.2227127923388053E+00  0.6459160812364162E+00  0.9029897279192614E+00  0.9035704708404325E+00  0.7325142389129635E+00  0.4701178577582305E+00  0.1666558070988773E+00 -0.1392035175785127E+00 -0.4048482734809402E+00 -0.5821587844374697E+00 -0.6502142038155015E+00 -0.6965213784035916E+00 -0.8854722292010714E+00 -0.1201371646276288E+01 -0.1399479667406690E+01 -0.1296217833205110E+01 -0.9692846272112887E+00 -0.5639122801520055E+00 -0.2018666083645952E+00  0.4168754494178017E-01
  0.7537390359607521E-01  0.1204107421677885E+00  0.4366061300994408E+00  0.7076115987365673E+00  0.7834623694947713E+00  0.6843033418735447E+00  0.4764456267262144E+00  0.2159633256350997E+00 -0.5261568292360839E-01 -0.2869649883938665E+00 -0.4439037759359736E+00 -0.5001730885670402E+00 -0.5135628027081365E+00 -0.6458862661841932E+00 -0.9680973624947736E+00 -0.1303345797905150E+01 -0.1390805825274778E+01 -0.1182754579093716E+01 -0.7978250019635924E+00 -0.3303641538107544E+00  0.1932674594686707E+00
  0.1345561274096357E+00  0.3452116126377008E-01  0.2381196112009459E+00  0.4690135126440546E+00  0.5875884890489044E+00  0.5624615507524936E+00  0.4273767999222112E+00  0.2304352303762626E+00  0.1724879007667428E-01 -0.1705148484021462E+00 -0.2954979019030334E+00 -0.3396487378315606E+00 -0.3367014028287714E+00 -0.4105434968183899E+00 -0.6803561477297350E+00 -0.1080624894203060E+01 -0.1357522511439079E+01 -0.1321986637343523E+01 -0.1017465971017020E+01 -0.4720328411086702E+00  0.3986325523089904E+00
  0.1221539345677978E+00 -0.9213915526682452E-02  0.9451218798775046E-01  0.2477369062931250E+00  0.3600956880143053E+00  0.3835356046480967E+00  0.3202617676841026E+00  0.1984321707842215E+00  0.5453874639323407E-01 -0.7548427886506194E-01 -0.1619099063006427E+00 -0.1931081351147520E+00 -0.1864238991842893E+00 -0.2134237363933674E+00 -0.3890506124141074E+00 -0.7561422602014107E+00 -0.1167634587000870E+01 -0.1336592084247821E+01 -0.1180616524788711E+01 -0.6204374772272747E+00  0.6806959068931133E+00
  0.2727523339834683E-01 -0.6799963568650264E-02  0.6875342692396039E-02  0.7179988230946206E-01  0.1461044973602147E+00  0.1852419734099388E+00  0.1735638595039518E+00  0.1197622399776173E+00  0.4537843448567515E-01 -0.2517815755813731E-01 -0.7247817944703176E-01 -0.8930280793087353E-01 -0.8305148992225445E-01 -0.8157346210134021E-01 -0.1543757667639111E+00 -0.3928607572018076E+00 -0.8238688190185502E+00 -0.1174737474876671E+01 -0.1224279522426607E+01 -0.7675280700334147E+00  0.1078304687673637E+01
 -0.1672589212714606E+00  0.4572463589520562E-01 -0.3008501358584369E-01 -0.3577520342789599E-01 -0.1226493629278172E-02  0.3216819467259491E-01  0.4498925028554971E-01  0.3530633799313315E-01  0.1159719666814606E-01 -0.1387291831450965E-01 -0.3097305734536092E-01 -0.3486397331107424E-01 -0.2858176068712214E-01 -0.1737701017290769E-01 -0.2266717702790822E-01 -0.9365047156161821E-01 -0.4051057886043232E+00 -0.8201000454506091E+00 -0.1049414109690728E+01 -0.8464068842677445E+00  0.1489806543112506E+01
  0.4136305548024098E+00 -0.2192028785693626E+00 -0.2439780809056781E+00 -0.1776702191299862E+00 -0.1115298382356601E+00 -0.6317405522119822E-01 -0.3314287063962137E-01 -0.1833000372165745E-01 -0.1376061353631391E-01 -0.1340071573844763E-01 -0.1233396398216184E-01 -0.7452765706628567E-02 -0.2779367358197980E-03  0.9306267807889701E-02  0.1167873187715992E-01  0.9998141218356359E-02 -0.1327276185497362E+00 -0.3904363621357579E+00 -0.5667479897555525E+00 -0.5440843548192484E+00  0.1065505074702193E+01
  0.0000000000000000E+00  0.0000000000000000E+00  0.0000000000000000E+00  0.0000000000000000E+00  0.0000000000000000E+00  0.0000000000000000E+00  0.0000000000000000E+00  0.0000000000000000E+00  0.0000000000000000E+00  0.0000000000000000E+00  0.0000000000000000E+00  0.0000000000000000E+00  0.0000000000000000E+00  0.0000000000000000E+00  0.0000000000000000E+00  0.0000000000000000E+00  0.0000000000000000E+00  0.0000000000000000E+00  0.0000000000000000E+00  0.0000000000000000E+00  0.0000000000000000E+00
