  0.0000000000000000E+00  0.5465751374789107E-02  0.2104481224139904E-01  0.7271197689272302E-01  0.1416223369165440E+00  0.1985739324522913E+00  0.1980529234995830E+00  0.9660695138608605E-01 -0.1014719917341812E+00 -0.3551699515665478E+00 -0.5970056263058056E+00 -0.7492647845241209E+00 -0.7562211712937387E+00 -0.6352834918116672E+00 -0.4634067366010851E+00 -0.2961830852820120E+00 -0.1569233780821419E+00 -0.5422071674113810E-01  0.7656109506498032E-02  0.1861812842252300E-01  0.0000000000000000E+00
  0.0000000000000000E+00 -0.2354829916358265E-01 -0.6544335047897250E-01 -0.1221285601824333E+00 -0.1805348934710032E+00 -0.2218462842814431E+00 -0.2278894653467068E+00 -0.1799955398687346E+00 -0.7992755905395103E-01  0.5695047567321779E-01  0.2011410185082725E+00  0.3190489567784764E+00  0.3819578856117797E+00  0.3857119701254910E+00  0.3481618306879701E+00  0.2853894329817181E+00  0.2081118092778162E+00  0.1294334884541648E+00  0.6132897247875015E-01  0.2182625751709230E-01  0.0000000000000000E+00
  0.0000000000000000E+00 -0.6517914611595883E-01 -0.1752852391955185E+00 -0.2936737036545770E+00 -0.3999823434964657E+00 -0.4669649203920380E+00 -0.4856154725405376E+00 -0.4433796682201179E+00 -0.3412546688960343E+00 -0.1843185245468945E+00  0.6417429219011792E-02  0.2078820858113082E+00  0.3896524855416003E+00  0.5218524185648059E+00  0.5810787554628251E+00  0.5599852136631425E+00  0.4674120497513067E+00  0.3340797486213564E+00  0.1916430269427485E+00  0.8409690097379990E-01  0.0000000000000000E+00
  0.0000000000000000E+00 -0.8224762310256534E-01 -0.2655556229158026E+00 -0.4212818287204327E+00 -0.5576187302580201E+00 -0.6432645980696475E+00 -0.6849063485706107E+00 -0.6700828865361154E+00 -0.6044026405661179E+00 -0.4840263883318749E+00 -0.3204075469035435E+00 -0.1225243751505377E+00  0.8533269634064966E-01  0.2738716539050280E+00  0.4135656734416329E+00  0.4838517958679445E+00  0.4712058259262510E+00  0.3846437403558552E+00  0.2474396993713131E+00  0.1109029517829871E+00  0.0000000000000000E+00
  0.0000000000000000E+00 -0.7598637002559779E-01 -0.3103886855356784E+00 -0.4823202265864369E+00 -0.6395214933155078E+00 -0.7421403449385954E+00 -0.8105993472881098E+00 -0.8284688157949985E+00 -0.8050036926015834E+00 -0.7294789196286585E+00 -0.6060324953114055E+00 -0.4339157192618947E+00 -0.2333481509745221E+00 -0.3709726749694355E-01  0.1244353456311387E+00  0.2388185553674908E+00  0.2939564353011942E+00  0.2802253919614123E+00  0.1958186680335653E+00  0.9400381114460356E-01  0.0000000000000000E+00
  0.0000000000000000E+00 -0.5908549939944351E-01 -0.3010100562330320E+00 -0.4703203693286707E+00 -0.6341871171161559E+00 -0.7445712797428734E+00 -0.8322119443663955E+00 -0.8785774291482047E+00 -0.8976011921134260E+00 -0.8766190930742223E+00 -0.8120358592870900E+00 -0.6875632668445587E+00 -0.5072308428693755E+00 -0.3067729653984823E+00 -0.1355202530728730E+00 -0.1009391772660404E-01  0.7567485598250731E-01  0.1142323673465086E+00  0.8952287647728133E-01  0.5202328968876201E-01  0.0000000000000000E+00
  0.0000000000000000E+00 -0.3649363688689318E-01 -0.2441974429928161E+00 -0.4012229828540773E+00 -0.5618285077286763E+00 -0.6759178262251111E+00 -0.7758357037475097E+00 -0.8423381397572494E+00 -0.8913954565935776E+00 -0.9164099323017767E+00 -0.9142127045773103E+00 -0.8584522282896235E+00 -0.7240558931293732E+00 -0.5262250167901191E+00 -0.3305317999547970E+00 -0.1886720021040876E+00 -0.9188955828508870E-01 -0.2704378287285860E-01 -0.3140483421894748E-02  0.1184608521299916E-01  0.0000000000000000E+00
  0.0000000000000000E+00 -0.6974441378778506E-03 -0.1487108094421851E+00 -0.2898864030574859E+00 -0.4424209720735744E+00 -0.5592065883869943E+00 -0.6670108580190067E+00 -0.7460292684510448E+00 -0.8099622013332269E+00 -0.8605374333107949E+00 -0.9047000350426881E+00 -0.9220097709130569E+00 -0.8641797569550800E+00 -0.7024627488283905E+00 -0.4830622260271765E+00 -0.2967368750552016E+00 -0.1746358976931679E+00 -0.9225996187435428E-01 -0.3794320831112549E-01  0.2212872854161020E-02  0.0000000000000000E+00
  0.0000000000000000E+00  0.5540371804445487E-01 -0.2782091943081396E-01 -0.1491517190143939E+00 -0.2919100292370403E+00 -0.4116451851911402E+00 -0.5266562322002836E+00 -0.6168729431310258E+00 -0.6888435820720273E+00 -0.7477059166540040E+00 -0.8111741097821155E+00 -0.8805195188292047E+00 -0.9086201302154702E+00 -0.8264705833166370E+00 -0.6244886258984738E+00 -0.3899765830795887E+00 -0.2109432129834835E+00 -0.9448694997910338E-01 -0.2102396209351553E-01  0.2279193955176564E-01  0.0000000000000000E+00
  0.0000000000000000E+00  0.1197453072897288E+00  0.9825137845770200E-01  0.8854639437996000E-02 -0.1185368956306665E+00 -0.2370868197446385E+00 -0.3560167686375064E+00 -0.4569614423665029E+00 -0.5388852339529953E+00 -0.6036796132939762E+00 -0.6704325181099308E+00 -0.7622865107260977E+00 -0.8576570869496680E+00 -0.8755447197841774E+00 -0.7473226481466126E+00 -0.5106561611738989E+00 -0.2768725780009416E+00 -0.1067211333887030E+00 -0.4864209355545789E-02  0.4350585968236528E-01  0.0000000000000000E+00
  0.0000000000000000E+00  0.1642974802278878E+00  0.2049899087172623E+00  0.1669298566239086E+00  0.6911492225637561E-01 -0.3745450087489654E-01 -0.1511566941509375E+00 -0.2574719627607772E+00 -0.3513138090162031E+00 -0.4297061827984737E+00 -0.5033184706415664E+00 -0.6023141891863941E+00 -0.7363244181049744E+00 -0.8446093891689462E+00 -0.8225770471164625E+00 -0.6410153268997936E+00 -0.3924996329341256E+00 -0.1767280250974345E+00 -0.3360415960999931E-01  0.3417296238502175E-01  0.0000000000000000E+00
  0.0000000000000000E+00  0.1733715395754059E+00  0.2733109466544509E+00  0.3049828067370246E+00  0.2569664802256058E+00  0.1775478333864710E+00  0.8067398981111112E-01 -0.2137278015711599E-01 -0.1231184422611000E+00 -0.2196680073587687E+00 -0.3120395915702167E+00 -0.4218780569291555E+00 -0.5750636720699409E+00 -0.7497601485841174E+00 -0.8395999544194217E+00 -0.7523411299773556E+00 -0.5304892119969337E+00 -0.2923430052084749E+00 -0.1074514812542219E+00 -0.9621769308938419E-02  0.0000000000000000E+00
  0.0000000000000000E+00  0.1494309491354725E+00  0.2926749247399690E+00  0.4012445348417683E+00  0.4219695782131668E+00  0.3871183691687931E+00  0.3192947987749527E+00  0.2320825523981842E+00  0.1306741435655177E+00  0.1906406185570557E-01 -0.9867494402640054E-01 -0.2305121777653498E+00 -0.3969820050691110E+00 -0.6117660307890518E+00 -0.8008662827453438E+00 -0.8322871500189434E+00 -0.6729633220106577E+00 -0.4338369863890288E+00 -0.2154112126252706E+00 -0.7839038156818923E-01  0.0000000000000000E+00
  0.0000000000000000E+00  0.1032961728949488E+00  0.2618378348474843E+00  0.4357034835512822E+00  0.5348177250887397E+00  0.5614943724303879E+00  0.5359346991417469E+00  0.4734608104551608E+00  0.3808691987425621E+00  0.2614458512192870E+00  0.1206440379854203E+00 -0.3864598839827996E-01 -0.2189840621324102E+00 -0.4507410395985315E+00 -0.7112263111560011E+00 -0.8699896507468839E+00 -0.8109694265225100E+00 -0.5949803297755456E+00 -0.3552782710943724E+00 -0.1654178406744513E+00  0.0000000000000000E+00
  0.0000000000000000E+00  0.4498406860125043E-01  0.1891668854591992E+00  0.3960449225262527E+00  0.5644947564082091E+00  0.6612520236249988E+00  0.6903387093617602E+00  0.6635148787273999E+00  0.5888295729573165E+00  0.4705017730340375E+00  0.3155688415691502E+00  0.1350896086098179E+00 -0.5512903231289144E-01 -0.2836661427899265E+00 -0.5771271410661366E+00 -0.8496306656171588E+00 -0.9269591385980503E+00 -0.7684842278125473E+00 -0.5239398563231141E+00 -0.2675519593314413E+00  0.0000000000000000E+00
  0.0000000000000000E+00 -0.1825757268574358E-01  0.8805820472689342E-01  0.2839150933710810E+00  0.4909817180444543E+00  0.6494184931192535E+00  0.7379236287979755E+00  0.7556227414385417E+00  0.7081099323729818E+00  0.6015081355117845E+00  0.4476393652079700E+00  0.2649651074105107E+00  0.8052855090727576E-01 -0.1235183808630509E+00 -0.4051970347074833E+00 -0.7513996194731039E+00 -0.9868252686596206E+00 -0.9335239700757854E+00 -0.7118885721048218E+00 -0.3818599333405556E+00  0.0000000000000000E+00
  0.0000000000000000E+00 -0.7339799391714519E-01 -0.2358726811794951E-01  0.1237398385044160E+00  0.3235205806132255E+00  0.5103193437771060E+00  0.6430833542304246E+00  0.7045392479544563E+00  0.6930383114694758E+00  0.6152835394960483E+00  0.4878196656476428E+00  0.3334500877480078E+00  0.1799616945653630E+00  0.2159611069231778E-01 -0.2045866615027801E+00 -0.5570353218495127E+00 -0.9369903244884199E+00 -0.1040588787950509E+01 -0.8933705314522206E+00 -0.4976652708978024E+00  0.0000000000000000E+00
  0.0000000000000000E+00 -0.7629463797476993E-01 -0.7335506603665809E-01  0.1494974446725240E-01  0.1647264659791992E+00  0.3289765840907807E+00  0.4667420109033435E+00  0.5525104682034802E+00  0.5771233681908570E+00  0.5434103895290084E+00  0.4660224672302063E+00  0.3639267582155564E+00  0.2593720444312088E+00  0.1551548774182017E+00  0.1095208830545016E-01 -0.2666907079350924E+00 -0.7158157405447384E+00 -0.9946591993501170E+00 -0.9984570129008850E+00 -0.5761510347649286E+00  0.0000000000000000E+00
  0.0000000000000000E+00  0.2244221776361741E-01  0.8668272078736182E-01  0.1618761073689682E+00  0.2530420327820190E+00  0.3544541504136741E+00  0.4483752437792090E+00  0.5159251366754217E+00  0.5457583020911028E+00  0.5356257478649977E+00  0.4940978365848643E+00  0.4328891539518083E+00  0.3685099029883712E+00  0.3041943429128005E+00  0.2318686661135151E+00  0.8249284649616687E-01 -0.2936160132166351E+00 -0.6567511854848037E+00 -0.8691799432456710E+00 -0.5153498468733100E+00  0.0000000000000000E+00
  0.0000000000000000E+00  0.4264768127984088E+00  0.5527759106228056E+00  0.6119207620583456E+00  0.6369713994099062E+00  0.6552940740884335E+00  0.6722115539727275E+00  0.6819878783061746E+00  0.6786229233786557E+00  0.6592474362063323E+00  0.6280524200345539E+00  0.5885345604255073E+00  0.5514665691023607E+00  0.5127774212187223E+00  0.4884871883401932E+00  0.4419821157712982E+00  0.2964013615541957E+00  0.1218504131760242E+00 -0.1531259126921713E+00 -0.4506398879215843E-01  0.0000000000000000E+00
  0.3000000000000000E+01  0.1743011779368391E+01  0.1428354988918945E+01  0.1326113821193932E+01  0.1342127834552300E+01  0.1388571928148373E+01  0.1431740581861027E+01  0.1469961501756898E+01  0.1509889531955136E+01  0.1557883439246001E+01  0.1609940576481203E+01  0.1667285472675286E+01  0.1714110195681289E+01  0.1765862079256634E+01  0.1766407101092936E+01  0.1756546499182272E+01  0.1817179902120778E+01  0.1977697574987124E+01  0.2590197794830843E+01  0.2619842119503166E+01  0.3000000000000000E+01
