  0.0000000000000000E+00  0.4820387582386683E-02 -0.2195544129022134E-01 -0.7594288305326327E-01 -0.1702013860604757E+00 -0.3086173464056323E+00 -0.4773404067512237E+00 -0.6461526028903555E+00 -0.7759859515382462E+00 -0.8355674276559730E+00 -0.8112607441938553E+00 -0.7169839846001144E+00 -0.5844167707614635E+00 -0.4447155760848205E+00 -0.3166914738452602E+00 -0.2098225018603701E+00 -0.1264882911136386E+00 -0.6703324816810297E-01 -0.2623536505482812E-01 -0.1093225176201949E-01  0.0000000000000000E+00
  0.0000000000000000E+00 -0.1209970549318216E-01 -0.7731097456407125E-03  0.1993822257975253E-01  0.6063539883671677E-01  0.1222842834683615E+00  0.2008630093709511E+00  0.2850777136540789E+00  0.3598299987234170E+00  0.4114132368844653E+00  0.4316946009397111E+00  0.4213763415799747E+00  0.3874480548344960E+00  0.3381437081383075E+00  0.2795993790068773E+00  0.2178867507168291E+00  0.1575202516650391E+00  0.1049047936273587E+00  0.5904870011060941E-01  0.3142798581402780E-01  0.0000000000000000E+00
  0.0000000000000000E+00 -0.3147872889715980E-01 -0.2427477052714348E-01 -0.1612821531400568E-01  0.1170481044967463E-01  0.5823550399945210E-01  0.1252486213616298E+00  0.2090805380718811E+00  0.3035040446320046E+00  0.3986722829974227E+00  0.4838230586252779E+00  0.5471450401398098E+00  0.5779273937420243E+00  0.5697155483301020E+00  0.5221066631753716E+00  0.4438377502901172E+00  0.3460724638814787E+00  0.2476811327139732E+00  0.1509107352770001E+00  0.8335170568006391E-01  0.0000000000000000E+00
  0.0000000000000000E+00 -0.5555142040861159E-01 -0.7202242927290710E-01 -0.9682530090152409E-01 -0.1069054001457422E+00 -0.1025595159478449E+00 -0.7399099001640566E-01 -0.1872590919552508E-01  0.6239988150071460E-01  0.1616281542884320E+00  0.2689331576650571E+00  0.3708124332311094E+00  0.4528845621017204E+00  0.5019588370994099E+00  0.5083846176693062E+00  0.4719308343672613E+00  0.3967655430494460E+00  0.3029525589204330E+00  0.1937599604753406E+00  0.1078083168112841E+00  0.0000000000000000E+00
  0.0000000000000000E+00 -0.7954919298736210E-01 -0.1413834469958244E+00 -0.2207774115265944E+00 -0.2930700844842165E+00 -0.3497273337183697E+00 -0.3685671979067304E+00 -0.3452415774912022E+00 -0.2785140043046249E+00 -0.1786315438317971E+00 -0.5676698238673604E-01  0.7020244448922756E-01  0.1871047388781033E+00  0.2797504830434618E+00  0.3371361051895973E+00  0.3535191438657834E+00  0.3256396678259654E+00  0.2668169942013621E+00  0.1768185921807262E+00  0.1031334794796581E+00  0.0000000000000000E+00
  0.0000000000000000E+00 -0.9915947415750956E-01 -0.2263633532885827E+00 -0.3705881969178998E+00 -0.5105970463184916E+00 -0.6222546560392764E+00 -0.6821051814842940E+00 -0.6892182409847204E+00 -0.6403991163308891E+00 -0.5450140082627472E+00 -0.4125351962370558E+00 -0.2632070641593413E+00 -0.1157978918941534E+00  0.1206737767419639E-01  0.1098678060414503E+00  0.1714828538784748E+00  0.1915259848488309E+00  0.1758441120705305E+00  0.1211462040814398E+00  0.7927157462724412E-01  0.0000000000000000E+00
  0.0000000000000000E+00 -0.1048914342726092E+00 -0.2972885515537534E+00 -0.4924353975788879E+00 -0.6797841683439142E+00 -0.8264467942949161E+00 -0.9203581449242320E+00 -0.9610072193416910E+00 -0.9417668707123101E+00 -0.8667865700066476E+00 -0.7380510638322205E+00 -0.5740481591595874E+00 -0.3975741408262771E+00 -0.2355960116352215E+00 -0.1037656676189248E+00 -0.7695857419234874E-02  0.5039534639425611E-01  0.7279225601017394E-01  0.5711846852478870E-01  0.4903295750115754E-01  0.0000000000000000E+00
  0.0000000000000000E+00 -0.9671385733919502E-01 -0.3250620683306515E+00 -0.5438646002078881E+00 -0.7513853194226565E+00 -0.9155114643725271E+00 -0.1035728912306054E+01 -0.1110369978973996E+01 -0.1134566043769367E+01 -0.1104480528019013E+01 -0.1009452417969233E+01 -0.8536495475410906E+00 -0.6559800227124900E+00 -0.4536918087679522E+00 -0.2798551152364800E+00 -0.1491786833391744E+00 -0.6062277176590537E-01 -0.8240055607356061E-02  0.1057796655657840E-01  0.2735904867358208E-01  0.0000000000000000E+00
  0.0000000000000000E+00 -0.7794131550132152E-01 -0.2911593591793125E+00 -0.5039305208464225E+00 -0.7011434170125377E+00 -0.8610035800758300E+00 -0.9880790346099103E+00 -0.1085122513296014E+01 -0.1153751700507384E+01 -0.1188982094343087E+01 -0.1169422833293172E+01 -0.1074074227505084E+01 -0.8976676595626777E+00 -0.6700176240849188E+00 -0.4434450485066323E+00 -0.2603385289619690E+00 -0.1324370690733475E+00 -0.5102257019328447E-01 -0.5943821786225085E-02  0.2361594257737649E-01  0.0000000000000000E+00
  0.0000000000000000E+00 -0.4469446163623044E-01 -0.1954404412736544E+00 -0.3804107388221160E+00 -0.5459740970574231E+00 -0.6861459699294175E+00 -0.8026595607609367E+00 -0.9019516909853105E+00 -0.9927949653365362E+00 -0.1080239127506354E+01 -0.1148659806575236E+01 -0.1161471595906101E+01 -0.1077527243356631E+01 -0.8878029733808397E+00 -0.6354135288318263E+00 -0.3902700781131029E+00 -0.2001641692872393E+00 -0.7423873025332907E-01 -0.3065766243040821E-02  0.3281313082514649E-01  0.0000000000000000E+00
  0.0000000000000000E+00  0.1166990656905766E-01 -0.5650033663692812E-01 -0.2012988516022907E+00 -0.3291406741148699E+00 -0.4466510337997937E+00 -0.5499400936980594E+00 -0.6425760337792427E+00 -0.7330149287656850E+00 -0.8355161844810935E+00 -0.9548425434915585E+00 -0.1067362107206882E+01 -0.1115959962565447E+01 -0.1042770038735237E+01 -0.8413195382320151E+00 -0.5735178805563849E+00 -0.3210148009410439E+00 -0.1317323058671004E+00 -0.1796358658481299E-01  0.3301052620346015E-01  0.0000000000000000E+00
  0.0000000000000000E+00  0.8660609271134875E-01  0.9437409873868102E-01  0.2149896459186992E-02 -0.8815142093497157E-01 -0.1834085934012552E+00 -0.2779345219219530E+00 -0.3698827724679432E+00 -0.4601278127105930E+00 -0.5590831685284715E+00 -0.6844126050186815E+00 -0.8419290958764112E+00 -0.9957230716663603E+00 -0.1067499683560282E+01 -0.9902070141237708E+00 -0.7742213289625337E+00 -0.5013788142464609E+00 -0.2562667477335381E+00 -0.8391406643852276E-01  0.1364231520336517E-03  0.0000000000000000E+00
  0.0000000000000000E+00  0.1460346488528372E+00  0.2161055222005793E+00  0.1917877529517440E+00  0.1462107329913123E+00  0.8039846514932153E-01 -0.1100210562504728E-02 -0.9396631764212793E-01 -0.1927334929941848E+00 -0.2971465819633244E+00 -0.4180079279290381E+00 -0.5764091192032788E+00 -0.7761829881966131E+00 -0.9627553634564455E+00 -0.1035285083654080E+01 -0.9339127881303716E+00 -0.6978761029311668E+00 -0.4287957081110844E+00 -0.2010909304021732E+00 -0.6921474074865910E-01  0.0000000000000000E+00
  0.0000000000000000E+00  0.1637970605343429E+00  0.2800968436609622E+00  0.3331810531793006E+00  0.3457365657599329E+00  0.3211002574155183E+00  0.2636189048750429E+00  0.1787551194023844E+00  0.7409669793480383E-01 -0.4400789844173719E-01 -0.1727312667552903E+00 -0.3235841993528694E+00 -0.5230997934100475E+00 -0.7683906686804775E+00 -0.9735816175383962E+00 -0.1022581212118804E+01 -0.8759039293176100E+00 -0.6206925430512404E+00 -0.3562286933875348E+00 -0.1628347348278683E+00  0.0000000000000000E+00
  0.0000000000000000E+00  0.1391085354798211E+00  0.2761850078924913E+00  0.3970894239651314E+00  0.4748537452085553E+00  0.5023291759118109E+00  0.4811127852465830E+00  0.4165855781170436E+00  0.3169286307417948E+00  0.1916102835946078E+00  0.5188437967252622E-01 -0.9847236140825751E-01 -0.2793450788324354E+00 -0.5271196560314430E+00 -0.8151875773754477E+00 -0.1021877859104982E+01 -0.1014378598618639E+01 -0.8143000939331175E+00 -0.5383381289873483E+00 -0.2713316800238158E+00  0.0000000000000000E+00
  0.0000000000000000E+00  0.8837678126001534E-01  0.2190113320114516E+00  0.3794517562404116E+00  0.5129350137683639E+00  0.5943594201232945E+00  0.6164367253159999E+00  0.5814645117196897E+00  0.4983207528463935E+00  0.3798118525444913E+00  0.2418928167512015E+00  0.9484010458805733E-01 -0.6570630094315960E-01 -0.2799633336076359E+00 -0.5810701538657220E+00 -0.9103163722703881E+00 -0.1080389664658506E+01 -0.9880223515309862E+00 -0.7347393952842403E+00 -0.3901055218581932E+00  0.0000000000000000E+00
  0.0000000000000000E+00  0.2809315297179830E-01  0.1351667925371634E+00  0.3046641481318168E+00  0.4699756484991179E+00  0.5917076040919155E+00  0.6527475849082021E+00  0.6513761096463642E+00  0.5964548379794462E+00  0.5022333626820338E+00  0.3853441806462777E+00  0.2557281764667379E+00  0.1172731902511184E+00 -0.5255775329215528E-01 -0.3056872055336106E+00 -0.6767578310215550E+00 -0.1020552875071528E+01 -0.1093356917210734E+01 -0.9185539440699134E+00 -0.5080202637875610E+00  0.0000000000000000E+00
  0.0000000000000000E+00 -0.1006020152072282E-01  0.6260942347819907E-01  0.2146083658984390E+00  0.3827709946901948E+00  0.5237260989053708E+00  0.6147299506146164E+00  0.6493962583723626E+00  0.6332817032806057E+00  0.5771004346769427E+00  0.4944511729729529E+00  0.3931510992198363E+00  0.2806256852481651E+00  0.1506076758025096E+00 -0.2523626655837852E-01 -0.3376773126547409E+00 -0.7768978807709548E+00 -0.1037140835170260E+01 -0.1020057114257385E+01 -0.5856912942655610E+00  0.0000000000000000E+00
  0.0000000000000000E+00  0.2108414540572278E-01  0.1135383126623270E+00  0.2588232518202094E+00  0.4119308464273451E+00  0.5446677913182690E+00  0.6395346471811212E+00  0.6888934963126846E+00  0.6942842751593119E+00  0.6623237739442048E+00  0.6038570186127735E+00  0.5264220427083242E+00  0.4398387402278254E+00  0.3432391210260566E+00  0.2379715209998418E+00  0.5364760268315263E-01 -0.3259859054338512E+00 -0.6824804884042219E+00 -0.8824442921459532E+00 -0.5206943865540625E+00  0.0000000000000000E+00
  0.0000000000000000E+00  0.4064731686170189E+00  0.5467419359323956E+00  0.6469133656188909E+00  0.7166366377644316E+00  0.7671171028494194E+00  0.7979310881118582E+00  0.8058715732732551E+00  0.7915453955566398E+00  0.7589339231633030E+00  0.7151335669522594E+00  0.6644661652600881E+00  0.6137268080583347E+00  0.5603069067064859E+00  0.5156867996496305E+00  0.4500751536319598E+00  0.2944196701534269E+00  0.1154464634067642E+00 -0.1569796346083748E+00 -0.4593843193435858E-01  0.0000000000000000E+00
  0.3000000000000000E+01  0.1801664639554666E+01  0.1473312504865140E+01  0.1318083154963537E+01  0.1262020933134050E+01  0.1243316482770011E+01  0.1245741382845547E+01  0.1271278776492919E+01  0.1319648088489393E+01  0.1385522004454296E+01  0.1458456317755995E+01  0.1533023546928060E+01  0.1598658316052821E+01  0.1662318400906599E+01  0.1690911122050951E+01  0.1703422141787273E+01  0.1790755084105868E+01  0.1971180121375485E+01  0.2588494611679171E+01  0.2617120909249013E+01  0.3000000000000000E+01
