  0.0000000000000000E+00  0.5370709239524277E-02  0.2095780361821886E-01  0.7251178097971706E-01  0.1413588879128357E+00  0.1982089093377292E+00  0.1976403332650349E+00  0.9612799075373463E-01 -0.1019891735072672E+00 -0.3557278246211401E+00 -0.5975508773960834E+00 -0.7497538951014613E+00 -0.7565800429014680E+00 -0.6355022161453540E+00 -0.4635086175660029E+00 -0.2962067826999845E+00 -0.1568871053967258E+00 -0.5414399614506354E-01  0.7752113942833955E-02  0.1868365863612863E-01  0.0000000000000000E+00
  0.0000000000000000E+00 -0.2347751447327175E-01 -0.6534932458849169E-01 -0.1219828445588065E+00 -0.1803642443824194E+00 -0.2216490277939514E+00 -0.2276802900417602E+00 -0.1797680559414268E+00 -0.7968463251468090E-01  0.5721130713073031E-01  0.2014058931189589E+00  0.3193043548925469E+00  0.3821806946996142E+00  0.3858956729807297E+00  0.3483079421874715E+00  0.2855002164426908E+00  0.2081829523178319E+00  0.1294630507009847E+00  0.6132361287003019E-01  0.2181100030294573E-01  0.0000000000000000E+00
  0.0000000000000000E+00 -0.6506183418029098E-01 -0.1750901701472562E+00 -0.2934367526967024E+00 -0.3997338452344225E+00 -0.4667381740441250E+00 -0.4854005368602456E+00 -0.4431761770705457E+00 -0.3410430710513099E+00 -0.1840939032289492E+00  0.6666801960793437E-02  0.2081591695761795E+00  0.3899620411973745E+00  0.5221848027968351E+00  0.5814152089964116E+00  0.5602938666280880E+00  0.4676617515567698E+00  0.3342451559578905E+00  0.1917229525529245E+00  0.8411665954496582E-01  0.0000000000000000E+00
  0.0000000000000000E+00 -0.8215395325017139E-01 -0.2653780144257250E+00 -0.4210964830786620E+00 -0.5574662351977594E+00 -0.6431522669572389E+00 -0.6848263957316308E+00 -0.6700152900991828E+00 -0.6043339634728089E+00 -0.4839396753339242E+00 -0.3202977690026928E+00 -0.1223781575398502E+00  0.8552137047498187E-01  0.2741112888212388E+00  0.4138497808343488E+00  0.4841620489586198E+00  0.4715058575038959E+00  0.3848867186360619E+00  0.2475957080377295E+00  0.1109467969487740E+00  0.0000000000000000E+00
  0.0000000000000000E+00 -0.7594472230128231E-01 -0.3102920441400418E+00 -0.4822658501412985E+00 -0.6395117027684951E+00 -0.7421888661248343E+00 -0.8106793746026715E+00 -0.8285678689850408E+00 -0.8050946961621229E+00 -0.7295487536208359E+00 -0.6060696862467564E+00 -0.4339155209139858E+00 -0.2333061578338485E+00 -0.3701280036727193E-01  0.1245645544846301E+00  0.2389917888239516E+00  0.2941609827149632E+00  0.2804214738443375E+00  0.1959633205097315E+00  0.9404492379702932E-01  0.0000000000000000E+00
  0.0000000000000000E+00 -0.5907376572306300E-01 -0.3010148384279150E+00 -0.4703874120440203E+00 -0.6343167353319348E+00 -0.7447606200352425E+00 -0.8324454194736133E+00 -0.8788286427016403E+00 -0.8978501551603132E+00 -0.8768394105314784E+00 -0.8122214018070526E+00 -0.6877034548623749E+00 -0.5073264432140501E+00 -0.3068268202841046E+00 -0.1355443435904257E+00 -0.1008494345706386E-01  0.7572657284810028E-01  0.1143118895403685E+00  0.8958895642722700E-01  0.5204237311530132E-01  0.0000000000000000E+00
  0.0000000000000000E+00 -0.3650269316800585E-01 -0.2442831901671155E+00 -0.4013811203870962E+00 -0.5620568168343301E+00 -0.6762144032929066E+00 -0.7761834495464766E+00 -0.8427124360511227E+00 -0.8917681918430946E+00 -0.9167540719085082E+00 -0.9145152217577404E+00 -0.8587094159973058E+00 -0.7242617705089384E+00 -0.5263807437012827E+00 -0.3306555754387788E+00 -0.1887826654294481E+00 -0.9197067523016596E-01 -0.2708616421733132E-01 -0.3163175013820585E-02  0.1182872119428093E-01  0.0000000000000000E+00
  0.0000000000000000E+00 -0.7274089606115612E-03 -0.1488462047289864E+00 -0.2900896551707434E+00 -0.4427020576254259E+00 -0.5595561259391166E+00 -0.6674255992115983E+00 -0.7464766946989464E+00 -0.8104176225371036E+00 -0.8609618342695310E+00 -0.9050787556510314E+00 -0.9223412369012529E+00 -0.8644647334605443E+00 -0.7026890983260889E+00 -0.4832348708601535E+00 -0.2968882692597295E+00 -0.1747734354019482E+00 -0.9236362801819634E-01 -0.3800695973624142E-01  0.2181994399474930E-02  0.0000000000000000E+00
  0.0000000000000000E+00  0.5536230139222583E-01 -0.2795821627695420E-01 -0.1493578167718502E+00 -0.2921916806004086E+00 -0.4119988576199015E+00 -0.5270830808423982E+00 -0.6173464952404693E+00 -0.6893345853707895E+00 -0.7481725706741312E+00 -0.8115856765934303E+00 -0.8808779765456011E+00 -0.9089384178873757E+00 -0.8267423484130754E+00 -0.6246939355359554E+00 -0.3901278133644938E+00 -0.2110652838901658E+00 -0.9457358727817732E-01 -0.2106741886302393E-01  0.2278187937949780E-01  0.0000000000000000E+00
  0.0000000000000000E+00  0.1197366590104907E+00  0.9816498470225694E-01  0.8695412299191499E-02 -0.1187710677916449E+00 -0.2373891292886222E+00 -0.3563970889055431E+00 -0.4573980353408428E+00 -0.5393563946683841E+00 -0.6041427329466892E+00 -0.6708445499267602E+00 -0.7626346690200906E+00 -0.8579633880180390E+00 -0.8758224327402605E+00 -0.7475516672616764E+00 -0.5108196217136688E+00 -0.2769854054501441E+00 -0.1067834999971268E+00 -0.4879146435860954E-02  0.4351888378293517E-01  0.0000000000000000E+00
  0.0000000000000000E+00  0.1643519524867451E+00  0.2049937675605392E+00  0.1668603367469911E+00  0.6897357885509112E-01 -0.3765616278913043E-01 -0.1514280016685912E+00 -0.2578038535974839E+00 -0.3516932129318706E+00 -0.4301041500217923E+00 -0.5036883632116678E+00 -0.6026272060989191E+00 -0.7365908906660721E+00 -0.8448563199332871E+00 -0.8228013423625293E+00 -0.6411889618305291E+00 -0.3926279947250604E+00 -0.1768064947945407E+00 -0.3362930220590647E-01  0.3417810743361362E-01  0.0000000000000000E+00
  0.0000000000000000E+00  0.1734784956787985E+00  0.2734132564445321E+00  0.3050308359498969E+00  0.2569503664775119E+00  0.1774831178204104E+00  0.8055479164955685E-01 -0.2154586571307140E-01 -0.1233437995045238E+00 -0.2199332831227638E+00 -0.3123101828641469E+00 -0.4221241695956010E+00 -0.5752756867459201E+00 -0.7499607007146147E+00 -0.8397982587276027E+00 -0.7525074429783893E+00 -0.5306218344902117E+00 -0.2924485019960517E+00 -0.1075071484503917E+00 -0.9645174542519740E-02  0.0000000000000000E+00
  0.0000000000000000E+00  0.1495593761223868E+00  0.2928556721005251E+00  0.4014141859327413E+00  0.4220958235285353E+00  0.3872078872694414E+00  0.3193464869973517E+00  0.2320929577253968E+00  0.1306370234921950E+00  0.1897757286505588E-01 -0.9879496589279951E-01 -0.2306522066736088E+00 -0.3971261779785496E+00 -0.6119158932706942E+00 -0.8010367480344713E+00 -0.8324419036100543E+00 -0.6730873618763423E+00 -0.4339535334306530E+00 -0.2154916191256613E+00 -0.7843540946134599E-01  0.0000000000000000E+00
  0.0000000000000000E+00  0.1034174035431641E+00  0.2620564466470873E+00  0.4359746544234688E+00  0.5350869788996298E+00  0.5617456926013369E+00  0.5361631712599431E+00  0.4736597315191226E+00  0.3810304014333791E+00  0.2615562656540127E+00  0.1207034695890624E+00 -0.3865295072389796E-01 -0.2190470389185476E+00 -0.4508446519513874E+00 -0.7113736101077751E+00 -0.8701454780520023E+00 -0.8110855634381690E+00 -0.5950982323833469E+00 -0.3553693125604709E+00 -0.1654712283993028E+00  0.0000000000000000E+00
  0.0000000000000000E+00  0.4507685167403373E-01  0.1893734179577110E+00  0.3963681756372237E+00  0.5648775432406977E+00  0.6616536563896758E+00  0.6907377585124651E+00  0.6638985617432516E+00  0.5891842911552012E+00  0.4708084864403079E+00  0.3158062003926874E+00  0.1352200756522279E+00 -0.5511155905054561E-01 -0.2837290730252243E+00 -0.5772642680233976E+00 -0.8498026906480040E+00 -0.9270848917594150E+00 -0.7686003808767301E+00 -0.5240347724230167E+00 -0.2676050828617744E+00  0.0000000000000000E+00
  0.0000000000000000E+00 -0.1821322668498412E-01  0.8820744452699221E-01  0.2842157388183617E+00  0.4914094589996741E+00  0.6499240944475947E+00  0.7384669593173204E+00  0.7561711270632271E+00  0.7086385056480610E+00  0.6019802449452042E+00  0.4480170658621043E+00  0.2651931798659790E+00  0.8060559562922001E-01 -0.1235569117347958E+00 -0.4053279271054283E+00 -0.7516047802285537E+00 -0.9869794021651519E+00 -0.9336487735814398E+00 -0.7119821731761161E+00 -0.3819121776922953E+00  0.0000000000000000E+00
  0.0000000000000000E+00 -0.7342223496547423E-01 -0.2354678048211293E-01  0.1239143781021475E+00  0.3238562257547149E+00  0.5107934539164336E+00  0.6436497897834046E+00  0.7051468232591882E+00  0.6936334328354167E+00  0.6158101337025701E+00  0.4882205876547824E+00  0.3336838511391026E+00  0.1800361215005677E+00  0.2156078243072259E-01 -0.2047139337413710E+00 -0.5572646621262302E+00 -0.9371926865287876E+00 -0.1040731183357386E+01 -0.8934673962769956E+00 -0.4977152853455904E+00  0.0000000000000000E+00
  0.0000000000000000E+00 -0.7638981784054510E-01 -0.7346376193696660E-01  0.1489793757586371E-01  0.1647972205782141E+00  0.3291856516463253E+00  0.4670671375001892E+00  0.5529008874266187E+00  0.5775209436193246E+00  0.5437501338583856E+00  0.4662579226677558E+00  0.3640296759133907E+00  0.2593675830914709E+00  0.1550823861519192E+00  0.1083967900475183E-01 -0.2669173933689869E+00 -0.7160484781732573E+00 -0.9948343643618561E+00 -0.9985554517911287E+00 -0.5762035884853212E+00  0.0000000000000000E+00
  0.0000000000000000E+00  0.2233472283156299E-01  0.8653710794658526E-01  0.1616942007311888E+00  0.2528821522214179E+00  0.3543627700847965E+00  0.4483641935254437E+00  0.5159776608997777E+00  0.5458345679224399E+00  0.5356840937550380E+00  0.4941014292488550E+00  0.4328283285756790E+00  0.3683990406667901E+00  0.3040719853475369E+00  0.2317642775214350E+00  0.8232313707519806E-01 -0.2938279637517940E+00 -0.6569300336254009E+00 -0.8692874375087732E+00 -0.5154047577048518E+00  0.0000000000000000E+00
  0.0000000000000000E+00  0.4264443924308847E+00  0.5526982159099009E+00  0.6118021317024033E+00  0.6368354780999090E+00  0.6551653645621894E+00  0.6721069746037880E+00  0.6819067915601078E+00  0.6785553310083040E+00  0.6591734545147985E+00  0.6279611438237184E+00  0.5884184674508609E+00  0.5513388592561712E+00  0.5126503283173266E+00  0.4883987978953497E+00  0.4418844317303641E+00  0.2963150948788614E+00  0.1217505907493323E+00 -0.1531935166708668E+00 -0.4511050602523307E-01  0.0000000000000000E+00
  0.3000000000000000E+01  0.1743001545538909E+01  0.1428442460216883E+01  0.1326287805623979E+01  0.1342375717921691E+01  0.1388866676398228E+01  0.1432043269714080E+01  0.1470257286219454E+01  0.1510168574897528E+01  0.1558163730210643E+01  0.1610217997777700E+01  0.1667572926223096E+01  0.1714382462898276E+01  0.1766121000395557E+01  0.1766567883835386E+01  0.1756669841884106E+01  0.1817226751611622E+01  0.1977818194126602E+01  0.2590293112503827E+01  0.2619926760370847E+01  0.3000000000000000E+01
