  0.0000000000000000E+00 -0.3347838818356867E-01 -0.1144150607910095E+00 -0.2123343039525840E+00 -0.3079142556100060E+00 -0.4179209967815335E+00 -0.5559342151376219E+00 -0.7071723305130708E+00 -0.8384698918885929E+00 -0.9019160865637763E+00 -0.8715208226237974E+00 -0.7584734561534465E+00 -0.6027471162473376E+00 -0.4403586626712345E+00 -0.2921732244697587E+00 -0.1686669692680073E+00 -0.7343129902082324E-01 -0.8598789088514969E-02  0.2383227769861340E-01  0.1778340081366592E-01  0.0000000000000000E+00
  0.0000000000000000E+00  0.5950553886303918E-02  0.2665653244496265E-01  0.4890800802319663E-01  0.7184874009749778E-01  0.1088312500630159E+00  0.1665861289258911E+00  0.2424037877854274E+00  0.3224414660059258E+00  0.3879952751882293E+00  0.4236348128074270E+00  0.4260969108648427E+00  0.4011341832960957E+00  0.3558611936684765E+00  0.2956128593290202E+00  0.2268452676135031E+00  0.1558627664985370E+00  0.9254614626452404E-01  0.4236999213866561E-01  0.1820595768994461E-01  0.0000000000000000E+00
  0.0000000000000000E+00 -0.1562672652465691E-01 -0.3444546345612153E-01 -0.6561027988299409E-01 -0.9236803531751267E-01 -0.9142724659248584E-01 -0.5617582835994849E-01  0.2003903284321138E-01  0.1288545061291844E+00  0.2620697390009116E+00  0.3993836157984836E+00  0.5198172764410816E+00  0.6006554336409494E+00  0.6272249183341950E+00  0.5946653535173018E+00  0.5118688335725020E+00  0.3941570004747879E+00  0.2690396497050571E+00  0.1509422541146102E+00  0.7240127388349976E-01  0.0000000000000000E+00
  0.0000000000000000E+00 -0.5265301303168789E-01 -0.1500600728012474E+00 -0.2504732045907492E+00 -0.3379294052905581E+00 -0.3796643957687199E+00 -0.3802836026465471E+00 -0.3271013452450699E+00 -0.2317774184383377E+00 -0.9250723801022319E-01  0.7003855491467843E-01  0.2399590776847682E+00  0.3903941773180940E+00  0.5000339599488431E+00  0.5522453817119982E+00  0.5415983118452424E+00  0.4688479694348998E+00  0.3568547547795103E+00  0.2216486953179883E+00  0.1069422952337710E+00  0.0000000000000000E+00
  0.0000000000000000E+00 -0.6961607857965214E-01 -0.2574636214023127E+00 -0.4067146272654645E+00 -0.5405181009960581E+00 -0.6150211567057656E+00 -0.6513943672001156E+00 -0.6274411472549146E+00 -0.5596791122576670E+00 -0.4369687079596452E+00 -0.2818692989118503E+00 -0.1054557240361648E+00  0.6412272763910724E-01  0.2083624822019887E+00  0.3130049879620806E+00  0.3688846313510368E+00  0.3655606034653646E+00  0.3100881852535958E+00  0.2063569585586746E+00  0.1036986059232323E+00  0.0000000000000000E+00
  0.0000000000000000E+00 -0.6210479591686051E-01 -0.3218438615540963E+00 -0.4963451287843880E+00 -0.6676520042378196E+00 -0.7716272346108407E+00 -0.8494991640323567E+00 -0.8660308095982481E+00 -0.8416831862751610E+00 -0.7518408144450813E+00 -0.6146498587329868E+00 -0.4370853493107462E+00 -0.2538055015581148E+00 -0.9057140887893489E-01  0.3836783663503291E-01  0.1306207113735363E+00  0.1792295029930276E+00  0.1812054849499273E+00  0.1279716189082686E+00  0.7355510584409143E-01  0.0000000000000000E+00
  0.0000000000000000E+00 -0.4284424855266944E-01 -0.3256818824277033E+00 -0.5024688232764686E+00 -0.6911675374144070E+00 -0.8111912607025733E+00 -0.9206261337336559E+00 -0.9788156061391284E+00 -0.1008635139639528E+01 -0.9768430633629025E+00 -0.8852889670917610E+00 -0.7272175771525227E+00 -0.5325275353194198E+00 -0.3430770565195954E+00 -0.1905532788143483E+00 -0.7820543019804821E-01 -0.7499312824157245E-03  0.4102342039310512E-01  0.3742528500920148E-01  0.3353767025068141E-01  0.0000000000000000E+00
  0.0000000000000000E+00 -0.1911250700596020E-01 -0.2730486087373635E+00 -0.4367832740156102E+00 -0.6230891449439845E+00 -0.7463718483277934E+00 -0.8710049855113317E+00 -0.9592198519850080E+00 -0.1036008798052243E+01 -0.1072214783289487E+01 -0.1055010298986861E+01 -0.9559058165413713E+00 -0.7770181390371359E+00 -0.5600831283196800E+00 -0.3648627265944013E+00 -0.2213024780829334E+00 -0.1221914597205584E+00 -0.5533644150363520E-01 -0.2033147232968220E-01  0.8618546659928826E-02  0.0000000000000000E+00
  0.0000000000000000E+00  0.1461198772647761E-01 -0.1757300605777888E+00 -0.3192111808270568E+00 -0.4912350389956423E+00 -0.6110316467151724E+00 -0.7363215897031314E+00 -0.8360391335822840E+00 -0.9345891683819509E+00 -0.1019555700932907E+01 -0.1080013460830475E+01 -0.1076202836111651E+01 -0.9692295843052686E+00 -0.7641623073232230E+00 -0.5246724356092108E+00 -0.3230217964100224E+00 -0.1823985365102332E+00 -0.8881672588845908E-01 -0.2894189168797306E-01  0.1205737887834750E-01  0.0000000000000000E+00
  0.0000000000000000E+00  0.6590056147553362E-01 -0.5041266123585372E-01 -0.1706225302681108E+00 -0.3273996007234454E+00 -0.4460614829704862E+00 -0.5698171489629391E+00 -0.6715277782916969E+00 -0.7687339305459808E+00 -0.8649418014130525E+00 -0.9673568490855885E+00 -0.1051758613172041E+01 -0.1057829406751895E+01 -0.9346756347749730E+00 -0.7018330418496567E+00 -0.4457501322692848E+00 -0.2392092827652088E+00 -0.9856006020674266E-01 -0.1407816022494215E-01  0.3031518823730024E-01  0.0000000000000000E+00
  0.0000000000000000E+00  0.1260090731720591E+00  0.8038492263103300E-01 -0.8427712559596496E-02 -0.1486283974355055E+00 -0.2682765860816308E+00 -0.3934825289911086E+00 -0.4990128337404919E+00 -0.5908077160885525E+00 -0.6765123184122304E+00 -0.7780178582679644E+00 -0.9040287657654009E+00 -0.1011321623062843E+01 -0.1015116595890832E+01 -0.8656286802706590E+00 -0.6112953425040487E+00 -0.3520660319215964E+00 -0.1509046366875053E+00 -0.2533267156271387E-01  0.3295958768681458E-01  0.0000000000000000E+00
  0.0000000000000000E+00  0.1701760557652876E+00  0.1940548320610120E+00  0.1538878841965128E+00  0.4156009008726932E-01 -0.7308483953023612E-01 -0.1968661429780063E+00 -0.3075607697451616E+00 -0.4020990495020085E+00 -0.4829335266664443E+00 -0.5700306949018190E+00 -0.6945703246214199E+00 -0.8553958412472096E+00 -0.9786102509273994E+00 -0.9608589733050634E+00 -0.7786042785028428E+00 -0.5143295190411129E+00 -0.2675363788842471E+00 -0.8929323681956117E-01 -0.5636032278557017E-03  0.0000000000000000E+00
  0.0000000000000000E+00  0.1804620186942446E+00  0.2704965275452658E+00  0.2981020180870974E+00  0.2346552805985368E+00  0.1417678267965368E+00  0.3182983866276071E-01 -0.7657528721252981E-01 -0.1771358190942166E+00 -0.2674691522933516E+00 -0.3561501190326332E+00 -0.4704791296802375E+00 -0.6413419368234057E+00 -0.8434269027872360E+00 -0.9638763521310876E+00 -0.9046991922347245E+00 -0.6880920442537137E+00 -0.4262494573260073E+00 -0.2009198510930957E+00 -0.6846718893384458E-01  0.0000000000000000E+00
  0.0000000000000000E+00  0.1572696049263333E+00  0.2982390456579249E+00  0.4047165262401290E+00  0.4139717779781646E+00  0.3660922696940753E+00  0.2855779692251934E+00  0.1907760573026370E+00  0.8976615506633907E-01 -0.1444838773358562E-01 -0.1230182290099861E+00 -0.2455328325187829E+00 -0.4108902468731836E+00 -0.6444269447740844E+00 -0.8765749485667963E+00 -0.9674728322082364E+00 -0.8478414022267332E+00 -0.6046493344484662E+00 -0.3495891379722060E+00 -0.1595437580279484E+00  0.0000000000000000E+00
  0.0000000000000000E+00  0.1091495844619783E+00  0.2721202960323318E+00  0.4496821820768332E+00  0.5454355954274039E+00  0.5649986666254431E+00  0.5311820205024896E+00  0.4634543497509027E+00  0.3717528829560698E+00  0.2588576520856837E+00  0.1267802669902018E+00 -0.2019892960351542E-01 -0.1876074804128933E+00 -0.4183017144465109E+00 -0.7119475098864776E+00 -0.9499945729709967E+00 -0.9739931273245679E+00 -0.7882483233023119E+00 -0.5259573675744296E+00 -0.2657254448053686E+00  0.0000000000000000E+00
  0.0000000000000000E+00  0.4472096191956946E-01  0.1958954003019819E+00  0.4139201178730886E+00  0.5903437589546700E+00  0.6908124879671869E+00  0.7205545719155518E+00  0.6938859981944074E+00  0.6211565565330782E+00  0.5073752663802493E+00  0.3599277840223780E+00  0.1912144037224885E+00  0.1615018892759338E-01 -0.1947878671458619E+00 -0.4917853338272192E+00 -0.8353577341845017E+00 -0.1034385561340038E+01 -0.9565950933299261E+00 -0.7182451742157638E+00 -0.3826946130427326E+00  0.0000000000000000E+00
  0.0000000000000000E+00 -0.2760838410682009E-01  0.8072182547643590E-01  0.2926844396265368E+00  0.5184000910264034E+00  0.6921724883077245E+00  0.7907070103785238E+00  0.8141519514127743E+00  0.7705643414260188E+00  0.6692347486595569E+00  0.5250613498983626E+00  0.3565412575748344E+00  0.1865433720728462E+00  0.6503884232733479E-02 -0.2428748657567372E+00 -0.6137173257054567E+00 -0.9778068009092022E+00 -0.1062534532183622E+01 -0.9009412336186040E+00 -0.4998202189912632E+00  0.0000000000000000E+00
  0.0000000000000000E+00 -0.7347265741282072E-01 -0.2830957954196458E-01  0.1287431917424803E+00  0.3405047197303183E+00  0.5396233675094116E+00  0.6843103134735049E+00  0.7573777623198906E+00  0.7584828408055770E+00  0.6958654089893545E+00  0.5874093254868354E+00  0.4529657207275632E+00  0.3151552880632816E+00  0.1773053857698982E+00  0.6713642054671534E-02 -0.2959879659085834E+00 -0.7453708562373054E+00 -0.1012953011506369E+01 -0.1005105992941987E+01 -0.5784752437670618E+00  0.0000000000000000E+00
  0.0000000000000000E+00 -0.1671546859717061E-01  0.5266139036273034E-01  0.1596252033497956E+00  0.3050115307048000E+00  0.4586889503911102E+00  0.5884355146687514E+00  0.6716721747832750E+00  0.6995126572087141E+00  0.6740567277464080E+00  0.6089777673815000E+00  0.5202876114663986E+00  0.4275809174646040E+00  0.3348616502004072E+00  0.2410309763696739E+00  0.7185988108148268E-01 -0.3099816820776150E+00 -0.6690726429942120E+00 -0.8733676456122274E+00 -0.5163590934144551E+00  0.0000000000000000E+00
  0.0000000000000000E+00  0.4087204395370774E+00  0.5240211395410295E+00  0.5893989070542649E+00  0.6358542641739404E+00  0.6818734746895461E+00  0.7235907489460428E+00  0.7489853329916335E+00  0.7499769993375631E+00  0.7255572736242972E+00  0.6835264120479794E+00  0.6313804220168657E+00  0.5811963801232424E+00  0.5308470414356669E+00  0.4959886571343246E+00  0.4409523487457745E+00  0.2925233114415282E+00  0.1175954880576523E+00 -0.1544797370536338E+00 -0.4460802572527064E-01  0.0000000000000000E+00
  0.3000000000000000E+01  0.1757123212791597E+01  0.1480597971739642E+01  0.1391428482187001E+01  0.1397448738182979E+01  0.1413068526322472E+01  0.1417663267830623E+01  0.1424716175808375E+01  0.1449581659196025E+01  0.1497384906873516E+01  0.1558398531237562E+01  0.1626146345415801E+01  0.1683991777094877E+01  0.1742320525893407E+01  0.1753065004966700E+01  0.1749002834844159E+01  0.1812448383597800E+01  0.1978140892832831E+01  0.2590071565548674E+01  0.2617464983761357E+01  0.3000000000000000E+01
