  0.0000000000000000E+00  0.5262621674644863E-02  0.2075567396422681E-01  0.7216389005059132E-01  0.1408260102445804E+00  0.1975640142990224E+00  0.1969243313711218E+00  0.9539243234812678E-01 -0.1027779212710925E+00 -0.3565663925685402E+00 -0.5984335751453445E+00 -0.7506074149540218E+00 -0.7572994331998111E+00 -0.6359934273793053E+00 -0.4637879422358130E+00 -0.2963155975191708E+00 -0.1568689767755478E+00 -0.5402813886177016E-01  0.7916915640229616E-02  0.1880421039252038E-01  0.0000000000000000E+00
  0.0000000000000000E+00 -0.2336409187192088E-01 -0.6515484461449782E-01 -0.1217085563782361E+00 -0.1800287910637637E+00 -0.2212933219493972E+00 -0.2273206221761739E+00 -0.1794174098797780E+00 -0.7932322916555190E-01  0.5759228977386539E-01  0.2018140591617344E+00  0.3197255336789785E+00  0.3825857658467097E+00  0.3862521499299833E+00  0.3486078977301810E+00  0.2857360680974588E+00  0.2083444412617154E+00  0.1295398510992332E+00  0.6132732023544010E-01  0.2178645185765450E-01  0.0000000000000000E+00
  0.0000000000000000E+00 -0.6482965394111778E-01 -0.1747088598792666E+00 -0.2929617790841171E+00 -0.3992603629467108E+00 -0.4663159515491694E+00 -0.4850375351573998E+00 -0.4428597972912073E+00 -0.3407476087677482E+00 -0.1837895232469440E+00  0.7008602339858629E-02  0.2085691860829137E+00  0.3904578643403178E+00  0.5227630224106445E+00  0.5820357509547301E+00  0.5608926067732055E+00  0.4681643470095983E+00  0.3345914144359294E+00  0.1918988763465499E+00  0.8416356596548390E-01  0.0000000000000000E+00
  0.0000000000000000E+00 -0.8197984816310487E-01 -0.2650133871975139E+00 -0.4207311225248828E+00 -0.5571592144567979E+00 -0.6429473610897065E+00 -0.6846907411889425E+00 -0.6699325137770106E+00 -0.6042638994120801E+00 -0.4838632573717509E+00 -0.3201903708695837E+00 -0.1222122003178738E+00  0.8577871438025302E-01  0.2744832659543952E+00  0.4143332737414102E+00  0.4847204094959373E+00  0.4720705037432111E+00  0.3853569210087980E+00  0.2479050189319474E+00  0.1110334484646735E+00  0.0000000000000000E+00
  0.0000000000000000E+00 -0.7586948622081828E-01 -0.3100943430911970E+00 -0.4821484112440367E+00 -0.6394879318049159E+00 -0.7422814104877532E+00 -0.8108459838412524E+00 -0.8287760753383694E+00 -0.8053030552725792E+00 -0.7297308841606241E+00 -0.6062165294642440E+00 -0.4340063521986029E+00 -0.2333210931279441E+00 -0.3693001523241332E-01  0.1247464819605794E+00  0.2392721099288241E+00  0.2945165602176624E+00  0.2807776405845560E+00  0.1962312918477682E+00  0.9411953165591939E-01  0.0000000000000000E+00
  0.0000000000000000E+00 -0.5906202574322569E-01 -0.3010191463894760E+00 -0.4705246503690135E+00 -0.6345712222706145E+00 -0.7451473852610491E+00 -0.8329126477813074E+00 -0.8793317381307807E+00 -0.8983352319947662E+00 -0.8772746398822667E+00 -0.8126065312441532E+00 -0.6880358494698207E+00 -0.5075894956670312E+00 -0.3070029591356799E+00 -0.1356444878712610E+00 -0.1011460882073868E-01  0.7578631816881949E-01  0.1144340658928266E+00  0.8969650466827678E-01  0.5206964646596395E-01  0.0000000000000000E+00
  0.0000000000000000E+00 -0.3653271077859211E-01 -0.2444644675420984E+00 -0.4017118807727320E+00 -0.5625364674863487E+00 -0.6768402522991344E+00 -0.7769157711167134E+00 -0.8434797418458104E+00 -0.8925062778524265E+00 -0.9174049122053300E+00 -0.9150848330048900E+00 -0.8592185179324253E+00 -0.7247114606973537E+00 -0.5267427678978037E+00 -0.3309395992212992E+00 -0.1890262346381952E+00 -0.9215313569019630E-01 -0.2719002664370394E-01 -0.3221971682928460E-02  0.1178802748955609E-01  0.0000000000000000E+00
  0.0000000000000000E+00 -0.8055878008236449E-03 -0.1491383068678101E+00 -0.2905315256770983E+00 -0.4433111395422563E+00 -0.5603289647005437E+00 -0.6683357347817086E+00 -0.7474418536351368E+00 -0.8113550817171211E+00 -0.8617845354236731E+00 -0.9057696935090523E+00 -0.9229462331464632E+00 -0.8650193053943617E+00 -0.7031673640303745E+00 -0.4836082111505959E+00 -0.2972030752340132E+00 -0.1750490234258050E+00 -0.9256927876920300E-01 -0.3813214665565357E-01  0.2122558973662831E-02  0.0000000000000000E+00
  0.0000000000000000E+00  0.5525827831962801E-01 -0.2826166781056811E-01 -0.1498115187274102E+00 -0.2928170291978617E+00 -0.4127959235562179E+00 -0.5280483584450536E+00 -0.6183982981963103E+00 -0.6903873550208494E+00 -0.7491103818699143E+00 -0.8123474005481552E+00 -0.8815020243105101E+00 -0.9095062806355134E+00 -0.8272668372637927E+00 -0.6251168291317807E+00 -0.3904434387950438E+00 -0.2113118136058099E+00 -0.9474149189901880E-01 -0.2114776939783118E-01  0.2276632098725943E-01  0.0000000000000000E+00
  0.0000000000000000E+00  0.1197051587348213E+00  0.9797355294845782E-01  0.8345547161022119E-02 -0.1192838848227533E+00 -0.2380639993703749E+00 -0.3572466470452152E+00 -0.4583648209905181E+00 -0.5403710525043303E+00 -0.6050933259390936E+00 -0.6716231773173463E+00 -0.7632324329157563E+00 -0.8584706145114092E+00 -0.8763118655811196E+00 -0.7479881581483282E+00 -0.5111483410530517E+00 -0.2772196141126714E+00 -0.1069127852407777E+00 -0.4910912869148427E-02  0.4354407516383242E-01  0.0000000000000000E+00
  0.0000000000000000E+00  0.1644638075236362E+00  0.2050046316440267E+00  0.1667213297089165E+00  0.6868846306536967E-01 -0.3806890024392727E-01 -0.1519892277127698E+00 -0.2584888533435455E+00 -0.3524689028268379E+00 -0.4308952369033167E+00 -0.5043810036316528E+00 -0.6031588797328320E+00 -0.7370057988320281E+00 -0.8452535298447919E+00 -0.8231938093126036E+00 -0.6415133411677083E+00 -0.3928819063086911E+00 -0.1769699710796620E+00 -0.3368572355042154E-01  0.3418296743060430E-01  0.0000000000000000E+00
  0.0000000000000000E+00  0.1737088555921530E+00  0.2736453670800355E+00  0.3051638314172390E+00  0.2569706622934717E+00  0.1774197102371695E+00  0.8039254228077486E-01 -0.2181208871100496E-01 -0.1237168707495620E+00 -0.2203887740809890E+00 -0.3127695772642427E+00 -0.4225179888583169E+00 -0.5755845331919208E+00 -0.7502543407374619E+00 -0.8401206240452137E+00 -0.7527950828052695E+00 -0.5308678635970643E+00 -0.2926552329340421E+00 -0.1076212714553275E+00 -0.9695308867851672E-02  0.0000000000000000E+00
  0.0000000000000000E+00  0.1498366584319810E+00  0.2932573081177570E+00  0.4018178915893694E+00  0.4224449098089642E+00  0.3875169476640353E+00  0.3196077078224259E+00  0.2322853764475502E+00  0.1307321525348699E+00  0.1895627765548749E-01 -0.9890298343374047E-01 -0.2308214009831829E+00 -0.3973068165953995E+00 -0.6121178486496038E+00 -0.8013004227486564E+00 -0.8327002320842343E+00 -0.6733029641416861E+00 -0.4341740996311609E+00 -0.2156474444666604E+00 -0.7852555655741750E-01  0.0000000000000000E+00
  0.0000000000000000E+00  0.1036756053228158E+00  0.2625292153366469E+00  0.4365847769656031E+00  0.5357369901785286E+00  0.5624076581170003E+00  0.5368195877974438E+00  0.4742809882530069E+00  0.3815750208773098E+00  0.2619773804077606E+00  0.1209839402290828E+00 -0.3854768195430533E-01 -0.2190823767805895E+00 -0.4509733623606820E+00 -0.7116086506835992E+00 -0.8704094374390411E+00 -0.8112858897672766E+00 -0.5953143533456607E+00 -0.3555438672837243E+00 -0.1655742834156312E+00  0.0000000000000000E+00
  0.0000000000000000E+00  0.4526926322380528E-01  0.1898033311964288E+00  0.3970576419160171E+00  0.5657310181895397E+00  0.6625963474707988E+00  0.6917228915909123E+00  0.6648797808046722E+00  0.5901114159413576E+00  0.4716126870306275E+00  0.3164303111077353E+00  0.1355753617029561E+00 -0.5501131903361295E-01 -0.2838093505675428E+00 -0.5775009395025588E+00 -0.8501197238076538E+00 -0.9273079931109606E+00 -0.7688166687896959E+00 -0.5242129587858366E+00 -0.2677076595292633E+00  0.0000000000000000E+00
  0.0000000000000000E+00 -0.1812612495068324E-01  0.8849917739737724E-01  0.2848162427680725E+00  0.4922905741095250E+00  0.6510038522723200E+00  0.7396634463409782E+00  0.7574063648905366E+00  0.7098351293510190E+00  0.6030429717744523E+00  0.4488477698334258E+00  0.2656854992544845E+00  0.8077406407560114E-01 -0.1236182730738585E+00 -0.4055828953766574E+00 -0.7520043290351636E+00 -0.9872767328298725E+00 -0.9338823728855544E+00 -0.7121625878963977E+00 -0.3820106662048808E+00  0.0000000000000000E+00
  0.0000000000000000E+00 -0.7347586940420070E-01 -0.2348782055304926E-01  0.1242234298697437E+00  0.3244847380540961E+00  0.5117110280634395E+00  0.6447747462212703E+00  0.7063678329247870E+00  0.6948324820786220E+00  0.6168527536027956E+00  0.4889908205289924E+00  0.3340985339272396E+00  0.1801459342232591E+00  0.2146774062237553E-01 -0.2049741980055843E+00 -0.5577336854338624E+00 -0.9375925575994932E+00 -0.1041011952676812E+01 -0.8936502374606681E+00 -0.4978125965004987E+00  0.0000000000000000E+00
  0.0000000000000000E+00 -0.7658082498252979E-01 -0.7369807465836746E-01  0.1475375140951843E-01  0.1648737531763114E+00  0.3295254268342868E+00  0.4676317066840869E+00  0.5535947735084984E+00  0.5782199658323545E+00  0.5443259058695671E+00  0.4666130895890403E+00  0.3641283986617426E+00  0.2592729002870443E+00  0.1548987206200191E+00  0.1059561665896696E-01 -0.2673751931910738E+00 -0.7165231840687778E+00 -0.9951755719671725E+00 -0.9987501070293487E+00 -0.5763010651997390E+00  0.0000000000000000E+00
  0.0000000000000000E+00  0.2212212186217691E-01  0.8624475131330583E-01  0.1613146947603472E+00  0.2525253973380486E+00  0.3541179677763179E+00  0.4482618647564282E+00  0.5159845228407314E+00  0.5458790964630813E+00  0.5356805117407463E+00  0.4939909616783676E+00  0.4325945181695598E+00  0.3680968944528638E+00  0.3037782292089767E+00  0.2315470127650975E+00  0.8197671576583522E-01 -0.2942452215847963E+00 -0.6572908215657419E+00 -0.8694881251537915E+00 -0.5155132669140967E+00  0.0000000000000000E+00
  0.0000000000000000E+00  0.4263773901089125E+00  0.5525394236736468E+00  0.6115571627538982E+00  0.6365446845713942E+00  0.6548776664832824E+00  0.6718530136500771E+00  0.6816916977384719E+00  0.6783568501052385E+00  0.6589621582804628E+00  0.6277120536862654E+00  0.5881314084609736E+00  0.5510350192142237E+00  0.5123725248822971E+00  0.4882080248273997E+00  0.4416974367167899E+00  0.2961385696378221E+00  0.1215652814320807E+00 -0.1533246953080972E+00 -0.4518850829136769E-01  0.0000000000000000E+00
  0.3000000000000000E+01  0.1742989951535440E+01  0.1428626480292365E+01  0.1326643206498653E+01  0.1342891343623866E+01  0.1389484968326471E+01  0.1432702823806197E+01  0.1470909429625316E+01  0.1510808546147366E+01  0.1558794036899358E+01  0.1610854800619572E+01  0.1668200292786639E+01  0.1714991836810193E+01  0.1766660654562086E+01  0.1766922938282898E+01  0.1756884405615466E+01  0.1817339069501737E+01  0.1978013334138016E+01  0.2590485960770500E+01  0.2620052257960007E+01  0.3000000000000000E+01
