  0.0000000000000000E+00  0.5423331412872615E-02  0.2103331930958094E-01  0.7265796480477693E-01  0.1415762358394707E+00  0.1984943025488804E+00  0.1979770348487789E+00  0.9650893846116659E-01 -0.1015689052688624E+00 -0.3552811052920826E+00 -0.5971088033024879E+00 -0.7493616014443528E+00 -0.7562891718149214E+00 -0.6353273600052308E+00 -0.4634255340010944E+00 -0.2961886360211644E+00 -0.1569157669753893E+00 -0.5420639899995283E-01  0.7674967144589318E-02  0.1863062050468479E-01  0.0000000000000000E+00
  0.0000000000000000E+00 -0.2352662469939793E-01 -0.6542558192792744E-01 -0.1220954129084382E+00 -0.1805024951966135E+00 -0.2218053333386954E+00 -0.2278497024861031E+00 -0.1799499861936012E+00 -0.7988127665099728E-01  0.5700177832611601E-01  0.2011916673337022E+00  0.3190989076396617E+00  0.3820006230853118E+00  0.3857479093222131E+00  0.3481898862683558E+00  0.2854111360940242E+00  0.2081254526299667E+00  0.1294393663454550E+00  0.6132788182644072E-01  0.2182336321468247E-01  0.0000000000000000E+00
  0.0000000000000000E+00 -0.6515654268532117E-01 -0.1752434264742014E+00 -0.2936282739205378E+00 -0.3999312497503699E+00 -0.4669216974672057E+00 -0.4855720726095304E+00 -0.4433410201196371E+00 -0.3412127352218543E+00 -0.1842757703137345E+00  0.6466198698618499E-02  0.2079351214746322E+00  0.3897126974410138E+00  0.5219163679614084E+00  0.5811441248039730E+00  0.5600447722609083E+00  0.4674605909145109E+00  0.3341117000364122E+00  0.1916586126239115E+00  0.8410071014873220E-01  0.0000000000000000E+00
  0.0000000000000000E+00 -0.8222778258761654E-01 -0.2655214567861156E+00 -0.4212434215529863E+00 -0.5575897172267711E+00 -0.6432409443999998E+00 -0.6848915012607714E+00 -0.6700685995853735E+00 -0.6043900033644468E+00 -0.4840089323219273E+00 -0.3203869239917774E+00 -0.1224957499491369E+00  0.8536870113700348E-01  0.2739182052386946E+00  0.4136203283002187E+00  0.4839119748030626E+00  0.4712637349555221E+00  0.3846908778798175E+00  0.2474698408110706E+00  0.1109114807267330E+00  0.0000000000000000E+00
  0.0000000000000000E+00 -0.7597845842260104E-01 -0.3103684407552924E+00 -0.4823100044682944E+00 -0.6395179191981336E+00 -0.7421502230319940E+00 -0.8106135654624544E+00 -0.8284885332376847E+00 -0.8050204764746628E+00 -0.7294929829535609E+00 -0.6060392481088718E+00 -0.4339162059671096E+00 -0.2333398349987759E+00 -0.3708131867426474E-01  0.1244604479412991E+00  0.2388518284995055E+00  0.2939960744079294E+00  0.2802632159154249E+00  0.1958466951966583E+00  0.9401173962449991E-01  0.0000000000000000E+00
  0.0000000000000000E+00 -0.5908263473793735E-01 -0.3010111290305121E+00 -0.4703321888452236E+00 -0.6342125401525183E+00 -0.7446068007176533E+00 -0.8322575678480444E+00 -0.8786251810368400E+00 -0.8976498053683097E+00 -0.8766611431637044E+00 -0.8120721898280550E+00 -0.6875901254770345E+00 -0.5072497636334284E+00 -0.3067832952914929E+00 -0.1355251920575605E+00 -0.1009214108943503E-01  0.7568469241079079E-01  0.1142477599381437E+00  0.8953558407550868E-01  0.5202698874728928E-01  0.0000000000000000E+00
  0.0000000000000000E+00 -0.3649547439597563E-01 -0.2442134338044540E+00 -0.4012537977362815E+00 -0.5618718630306131E+00 -0.6759755682465475E+00 -0.7759022605020381E+00 -0.8424109517853825E+00 -0.8914669949292150E+00 -0.9164768345367307E+00 -0.9142708328832163E+00 -0.8585023065533489E+00 -0.7240956072536889E+00 -0.5262554616143476E+00 -0.3305557236481032E+00 -0.1886935799196422E+00 -0.9190525197650616E-01 -0.2705207456069812E-01 -0.3144885893014608E-02  0.1184269746883369E-01  0.0000000000000000E+00
  0.0000000000000000E+00 -0.7030217905161129E-03 -0.1487371264254942E+00 -0.2899252349772421E+00 -0.4424756092473381E+00 -0.5592736832555445E+00 -0.6670914544685991E+00 -0.7461153930052041E+00 -0.8100506288960503E+00 -0.8606191542084128E+00 -0.9047734906135931E+00 -0.9220736363517061E+00 -0.8642351081796130E+00 -0.7025065400047990E+00 -0.4830958279674691E+00 -0.2967661880243294E+00 -0.1746625773317865E+00 -0.9228003311598079E-01 -0.3795556350315463E-01  0.2206900804940163E-02  0.0000000000000000E+00
  0.0000000000000000E+00  0.5539566152096848E-01 -0.2784724849964269E-01 -0.1491917380288168E+00 -0.2919641625957189E+00 -0.4117138609656103E+00 -0.5267385032354736E+00 -0.6169648638587905E+00 -0.6889383302713785E+00 -0.7477963991989591E+00 -0.8112534712444277E+00 -0.8805889178155173E+00 -0.9086815706148588E+00 -0.8265232870747131E+00 -0.6245284352077207E+00 -0.3900059364391054E+00 -0.2109668979552029E+00 -0.9450371502326210E-01 -0.2103239493024532E-01  0.2279000207592779E-01  0.0000000000000000E+00
  0.0000000000000000E+00  0.1197437249508043E+00  0.9823461462353195E-01  0.8824060801198587E-02 -0.1185823149656875E+00 -0.2371450588543178E+00 -0.3560905305579535E+00 -0.4570457315416028E+00 -0.5389765741799686E+00 -0.6037690796537197E+00 -0.6705122773617511E+00 -0.7623536980837277E+00 -0.8577162790454552E+00 -0.8755984390994435E+00 -0.7473669948769713E+00 -0.5106879451074675E+00 -0.2768944245894541E+00 -0.1067333159843422E+00 -0.4867080698539122E-02  0.4350834719199065E-01  0.0000000000000000E+00
  0.0000000000000000E+00  0.1643080364529031E+00  0.2049907981852105E+00  0.1669164042812651E+00  0.6908778386708425E-01 -0.3749353452455820E-01 -0.1512089916878440E+00 -0.2575362098838986E+00 -0.3513870988694033E+00 -0.4297831941703774E+00 -0.5033899676288565E+00 -0.6023746293194133E+00 -0.7363759055774025E+00 -0.8446570133846812E+00 -0.8226205659697718E+00 -0.6410488813833551E+00 -0.3925246949498633E+00 -0.1767431781727668E+00 -0.3360917060969652E-01  0.3417397110755007E-01  0.0000000000000000E+00
  0.0000000000000000E+00  0.1733923040241749E+00  0.2733307918679939E+00  0.3049922704998888E+00  0.2569634612371438E+00  0.1775355193214953E+00  0.8065106229198146E-01 -0.2140609458068302E-01 -0.1231618992694581E+00 -0.2197192644429994E+00 -0.3120917821070639E+00 -0.4219256879621923E+00 -0.5751044378990037E+00 -0.7497990314122743E+00 -0.8396381278000472E+00 -0.7523735790006915E+00 -0.5305147796698108E+00 -0.2923637062902446E+00 -0.1074621966325089E+00 -0.9626417421637534E-02  0.0000000000000000E+00
  0.0000000000000000E+00  0.1494558394197751E+00  0.2927100075072653E+00  0.4012774968281609E+00  0.4219941909711482E+00  0.3871359245977312E+00  0.3193050062092442E+00  0.2320848669034264E+00  0.1306670972818073E+00  0.1904763642867163E-01 -0.9869818486209669E-01 -0.2305389714805203E+00 -0.3970100562999368E+00 -0.6117947008263535E+00 -0.8008995582658639E+00 -0.8323168904265889E+00 -0.6729877419852738E+00 -0.4338594156341609E+00 -0.2154270873021938E+00 -0.7839905963910052E-01  0.0000000000000000E+00
  0.0000000000000000E+00  0.1033196580303390E+00  0.2618802177991454E+00  0.4357560750083797E+00  0.5348700646456616E+00  0.5615431844528661E+00  0.5359792786269805E+00  0.4734994660409660E+00  0.3809008275343703E+00  0.2614672463520584E+00  0.1206559579694942E+00 -0.3864753911225251E-01 -0.2189958704840515E+00 -0.4507614780798066E+00 -0.7112544834113085E+00 -0.8700203564000185E+00 -0.8109916931761316E+00 -0.5950036993870177E+00 -0.3552957454579841E+00 -0.1654284125931482E+00  0.0000000000000000E+00
  0.0000000000000000E+00  0.4500205015741826E-01  0.1892068715228731E+00  0.3961076210193567E+00  0.5645689229821135E+00  0.6613300730699192E+00  0.6904160538024979E+00  0.6635895899188941E+00  0.5888982531793412E+00  0.4705616299329640E+00  0.3156145846578917E+00  0.1351153002265385E+00 -0.5512614223517306E-01 -0.2836779202022164E+00 -0.5771543897828398E+00 -0.8496636548201543E+00 -0.9269843061904635E+00 -0.7685064949862342E+00 -0.5239588750188501E+00 -0.2675621574087405E+00  0.0000000000000000E+00
  0.0000000000000000E+00 -0.1824901523643908E-01  0.8808713007756246E-01  0.2839732423041805E+00  0.4910646787717088E+00  0.6495163411248442E+00  0.7380291432022820E+00  0.7557288371375778E+00  0.7082127033597868E+00  0.6015992857319432E+00  0.4477129386569312E+00  0.2650087059232372E+00  0.8054389112035526E-01 -0.1235266973861122E+00 -0.4052219708979128E+00 -0.7514404359899504E+00 -0.9868548307444486E+00 -0.9335492661906161E+00 -0.7119064142125849E+00 -0.3818705759767599E+00  0.0000000000000000E+00
  0.0000000000000000E+00 -0.7340267215206540E-01 -0.2357951260516564E-01  0.1237736693659651E+00  0.3235853979693239E+00  0.5104112756054950E+00  0.6431927993439108E+00  0.7046571581571424E+00  0.6931531762738297E+00  0.6153858528751251E+00  0.4878966672870365E+00  0.3334957392948934E+00  0.1799751623593767E+00  0.2158971362284941E-01 -0.2046126029931667E+00 -0.5570793123624675E+00 -0.9370311240041073E+00 -0.1040616011287090E+01 -0.8933906814772949E+00 -0.4976747986898840E+00  0.0000000000000000E+00
  0.0000000000000000E+00 -0.7631310401246588E-01 -0.7337606387481005E-01  0.1493956020561686E-01  0.1647402296223824E+00  0.3290167753658425E+00  0.4668050974647365E+00  0.5525856266418013E+00  0.5772005818268469E+00  0.5434755155901232E+00  0.4660683819841615E+00  0.3639457240877157E+00  0.2593716043502541E+00  0.1551394959526350E+00  0.1093082825323567E-01 -0.2667365259218720E+00 -0.7158603390605346E+00 -0.9946954634450605E+00 -0.9984755651988488E+00 -0.5761626018039079E+00  0.0000000000000000E+00
  0.0000000000000000E+00  0.2242146140505866E-01  0.8665445938493253E-01  0.1618410009019030E+00  0.2530108822844375E+00  0.3544366035041447E+00  0.4483727357012914E+00  0.5159355135266986E+00  0.5457724860715165E+00  0.5356373438275593E+00  0.4940976613676232E+00  0.4328777841083671E+00  0.3684871698502711E+00  0.3041711701979414E+00  0.2318465638442508E+00  0.8246059666745213E-01 -0.2936600645315986E+00 -0.6567852420341013E+00 -0.8692036957153589E+00 -0.5153603582323618E+00  0.0000000000000000E+00
  0.0000000000000000E+00  0.4264705036453628E+00  0.5527609768135159E+00  0.6118976888715025E+00  0.6369452616481387E+00  0.6552689143401149E+00  0.6721915548642381E+00  0.6819717531650598E+00  0.6786101752856863E+00  0.6592324366028416E+00  0.6280351938041101E+00  0.5885110420474552E+00  0.5514423942612923E+00  0.5127511942670372E+00  0.4884707468583073E+00  0.4419604763074910E+00  0.2963856644300438E+00  0.1218272341820805E+00 -0.1531394647384579E+00 -0.4507665308583086E-01  0.0000000000000000E+00
  0.3000000000000000E+01  0.1743009950468970E+01  0.1428371528944385E+01  0.1326147934287395E+01  0.1342175097340021E+01  0.1388629860483800E+01  0.1431798071108577E+01  0.1470020254031520E+01  0.1509941960214457E+01  0.1557940034019035E+01  0.1609992079955293E+01  0.1667344657966002E+01  0.1714159987066394E+01  0.1765917587396830E+01  0.1766434323269329E+01  0.1756579167744979E+01  0.1817182942178270E+01  0.1977733055419657E+01  0.2590214698500015E+01  0.2619869601025131E+01  0.3000000000000000E+01
