  0.0000000000000000E+00  0.5465662837701057E-02  0.2106622272071040E-01  0.7273839393892922E-01  0.1416745498099977E+00  0.1986339377299884E+00  0.1981305434532869E+00  0.9668945406551194E-01 -0.1013767173005647E+00 -0.3550719558025925E+00 -0.5969059301485576E+00 -0.7491780988943377E+00 -0.7561551263167285E+00 -0.6352445400181346E+00 -0.4633871494934813E+00 -0.2961789098867008E+00 -0.1569290249873750E+00 -0.5423452636017789E-01  0.7639310643280023E-02  0.1860630677457509E-01  0.0000000000000000E+00
  0.0000000000000000E+00 -0.2355542201580526E-01 -0.6546132227309727E-01 -0.1221518043577023E+00 -0.1805665650106586E+00 -0.2218801130225714E+00 -0.2279278271247160E+00 -0.1800354270781708E+00 -0.7997174685556382E-01  0.5690422339859689E-01  0.2010930158306639E+00  0.3190033807014081E+00  0.3819174371824045E+00  0.3856790124047324E+00  0.3481352052416017E+00  0.2853694910593950E+00  0.2080987503079530E+00  0.1294281297084103E+00  0.6132977824455258E-01  0.2182899244794089E-01  0.0000000000000000E+00
  0.0000000000000000E+00 -0.6520060320971471E-01 -0.1753177440985814E+00 -0.2937170191341777E+00 -0.4000251452219782E+00 -0.4670064013377260E+00 -0.4856529379208612E+00 -0.4434168271690005E+00 -0.3412919578672562E+00 -0.1843592856068019E+00  0.6373117343434135E-02  0.2078320432098866E+00  0.3895971852304848E+00  0.5217924971960626E+00  0.5810184662313239E+00  0.5599295632914842E+00  0.4673672259364841E+00  0.3340498627650531E+00  0.1916286453769378E+00  0.8409328411839775E-01  0.0000000000000000E+00
  0.0000000000000000E+00 -0.8226333769757607E-01 -0.2655879301024836E+00 -0.4213135758674878E+00 -0.5576467580705484E+00 -0.6432836349613804E+00 -0.6849214002703689E+00 -0.6700943157865670E+00 -0.6044155555132009E+00 -0.4840415004438057E+00 -0.3204276554987470E+00 -0.1225503045078751E+00  0.8529858208722561E-01  0.2738288436787991E+00  0.4135145085066312E+00  0.4837962099075119E+00  0.4711518347640926E+00  0.3846001491646976E+00  0.2474116016229792E+00  0.1108950772412166E+00  0.0000000000000000E+00
  0.0000000000000000E+00 -0.7599412090199199E-01 -0.3104051183709867E+00 -0.4823304069710717E+00 -0.6395223125213522E+00 -0.7421322672466194E+00 -0.8105843281870868E+00 -0.8284516959845828E+00 -0.8049869579584157E+00 -0.7294669257279944E+00 -0.6060255423669682E+00 -0.4339160933778047E+00 -0.2333554808155298E+00 -0.3711263340573884E-01  0.1244122763700336E+00  0.2387873456626284E+00  0.2939197936063130E+00  0.2801901295315811E+00  0.1957927285385324E+00  0.9399639918784920E-01  0.0000000000000000E+00
  0.0000000000000000E+00 -0.5908725040772395E-01 -0.3010094256089599E+00 -0.4703077380828233E+00 -0.6341643213292028E+00 -0.7445367624907654E+00 -0.8321706506472785E+00 -0.8785320124398271E+00 -0.8975571377910844E+00 -0.8765793850102659E+00 -0.8120030510459154E+00 -0.6875379603702015E+00 -0.5072139515022240E+00 -0.3067631908864917E+00 -0.1355160989094190E+00 -0.1009547931568231E-01  0.7566549671893180E-01  0.1142181281971870E+00  0.8951098979062577E-01  0.5201987227993093E-01  0.0000000000000000E+00
  0.0000000000000000E+00 -0.3649216627994119E-01 -0.2441817700551035E+00 -0.4011948925976023E+00 -0.5617871614609443E+00 -0.6758650542413890E+00 -0.7757730017051369E+00 -0.8422715160651300E+00 -0.8913284442336770E+00 -0.9163487471478563E+00 -0.9141584059113341E+00 -0.8584064828974306E+00 -0.7240188812192562E+00 -0.5261972570851886E+00 -0.3305095607737360E+00 -0.1886522714817881E+00 -0.9187500777743761E-01 -0.2703622750416400E-01 -0.3136413478645668E-02  0.1184917862536761E-01  0.0000000000000000E+00
  0.0000000000000000E+00 -0.6919803212839587E-03 -0.1486866652946036E+00 -0.2898497355013683E+00 -0.4423708269570000E+00 -0.5591436294446082E+00 -0.6669368158785215E+00 -0.7459488246468543E+00 -0.8098809410202500E+00 -0.8604612991606451E+00 -0.9046325793788214E+00 -0.9219503834029855E+00 -0.8641289236284756E+00 -0.7024221196914776E+00 -0.4830313578092423E+00 -0.2967097398602435E+00 -0.1746112995966011E+00 -0.9224140152817763E-01 -0.3793180603433334E-01  0.2218404282739019E-02  0.0000000000000000E+00
  0.0000000000000000E+00  0.5541107859070539E-01 -0.2779622946802722E-01 -0.1491149242528576E+00 -0.2918593632822027E+00 -0.4115819785863071E+00 -0.5265794981309245E+00 -0.6167882703428227E+00 -0.6887554293243857E+00 -0.7476225631394292E+00 -0.8111003930064941E+00 -0.8804556145571859E+00 -0.9085631669051334E+00 -0.8264220050561744E+00 -0.6244518164064262E+00 -0.3899494856274421E+00 -0.2109213656013286E+00 -0.9447143091775577E-01 -0.2101620628788351E-01  0.2279372838298190E-01  0.0000000000000000E+00
  0.0000000000000000E+00  0.1197468397103548E+00  0.9826677524882570E-01  0.8883228759979855E-02 -0.1184950637767466E+00 -0.2370325290606864E+00 -0.3559487469907250E+00 -0.4568830702877062E+00 -0.5388009353895495E+00 -0.6035965763962425E+00 -0.6703588997116738E+00 -0.7622242613331087E+00 -0.8576024351048503E+00 -0.8754950635465925E+00 -0.7472816300633750E+00 -0.5106269020444191E+00 -0.2768523013549949E+00 -0.1067100013549953E+00 -0.4861507839961832E-02  0.4350350683248036E-01  0.0000000000000000E+00
  0.0000000000000000E+00  0.1642876687114524E+00  0.2049891906554049E+00  0.1669421944310373E+00  0.6914023678738997E-01 -0.3741850635846961E-01 -0.1511080805534871E+00 -0.2574126203372314E+00 -0.3512458268196554E+00 -0.4296349778689979E+00 -0.5032522746540415E+00 -0.6022582635725635E+00 -0.7362768888228461E+00 -0.8445652639736650E+00 -0.8225369971767813E+00 -0.6409841508162902E+00 -0.3924767090977658E+00 -0.1767138612190198E+00 -0.3359971138679368E-01  0.3417206923622577E-01  0.0000000000000000E+00
  0.0000000000000000E+00  0.1733523330670799E+00  0.2732925189202978E+00  0.3049741164043815E+00  0.2569692219093238E+00  0.1775593016552681E+00  0.8069517909007021E-01 -0.2134191642055043E-01 -0.1230781977816221E+00 -0.2196206201180465E+00 -0.3119911840663782E+00 -0.4218341628212970E+00 -0.5750257738401083E+00 -0.7497244864085667E+00 -0.8395644235336581E+00 -0.7523115054277053E+00 -0.5304653104572209E+00 -0.2923242199644519E+00 -0.1074413870707548E+00 -0.9617623010150391E-02  0.0000000000000000E+00
  0.0000000000000000E+00  0.1494079123641568E+00  0.2926424732289569E+00  0.4012140180532449E+00  0.4219467836535759E+00  0.3871021560574111E+00  0.3192852816072401E+00  0.2320805069048817E+00  0.1306805115104395E+00  0.1907945076564466E-01 -0.9865370353506699E-01 -0.2304870885145908E+00 -0.3969564752288626E+00 -0.6117391603555440E+00 -0.8008360442377103E+00 -0.8322592938259179E+00 -0.6729413161480544E+00 -0.4338159122707271E+00 -0.2153969612990569E+00 -0.7838224851529708E-01  0.0000000000000000E+00
  0.0000000000000000E+00  0.1032744342553009E+00  0.2617986239910837E+00  0.4356547774521587E+00  0.5347693571103964E+00  0.5614490766983052E+00  0.5358935912622770E+00  0.4734248092298867E+00  0.3808401753092595E+00  0.2614256928709823E+00  0.1206333754614560E+00 -0.3864507435314786E-01 -0.2189726500818859E+00 -0.4507228488180774E+00 -0.7111997564018295E+00 -0.8699620674627214E+00 -0.8109483807470719E+00 -0.5949594969077618E+00 -0.3552617424131044E+00 -0.1654084007173515E+00  0.0000000000000000E+00
  0.0000000000000000E+00  0.4496747035061255E-01  0.1891298673859753E+00  0.3959869910127785E+00  0.5644260062362435E+00  0.6611799714234313E+00  0.6902668850599883E+00  0.6634460278277999E+00  0.5887656043077265E+00  0.4704468024270521E+00  0.3155259034868223E+00  0.1350664108625980E+00 -0.5513254572665446E-01 -0.2836545749794690E+00 -0.5771030157378951E+00 -0.8495995286675919E+00 -0.9269370230379854E+00 -0.7684630950366019E+00 -0.5239232296358624E+00 -0.2675423513992492E+00  0.0000000000000000E+00
  0.0000000000000000E+00 -0.1826549885634337E-01  0.8803154278993335E-01  0.2838612234311924E+00  0.4909051430352712E+00  0.6493277385014899E+00  0.7378262963020347E+00  0.7555241634315570E+00  0.7080152839726706E+00  0.6014231537946788E+00  0.4475719108788286E+00  0.2649238607627164E+00  0.8051515804260667E-01 -0.1235119424459253E+00 -0.4051731173526334E+00 -0.7513634146642894E+00 -0.9867971974981625E+00 -0.9335022102664922E+00 -0.7118714776085172E+00 -0.3818508907982898E+00  0.0000000000000000E+00
  0.0000000000000000E+00 -0.7339358362055028E-01 -0.2359446088127481E-01  0.1237087511411231E+00  0.3234604840812241E+00  0.5102346102200551E+00  0.6429817692460781E+00  0.7044306208999207E+00  0.6929314561920898E+00  0.6151895335660612E+00  0.4877475360327705E+00  0.3334087248056234E+00  0.1799479597042077E+00  0.2160305942584384E-01 -0.2045645005554601E+00 -0.5569935973368165E+00 -0.9369548862451781E+00 -0.1040562914308565E+01 -0.8933541259932182E+00 -0.4976563614662471E+00  0.0000000000000000E+00
  0.0000000000000000E+00 -0.7627756978304977E-01 -0.7333543654370442E-01  0.1495911896898678E-01  0.1647140962021678E+00  0.3289392183414687E+00  0.4666841600641519E+00  0.5524405167291420E+00  0.5770526343327511E+00  0.5433494016614162E+00  0.4659809153487224E+00  0.3639080507237360E+00  0.2593735837269166E+00  0.1551673046852260E+00  0.1097301192709237E-01 -0.2666511484628099E+00 -0.7157734656024426E+00 -0.9946293157126220E+00 -0.9984394300757409E+00 -0.5761423572338494E+00  0.0000000000000000E+00
  0.0000000000000000E+00  0.2246154251380053E-01  0.8670882114289466E-01  0.1619089146507417E+00  0.2530707549392049E+00  0.3544709182300668E+00  0.4483773094540344E+00  0.5159162678442424E+00  0.5457446469098066E+00  0.5356159709176650E+00  0.4940970496554475E+00  0.4329008464192746E+00  0.3685293491244199E+00  0.3042171332255543E+00  0.2318864176183672E+00  0.8252409603999802E-01 -0.2935799536913030E+00 -0.6567190454488775E+00 -0.8691616351901547E+00 -0.5153402682509781E+00  0.0000000000000000E+00
  0.0000000000000000E+00  0.4264826302282179E+00  0.5527899745857213E+00  0.6119420554789110E+00  0.6369960489615959E+00  0.6553171884852209E+00  0.6722307497828530E+00  0.6820024254159839E+00  0.6786356440463917E+00  0.6592606096719912E+00  0.6280695254218712E+00  0.5885550780205802E+00  0.5514903293930538E+00  0.5127995168762978E+00  0.4885040340680731E+00  0.4419980926621800E+00  0.2964179059539455E+00  0.1218672165398644E+00 -0.1531153005400485E+00 -0.4505450700064937E-01  0.0000000000000000E+00
  0.3000000000000000E+01  0.1743013651829147E+01  0.1428338897385730E+01  0.1326082748214009E+01  0.1342082608054417E+01  0.1388519352774404E+01  0.1431685060105475E+01  0.1469908991596291E+01  0.1509837714770632E+01  0.1557834141901691E+01  0.1609888473389834E+01  0.1667235612357534E+01  0.1714058360945259E+01  0.1765818582596661E+01  0.1766374315414148E+01  0.1756529818053458E+01  0.1817166328446860E+01  0.1977679304931529E+01  0.2590184266429991E+01  0.2619823252750970E+01  0.3000000000000000E+01
