  0.0000000000000000E+00  0.5327057318140427E-02  0.2083155417546925E-01  0.7231600823459644E-01  0.1410286194145050E+00  0.1978083263604771E+00  0.1971553236500762E+00  0.9560423590505795E-01 -0.1025791119182303E+00 -0.3563490896760622E+00 -0.5981850705643522E+00 -0.7503243507936237E+00 -0.7570226389319941E+00 -0.6357746542208367E+00 -0.4636472126620391E+00 -0.2962419170896716E+00 -0.1568509431421434E+00 -0.5405216928904338E-01  0.7867303437008033E-02  0.1876464489206960E-01  0.0000000000000000E+00
  0.0000000000000000E+00 -0.2341519619507131E-01 -0.6523302613847326E-01 -0.1218227497798757E+00 -0.1801592931016817E+00 -0.2214266610028408E+00 -0.2274382055283795E+00 -0.1795161330547534E+00 -0.7940990765269657E-01  0.5750337365417049E-01  0.2017117261975288E+00  0.3196026454917555E+00  0.3824503815784491E+00  0.3861205383333364E+00  0.3484910085916305E+00  0.2856393273026128E+00  0.2082745928355372E+00  0.1295019191176160E+00  0.6131901734537536E-01  0.2179238685231814E-01  0.0000000000000000E+00
  0.0000000000000000E+00 -0.6491853126707350E-01 -0.1748675242399505E+00 -0.2931522411050307E+00 -0.3994492598905403E+00 -0.4664716566480454E+00 -0.4851592929350623E+00 -0.4429441632592022E+00 -0.3408088348763200E+00 -0.1838389687135507E+00  0.6950108028234053E-02  0.2084835856816427E+00  0.3903285058033532E+00  0.5225869607791727E+00  0.5818258131128523E+00  0.5606760648181669E+00  0.4679728353644682E+00  0.3344535880638046E+00  0.1918243554731341E+00  0.8414180544902401E-01  0.0000000000000000E+00
  0.0000000000000000E+00 -0.8204507264057154E-01 -0.2651618090656960E+00 -0.4208805262063362E+00 -0.5572809235734449E+00 -0.6430239255338029E+00 -0.6847301075365663E+00 -0.6699415041741644E+00 -0.6042546547170297E+00 -0.4838444873574639E+00 -0.3201715392982036E+00 -0.1222107298232710E+00  0.8574412997024632E-01  0.2743959208578269E+00  0.4141928695694425E+00  0.4845390349135129E+00  0.4718746368303234E+00  0.3851863948297007E+00  0.2477892934401183E+00  0.1110002869337408E+00  0.0000000000000000E+00
  0.0000000000000000E+00 -0.7589335455752050E-01 -0.3101777916948765E+00 -0.4821967510597409E+00 -0.6395015978264981E+00 -0.7422426462249049E+00 -0.8107768695765646E+00 -0.8286837078095818E+00 -0.8052064433022464E+00 -0.7296331509507441E+00 -0.6061205995602542E+00 -0.4339202754781816E+00 -0.2332627233495273E+00 -0.3691527039680888E-01  0.1247154875663196E+00  0.2391985855185908E+00  0.2944073749201307E+00  0.2806600249381372E+00  0.1961394648713413E+00  0.9409402425977711E-01  0.0000000000000000E+00
  0.0000000000000000E+00 -0.5906144006202774E-01 -0.3010172172085629E+00 -0.4704681327528107E+00 -0.6344668171394099E+00 -0.7449873648752348E+00 -0.8327196488287000E+00 -0.8791276293833350E+00 -0.8981413978137416E+00 -0.8771004627277864E+00 -0.8124409147374949E+00 -0.6878751010710034E+00 -0.5074448946871815E+00 -0.3068969819373547E+00 -0.1355779402636544E+00 -0.1008016682608545E-01  0.7578460293125491E-01  0.1144045467651661E+00  0.8966674635268901E-01  0.5206327593796375E-01  0.0000000000000000E+00
  0.0000000000000000E+00 -0.3651397180671902E-01 -0.2443866286033013E+00 -0.4015691138566327E+00 -0.5623322927412148E+00 -0.6765700514409904E+00 -0.7766040664862687E+00 -0.8431599427060906E+00 -0.8922134976288758E+00 -0.9171597363939873E+00 -0.9148741941630121E+00 -0.8590161010126399E+00 -0.7245124546435221E+00 -0.5265713859745526E+00 -0.3308095167087411E+00 -0.1889217816626093E+00 -0.9207515755049588E-01 -0.2714279677012695E-01 -0.3194684809688869E-02  0.1180502544568261E-01  0.0000000000000000E+00
  0.0000000000000000E+00 -0.7655902285625725E-03 -0.1490092404718288E+00 -0.2903368441676835E+00 -0.4430421640337250E+00 -0.5599843393946866E+00 -0.6679310092243229E+00 -0.7470222871169852E+00 -0.8109653376448144E+00 -0.8614682665181148E+00 -0.9055253776576808E+00 -0.9227347938005852E+00 -0.8648056682539552E+00 -0.7029633631009837E+00 -0.4834449037589484E+00 -0.2970748846417516E+00 -0.1749443281871392E+00 -0.9249356876903429E-01 -0.3808711404421065E-01  0.2142911285411142E-02  0.0000000000000000E+00
  0.0000000000000000E+00  0.5531053790261635E-01 -0.2812594984233573E-01 -0.1496083796331075E+00 -0.2925372617688445E+00 -0.4124338107618126E+00 -0.5276109732940349E+00 -0.6179283376272217E+00 -0.6899343810129991E+00 -0.7487337087066058E+00 -0.8120751138759706E+00 -0.8813011610219134E+00 -0.9093171501293004E+00 -0.8270678721142721E+00 -0.6249409628981116E+00 -0.3903111111447915E+00 -0.2112145853034943E+00 -0.9468013679346766E-01 -0.2112063401444076E-01  0.2276977502461633E-01  0.0000000000000000E+00
  0.0000000000000000E+00  0.1197245800101264E+00  0.9805981972268038E-01  0.8500784558009455E-02 -0.1190571114275557E+00 -0.2377624297357431E+00 -0.3568665634484961E+00 -0.4579372368845099E+00 -0.5399332459434795E+00 -0.6047042652374264E+00 -0.6713362105319778E+00 -0.7630463098489941E+00 -0.8583255793008804E+00 -0.8761533610308176E+00 -0.7478251027047446E+00 -0.5110149748609144E+00 -0.2771216628699834E+00 -0.1068584686781427E+00 -0.4896541195776406E-02  0.4353586711328444E-01  0.0000000000000000E+00
  0.0000000000000000E+00  0.1644178028593014E+00  0.2049989079491547E+00  0.1667776712956320E+00  0.6880334954433771E-01 -0.3790026598450165E-01 -0.1517587195057639E+00 -0.2582079488668889E+00 -0.3521544324162773E+00 -0.4305841849351600E+00 -0.5041296885629398E+00 -0.6029967722751507E+00 -0.7369047099037505E+00 -0.8451499101460371E+00 -0.8230679716221982E+00 -0.6413954678046305E+00 -0.3927810689471820E+00 -0.1769009395064520E+00 -0.3365852734656417E-01  0.3418523533691849E-01  0.0000000000000000E+00
  0.0000000000000000E+00  0.1736088129830592E+00  0.2735398156645067E+00  0.3050936251408687E+00  0.2569382272219574E+00  0.1774134600761856E+00  0.8042021264479070E-01 -0.2174573276974737E-01 -0.1236074601630175E+00 -0.2202453069029295E+00 -0.3126281162534432E+00 -0.4224119440039567E+00 -0.5755246115075503E+00 -0.7501984994013801E+00 -0.8400355859988632E+00 -0.7527040767699720E+00 -0.5307801910550167E+00 -0.2925745650608572E+00 -0.1075742602599481E+00 -0.9672739941402532E-02  0.0000000000000000E+00
  0.0000000000000000E+00  0.1497158573999262E+00  0.2930778244117047E+00  0.4016267689926514E+00  0.4222607005491046E+00  0.3873327890210318E+00  0.3194292149536643E+00  0.2321268257189452E+00  0.1306128875584567E+00  0.1889035798626902E-01 -0.9892490133345710E-01 -0.2308112227080909E+00 -0.3972924392916601E+00 -0.6120954430654207E+00 -0.8012417731971283E+00 -0.8326280197092268E+00 -0.6732339697145611E+00 -0.4340944236637886E+00 -0.2155876587605735E+00 -0.7848995192977444E-01  0.0000000000000000E+00
  0.0000000000000000E+00  0.1035644020870270E+00  0.2623233555849277E+00  0.4363096071588571E+00  0.5354256826155293E+00  0.5620696642902260E+00  0.5364644460173358E+00  0.4739286804057359E+00  0.3812520449112383E+00  0.2617135466861190E+00  0.1207920096764451E+00 -0.3864958012645853E-01 -0.2191181847080478E+00 -0.4509683335763223E+00 -0.7115560794685534E+00 -0.8703342859568778E+00 -0.8112260821613931E+00 -0.5952393315058125E+00 -0.3554800390548479E+00 -0.1655351798920233E+00  0.0000000000000000E+00
  0.0000000000000000E+00  0.4518813677993624E-01  0.1896231475154984E+00  0.3967620088094315E+00  0.5653497097695981E+00  0.6621551994221663E+00  0.6912432638501369E+00  0.6643879000661815E+00  0.5896394333502795E+00  0.4711994470284627E+00  0.3161083807047609E+00  0.1353834057275705E+00 -0.5508621295037099E-01 -0.2838084295658768E+00 -0.5774343622058152E+00 -0.8500179835226633E+00 -0.9272364909791773E+00 -0.7687429794442771E+00 -0.5241483043439944E+00 -0.2676699338146720E+00  0.0000000000000000E+00
  0.0000000000000000E+00 -0.1816163287609548E-01  0.8838455448184587E-01  0.2845762893553522E+00  0.4919263668177709E+00  0.6505413065365239E+00  0.7391342885994863E+00  0.7568490792040197E+00  0.7092904352226022E+00  0.6025616675908638E+00  0.4484756571216664E+00  0.2654682303553110E+00  0.8069398923738175E-01 -0.1236053817778097E+00 -0.4054954655805980E+00 -0.7518590715604850E+00 -0.9871719585982044E+00 -0.9337990243379849E+00 -0.7120978481145309E+00 -0.3819742132451751E+00  0.0000000000000000E+00
  0.0000000000000000E+00 -0.7345406793008091E-01 -0.2350286347870825E-01  0.1241167728384391E+00  0.3242528526646217E+00  0.5113577348149942E+00  0.6443291686303761E+00  0.7058757998774200E+00  0.6943485711396079E+00  0.6164369794226486E+00  0.4886948552737034E+00  0.3339511982317207E+00  0.1801184593471566E+00  0.2150994548743097E-01 -0.2048710544301298E+00 -0.5575536453441960E+00 -0.9374399776046378E+00 -0.1040908625280706E+01 -0.8935819585407371E+00 -0.4977767931925786E+00  0.0000000000000000E+00
  0.0000000000000000E+00 -0.7650591594104171E-01 -0.7359905253358177E-01  0.1482799446412991E-01  0.1648708228028677E+00  0.3294248154045419E+00  0.4674437681040041E+00  0.5533570311042909E+00  0.5779820332826197E+00  0.5441421500529221E+00  0.4665197939065995E+00  0.3641369089819816E+00  0.2593463549445726E+00  0.1549914444461593E+00  0.1069740840885636E-01 -0.2671931056246160E+00 -0.7163392482460978E+00 -0.9950432186263433E+00 -0.9986772931806740E+00 -0.5762632378308625E+00  0.0000000000000000E+00
  0.0000000000000000E+00  0.2220472681446733E-01  0.8636082366716630E-01  0.1614712145907416E+00  0.2526832459929739E+00  0.3542418264149328E+00  0.4483386678180402E+00  0.5160244899934686E+00  0.5459104078005909E+00  0.5357341106686400E+00  0.4940889935305158E+00  0.4327362604881387E+00  0.3682565519308139E+00  0.3039162353463201E+00  0.2316421250827237E+00  0.8211259003428370E-01 -0.2940797559805631E+00 -0.6571514791117948E+00 -0.8694093480219218E+00 -0.5154717794357476E+00  0.0000000000000000E+00
  0.0000000000000000E+00  0.4264052512081389E+00  0.5526038608050793E+00  0.6116581204015534E+00  0.6366680487893913E+00  0.6550059150493903E+00  0.6719731244968289E+00  0.6818017319927002E+00  0.6784629726091846E+00  0.6590759850043688E+00  0.6278395507792280E+00  0.5882727207425421E+00  0.5511762837160253E+00  0.5124980593593371E+00  0.4882887602568546E+00  0.4417742753582903E+00  0.2962064846584043E+00  0.1216397990264266E+00 -0.1532731095694743E+00 -0.4515686063185444E-01  0.0000000000000000E+00
  0.3000000000000000E+01  0.1742988973190051E+01  0.1428549241251928E+01  0.1326496853386081E+01  0.1342679099624800E+01  0.1389224081266762E+01  0.1432419294327553E+01  0.1470619294015368E+01  0.1510521489973037E+01  0.1558506155655534E+01  0.1610570341192832E+01  0.1667918098260512E+01  0.1714727700782738E+01  0.1766422057268309E+01  0.1766775844312160E+01  0.1756789763959413E+01  0.1817300790044224E+01  0.1977929123808925E+01  0.2590409980686501E+01  0.2619998802459816E+01  0.3000000000000000E+01
