  0.0000000000000000E+00 -0.2715336600647587E-01 -0.1084696482279043E+00 -0.2311766825746810E+00 -0.3674845309766447E+00 -0.5089284308615085E+00 -0.6498728344953044E+00 -0.7752022621645719E+00 -0.8598539489517362E+00 -0.8778912615144163E+00 -0.8199976956315381E+00 -0.7035955791169582E+00 -0.5590592228780188E+00 -0.4124539140073170E+00 -0.2792824645955029E+00 -0.1680394492695391E+00 -0.8191630243326048E-01 -0.2318359117653013E-01  0.8905192538670031E-02  0.7897384982381711E-02  0.0000000000000000E+00
  0.0000000000000000E+00  0.5583120884298504E-02  0.3545059120391546E-01  0.7579235532868818E-01  0.1223178294102314E+00  0.1766186228736092E+00  0.2392601209124066E+00  0.3060380220012289E+00  0.3670161452528490E+00  0.4105397105234123E+00  0.4283979729622926E+00  0.4203477678030258E+00  0.3906515555797447E+00  0.3443565639592452E+00  0.2856765484903970E+00  0.2205043846155618E+00  0.1542842537951292E+00  0.9607722756425216E-01  0.4829929025354994E-01  0.2391579021637383E-01  0.0000000000000000E+00
  0.0000000000000000E+00 -0.1040400335358036E-01 -0.2117874616157892E-02 -0.3799616588616413E-02 -0.5310427459506662E-03  0.2092743775931909E-01  0.6790752824191554E-01  0.1429118038391150E+00  0.2411944868068109E+00  0.3537278700558206E+00  0.4651962232553396E+00  0.5574477242921191E+00  0.6128954438612154E+00  0.6206157778704188E+00  0.5777471808756882E+00  0.4934737045771464E+00  0.3809364589521272E+00  0.2650480915162263E+00  0.1538030632993198E+00  0.7964475563150321E-01  0.0000000000000000E+00
  0.0000000000000000E+00 -0.4377892849551612E-01 -0.9640225537710514E-01 -0.1682683367399065E+00 -0.2326413446930335E+00 -0.2641558528728093E+00 -0.2566661626904015E+00 -0.2037290965057356E+00 -0.1109823268136797E+00  0.1634300052900568E-01  0.1625270245721033E+00  0.3093247142675274E+00  0.4347716077113724E+00  0.5205981313989808E+00  0.5533381501017541E+00  0.5305215698899177E+00  0.4538028253021346E+00  0.3465655939254619E+00  0.2180582803049679E+00  0.1128353601779064E+00  0.0000000000000000E+00
  0.0000000000000000E+00 -0.7073170860598939E-01 -0.2121783561770035E+00 -0.3514763962598589E+00 -0.4758362377981062E+00 -0.5497393504228358E+00 -0.5779162161321429E+00 -0.5493858420573321E+00 -0.4735347287059371E+00 -0.3508737065452797E+00 -0.1987649360559213E+00 -0.3371987949700882E-01  0.1214886312642513E+00  0.2493018831392471E+00  0.3370857220593863E+00  0.3777688979969559E+00  0.3634434035294593E+00  0.3051729682453567E+00  0.2032132344342924E+00  0.1099685579357427E+00  0.0000000000000000E+00
  0.0000000000000000E+00 -0.7396018203339191E-01 -0.3068797003361025E+00 -0.4900496428938181E+00 -0.6601042061843361E+00 -0.7668705035645793E+00 -0.8333608810984140E+00 -0.8384767888637532E+00 -0.7950568327175898E+00 -0.6923187931211997E+00 -0.5457211213404761E+00 -0.3694146490045727E+00 -0.1929445864672299E+00 -0.3939523343287611E-01  0.7900476433948321E-01  0.1592306818024191E+00  0.1954380264145535E+00  0.1893766604772532E+00  0.1325057659205406E+00  0.8189398476783970E-01  0.0000000000000000E+00
  0.0000000000000000E+00 -0.5668592380526111E-01 -0.3443324901248008E+00 -0.5424433461124094E+00 -0.7379487796859630E+00 -0.8644463626451485E+00 -0.9638114916906406E+00 -0.1008390605944327E+01 -0.1013822886733599E+01 -0.9576808014070992E+00 -0.8425547063471236E+00 -0.6712315009331064E+00 -0.4743513569613856E+00 -0.2893924070469053E+00 -0.1424056904299267E+00 -0.3686305562669371E-01  0.3086192708529382E-01  0.6295433893839621E-01  0.5146732777206930E-01  0.4504750201405101E-01  0.0000000000000000E+00
  0.0000000000000000E+00 -0.3277418158889460E-01 -0.3175523886870527E+00 -0.5069736680354997E+00 -0.7037928973363045E+00 -0.8336218226641113E+00 -0.9501409394755478E+00 -0.1027298471686678E+01 -0.1084420392398502E+01 -0.1097012711349933E+01 -0.1050652292936475E+01 -0.9250995622517142E+00 -0.7312712580969096E+00 -0.5120530458410306E+00 -0.3196691509288223E+00 -0.1790671901018906E+00 -0.8534535981831927E-01 -0.2695145116505960E-01 -0.2066585184998049E-02  0.2078477134799634E-01  0.0000000000000000E+00
  0.0000000000000000E+00 -0.2377703022359174E-02 -0.2322577151829421E+00 -0.3986498735421007E+00 -0.5782321041127820E+00 -0.7003726699103252E+00 -0.8160325413552361E+00 -0.9064785213625601E+00 -0.9940328668225553E+00 -0.1067957498685080E+01 -0.1109785198589250E+01 -0.1079018476689454E+01 -0.9469414359508416E+00 -0.7296869938439641E+00 -0.4901578215781215E+00 -0.2912879870363279E+00 -0.1538260713639981E+00 -0.6619680272643087E-01 -0.1532594650996883E-01  0.2013981712485271E-01  0.0000000000000000E+00
  0.0000000000000000E+00  0.4417689988134957E-01 -0.1046311906336083E+00 -0.2443691164425663E+00 -0.4038673412067266E+00 -0.5205841845971371E+00 -0.6313422902171832E+00 -0.7212361623992788E+00 -0.8100944681095987E+00 -0.9063600925718952E+00 -0.1009029041011451E+01 -0.1081675231745851E+01 -0.1064376516517682E+01 -0.9203269718460001E+00 -0.6805753261456984E+00 -0.4270294217473248E+00 -0.2244761896160150E+00 -0.8844394701147618E-01 -0.9880123995853500E-02  0.3207909185042597E-01  0.0000000000000000E+00
  0.0000000000000000E+00  0.1082682895647768E+00  0.4094471438941371E-01 -0.6722958511030191E-01 -0.2082091068202276E+00 -0.3253454970487450E+00 -0.4377571295481442E+00 -0.5291260468281817E+00 -0.6094011430624706E+00 -0.6957601566658315E+00 -0.8095742133269627E+00 -0.9440389324064162E+00 -0.1042306467423440E+01 -0.1024901734397985E+01 -0.8600307502536801E+00 -0.6029970919542869E+00 -0.3469298142644299E+00 -0.1496725840725339E+00 -0.2768767343489005E-01  0.3047160648018551E-01  0.0000000000000000E+00
  0.0000000000000000E+00  0.1681031413661555E+00  0.1784927935267764E+00  0.1178092701332717E+00  0.2255733313929081E-02 -0.1131620796019827E+00 -0.2291023348905459E+00 -0.3283007845335184E+00 -0.4101452760449281E+00 -0.4865951461521710E+00 -0.5850932484356502E+00 -0.7297224939811767E+00 -0.8997121874178529E+00 -0.1011069686443443E+01 -0.9741860205999610E+00 -0.7813766991784640E+00 -0.5155347132242958E+00 -0.2697737246367286E+00 -0.9295274215207182E-01 -0.3712995223254151E-02  0.0000000000000000E+00
  0.0000000000000000E+00  0.1935733307023508E+00  0.2778330126030264E+00  0.2858673812548519E+00  0.2155930688529655E+00  0.1186499031823107E+00  0.1023079652634468E-01 -0.9367709855446453E-01 -0.1865523738082746E+00 -0.2716497208720077E+00 -0.3649873285030462E+00 -0.4967337974361407E+00 -0.6874059731628097E+00 -0.8912320210819301E+00 -0.9958520944599860E+00 -0.9205924451357279E+00 -0.6965564948121304E+00 -0.4315499634963200E+00 -0.2043622295839238E+00 -0.7083466023679255E-01  0.0000000000000000E+00
  0.0000000000000000E+00  0.1786853211612802E+00  0.3209458555806383E+00  0.4123226864884077E+00  0.4127093014748783E+00  0.3580469791640718E+00  0.2725841149482797E+00  0.1738345170025453E+00  0.7160638212858600E-01 -0.3306233564459550E-01 -0.1430798173971521E+00 -0.2718158465425036E+00 -0.4532483891067451E+00 -0.6975269348546026E+00 -0.9219505890189125E+00 -0.9958429251872176E+00 -0.8642176035142781E+00 -0.6148181860606503E+00 -0.3544678835272126E+00 -0.1619576639879712E+00  0.0000000000000000E+00
  0.0000000000000000E+00  0.1326995491298689E+00  0.2999834208430700E+00  0.4678236854426966E+00  0.5538437737690710E+00  0.5637138069103569E+00  0.5195501629942852E+00  0.4405860895891862E+00  0.3384779204522748E+00  0.2171963781588474E+00  0.8261963913074753E-01 -0.5982793506164715E-01 -0.2290443009597493E+00 -0.4685040105645023E+00 -0.7618872200018434E+00 -0.9868609303220488E+00 -0.9965439106692208E+00 -0.8032152849284531E+00 -0.5334496549828296E+00 -0.2690653198823868E+00  0.0000000000000000E+00
  0.0000000000000000E+00  0.6793408344484629E-01  0.2226473251272422E+00  0.4332611483455305E+00  0.5982206396478336E+00  0.6858850742994214E+00  0.7009275707866596E+00  0.6571291742365487E+00  0.5670505285314476E+00  0.4400063533331051E+00  0.2902536630128764E+00  0.1337835777023082E+00 -0.2824180925791489E-01 -0.2378638486100681E+00 -0.5367794044506450E+00 -0.8738912647123043E+00 -0.1059547284859518E+01 -0.9741913899920827E+00 -0.7278340858535618E+00 -0.3869993711729353E+00  0.0000000000000000E+00
  0.0000000000000000E+00 -0.6475281024713057E-02  0.1081216465605781E+00  0.3174997417315986E+00  0.5303369369996267E+00  0.6856833060385649E+00  0.7629267594097380E+00  0.7639807117632080E+00  0.7003764579460167E+00  0.5870958711871866E+00  0.4451756089283471E+00  0.2939202395657237E+00  0.1443604059913177E+00 -0.2605472308778443E-01 -0.2757633128567985E+00 -0.6462666286409274E+00 -0.1000871043258588E+01 -0.1079592072010852E+01 -0.9110246495754407E+00 -0.5045281866851822E+00  0.0000000000000000E+00
  0.0000000000000000E+00 -0.6073285658499945E-01 -0.6176638676234268E-02  0.1574447583789474E+00  0.3644567189408592E+00  0.5489893783867537E+00  0.6730934413221116E+00  0.7242558004111525E+00  0.7074607253932287E+00  0.6366448259570404E+00  0.5328609773595185E+00  0.4132601503585367E+00  0.2912802156801859E+00  0.1612780214102467E+00 -0.1039967496006190E-01 -0.3172513150562166E+00 -0.7619106410302621E+00 -0.1026084295133582E+01 -0.1013593779094921E+01 -0.5825707139086710E+00  0.0000000000000000E+00
  0.0000000000000000E+00 -0.2702772628190279E-01  0.4508839800963338E-01  0.1660595798444596E+00  0.3232366633623184E+00  0.4802389264772936E+00  0.6047430360650946E+00  0.6777929591987953E+00  0.6955599040292303E+00  0.6649985902047827E+00  0.6017163682668488E+00  0.5194054744137107E+00  0.4319662837283505E+00  0.3393558680996509E+00  0.2399819921075273E+00  0.6309235727775810E-01 -0.3179017897296021E+00 -0.6760126561778844E+00 -0.8784408222181853E+00 -0.5187941671280518E+00  0.0000000000000000E+00
  0.0000000000000000E+00  0.3989771029563584E+00  0.5144068738210867E+00  0.5884636176841695E+00  0.6455266877267617E+00  0.6995907785598197E+00  0.7444459691185652E+00  0.7684646209024231E+00  0.7660905954610000E+00  0.7394586846384144E+00  0.6976456196236563E+00  0.6476366979222388E+00  0.5986777812095760E+00  0.5478976010682753E+00  0.5079566811798290E+00  0.4470835875538888E+00  0.2940515417223760E+00  0.1166606658887788E+00 -0.1558413116136540E+00 -0.4537398523616865E-01  0.0000000000000000E+00
  0.3000000000000000E+01  0.1776040964849022E+01  0.1501867776546373E+01  0.1400668726791951E+01  0.1386656600182033E+01  0.1381466590797835E+01  0.1371405128709399E+01  0.1372399096491526E+01  0.1397288117646230E+01  0.1446622536289540E+01  0.1508779509395880E+01  0.1576495380646994E+01  0.1635932940099622E+01  0.1695663064894825E+01  0.1716111948568041E+01  0.1721841594616092E+01  0.1799943585103270E+01  0.1974005346155779E+01  0.2589083112622777E+01  0.2617327788580455E+01  0.3000000000000000E+01
