  0.0000000000000000E+00 -0.2282725985231385E-01 -0.7765595211229102E-01 -0.1356930253324282E+00 -0.1994891956920463E+00 -0.2950694315033660E+00 -0.4366584386580332E+00 -0.6071709014854694E+00 -0.7693546921019582E+00 -0.8677708676362440E+00 -0.8665968582576891E+00 -0.7680223147475842E+00 -0.6154144370278396E+00 -0.4507972447467263E+00 -0.2984776789808805E+00 -0.1705123323043521E+00 -0.7134509599139527E-01 -0.3464088009675848E-02  0.2955885789704968E-01  0.2151743651269845E-01  0.0000000000000000E+00
  0.0000000000000000E+00 -0.2069031103717794E-02  0.2961516136556588E-02  0.5803651777058503E-02  0.1389783581934966E-01  0.4389380546950124E-01  0.1020838471935366E+00  0.1850205847670527E+00  0.2768504825591702E+00  0.3564814931359183E+00  0.4049926426397598E+00  0.4163064791666837E+00  0.3968041550338779E+00  0.3548557881771040E+00  0.2962820752711300E+00  0.2276065441501416E+00  0.1556247548479864E+00  0.9071329755388569E-01  0.3979238920756542E-01  0.1642659149567087E-01  0.0000000000000000E+00
  0.0000000000000000E+00 -0.2903435316346723E-01 -0.6877140370262126E-01 -0.1182820700012526E+00 -0.1577956882339973E+00 -0.1633880150948622E+00 -0.1304068970774233E+00 -0.5210914718431132E-01  0.6119675557555226E-01  0.2016736117715109E+00  0.3483810696615903E+00  0.4808971227524667E+00  0.5749980280737941E+00  0.6137701197845857E+00  0.5903685468325095E+00  0.5123073001460725E+00  0.3955291685525639E+00  0.2686758046519812E+00  0.1489360255197459E+00  0.7079721099971105E-01  0.0000000000000000E+00
  0.0000000000000000E+00 -0.6256994290536867E-01 -0.1804008273396286E+00 -0.2897389540530899E+00 -0.3829391321435240E+00 -0.4293519066553703E+00 -0.4355497488013924E+00 -0.3870561939840289E+00 -0.2960590247048950E+00 -0.1585415405530143E+00  0.5436136595939988E-02  0.1823291444111800E+00  0.3442074504995582E+00  0.4678212763052154E+00  0.5338702385311177E+00  0.5340256734562591E+00  0.4678282974595877E+00  0.3575232227617323E+00  0.2216643357036884E+00  0.1067468432423085E+00  0.0000000000000000E+00
  0.0000000000000000E+00 -0.7124238122118230E-01 -0.2706462360814513E+00 -0.4205088983243966E+00 -0.5577952479262817E+00 -0.6388455588879988E+00 -0.6842486365660155E+00 -0.6695461129535070E+00 -0.6108847971166491E+00 -0.4953321915720961E+00 -0.3440064111252965E+00 -0.1657376220514693E+00  0.1091698345445175E-01  0.1659948020953398E+00  0.2830199652268987E+00  0.3508832467286788E+00  0.3575143841835246E+00  0.3075336469525376E+00  0.2060280212038111E+00  0.1035297008100205E+00  0.0000000000000000E+00
  0.0000000000000000E+00 -0.6179357634978807E-01 -0.3186945974863311E+00 -0.4908101789637200E+00 -0.6643954658251575E+00 -0.7752943794229553E+00 -0.8619774596088029E+00 -0.8891069178235096E+00 -0.8759911931659221E+00 -0.7977900032260284E+00 -0.6695951036413351E+00 -0.4952614789456463E+00 -0.3078432932497254E+00 -0.1356141840386857E+00  0.3368090808501912E-02  0.1057238273928667E+00  0.1643546463372500E+00  0.1737387766039263E+00  0.1255160206428358E+00  0.7241598994713748E-01  0.0000000000000000E+00
  0.0000000000000000E+00 -0.4412060025423550E-01 -0.3095656268136709E+00 -0.4825739299983650E+00 -0.6700576656558527E+00 -0.7950754342385113E+00 -0.9098401635265881E+00 -0.9760297128542628E+00 -0.1014767247691253E+01 -0.9958451426770379E+00 -0.9188714860866622E+00 -0.7727926661225433E+00 -0.5807558252486449E+00 -0.3846032921225809E+00 -0.2227228342625282E+00 -0.1025579116449795E+00 -0.1742439110877745E-01  0.3143126819080355E-01  0.3419794596386393E-01  0.3231268870776922E-01  0.0000000000000000E+00
  0.0000000000000000E+00 -0.2045741112953982E-01 -0.2480791204410177E+00 -0.4087413876801216E+00 -0.5921697107868517E+00 -0.7198878740473540E+00 -0.8473540271173983E+00 -0.9395064482664641E+00 -0.1018723021549141E+01 -0.1061326130573900E+01 -0.1057373508663335E+01 -0.9773601716709056E+00 -0.8127317380584161E+00 -0.5960720091796350E+00 -0.3909984065081853E+00 -0.2384425240930056E+00 -0.1331468558949246E+00 -0.6083216594193017E-01 -0.2045475046389511E-01  0.9784400084734666E-02  0.0000000000000000E+00
  0.0000000000000000E+00  0.1739848784229076E-01 -0.1446092205685362E+00 -0.2863057474959149E+00 -0.4554727239178890E+00 -0.5798872136628537E+00 -0.7078458829339510E+00 -0.8099741335977031E+00 -0.9059894671923999E+00 -0.9870675480610849E+00 -0.1049690608775765E+01 -0.1062185724853680E+01 -0.9798834930598255E+00 -0.7903832800361277E+00 -0.5476249678474346E+00 -0.3343770462084091E+00 -0.1850660624537896E+00 -0.8623825652251778E-01 -0.2335748098161960E-01  0.1696855037532105E-01  0.0000000000000000E+00
  0.0000000000000000E+00  0.7463481287220626E-01 -0.1652192608809655E-01 -0.1340471488063697E+00 -0.2873574649058189E+00 -0.4096209973277380E+00 -0.5368123763807578E+00 -0.6433382056727655E+00 -0.7401099139577740E+00 -0.8281273419784640E+00 -0.9190947702241172E+00 -0.1004131923180448E+01 -0.1031571609803934E+01 -0.9377211270200115E+00 -0.7191511400691499E+00 -0.4578963158547152E+00 -0.2413108606647597E+00 -0.9345413454123255E-01 -0.6228328750081019E-02  0.3686887629305994E-01  0.0000000000000000E+00
  0.0000000000000000E+00  0.1357797999303294E+00  0.1121546177955243E+00  0.3046977861270072E-01 -0.1029269039977171E+00 -0.2221079195870253E+00 -0.3486096137810835E+00 -0.4606870846038802E+00 -0.5586981160979426E+00 -0.6431033842475392E+00 -0.7309213996048224E+00 -0.8417332191145154E+00 -0.9528207426272143E+00 -0.9839017011757563E+00 -0.8640715850182146E+00 -0.6204835251079047E+00 -0.3581367494993369E+00 -0.1513550426295761E+00 -0.2203249410634711E-01  0.3672597617595661E-01  0.0000000000000000E+00
  0.0000000000000000E+00  0.1741725938211242E+00  0.2175529505242492E+00  0.1903176739213349E+00  0.9047209774226266E-01 -0.1686461062926133E-01 -0.1360672234847765E+00 -0.2500892845486338E+00 -0.3537096185820337E+00 -0.4431996516672436E+00 -0.5277274921350575E+00 -0.6361817010735576E+00 -0.7843166030919144E+00 -0.9191164502955519E+00 -0.9322584316628841E+00 -0.7739577581275123E+00 -0.5173865206320971E+00 -0.2712975306190078E+00 -0.9132913779036762E-01 -0.1008159129307532E-02  0.0000000000000000E+00
  0.0000000000000000E+00  0.1768927695726337E+00  0.2816629588366001E+00  0.3258830240145074E+00  0.2802077953784990E+00  0.2010154642051944E+00  0.1014561775484659E+00 -0.4027622219438769E-02 -0.1098177275457970E+00 -0.2112589123364227E+00 -0.3084372613265876E+00 -0.4191225926494283E+00 -0.5750155277903637E+00 -0.7724913156795752E+00 -0.9135908439105301E+00 -0.8824627338943047E+00 -0.6816265550602918E+00 -0.4260491791392194E+00 -0.2035005206607794E+00 -0.7037293436692717E-01  0.0000000000000000E+00
  0.0000000000000000E+00  0.1481394318959876E+00  0.2957404135807477E+00  0.4173969223039863E+00  0.4462029731763085E+00  0.4156935974308064E+00  0.3494274414637134E+00  0.2633052034167137E+00  0.1635211229292859E+00  0.5304298761186830E-01 -0.6545914343975354E-01 -0.1954563315126454E+00 -0.3558288009318859E+00 -0.5778614255333835E+00 -0.8164630714179067E+00 -0.9314006991866042E+00 -0.8319679815178916E+00 -0.5976573594357217E+00 -0.3491192067822540E+00 -0.1602599736014860E+00  0.0000000000000000E+00
  0.0000000000000000E+00  0.9753073132796401E-01  0.2584668122624822E+00  0.4440936044208768E+00  0.5562678558837255E+00  0.5936467350656597E+00  0.5759074835405544E+00  0.5203229981450359E+00  0.4352508622683885E+00  0.3227898169802177E+00  0.1857534647527136E+00  0.2909270762998206E-01 -0.1438781951071627E+00 -0.3663492302588774E+00 -0.6552681843779514E+00 -0.9069379572885430E+00 -0.9518561789531192E+00 -0.7760422060656850E+00 -0.5219324151520038E+00 -0.2646724278049953E+00  0.0000000000000000E+00
  0.0000000000000000E+00  0.3313628637041770E-01  0.1765757581491124E+00  0.3929811135129793E+00  0.5781690618809436E+00  0.6926666710600575E+00  0.7373327820214023E+00  0.7239771659927186E+00  0.6617480499561074E+00  0.5541969416515051E+00  0.4074866110198561E+00  0.2322515475593860E+00  0.4774361886005637E-01 -0.1614498973928171E+00 -0.4494755294901032E+00 -0.7940484217202568E+00 -0.1009670433927426E+01 -0.9419028535169797E+00 -0.7118614349677156E+00 -0.3803290004063867E+00  0.0000000000000000E+00
  0.0000000000000000E+00 -0.3625046818871665E-01  0.6134511773051423E-01  0.2628865828546976E+00  0.4869207102024021E+00  0.6672511232635799E+00  0.7771780037843006E+00  0.8136802940386054E+00  0.7826928553238359E+00  0.6910610913359221E+00  0.5512483465163692E+00  0.3798414523750357E+00  0.2021633733469745E+00  0.2076167985626143E-01 -0.2202131632382948E+00 -0.5823937985160021E+00 -0.9548433246678237E+00 -0.1047944114011072E+01 -0.8938539337614784E+00 -0.4968449051962748E+00  0.0000000000000000E+00
  0.0000000000000000E+00 -0.7248404362164236E-01 -0.3536579857623215E-01  0.1088451416099033E+00  0.3103656935537836E+00  0.5059433915225398E+00  0.6538177218571067E+00  0.7348067142791437E+00  0.7459936084360413E+00  0.6924789342537232E+00  0.5890782125358351E+00  0.4540572909124983E+00  0.3123095126461693E+00  0.1741808436599368E+00  0.1066934962884362E-01 -0.2790384834884464E+00 -0.7283043997684863E+00 -0.1000760236910474E+01 -0.9989144848329048E+00 -0.5757106584448534E+00  0.0000000000000000E+00
  0.0000000000000000E+00 -0.2521162315072872E-02  0.6633570067546067E-01  0.1671525601811675E+00  0.3014420022127972E+00  0.4451849934778705E+00  0.5693886958648877E+00  0.6519034133179920E+00  0.6824592358447265E+00  0.6605840285445136E+00  0.5974572021216201E+00  0.5077818393997249E+00  0.4130995747522297E+00  0.3211182299962391E+00  0.2330260200763346E+00  0.7581148381948948E-01 -0.3012891468783276E+00 -0.6611950570819984E+00 -0.8693032347963833E+00 -0.5147005267357092E+00  0.0000000000000000E+00
  0.0000000000000000E+00  0.4156306851181000E+00  0.5349695025616966E+00  0.5997364656463950E+00  0.6417780632708063E+00  0.6818261185591751E+00  0.7182715327751171E+00  0.7405155849916819E+00  0.7406587448971405E+00  0.7165679960458121E+00  0.6749301580202886E+00  0.6222219070014801E+00  0.5715746757623924E+00  0.5210508979785848E+00  0.4888489060045493E+00  0.4384063439493514E+00  0.2931801348085752E+00  0.1199228190110306E+00 -0.1530493231659771E+00 -0.4418702256603169E-01  0.0000000000000000E+00
  0.3000000000000000E+01  0.1750586782330627E+01  0.1461427192990371E+01  0.1367943163241983E+01  0.1376107812400378E+01  0.1399706637800345E+01  0.1414574097539536E+01  0.1430356658342946E+01  0.1460483001153305E+01  0.1510880040407077E+01  0.1572666728060755E+01  0.1641116118395285E+01  0.1698375547465052E+01  0.1757965536060485E+01  0.1766479302062687E+01  0.1760592451971435E+01  0.1819170448695947E+01  0.1979036485884909E+01  0.2589844734701548E+01  0.2617860540962386E+01  0.3000000000000000E+01
