  0.0000000000000000E+00  0.5337916852652280E-02  0.2086906177954742E-01  0.7237032848939701E-01  0.1411200815671531E+00  0.1979143218164283E+00  0.1972797571210725E+00  0.9573277678720810E-01 -0.1024352234608967E+00 -0.3561968803334816E+00 -0.5980246011450999E+00 -0.7501739452764400E+00 -0.7568989365000505E+00 -0.6356938272880978E+00 -0.4636028743817561E+00 -0.2962272960677726E+00 -0.1568573313729046E+00 -0.5407531220940237E-01  0.7836609444438813E-02  0.1874244502671572E-01  0.0000000000000000E+00
  0.0000000000000000E+00 -0.2343211124208753E-01 -0.6526598850277565E-01 -0.1218668291426310E+00 -0.1802152449572128E+00 -0.2214853656162250E+00 -0.2275000800562401E+00 -0.1795779370194608E+00 -0.7947645281607420E-01  0.5743240972732654E-01  0.2016353296436189E+00  0.3195253552817827E+00  0.3823774000776031E+00  0.3860576568819128E+00  0.3484386389477456E+00  0.2855987733278957E+00  0.2082472123173393E+00  0.1294895691902113E+00  0.6131928885016619E-01  0.2179726975119865E-01  0.0000000000000000E+00
  0.0000000000000000E+00 -0.6495841687361030E-01 -0.1749289037287795E+00 -0.2932301589384960E+00 -0.3995256533044854E+00 -0.4665417750322468E+00 -0.4852204830476480E+00 -0.4430010342711743E+00 -0.3408645819091193E+00 -0.1838996511515019E+00  0.6881387785756597E-02  0.2084021205689081E+00  0.3902332637327590E+00  0.5224791433576407E+00  0.5817130424614808E+00  0.5605690239159146E+00  0.4678843055791133E+00  0.3343933953612314E+00  0.1917944759949374E+00  0.8413425428031167E-01  0.0000000000000000E+00
  0.0000000000000000E+00 -0.8207510330529325E-01 -0.2652220218908943E+00 -0.4209400056423877E+00 -0.5573318542926986E+00 -0.6430582847604990E+00 -0.6847550995871737E+00 -0.6699589517378844E+00 -0.6042726011948487E+00 -0.4838654121947689E+00 -0.3202001930860086E+00 -0.1222503369382170E+00  0.8568871721552948E-01  0.2743222966079224E+00  0.4141015272722692E+00  0.4844365431034275E+00  0.4717726801830127E+00  0.3851026227725478E+00  0.2477347389076927E+00  0.1109853411983789E+00  0.0000000000000000E+00
  0.0000000000000000E+00 -0.7590755142758454E-01 -0.3102100434301887E+00 -0.4822166128084557E+00 -0.6395053596106035E+00 -0.7422286641243008E+00 -0.8107504936334861E+00 -0.8286518131490380E+00 -0.8051748207802609E+00 -0.7296078018023128E+00 -0.6061027538744298E+00 -0.4339139164208765E+00 -0.2332693893077378E+00 -0.3693752718429979E-01  0.1246778398677865E+00  0.2391447412794171E+00  0.2943414326301150E+00  0.2805951636233806E+00  0.1960912386580232E+00  0.9408085210020514E-01  0.0000000000000000E+00
  0.0000000000000000E+00 -0.5906462608598271E-01 -0.3010174566357897E+00 -0.4704468419259271E+00 -0.6344269418209647E+00 -0.7449260875168556E+00 -0.8326457010327812E+00 -0.8790470925996642E+00 -0.8980635797311496E+00 -0.8770304032571332E+00 -0.8123806409470911E+00 -0.6878255050033130E+00 -0.5074084796399935E+00 -0.3068738829416383E+00 -0.1355653964353808E+00 -0.1007829162648751E-01  0.7577140367253370E-01  0.1143811197401759E+00  0.8964670501072371E-01  0.5205836976848410E-01  0.0000000000000000E+00
  0.0000000000000000E+00 -0.3651052448871683E-01 -0.2443584616618981E+00 -0.4015175812287258E+00 -0.5622565811782871E+00 -0.6764716047167555E+00 -0.7764877111435621E+00 -0.8430371369340383E+00 -0.8920929725701386E+00 -0.9170515999815143E+00 -0.9147784790874108E+00 -0.8589324792288578E+00 -0.7244415387115162E+00 -0.5265160212429973E+00 -0.3307646168244893E+00 -0.1888811362088256E+00 -0.9204404127381578E-01 -0.2712511718541004E-01 -0.3184552006057191E-02  0.1181240740748139E-01  0.0000000000000000E+00
  0.0000000000000000E+00 -0.7544051294577120E-03 -0.1489638889001396E+00 -0.2902679306224030E+00 -0.4429469474902937E+00 -0.5598633922256598E+00 -0.6677882536284916E+00 -0.7468692652904428E+00 -0.8108143363691118E+00 -0.8613318072367130E+00 -0.9054073611859874E+00 -0.9226303897663689E+00 -0.8647128997801856E+00 -0.7028865403243412E+00 -0.4833853476695678E+00 -0.2970220511818982E+00 -0.1748960124709066E+00 -0.9245670093740101E-01 -0.3806438314864384E-01  0.2153980962822260E-02  0.0000000000000000E+00
  0.0000000000000000E+00  0.5532567010147803E-01 -0.2807889387738759E-01 -0.1495379376465890E+00 -0.2924395410313128E+00 -0.4123095829474727E+00 -0.5274598252904418E+00 -0.6177626305931032E+00 -0.6897659492952162E+00 -0.7485798970068958E+00 -0.8119448029458802E+00 -0.8811903903617474E+00 -0.9092168317196762E+00 -0.8269793581767999E+00 -0.6248724226579894E+00 -0.3902597704034282E+00 -0.2111728416768249E+00 -0.9465055133013127E-01 -0.2110607451352739E-01  0.2277286815386370E-01  0.0000000000000000E+00
  0.0000000000000000E+00  0.1197284087914216E+00  0.9808927519533073E-01  0.8555265887931776E-02 -0.1189765792273425E+00 -0.2376562309180174E+00 -0.3567324939479379E+00 -0.4577836572359761E+00 -0.5397705936112517E+00 -0.6045488690437287E+00 -0.6712041128807267E+00 -0.7629388736949736E+00 -0.8582316209725827E+00 -0.8760656450367373E+00 -0.7477510938205877E+00 -0.5109612190203329E+00 -0.2770836719054162E+00 -0.1068376064533980E+00 -0.4891869180737504E-02  0.4353091192327386E-01  0.0000000000000000E+00
  0.0000000000000000E+00  0.1643993912819784E+00  0.2049968438273418E+00  0.1667996543872713E+00  0.6884945482034693E-01 -0.3783323024300843E-01 -0.1516671617916404E+00 -0.2580958582770552E+00 -0.3520268555684029E+00 -0.4304527636282559E+00 -0.5040114073006138E+00 -0.6029005929823121E+00 -0.7368245442704470E+00 -0.8450737860078925E+00 -0.8229973177057975E+00 -0.6413399229554508E+00 -0.3927390447832619E+00 -0.1768746338807842E+00 -0.3365033372427089E-01  0.3418325926645000E-01  0.0000000000000000E+00
  0.0000000000000000E+00  0.1735720205183870E+00  0.2735031417245019E+00  0.3050734704967245E+00  0.2569375631503539E+00  0.1774277547554624E+00  0.8045188019622686E-01 -0.2169620013835063E-01 -0.1235400572808913E+00 -0.2201643019655284E+00 -0.3125457946347608E+00 -0.4223384306105385E+00 -0.5754620752253585E+00 -0.7501378611879679E+00 -0.8399734741477787E+00 -0.7526520549961776E+00 -0.5307374835931571E+00 -0.2925398683455249E+00 -0.1075555910841010E+00 -0.9665018228383152E-02  0.0000000000000000E+00
  0.0000000000000000E+00  0.1496718160386357E+00  0.2930143032125029E+00  0.4015639821470892E+00  0.4222087151887758E+00  0.3872896102540248E+00  0.3193959139111600E+00  0.2321062333807955E+00  0.1306086321819027E+00  0.1890478098390859E-01 -0.9889720850614794E-01 -0.2307738686027913E+00 -0.3972521174843427E+00 -0.6120500754051054E+00 -0.8011879861544354E+00 -0.8325787401619883E+00 -0.6731948953407063E+00 -0.4340558955906506E+00 -0.2155612067976617E+00 -0.7847481591792822E-01  0.0000000000000000E+00
  0.0000000000000000E+00  0.1035233692902698E+00  0.2622480512461738E+00  0.4362132648042706E+00  0.5353252430208291E+00  0.5619700745361619E+00  0.5363685035253172E+00  0.4738402341693395E+00  0.3811768779987166E+00  0.2616578599474147E+00  0.1207579261354018E+00 -0.3865710887388553E-01 -0.2191030785091533E+00 -0.4509370152192748E+00 -0.7115071124781214E+00 -0.8702832643488455E+00 -0.8111883706083078E+00 -0.5952008107630632E+00 -0.3554495358427798E+00 -0.1655175107046341E+00  0.0000000000000000E+00
  0.0000000000000000E+00  0.4515756954973882E-01  0.1895539236037273E+00  0.3966513647792341E+00  0.5652144657983236E+00  0.6620083956635462E+00  0.6910922953749147E+00  0.6642396909367480E+00  0.5895006539115935E+00  0.4710802962553682E+00  0.3160167405420106E+00  0.1353336313954470E+00 -0.5509589044541260E-01 -0.2837875715865613E+00 -0.5773871796719472E+00 -0.8499580400834211E+00 -0.9271949291479790E+00 -0.7687036851409196E+00 -0.5241170099039095E+00 -0.2676520108128942E+00  0.0000000000000000E+00
  0.0000000000000000E+00 -0.1817518216253699E-01  0.8833690836834335E-01  0.2844778971317413E+00  0.4917831859328073E+00  0.6503677309078535E+00  0.7389441880009346E+00  0.7566543446053434E+00  0.7091028994050635E+00  0.6023952689517692E+00  0.4483459963212231E+00  0.2653918749566101E+00  0.8067008263333253E-01 -0.1235912547765519E+00 -0.4054475355943140E+00 -0.7517869235180565E+00 -0.9871178901950826E+00 -0.9337572609846554E+00 -0.7120656859217332E+00 -0.3819570055725978E+00  0.0000000000000000E+00
  0.0000000000000000E+00 -0.7344444506782537E-01 -0.2351280187325045E-01  0.1240645671851127E+00  0.3241475124467933E+00  0.5112054692932072E+00  0.6441438723503072E+00  0.7056759833426248E+00  0.6941526285406102E+00  0.6162666712917672E+00  0.4885681770096684E+00  0.3338826314892916E+00  0.1800997891066890E+00  0.2152655140356383E-01 -0.2048255199242956E+00 -0.5574710615526924E+00 -0.9373699443239203E+00 -0.1040858891055200E+01 -0.8935500271912739E+00 -0.4977597749135328E+00  0.0000000000000000E+00
  0.0000000000000000E+00 -0.7647356684468407E-01 -0.7356017757062705E-01  0.1485069465164512E-01  0.1648557378252269E+00  0.3293652260415421E+00  0.4673468528828945E+00  0.5532385183280054E+00  0.5778627531441342E+00  0.5440426026292509E+00  0.4664566826209678E+00  0.3641158610563329E+00  0.2593587149576684E+00  0.1550200011050279E+00  0.1073876204191989E-01 -0.2671147688076611E+00 -0.7162568850734199E+00 -0.9949844892342695E+00 -0.9986433934951526E+00 -0.5762463010499386E+00  0.0000000000000000E+00
  0.0000000000000000E+00  0.2224046081822630E-01  0.8640962967828870E-01  0.1615339740117334E+00  0.2527409977842598E+00  0.3542798483567800E+00  0.4483518221373336E+00  0.5160188985400888E+00  0.5458976683695925E+00  0.5357291562145513E+00  0.4941011980568264E+00  0.4327696850948541E+00  0.3683018423804065E+00  0.3039626878733599E+00  0.2316770935804858E+00  0.8217205269428947E-01 -0.2940088786344210E+00 -0.6570894693257368E+00 -0.8693740974230971E+00 -0.5154532567653882E+00  0.0000000000000000E+00
  0.0000000000000000E+00  0.4264161517957409E+00  0.5526300625379725E+00  0.6116984097212482E+00  0.6367155912452666E+00  0.6550521881884284E+00  0.6720133211830498E+00  0.6818347239985962E+00  0.6784930790350751E+00  0.6591076949679021E+00  0.6278779244469493E+00  0.5883171908978312E+00  0.5512246452443608E+00  0.5125422550963291E+00  0.4883203142191211E+00  0.4418051891259097E+00  0.2962373133175054E+00  0.1216721364396273E+00 -0.1532516999495407E+00 -0.4514062139115180E-01  0.0000000000000000E+00
  0.3000000000000000E+01  0.1742992005431004E+01  0.1428519442064371E+01  0.1326438744847989E+01  0.1342594224048460E+01  0.1389123283791495E+01  0.1432311858588184E+01  0.1470514726544300E+01  0.1510418431264367E+01  0.1558406071310845E+01  0.1610467424715978E+01  0.1667818112401361E+01  0.1714627906647324E+01  0.1766335922584373E+01  0.1766716150923122E+01  0.1756756485316560E+01  0.1817279181413063E+01  0.1977894121355382E+01  0.2590381002425525E+01  0.2619968607408067E+01  0.3000000000000000E+01
