  0.0000000000000000E+00  0.8654700792223233E-02  0.1992272631307307E-01  0.5924968844394385E-01  0.1071922722162758E+00  0.1319064299279278E+00  0.9162678716533512E-01 -0.4129661339433505E-01 -0.2526138272131777E+00 -0.4947783889816803E+00 -0.6996073313566935E+00 -0.7966006372726560E+00 -0.7512451621863907E+00 -0.6069318851456597E+00 -0.4337108221072737E+00 -0.2730296134741214E+00 -0.1418319332252329E+00 -0.4649270662468663E-01  0.9591481668143165E-02  0.1721756041093570E-01  0.0000000000000000E+00
  0.0000000000000000E+00 -0.2330912953711971E-01 -0.5880421184195956E-01 -0.1066228368513803E+00 -0.1535476408519288E+00 -0.1806491679174710E+00 -0.1704568650194228E+00 -0.1098133525815851E+00 -0.4373439268244189E-02  0.1276686663985881E+00  0.2565865896635060E+00  0.3516559090444498E+00  0.3917023132504880E+00  0.3817692514736159E+00  0.3382708276775522E+00  0.2736724429197933E+00  0.1973172955827127E+00  0.1218168344781335E+00  0.5755177890212321E-01  0.2175249769012218E-01  0.0000000000000000E+00
  0.0000000000000000E+00 -0.6127268781913589E-01 -0.1564899092128056E+00 -0.2606188221101971E+00 -0.3534506503395107E+00 -0.4100410738244852E+00 -0.4197438078929334E+00 -0.3707366711390904E+00 -0.2657341450179102E+00 -0.1117723897859159E+00  0.7015243763382455E-01  0.2583670898606936E+00  0.4238617775650733E+00  0.5383758692751880E+00  0.5811016609253828E+00  0.5479877152852585E+00  0.4501199535229053E+00  0.3189577968097139E+00  0.1822468183745128E+00  0.8247505348130224E-01  0.0000000000000000E+00
  0.0000000000000000E+00 -0.8159362041102459E-01 -0.2495646870951100E+00 -0.3972705632502735E+00 -0.5278641559841774E+00 -0.6109921040369226E+00 -0.6495784869299243E+00 -0.6313065186794721E+00 -0.5622069791246530E+00 -0.4393983175247773E+00 -0.2752239503267285E+00 -0.7933670817645189E-01  0.1231837436841813E+00  0.3031442216154632E+00  0.4316664771489561E+00  0.4898261645412580E+00  0.4669827973771341E+00  0.3766780963957957E+00  0.2408900105604911E+00  0.1113380973819217E+00  0.0000000000000000E+00
  0.0000000000000000E+00 -0.7803678899358370E-01 -0.3028142224238677E+00 -0.4732863045036780E+00 -0.6299001794948436E+00 -0.7335174387059292E+00 -0.8010456344055000E+00 -0.8162676720521000E+00 -0.7879339834020863E+00 -0.7056018012880170E+00 -0.5752207215816079E+00 -0.3986731533248386E+00 -0.1987607773549659E+00 -0.6796941515894714E-02  0.1494417308045795E+00  0.2572678342119776E+00  0.3040239799445770E+00  0.2841755285268773E+00  0.1973292698921560E+00  0.9753511535514660E-01  0.0000000000000000E+00
  0.0000000000000000E+00 -0.6280697120323946E-01 -0.3052335444081450E+00 -0.4788634958004493E+00 -0.6469887544964481E+00 -0.7618017052805613E+00 -0.8523030517563597E+00 -0.8994387255683595E+00 -0.9160293579554383E+00 -0.8873608485234549E+00 -0.8104026796713737E+00 -0.6722484471113535E+00 -0.4837994885788309E+00 -0.2826912323641307E+00 -0.1133641345818001E+00  0.1068861505456268E-01  0.9288277372174963E-01  0.1266976180041323E+00  0.9786578093545380E-01  0.5836051181606364E-01  0.0000000000000000E+00
  0.0000000000000000E+00 -0.4155723055202117E-01 -0.2578150301354789E+00 -0.4213126644686365E+00 -0.5872823735665735E+00 -0.7055856153076846E+00 -0.8089785532433784E+00 -0.8779937173466794E+00 -0.9281049328784268E+00 -0.9494816263750012E+00 -0.9367689992676879E+00 -0.8641010472536551E+00 -0.7138428816769886E+00 -0.5087907645717231E+00 -0.3132739674898539E+00 -0.1716386650883465E+00 -0.7497228015625741E-01 -0.1254863568818323E-01  0.6915437391045356E-02  0.1848606462234066E-01  0.0000000000000000E+00
  0.0000000000000000E+00 -0.8374567095191677E-02 -0.1685568513357654E+00 -0.3166086867063477E+00 -0.4741298517798716E+00 -0.5942508154747885E+00 -0.7054344907060456E+00 -0.7877978903537264E+00 -0.8554515443747439E+00 -0.9073096569874004E+00 -0.9467357795694891E+00 -0.9500338531732441E+00 -0.8727456263497754E+00 -0.6957436575358340E+00 -0.4714309151785580E+00 -0.2856133869300788E+00 -0.1636306133815105E+00 -0.8240733050252455E-01 -0.3172429090525379E-01  0.5652935231275000E-02  0.0000000000000000E+00
  0.0000000000000000E+00  0.4500762309568536E-01 -0.4995080022015062E-01 -0.1788156156554650E+00 -0.3260034854192866E+00 -0.4483305363547420E+00 -0.5658934977671711E+00 -0.6584350644152257E+00 -0.7336771156451866E+00 -0.7956195302316168E+00 -0.8594770016725145E+00 -0.9217759147691205E+00 -0.9343298049670814E+00 -0.8340338111797920E+00 -0.6206312785305037E+00 -0.3838114044454198E+00 -0.2061392704026640E+00 -0.9136378657795198E-01 -0.2041483007355570E-01  0.2209988371684491E-01  0.0000000000000000E+00
  0.0000000000000000E+00  0.1109341673911874E+00  0.7857004403781352E-01 -0.2059257767385356E-01 -0.1534641776637646E+00 -0.2752154792493318E+00 -0.3969981027885405E+00 -0.4999322903672888E+00 -0.5838042875098985E+00 -0.6503364595193233E+00 -0.7180841130103657E+00 -0.8070994956430528E+00 -0.8928795967883196E+00 -0.8955374781268649E+00 -0.7532592763863259E+00 -0.5093684042676683E+00 -0.2750141323168211E+00 -0.1067189242549169E+00 -0.6851894377625275E-02  0.4081393502834323E-01  0.0000000000000000E+00
  0.0000000000000000E+00  0.1618717588913013E+00  0.1920240870448558E+00  0.1412178155842748E+00  0.3516939362374587E-01 -0.7637701362907656E-01 -0.1942394571693430E+00 -0.3032424832543712E+00 -0.3983352959810826E+00 -0.4765738594641640E+00 -0.5490778613397496E+00 -0.6453150291137797E+00 -0.7733214728660450E+00 -0.8708525332812417E+00 -0.8364863987100847E+00 -0.6455075349122793E+00 -0.3929946365803992E+00 -0.1771236855050938E+00 -0.3505025405212367E-01  0.3205083062685348E-01  0.0000000000000000E+00
  0.0000000000000000E+00  0.1782263865996637E+00  0.2695582371189855E+00  0.2867030671484164E+00  0.2271781517367102E+00  0.1404127830876797E+00  0.3805060317682430E-01 -0.6745108029454262E-01 -0.1704772087451479E+00 -0.2660829726673277E+00 -0.3555662822804579E+00 -0.4609624751081659E+00 -0.6089337239215934E+00 -0.7761743613064448E+00 -0.8568969230941191E+00 -0.7610404013302575E+00 -0.5337486088069573E+00 -0.2934999113384116E+00 -0.1082633865858737E+00 -0.1067205906449513E-01  0.0000000000000000E+00
  0.0000000000000000E+00  0.1596354628247288E+00  0.2986775523617849E+00  0.3937577585895110E+00  0.4007925123394343E+00  0.3561797926941311E+00  0.2816382523832541E+00  0.1903742204904487E+00  0.8739865144143887E-01 -0.2320922753571895E-01 -0.1374821651340913E+00 -0.2639054816167979E+00 -0.4250334546015260E+00 -0.6341491335954729E+00 -0.8172994503474283E+00 -0.8422795694085753E+00 -0.6778720764292090E+00 -0.4360760661819526E+00 -0.2164051220320111E+00 -0.7903813204639422E-01  0.0000000000000000E+00
  0.0000000000000000E+00  0.1162800999315008E+00  0.2763761050572330E+00  0.4416279890021758E+00  0.5277089331669773E+00  0.5430787975010432E+00  0.5094628540889446E+00  0.4422335128506819E+00  0.3478169652297264E+00  0.2292904982829242E+00  0.9166715720682819E-01 -0.6296884777489764E-01 -0.2391959697806795E+00 -0.4667615517004565E+00 -0.7238587913358443E+00 -0.8788671780727644E+00 -0.8159637740512495E+00 -0.5976762736071833E+00 -0.3565464517898285E+00 -0.1660390204807184E+00  0.0000000000000000E+00
  0.0000000000000000E+00  0.5845501454618793E-01  0.2090155115747742E+00  0.4154698023123088E+00  0.5755954308146932E+00  0.6620178418805496E+00  0.6825283679868059E+00  0.6502694597675970E+00  0.5732915779472638E+00  0.4553270987324862E+00  0.3024324442801258E+00  0.1241052817201997E+00 -0.6552243243886612E-01 -0.2926351109916936E+00 -0.5848555980910017E+00 -0.8560552880620100E+00 -0.9310557747663892E+00 -0.7709774086995994E+00 -0.5251860161822549E+00 -0.2681547947554606E+00  0.0000000000000000E+00
  0.0000000000000000E+00 -0.6433907261898261E-02  0.1092547305285161E+00  0.3135800527886493E+00  0.5209908351546499E+00  0.6741298167935375E+00  0.7559104337882532E+00  0.7682820309220171E+00  0.7177529086853918E+00  0.6099920894855825E+00  0.4553963738257664E+00  0.2704103356416088E+00  0.8115494933379296E-01 -0.1259568243591564E+00 -0.4087122067001157E+00 -0.7554146927550358E+00 -0.9897934107142583E+00 -0.9355889178519105E+00 -0.7129126224373427E+00 -0.3823850396690610E+00  0.0000000000000000E+00
  0.0000000000000000E+00 -0.6620950710107379E-01 -0.6119205486890411E-02  0.1548262664264201E+00  0.3640161303865740E+00  0.5542775221770208E+00  0.6861983244752230E+00  0.7448499398296706E+00  0.7299785894347183E+00  0.6483162447781108E+00  0.5154758697494127E+00  0.3532274748240868E+00  0.1896907121993488E+00  0.2368115133653448E-01 -0.2058124243864559E+00 -0.5598182709325267E+00 -0.9393259900142882E+00 -0.1042394402443583E+01 -0.8941960142643258E+00 -0.4980977780445149E+00  0.0000000000000000E+00
  0.0000000000000000E+00 -0.7708016193611117E-01 -0.6826670852853485E-01  0.3152221723633518E-01  0.1939364655937314E+00  0.3679617200373858E+00  0.5112441182323827E+00  0.5985773514271827E+00  0.6215216287687638E+00  0.5832281055070219E+00  0.4984943615368261E+00  0.3866959758107312E+00  0.2712442776217249E+00  0.1580990212113502E+00  0.9783349321608627E-02 -0.2696201969471156E+00 -0.7182248435031394E+00 -0.9965364792176183E+00 -0.9992457338578493E+00 -0.5765386471209021E+00  0.0000000000000000E+00
  0.0000000000000000E+00  0.1659284579740595E-01  0.8074771794439610E-01  0.1595691890837792E+00  0.2588657258001004E+00  0.3696515297257671E+00  0.4713507202382712E+00  0.5435938412949245E+00  0.5746066537288914E+00  0.5622140535989260E+00  0.5155322904235277E+00  0.4472579067172373E+00  0.3753231848756293E+00  0.3046901299166061E+00  0.2295868091576124E+00  0.7911778915359517E-01 -0.2961356090710527E+00 -0.6586686408610508E+00 -0.8700232612972135E+00 -0.5157530398570939E+00  0.0000000000000000E+00
  0.0000000000000000E+00  0.4241996718480863E+00  0.5484411648239540E+00  0.6077319470817917E+00  0.6353848625886903E+00  0.6577526794999560E+00  0.6787714997255849E+00  0.6915132528293761E+00  0.6892986670710763E+00  0.6691793501315841E+00  0.6357858445455983E+00  0.5933290297222936E+00  0.5532166642048811E+00  0.5121658091578603E+00  0.4867719459687462E+00  0.4400644199083991E+00  0.2952000926841328E+00  0.1208212487345650E+00 -0.1536750342505395E+00 -0.4534375770835146E-01  0.0000000000000000E+00
  0.3000000000000000E+01  0.1743993830253147E+01  0.1435424223472534E+01  0.1336373347838404E+01  0.1352711138034030E+01  0.1396393491225899E+01  0.1435036221061516E+01  0.1469054082806796E+01  0.1506710652515663E+01  0.1554676003204173E+01  0.1608174756786733E+01  0.1667270817550357E+01  0.1715673192260986E+01  0.1768192702443025E+01  0.1769270971251374E+01  0.1758924529428398E+01  0.1818264112876549E+01  0.1978867612935254E+01  0.2591001841454405E+01  0.2620278233267961E+01  0.3000000000000000E+01
