  0.0000000000000000E+00  0.5241384549989528E-02  0.2073247573568296E-01  0.7210885167379938E-01  0.1407553766436135E+00  0.1974747280585489E+00  0.1968442819654528E+00  0.9532519511891718E-01 -0.1028295669507502E+00 -0.3566182873805181E+00 -0.5984933438384383E+00 -0.7506851847222283E+00 -0.7573843087941179E+00 -0.6360682681551081E+00 -0.4638417310982259E+00 -0.2963509153587185E+00 -0.1568877612322440E+00 -0.5403489099541570E-01  0.7919226285194175E-02  0.1880817539245169E-01  0.0000000000000000E+00
  0.0000000000000000E+00 -0.2334806274372435E-01 -0.6512674517234897E-01 -0.1216651736195827E+00 -0.1799792577000235E+00 -0.2212420466533848E+00 -0.2272774891871098E+00 -0.1793854351176401E+00 -0.7930213763274920E-01  0.5760843438792409E-01  0.2018307229117339E+00  0.3197489133076495E+00  0.3826155327890551E+00  0.3862839939781792E+00  0.3486375980160336E+00  0.2857620957476766E+00  0.2083647095721317E+00  0.1295532771220130E+00  0.6133354398598245E-01  0.2178791419124200E-01  0.0000000000000000E+00
  0.0000000000000000E+00 -0.6480280368118352E-01 -0.1746477597813640E+00 -0.2928866691849487E+00 -0.3991823964564570E+00 -0.4662514119016056E+00 -0.4849881855958766E+00 -0.4428311102340031E+00 -0.3407359798489978E+00 -0.1837929842167458E+00  0.6998824896763445E-02  0.2085615552007203E+00  0.3904622895730473E+00  0.5227837137794294E+00  0.5820710629498749E+00  0.5609353718843114E+00  0.4682063674841511E+00  0.3346249403706232E+00  0.1919198582431415E+00  0.8417191796617769E-01  0.0000000000000000E+00
  0.0000000000000000E+00 -0.8196318355604242E-01 -0.2649586373631733E+00 -0.4206740160045971E+00 -0.5571109910311574E+00 -0.6429162718095087E+00 -0.6846755234303110E+00 -0.6699322471370946E+00 -0.6042761834271249E+00 -0.4838862626140127E+00 -0.3202215858473268E+00 -0.1222438693232067E+00  0.8575555511192443E-01  0.2744774156602908E+00  0.4143453763821255E+00  0.4847473212892167E+00  0.4721055582394995E+00  0.3853913363521012E+00  0.2479306990099900E+00  0.1110428750165127E+00  0.0000000000000000E+00
  0.0000000000000000E+00 -0.7586685884718608E-01 -0.3100633567639551E+00 -0.4821297945076151E+00 -0.6394790582937754E+00 -0.7422919056504099E+00 -0.8108667625082214E+00 -0.8288064565512866E+00 -0.8053361838279317E+00 -0.7297683304377879E+00 -0.6062589236933169E+00 -0.4340516977160315E+00 -0.2333603735210082E+00 -0.3695422826915613E-01  0.1247384490081375E+00  0.2392765039698989E+00  0.2945312315825171E+00  0.2807974701311758E+00  0.1962486841128679E+00  0.9412629399605356E-01  0.0000000000000000E+00
  0.0000000000000000E+00 -0.5906701580749952E-01 -0.3010226236987610E+00 -0.4705491741849319E+00 -0.6346130207252815E+00 -0.7452107026940287E+00 -0.8329880340381416E+00 -0.8794097724426401E+00 -0.8984073668651252E+00 -0.8773380889206588E+00 -0.8126688430323783E+00 -0.6881010035883292E+00 -0.5076528130427221E+00 -0.3070504589990898E+00 -0.1356726341794444E+00 -0.1012980669368941E-01  0.7578082823149269E-01  0.1144363165543172E+00  0.8970080270898768E-01  0.5207216644943332E-01  0.0000000000000000E+00
  0.0000000000000000E+00 -0.3654408940442059E-01 -0.2444990886978828E+00 -0.4017731192212421E+00 -0.5626209472513124E+00 -0.6769512296152445E+00 -0.7770410443853951E+00 -0.8436045959643722E+00 -0.8926146369013288E+00 -0.9174889038695349E+00 -0.9151525526069019E+00 -0.8592861906712441E+00 -0.7247847348665397E+00 -0.5268085962929898E+00 -0.3309841038138721E+00 -0.1890540314639148E+00 -0.9217051335219111E-01 -0.2719961129435632E-01 -0.3226778966011691E-02  0.1178657770397757E-01  0.0000000000000000E+00
  0.0000000000000000E+00 -0.8258184977644242E-03 -0.1491953616876434E+00 -0.2906161766813853E+00 -0.4434257694183755E+00 -0.5604747802309021E+00 -0.6685045688070061E+00 -0.7476127574108965E+00 -0.8115075147112745E+00 -0.8618987120042995E+00 -0.9058472430717677E+00 -0.9230080480978191E+00 -0.8650876328503919E+00 -0.7032401846862207E+00 -0.4836660297402916E+00 -0.2972396879531402E+00 -0.1750710965656004E+00 -0.9258165959095936E-01 -0.3813827703723512E-01  0.2121084005657454E-02  0.0000000000000000E+00
  0.0000000000000000E+00  0.5523223947816858E-01 -0.2832253493882045E-01 -0.1499013750128609E+00 -0.2929379074753948E+00 -0.4129510256639827E+00 -0.5282323360290391E+00 -0.6185916017434603E+00 -0.6905673601256656E+00 -0.7492507820311383E+00 -0.8124354472140937E+00 -0.8815538461357304E+00 -0.9095544771022341E+00 -0.8273286321309418E+00 -0.6251786505639635E+00 -0.3904885587515204E+00 -0.2113396169804648E+00 -0.9475499615790407E-01 -0.2115238813679538E-01  0.2276667469067639E-01  0.0000000000000000E+00
  0.0000000000000000E+00  0.1196927782221944E+00  0.9793292718603924E-01  0.8275568887332722E-02 -0.1193824531578389E+00 -0.2381924776952546E+00 -0.3574046434447258E+00 -0.4585381068419749E+00 -0.5405435636929404E+00 -0.6052394038518316E+00 -0.6717189645991659E+00 -0.7632776325308561E+00 -0.8584950199448464E+00 -0.8763477704445869E+00 -0.7480379061495861E+00 -0.5111941415402189E+00 -0.2772541492834407E+00 -0.1069325869798736E+00 -0.4918344846044321E-02  0.4354321221113012E-01  0.0000000000000000E+00
  0.0000000000000000E+00  0.1644795360135384E+00  0.2050030944932656E+00  0.1666937414448507E+00  0.6863869884538534E-01 -0.3813851207307981E-01 -0.1520803067710532E+00 -0.2585963100584626E+00 -0.3525859198014519E+00 -0.4310067042985398E+00 -0.5044626427925889E+00 -0.6031960102605640E+00 -0.7370110977935878E+00 -0.8452609543415036E+00 -0.8232207299588639E+00 -0.6415475156196701E+00 -0.3929149789011270E+00 -0.1769950879714485E+00 -0.3369844655205011E-01  0.3417786321049227E-01  0.0000000000000000E+00
  0.0000000000000000E+00  0.1737482189167952E+00  0.2736862584526633E+00  0.3051904502204906E+00  0.2569845745715851E+00  0.1774265712608672E+00  0.8039023406629453E-01 -0.2182558383353903E-01 -0.1237441706580242E+00 -0.2204273635310625E+00 -0.3128049637267175E+00 -0.4225341364110754E+00 -0.5755747558948260E+00 -0.7502397884093751E+00 -0.8401248495846079E+00 -0.7528131124629350E+00 -0.5308912036972381E+00 -0.2926799149180408E+00 -0.1076371840342342E+00 -0.9704367915117857E-02  0.0000000000000000E+00
  0.0000000000000000E+00  0.1498854761530957E+00  0.2933291970050758E+00  0.4018951026402329E+00  0.4225228125786751E+00  0.3875994561275941E+00  0.3196930801405549E+00  0.2323671812729383E+00  0.1308012581531581E+00  0.1900551420138861E-01 -0.9887105355266490E-01 -0.2308004810760734E+00 -0.3972823846771642E+00 -0.6120905675627727E+00 -0.8012899774261844E+00 -0.8327055308921962E+00 -0.6733157700374914E+00 -0.4341943855989672E+00 -0.2156645521977621E+00 -0.7853634837029061E-01  0.0000000000000000E+00
  0.0000000000000000E+00  0.1037211119477896E+00  0.2626114615770820E+00  0.4366951661739178E+00  0.5358654947231473E+00  0.5625520339142731E+00  0.5369762188567277E+00  0.4744407388292814E+00  0.3817257015709014E+00  0.2621053632778908E+00  0.1210829078963210E+00 -0.3848458779568659E-01 -0.2190425690127265E+00 -0.4509432344464276E+00 -0.7115946237112625E+00 -0.8704114730519107E+00 -0.8112921763728986E+00 -0.5953303768205441E+00 -0.3555600998844898E+00 -0.1655849901288752E+00  0.0000000000000000E+00
  0.0000000000000000E+00  0.4530331687156986E-01  0.1898743262558590E+00  0.3971732020044096E+00  0.5658829642492660E+00  0.6627768456724621E+00  0.6919237790611553E+00  0.6650895050123600E+00  0.5903152815711594E+00  0.4717939350891210E+00  0.3165749586172671E+00  0.1356688746527735E+00 -0.5496231419964755E-01 -0.2837836909852309E+00 -0.5774949756417679E+00 -0.8501289849448946E+00 -0.9273164103193500E+00 -0.7688303834190434E+00 -0.5242281486313636E+00 -0.2677171587503283E+00  0.0000000000000000E+00
  0.0000000000000000E+00 -0.1810878023166188E-01  0.8854404215205267E-01  0.2849064513301066E+00  0.4924285113849688E+00  0.6511825097050117E+00  0.7398719318027823E+00  0.7576290483766029E+00  0.7100548629608919E+00  0.6032387264235680E+00  0.4490016726202580E+00  0.2657802568570756E+00  0.8081767336368688E-01 -0.1236051809450685E+00 -0.4055903125093357E+00 -0.7520300178288012E+00 -0.9872953960048508E+00 -0.9338990205603972E+00 -0.7121770267652852E+00 -0.3820196016327875E+00  0.0000000000000000E+00
  0.0000000000000000E+00 -0.7347889707445096E-01 -0.2347960573485235E-01  0.1242621184258362E+00  0.3245669348322503E+00  0.5118378758023754E+00  0.6449372795738768E+00  0.7065497056027027E+00  0.6950127112535464E+00  0.6170087039397145E+00  0.4891028793998479E+00  0.3341567465061899E+00  0.1801610778459397E+00  0.2146188815149323E-01 -0.2049955110715138E+00 -0.5577747357841167E+00 -0.9376281115357140E+00 -0.1041035315225100E+01 -0.8936662487929394E+00 -0.4978211031883912E+00  0.0000000000000000E+00
  0.0000000000000000E+00 -0.7660329017751823E-01 -0.7372980426585532E-01  0.1472854942550873E-01  0.1648727520970223E+00  0.3295567012160926E+00  0.4676931369724789E+00  0.5536736948939327E+00  0.5782991226447489E+00  0.5443856605375139E+00  0.4666410014429733E+00  0.3641206574152563E+00  0.2592440357637791E+00  0.1548670382018728E+00  0.1056725071271094E-01 -0.2674229519093425E+00 -0.7165706705435880E+00 -0.9952097127194079E+00 -0.9987677543983565E+00 -0.5763108202060467E+00  0.0000000000000000E+00
  0.0000000000000000E+00  0.2209553755618667E-01  0.8620660461164407E-01  0.1612616766910859E+00  0.2524694378466307E+00  0.3540709926103061E+00  0.4482286834645082E+00  0.5159624459805596E+00  0.5458585976389672E+00  0.5356516464709129E+00  0.4939462658353836E+00  0.4325356483886689E+00  0.3680333934060611E+00  0.3037266599892349E+00  0.2315147354531722E+00  0.8193892541034779E-01 -0.2942906927208678E+00 -0.6573281054151232E+00 -0.8695101672950408E+00 -0.5155239530607401E+00  0.0000000000000000E+00
  0.0000000000000000E+00  0.4263673733842461E+00  0.5525168975609165E+00  0.6115217595780834E+00  0.6365006989079989E+00  0.6548305808633259E+00  0.6718074360642169E+00  0.6816483090149897E+00  0.6783141472069523E+00  0.6589162150529614E+00  0.6276616557378524E+00  0.5880764370413479E+00  0.5509813670648807E+00  0.5123254403462607E+00  0.4881788066901167E+00  0.4416726182526021E+00  0.2961189521102136E+00  0.1215428867817748E+00 -0.1533380928295061E+00 -0.4520006447825597E-01  0.0000000000000000E+00
  0.3000000000000000E+01  0.1742993417403448E+01  0.1428655911928895E+01  0.1326696397956836E+01  0.1342967341122634E+01  0.1389579250020328E+01  0.1432806375271858E+01  0.1471017518935590E+01  0.1510916156018110E+01  0.1558903001312029E+01  0.1610961298621826E+01  0.1668306337264625E+01  0.1715089292211419E+01  0.1766750338950453E+01  0.1766978315382822E+01  0.1756921070652541E+01  0.1817352450948491E+01  0.1978043234239553E+01  0.2590504111193477E+01  0.2620076240374028E+01  0.3000000000000000E+01
