  0.0000000000000000E+00  0.5433623700707810E-02  0.2106328089411943E-01  0.7270427812508223E-01  0.1416551682586952E+00  0.1985918545050958E+00  0.1980971337340475E+00  0.9664099481216315E-01 -0.1014200447305474E+00 -0.3551251833000321E+00 -0.5969523595111053E+00 -0.7492240049171549E+00 -0.7561857652320709E+00 -0.6352658046986919E+00 -0.4633955468893367E+00 -0.2961822859773476E+00 -0.1569254830128496E+00 -0.5422849029508348E-01  0.7647924758202640E-02  0.1861185021738862E-01  0.0000000000000000E+00
  0.0000000000000000E+00 -0.2354129799135015E-01 -0.6545314564682907E-01 -0.1221334958561531E+00 -0.1805516656815333E+00 -0.2218594919517041E+00 -0.2279096216040410E+00 -0.1800133784985342E+00 -0.7995059858827679E-01  0.5692847675156700E-01  0.2011161307921667E+00  0.3190267442386427E+00  0.3819369461607862E+00  0.3856958097446325E+00  0.3481480245526606E+00  0.2853796552999154E+00  0.2081049957258343E+00  0.1294309685755885E+00  0.6132930298969119E-01  0.2182772494053511E-01  0.0000000000000000E+00
  0.0000000000000000E+00 -0.6519027027334263E-01 -0.1752961560463678E+00 -0.2936962094433772E+00 -0.3999998287859046E+00 -0.4669866213500165E+00 -0.4856317310780754E+00 -0.4433991406834394E+00 -0.3412718404953778E+00 -0.1843397530453311E+00  0.6396032865394892E-02  0.2078562277987731E+00  0.3896250732502877E+00  0.5218216245352056E+00  0.5810485267686452E+00  0.5599566799223986E+00  0.4673895041646531E+00  0.3340644154316820E+00  0.1916358337272762E+00  0.8409502503899395E-01  0.0000000000000000E+00
  0.0000000000000000E+00 -0.8225325107212891E-01 -0.2655722923296319E+00 -0.4212943962373597E+00 -0.5576334538640199E+00 -0.6432714252819951E+00 -0.6849145324612086E+00 -0.6700867022144862E+00 -0.6044097042724792E+00 -0.4840327460323424E+00 -0.3204181955205814E+00 -0.1225367165792120E+00  0.8531500998925608E-01  0.2738503904133092E+00  0.4135393932215653E+00  0.4838238080105117E+00  0.4711781844319788E+00  0.3846217116442327E+00  0.2474253179014000E+00  0.1108989985418481E+00  0.0000000000000000E+00
  0.0000000000000000E+00 -0.7599048451326014E-01 -0.3103948875365884E+00 -0.4823256700582902E+00 -0.6395194570703667E+00 -0.7421366461147167E+00 -0.8105897123497073E+00 -0.8284605509686339E+00 -0.8049937414737084E+00 -0.7294732269750236E+00 -0.6060279958529158E+00 -0.4339162477232436E+00 -0.2333512794265707E+00 -0.3710533931036838E-01  0.1244239559443737E+00  0.2388024956407557E+00  0.2939379666533096E+00  0.2802073363075931E+00  0.1958055402263291E+00  0.9400000901407549E-01  0.0000000000000000E+00
  0.0000000000000000E+00 -0.5908556320008640E-01 -0.3010098512021497E+00 -0.4703122437203819E+00 -0.6341757803501782E+00 -0.7445519799681105E+00 -0.8321912838833486E+00 -0.8785529096576615E+00 -0.8975791368717917E+00 -0.8765978701165384E+00 -0.8120194885868117E+00 -0.6875497268721853E+00 -0.5072225029525507E+00 -0.3067676004962208E+00 -0.1355183149042458E+00 -0.1009450462918258E-01  0.7566998058734654E-01  0.1142252077143729E+00  0.8951677056693719E-01  0.5202157953224491E-01  0.0000000000000000E+00
  0.0000000000000000E+00 -0.3649297316822207E-01 -0.2441885566630387E+00 -0.4012088278140686E+00 -0.5618061690206676E+00 -0.6758912109812011E+00 -0.7758025573793305E+00 -0.8423045214831504E+00 -0.8913603717202701E+00 -0.9163790765720999E+00 -0.9141843871956613E+00 -0.8584291909565678E+00 -0.7240366476178055E+00 -0.5262110666185364E+00 -0.3305202696620138E+00 -0.1886620657587106E+00 -0.9188206045584131E-01 -0.2703999402562122E-01 -0.3138384751101957E-02  0.1184763961726499E-01  0.0000000000000000E+00
  0.0000000000000000E+00 -0.6943325035788625E-03 -0.1486985829267366E+00 -0.2898669321045031E+00 -0.4423955936211103E+00 -0.5591735863760302E+00 -0.6669733759235088E+00 -0.7459874693432188E+00 -0.8099210634445895E+00 -0.8604980428343328E+00 -0.9046659091343948E+00 -0.9219791410024960E+00 -0.8641540523497906E+00 -0.7024418794051732E+00 -0.4830466215236311E+00 -0.2967230028525056E+00 -0.1746234263428191E+00 -0.9225051001183443E-01 -0.3793742443090431E-01  0.2215690715345302E-02  0.0000000000000000E+00
  0.0000000000000000E+00  0.5540743662637903E-01 -0.2780795342931227E-01 -0.1491330675215171E+00 -0.2918835969099538E+00 -0.4116131386476403E+00 -0.5266165054477020E+00 -0.6168299984366077E+00 -0.6887981691714710E+00 -0.7476636437471444E+00 -0.8111362364838367E+00 -0.8804871277879657E+00 -0.9085909785818840E+00 -0.8264459556867537E+00 -0.6244698914214679E+00 -0.3899628362763078E+00 -0.2109321568747904E+00 -0.9447906182411400E-01 -0.2102006603431159E-01  0.2279284401493421E-01  0.0000000000000000E+00
  0.0000000000000000E+00  0.1197462125652182E+00  0.9825918092405156E-01  0.8869551751240067E-02 -0.1185156697549453E+00 -0.2370587314277352E+00 -0.3559822358087055E+00 -0.4569211434936843E+00 -0.5388424223847624E+00 -0.6036370801649878E+00 -0.6703951333205831E+00 -0.7622547350752404E+00 -0.8576293392353694E+00 -0.8755195123177868E+00 -0.7473018056813234E+00 -0.5106414383549155E+00 -0.2768622548778585E+00 -0.1067156271670318E+00 -0.4862827863843769E-02  0.4350460150140621E-01  0.0000000000000000E+00
  0.0000000000000000E+00  0.1642924732040144E+00  0.2049897005054565E+00  0.1669361024360629E+00  0.6912806252244819E-01 -0.3743622285092126E-01 -0.1511316981938420E+00 -0.2574418042609951E+00 -0.3512790487215363E+00 -0.4296699774499647E+00 -0.5032847726794556E+00 -0.6022857471589949E+00 -0.7363003868416375E+00 -0.8445869410456232E+00 -0.8225569438341922E+00 -0.6409994405749466E+00 -0.3924882799643382E+00 -0.1767207818603654E+00 -0.3360210516547266E-01  0.3417251694146025E-01  0.0000000000000000E+00
  0.0000000000000000E+00  0.1733617996126065E+00  0.2733015427043903E+00  0.3049784900369598E+00  0.2569678613207365E+00  0.1775537789156247E+00  0.8068476584669100E-01 -0.2135703411447007E-01 -0.1230979562760515E+00 -0.2196439818434875E+00 -0.3120149322252857E+00 -0.4218559799160835E+00 -0.5750443480926463E+00 -0.7497424138499321E+00 -0.8395818297565354E+00 -0.7523265442026714E+00 -0.5304769874321649E+00 -0.2923338715452765E+00 -0.1074462917154457E+00 -0.9619830486658064E-02  0.0000000000000000E+00
  0.0000000000000000E+00  0.1494192172416082E+00  0.2926584295650554E+00  0.4012289953593713E+00  0.4219579798262887E+00  0.3871101304661424E+00  0.3192898871125494E+00  0.2320815430509310E+00  0.1306771903078824E+00  0.1907194841877893E-01 -0.9866449817463327E-01 -0.2304993290767157E+00 -0.3969695677529465E+00 -0.6117522691626051E+00 -0.8008515809790904E+00 -0.8322728921216579E+00 -0.6729528209596397E+00 -0.4338261762987646E+00 -0.2154044374091849E+00 -0.7838621524833593E-01  0.0000000000000000E+00
  0.0000000000000000E+00  0.1032850947944091E+00  0.2618178694119495E+00  0.4356786421540227E+00  0.5347931258697728E+00  0.5614711809564522E+00  0.5359138252160167E+00  0.4734422155859768E+00  0.3808545045400579E+00  0.2614351370013630E+00  0.1206387189800827E+00 -0.3864619715528211E-01 -0.2189781162343810E+00 -0.4507326710858976E+00 -0.7112126702771567E+00 -0.8699766063760713E+00 -0.8109586104340066E+00 -0.5949706145661513E+00 -0.3552697569911345E+00 -0.1654134086903766E+00  0.0000000000000000E+00
  0.0000000000000000E+00  0.4497562699937972E-01  0.1891479845167048E+00  0.3960154530455798E+00  0.5644596009256287E+00  0.6612154017995651E+00  0.6903018422337066E+00  0.6634799258912046E+00  0.5887965048473564E+00  0.4704739228253613E+00  0.3155462264153192E+00  0.1350779700198728E+00 -0.5513185919280656E-01 -0.2836600644826032E+00 -0.5771161500238604E+00 -0.8496146708789760E+00 -0.9269492369596891E+00 -0.7684733633920785E+00 -0.5239324052591171E+00 -0.2675470379884453E+00  0.0000000000000000E+00
  0.0000000000000000E+00 -0.1826165001592814E-01  0.8804465540454649E-01  0.2838875271925284E+00  0.4909427892370138E+00  0.6493719935353356E+00  0.7378741769216671E+00  0.7555720478080706E+00  0.7080618946468336E+00  0.6014640868047638E+00  0.4476052179547342E+00  0.2649429914729658E+00  0.8052197113155991E-01 -0.1235165947892739E+00 -0.4051846312432701E+00 -0.7513829954711165E+00 -0.9868108609742837E+00 -0.9335146769269079E+00 -0.7118797518834191E+00 -0.3818561528959172E+00  0.0000000000000000E+00
  0.0000000000000000E+00 -0.7339572718134586E-01 -0.2359103536029095E-01  0.1237240698867790E+00  0.3234897300782274E+00  0.5102763019664681E+00  0.6430311692797869E+00  0.7044840930916804E+00  0.6929831592040324E+00  0.6152358863673849E+00  0.4877818301667144E+00  0.3334292950717236E+00  0.1799531482678921E+00  0.2159994884059176E-01 -0.2045774864413311E+00 -0.5570138602347763E+00 -0.9369748163686277E+00 -0.1040575572048095E+01 -0.8933643607528589E+00 -0.4976607550089870E+00  0.0000000000000000E+00
  0.0000000000000000E+00 -0.7628601057543108E-01 -0.7334501197243740E-01  0.1495432166805871E-01  0.1647202741377068E+00  0.3289571734458593E+00  0.4667127129639810E+00  0.5524741983219605E+00  0.5770875723148537E+00  0.5433783223624504E+00  0.4660015965125076E+00  0.3639157446169619E+00  0.2593731682095961E+00  0.1551590709888379E+00  0.1096307558002437E-01 -0.2666735890625955E+00 -0.7157940799304892E+00 -0.9946475562951983E+00 -0.9984480866315704E+00 -0.5761487389991782E+00  0.0000000000000000E+00
  0.0000000000000000E+00  0.2245209852591576E-01  0.8669586928928612E-01  0.1618929146482249E+00  0.2530563535640852E+00  0.3544628527138676E+00  0.4483757594958898E+00  0.5159208481957324E+00  0.5457504834139397E+00  0.5356210655985807E+00  0.4940961122395156E+00  0.4328954677211024E+00  0.3685178325295231E+00  0.3042063408828709E+00  0.2318747335295293E+00  0.8250909953098434E-01 -0.2936021183719797E+00 -0.6567348787852997E+00 -0.8691753930561705E+00 -0.5153452682039356E+00  0.0000000000000000E+00
  0.0000000000000000E+00  0.4264797013912870E+00  0.5527831535153432E+00  0.6119313871574690E+00  0.6369841021779310E+00  0.6553054225717250E+00  0.6722215532920190E+00  0.6819945821691450E+00  0.6786297006268914E+00  0.6592530463353530E+00  0.6280615048341041E+00  0.5885433383989189E+00  0.5514791065277183E+00  0.5127861136839461E+00  0.4884962497432950E+00  0.4419861599219466E+00  0.2964103264605806E+00  0.1218531567553468E+00 -0.1531219795803588E+00 -0.4506573702878616E-01  0.0000000000000000E+00
  0.3000000000000000E+01  0.1743012994352055E+01  0.1428346408743256E+01  0.1326098753175818E+01  0.1342104047030292E+01  0.1388546584998693E+01  0.1431711099619832E+01  0.1469937101688297E+01  0.1509861381533266E+01  0.1557861926592522E+01  0.1609911597737203E+01  0.1667265452524346E+01  0.1714080512946368E+01  0.1765847999831033E+01  0.1766385984299644E+01  0.1756550619765145E+01  0.1817166902246278E+01  0.1977705650948660E+01  0.2590190545684905E+01  0.2619851942882423E+01  0.3000000000000000E+01
