  0.0000000000000000E+00  0.2270224310070229E-01  0.2719882009504401E-01  0.2518514490171280E-01  0.9385793684363618E-02 -0.2450755253448105E-01 -0.8198136749358453E-01 -0.1656492826154691E+00 -0.2682320947633635E+00 -0.3724590963348496E+00 -0.4539788991194471E+00 -0.4932668575487665E+00 -0.4835833650275167E+00 -0.4337862461242817E+00 -0.3604529651058460E+00 -0.2804335712871612E+00 -0.2041223407856836E+00 -0.1381269538276830E+00 -0.7994985582652900E-01 -0.3923830365685547E-01  0.0000000000000000E+00
  0.0000000000000000E+00 -0.2159529169694588E-01 -0.2521959628114126E-01 -0.2778517615284415E-01 -0.2132449360199629E-01 -0.4083386386887666E-02  0.2739532400238149E-01  0.7415836350641382E-01  0.1326224165756148E+00  0.1941019275085154E+00  0.2466783179818260E+00  0.2800883650123165E+00  0.2892918904923279E+00  0.2758280810076043E+00  0.2452566557421960E+00  0.2047984902744852E+00  0.1598902655490983E+00  0.1162266295507210E+00  0.7274311586896788E-01  0.4005714210918764E-01  0.0000000000000000E+00
  0.0000000000000000E+00 -0.4208363199013533E-01 -0.4845996874837977E-01 -0.5817038355681965E-01 -0.5458768712162524E-01 -0.3675771169514404E-01  0.2046045135599485E-03  0.5682580790377234E-01  0.1296351549634809E+00  0.2098466861906965E+00  0.2860560548260310E+00  0.3469982374881831E+00  0.3842923064494670E+00  0.3936979968985312E+00  0.3753170021207420E+00  0.3339618995362944E+00  0.2755484558616113E+00  0.2105529348244799E+00  0.1382794917803747E+00  0.8093312267070743E-01  0.0000000000000000E+00
  0.0000000000000000E+00 -0.5773315631433382E-01 -0.7179613153107178E-01 -0.9246388737442492E-01 -0.9766898183023164E-01 -0.8614540739808738E-01 -0.5134139029689769E-01  0.7847745709960614E-02  0.8697778217987853E-01  0.1760694658173572E+00  0.2627165436366018E+00  0.3353303602022885E+00  0.3847918167227888E+00  0.4058956878210077E+00  0.3971792753117164E+00  0.3622407990196002E+00  0.3055324109878133E+00  0.2385160561917151E+00  0.1587795228368845E+00  0.9451629344771802E-01  0.0000000000000000E+00
  0.0000000000000000E+00 -0.7056590206457003E-01 -0.9662475826610042E-01 -0.1330854094875847E+00 -0.1535043815456824E+00 -0.1576300760317264E+00 -0.1368479572456610E+00 -0.8998274319757954E-01 -0.2006520998023574E-01  0.6461764723933311E-01  0.1539393562100848E+00  0.2364894582944219E+00  0.3014704314192994E+00  0.3406504321072219E+00  0.3497331876669202E+00  0.3299633675363203E+00  0.2844831301797196E+00  0.2252110517565077E+00  0.1493737731976287E+00  0.9122380857915066E-01  0.0000000000000000E+00
  0.0000000000000000E+00 -0.8393873188167213E-01 -0.1268692808095582E+00 -0.1851571412265741E+00 -0.2308513647859777E+00 -0.2658525039748978E+00 -0.2800069897895877E+00 -0.2692754177187934E+00 -0.2301849005868709E+00 -0.1643626685656984E+00 -0.7792646672873646E-01  0.1745647024464338E-01  0.1074623955584000E+00  0.1790915444202219E+00  0.2232608587975518E+00  0.2364104061676986E+00  0.2184002219325540E+00  0.1796821010161219E+00  0.1188503033227558E+00  0.7713561556879193E-01  0.0000000000000000E+00
  0.0000000000000000E+00 -0.9740857933814301E-01 -0.1607098459120771E+00 -0.2464268768966636E+00 -0.3275398271325938E+00 -0.4095464498094309E+00 -0.4774247143341947E+00 -0.5192458453767715E+00 -0.5208978183137842E+00 -0.4788334628831186E+00 -0.3965072467979527E+00 -0.2870685335016125E+00 -0.1682648089139404E+00 -0.5808430580588116E-01  0.3004890003680872E-01  0.8788755564272337E-01  0.1113013082431178E+00  0.1059954143688701E+00  0.7221897464917582E-01  0.5448795007898601E-01  0.0000000000000000E+00
  0.0000000000000000E+00 -0.1084721119242749E+00 -0.1916590800792161E+00 -0.3059454319726750E+00 -0.4262969314975816E+00 -0.5597476680398036E+00 -0.6820657734372768E+00 -0.7725346237887093E+00 -0.8130778753583576E+00 -0.7984014732527221E+00 -0.7273727507952641E+00 -0.6104982339290178E+00 -0.4663098043152777E+00 -0.3185944789473434E+00 -0.1870756590239105E+00 -0.8424446180202723E-01 -0.1638224007015459E-01  0.1759226879810992E-01  0.1943576304436850E-01  0.2810288012375661E-01  0.0000000000000000E+00
  0.0000000000000000E+00 -0.1132443860017661E+00 -0.2082390267203429E+00 -0.3432996243328001E+00 -0.4922089295367850E+00 -0.6615709619799149E+00 -0.8193521790991396E+00 -0.9459153795900151E+00 -0.1026579290098191E+01 -0.1051784922725211E+01 -0.1011598082952928E+01 -0.9069184069204036E+00 -0.7498416721492043E+00 -0.5683388470816428E+00 -0.3927206694414485E+00 -0.2453131170294473E+00 -0.1353551191126824E+00 -0.6274144840879406E-01 -0.2359386813564863E-01  0.7701719318337014E-02  0.0000000000000000E+00
  0.0000000000000000E+00 -0.1077124020928596E+00 -0.1988774859428329E+00 -0.3375465517104332E+00 -0.4917668105918223E+00 -0.6690631261276311E+00 -0.8376833150594765E+00 -0.9860714692189122E+00 -0.1103776044793658E+01 -0.1178338266373155E+01 -0.1194752838825768E+01 -0.1138250547940398E+01 -0.1002767616341893E+01 -0.8068395220435642E+00 -0.5879839523225349E+00 -0.3873596985682286E+00 -0.2286067169297532E+00 -0.1157176435466645E+00 -0.4326621083857191E-01  0.2154745503946619E-02  0.0000000000000000E+00
  0.0000000000000000E+00 -0.8934117821122184E-01 -0.1588748943574636E+00 -0.2799935142636653E+00 -0.4126918238977417E+00 -0.5681972793694505E+00 -0.7212256813328237E+00 -0.8681554606222531E+00 -0.1003818012933067E+01 -0.1120784701111989E+01 -0.1206933189116393E+01 -0.1237396152206007E+01 -0.1181748958601603E+01 -0.1027848257284008E+01 -0.7982474071445286E+00 -0.5463731998391615E+00 -0.3237793160813836E+00 -0.1564056279250898E+00 -0.4824599644798075E-01  0.6556959071323868E-02  0.0000000000000000E+00
  0.0000000000000000E+00 -0.5910234958845139E-01 -0.9498163748094816E-01 -0.1804729551079486E+00 -0.2708206682149135E+00 -0.3816113148461469E+00 -0.4979100126322917E+00 -0.6210450246314487E+00 -0.7500837888973705E+00 -0.8837850700728539E+00 -0.1019670357127315E+01 -0.1140379281064700E+01 -0.1205553135916880E+01 -0.1167447576770974E+01 -0.1005048192601509E+01 -0.7521444735328179E+00 -0.4780845635210946E+00 -0.2440347282375274E+00 -0.8234468688188420E-01 -0.5614409389780584E-02  0.0000000000000000E+00
  0.0000000000000000E+00 -0.2347801966054016E-01 -0.2338549438183387E-01 -0.6332496409992676E-01 -0.1016608488370035E+00 -0.1565433331676489E+00 -0.2259964903960826E+00 -0.3148752940098948E+00 -0.4233450325667278E+00 -0.5506707743828334E+00 -0.6999509306826677E+00 -0.8703317747975804E+00 -0.1038002940672721E+01 -0.1145727621241768E+01 -0.1125293909298101E+01 -0.9562661175132015E+00 -0.6894700316880750E+00 -0.4106213688489436E+00 -0.1847718371651067E+00 -0.6132686270757703E-01  0.0000000000000000E+00
  0.0000000000000000E+00  0.7423910900285808E-02  0.3796131896202188E-01  0.4393202401228880E-01  0.5628380612886382E-01  0.5792497300692567E-01  0.3834424929878864E-01 -0.1288865068125426E-01 -0.9745520179814518E-01 -0.2119708030890592E+00 -0.3550197258308893E+00 -0.5314308938176610E+00 -0.7430987281038266E+00 -0.9606294797132515E+00 -0.1101211800487185E+01 -0.1082355872569792E+01 -0.8944072469496291E+00 -0.6201509970163828E+00 -0.3464647850144892E+00 -0.1559608001667330E+00  0.0000000000000000E+00
  0.0000000000000000E+00  0.2480553909971367E-01  0.7645932982342644E-01  0.1210286203292540E+00  0.1744795644879676E+00  0.2236148344199672E+00  0.2509409435724645E+00  0.2392702862763944E+00  0.1822384312121645E+00  0.8320135167990254E-01 -0.5010986780453391E-01 -0.2142994660673933E+00 -0.4194203053552915E+00 -0.6776286827103961E+00 -0.9409472090916088E+00 -0.1096558932557931E+01 -0.1046231885931919E+01 -0.8276396154950254E+00 -0.5382686521533525E+00 -0.2692386989991202E+00  0.0000000000000000E+00
  0.0000000000000000E+00  0.2733234402099822E-01  0.8990302302233361E-01  0.1612937979365821E+00  0.2423227268356968E+00  0.3227457215053086E+00  0.3852197717682890E+00  0.4095192724252082E+00  0.3842834832883323E+00  0.3094222936178750E+00  0.1935022128552357E+00  0.4641967125289891E-01 -0.1309251699581858E+00 -0.3678556328424433E+00 -0.6771416136027987E+00 -0.9846218789689959E+00 -0.1116290730483841E+01 -0.1006242493463393E+01 -0.7402104381375254E+00 -0.3910344303669436E+00  0.0000000000000000E+00
  0.0000000000000000E+00  0.1815599988194811E-01  0.8387437150207511E-01  0.1719688191634675E+00  0.2690788414169856E+00  0.3648549896634155E+00  0.4458301999638966E+00  0.4948744828071919E+00  0.4994809983241857E+00  0.4562173447937896E+00  0.3704910100244136E+00  0.2499552806632111E+00  0.1032363614653456E+00 -0.8572442587297707E-01 -0.3580153798791556E+00 -0.7353166250083784E+00 -0.1055463674028032E+01 -0.1111748181228000E+01 -0.9260323997990141E+00 -0.5103420387294006E+00  0.0000000000000000E+00
  0.0000000000000000E+00  0.1811503729876591E-01  0.8234583289247545E-01  0.1829712145159800E+00  0.2915239751392205E+00  0.3945908250725065E+00  0.4826489414580560E+00  0.5445063867944743E+00  0.5706035196646640E+00  0.5558980157079726E+00  0.5024683123697159E+00  0.4132462179451562E+00  0.2970813412198063E+00  0.1512358149856935E+00 -0.4200160389860977E-01 -0.3720763159185689E+00 -0.8048197698970364E+00 -0.1052889408281817E+01 -0.1026961877784293E+01 -0.5882976930400610E+00  0.0000000000000000E+00
  0.0000000000000000E+00  0.6413949163364356E-01  0.1679215795446351E+00  0.2980938886735923E+00  0.4175467262944433E+00  0.5187420460398625E+00  0.5993646999255736E+00  0.6551135436180974E+00  0.6809387556801024E+00  0.6730648067390154E+00  0.6328982199945179E+00  0.5624163809449890E+00  0.4713441190744530E+00  0.3602938784322228E+00  0.2398903777976042E+00  0.3944234260239173E-01 -0.3428925908816699E+00 -0.6936620261460145E+00 -0.8871413972116579E+00 -0.5224228403022746E+00  0.0000000000000000E+00
  0.0000000000000000E+00  0.4219485741020187E+00  0.5782763431426393E+00  0.6806443806552330E+00  0.7401100778607950E+00  0.7766611758297575E+00  0.7991234197514805E+00  0.8081866358695370E+00  0.8019813959932314E+00  0.7789950395526770E+00  0.7412498174718174E+00  0.6911445077473831E+00  0.6358223357936773E+00  0.5748187273072021E+00  0.5217885571310825E+00  0.4480996716692225E+00  0.2897286942484609E+00  0.1111429189079993E+00 -0.1589634932222571E+00 -0.4637070811967577E-01  0.0000000000000000E+00
  0.3000000000000000E+01  0.1798293769327587E+01  0.1433092550116717E+01  0.1256160746707893E+01  0.1197216492712058E+01  0.1188758518550590E+01  0.1201994440671132E+01  0.1230553636009486E+01  0.1274994567700408E+01  0.1336079688080984E+01  0.1409148767579065E+01  0.1488982857702840E+01  0.1563877111693421E+01  0.1635837696510617E+01  0.1674524706404357E+01  0.1695143327594724E+01  0.1787921326372947E+01  0.1972909217129988E+01  0.2589749082455114E+01  0.2616689284056753E+01  0.3000000000000000E+01
