  0.0000000000000000E+00  0.5249655258671701E-02  0.2067867373951096E-01  0.7198680566024024E-01  0.1405124029705311E+00  0.1971394128409852E+00  0.1964260674405738E+00  0.9489997708767361E-01 -0.1032410597293096E+00 -0.3569826883564107E+00 -0.5988103474185311E+00 -0.7509387853796712E+00 -0.7575717375671143E+00 -0.6361915928069890E+00 -0.4639263421863807E+00 -0.2964078523379327E+00 -0.1569280984265356E+00 -0.5406178110187138E-01  0.7902434104274936E-02  0.1879834754223998E-01  0.0000000000000000E+00
  0.0000000000000000E+00 -0.2332918530457700E-01 -0.6504678385202890E-01 -0.1215357409262589E+00 -0.1797989687714520E+00 -0.2210359255587518E+00 -0.2270566661908257E+00 -0.1791800057977870E+00 -0.7912178945636034E-01  0.5775170120929752E-01  0.2019394736540810E+00  0.3198257974555731E+00  0.3826685448365496E+00  0.3863206619284471E+00  0.3486666300979880E+00  0.2857856677638902E+00  0.2083843581408346E+00  0.1295699572332769E+00  0.6134613492069637E-01  0.2179753070083862E-01  0.0000000000000000E+00
  0.0000000000000000E+00 -0.6473790065505930E-01 -0.1744616778165758E+00 -0.2926204171185364E+00 -0.3988845033438248E+00 -0.4659683638352702E+00 -0.4847439311319032E+00 -0.4426400403056873E+00 -0.3406064280983906E+00 -0.1837275847285181E+00  0.7008073543711800E-02  0.2085386069870481E+00  0.3904338969425344E+00  0.5227703929783520E+00  0.5820735481075833E+00  0.5609491509537380E+00  0.4682249759959681E+00  0.3346480905979592E+00  0.1919408388663640E+00  0.8419093964475585E-01  0.0000000000000000E+00
  0.0000000000000000E+00 -0.8193553471085266E-01 -0.2647890190826483E+00 -0.4204875247671828E+00 -0.5569389284565277E+00 -0.6428051135519671E+00 -0.6846120476852865E+00 -0.6699214114922006E+00 -0.6043046312981507E+00 -0.4839582124951569E+00 -0.3203276696328817E+00 -0.1223670735098892E+00  0.8564633913661010E-01  0.2744057544922422E+00  0.4143117939548790E+00  0.4847386245337416E+00  0.4721113186295660E+00  0.3854084208371190E+00  0.2479511995006187E+00  0.1110639598688659E+00  0.0000000000000000E+00
  0.0000000000000000E+00 -0.7587649465728991E-01 -0.3099800870975170E+00 -0.4820801327974690E+00 -0.6394701348073847E+00 -0.7423463788501374E+00 -0.8109592627857684E+00 -0.8289242360501896E+00 -0.8054614020889558E+00 -0.7298998410513416E+00 -0.6064051322863705E+00 -0.4342076177077069E+00 -0.2335042751208135E+00 -0.3705230550871998E-01  0.1246883918481388E+00  0.2392556422208183E+00  0.2945257465657878E+00  0.2808061093215883E+00  0.1962640844466002E+00  0.9414703004016593E-01  0.0000000000000000E+00
  0.0000000000000000E+00 -0.5909964379557838E-01 -0.3010538757780872E+00 -0.4706580060525796E+00 -0.6347853830691447E+00 -0.7454611856664224E+00 -0.8332779534913876E+00 -0.8797124719071159E+00 -0.8986863503157237E+00 -0.8775825632998060E+00 -0.8128929914638836E+00 -0.6883227460025199E+00 -0.5078616500383812E+00 -0.3072039114179805E+00 -0.1357505218660535E+00 -0.1016029719310217E-01  0.7577252302792248E-01  0.1144425099256618E+00  0.8971457109145789E-01  0.5209316472782888E-01  0.0000000000000000E+00
  0.0000000000000000E+00 -0.3659390501859589E-01 -0.2446320264251745E+00 -0.4019986670311999E+00 -0.5629286849202410E+00 -0.6773407229124893E+00 -0.7774779097039185E+00 -0.8440394930297197E+00 -0.8929993361517805E+00 -0.9177887045645741E+00 -0.9153870961543885E+00 -0.8595024173026959E+00 -0.7250114946808084E+00 -0.5270061064887656E+00 -0.3310976198542822E+00 -0.1890918021653941E+00 -0.9217116310726547E-01 -0.2718489358319958E-01 -0.3208655584981486E-02  0.1180775128065946E-01  0.0000000000000000E+00
  0.0000000000000000E+00 -0.9033739859388876E-03 -0.1493941260735943E+00 -0.2909122386550085E+00 -0.4438140404029320E+00 -0.5609580126673324E+00 -0.6690558640690973E+00 -0.7481752299458196E+00 -0.8120146971952290E+00 -0.8622859264919803E+00 -0.9061049378125072E+00 -0.9231973800001062E+00 -0.8652869000530909E+00 -0.7034560372294697E+00 -0.4838276865985570E+00 -0.2973099168787253E+00 -0.1750785140340749E+00 -0.9256248328149379E-01 -0.3811784519822923E-01  0.2139200181551447E-02  0.0000000000000000E+00
  0.0000000000000000E+00  0.5513818516551373E-01 -0.2852882580478092E-01 -0.1502055815876440E+00 -0.2933345379330091E+00 -0.4134452103277603E+00 -0.5288125405040157E+00 -0.6192015288868912E+00 -0.6911424541412747E+00 -0.7497041915614632E+00 -0.8127163850798103E+00 -0.8816990491826442E+00 -0.9096750680740897E+00 -0.8274986872857916E+00 -0.6253620644838980E+00 -0.3906120220798719E+00 -0.2113948286377210E+00 -0.9476479886885920E-01 -0.2114887947223991E-01  0.2277246835494083E-01  0.0000000000000000E+00
  0.0000000000000000E+00  0.1196439075612428E+00  0.9779475233856023E-01  0.8036589275747996E-02 -0.1197034968158842E+00 -0.2385986520562457E+00 -0.3578951642200888E+00 -0.4590771667209100E+00 -0.5410847978540508E+00 -0.6057045641970893E+00 -0.6720221318549179E+00 -0.7634003324360340E+00 -0.8585294725211545E+00 -0.8764183639155769E+00 -0.7481754455940888E+00 -0.5113324664240058E+00 -0.2773571966791017E+00 -0.1069931221320445E+00 -0.4949435329152808E-02  0.4352705455891875E-01  0.0000000000000000E+00
  0.0000000000000000E+00  0.1645226553332852E+00  0.2049882547249665E+00  0.1665866805893072E+00  0.6846466509368584E-01 -0.3836742875420539E-01 -0.1523705042819075E+00 -0.2589350244072586E+00 -0.3529561113483156E+00 -0.4313632198322732E+00 -0.5047252745687849E+00 -0.6033005861486125E+00 -0.7369862636245510E+00 -0.8452289026110257E+00 -0.8232687254792435E+00 -0.6416431059737362E+00 -0.3930155235469276E+00 -0.1770794971302699E+00 -0.3375213049709699E-01  0.3414463378681006E-01  0.0000000000000000E+00
  0.0000000000000000E+00  0.1738696900524065E+00  0.2738042961944710E+00  0.3052479450676814E+00  0.2569981243812220E+00  0.1774191073123646E+00  0.8035786723158914E-01 -0.2188912284795259E-01 -0.1238468282347981E+00 -0.2205629499238295E+00 -0.3129285059780089E+00 -0.4225823276212432E+00 -0.5755124165663603E+00 -0.7501341475627042E+00 -0.8400858030842550E+00 -0.7528436135312285E+00 -0.5309535787513942E+00 -0.2927525968461627E+00 -0.1076926976791847E+00 -0.9741571630199201E-02  0.0000000000000000E+00
  0.0000000000000000E+00  0.1500419589781438E+00  0.2935455011987527E+00  0.4021071917002514E+00  0.4227239856571959E+00  0.3878091891289804E+00  0.3199111242559563E+00  0.2325775344037790E+00  0.1309795777961718E+00  0.1913049642197955E-01 -0.9879129862146864E-01 -0.2307417867702946E+00 -0.3971861464734579E+00 -0.6119505885438427E+00 -0.8011923405454521E+00 -0.8326814452050435E+00 -0.6733348912936378E+00 -0.4342427368539944E+00 -0.2157123642253864E+00 -0.7856994097281320E-01  0.0000000000000000E+00
  0.0000000000000000E+00  0.1038730150896869E+00  0.2628660411544441E+00  0.4370138660402989E+00  0.5362200397076000E+00  0.5629429964215567E+00  0.5373993398443652E+00  0.4748758670438603E+00  0.3821408422117081E+00  0.2624647419516234E+00  0.1213654678811579E+00 -0.3829705995994898E-01 -0.2189102420069007E+00 -0.4508040764318072E+00 -0.7114836457631183E+00 -0.8703605145027566E+00 -0.8112829846666434E+00 -0.5953555959536364E+00 -0.3555974751759962E+00 -0.1656117043053025E+00  0.0000000000000000E+00
  0.0000000000000000E+00  0.4542484759184984E-01  0.1901036386685823E+00  0.3975210164952079E+00  0.5663205769599704E+00  0.6632840169093503E+00  0.6924841716005351E+00  0.6656760161287982E+00  0.5908928031395263E+00  0.4723162253097359E+00  0.3170024834531556E+00  0.1359523294465381E+00 -0.5480497070660621E-01 -0.2836736887110967E+00 -0.5774130782738373E+00 -0.8500917072362956E+00 -0.9273020869365604E+00 -0.7688444454952287E+00 -0.5242548479950994E+00 -0.2677376256391593E+00  0.0000000000000000E+00
  0.0000000000000000E+00 -0.1803469143235936E-01  0.8870292808222141E-01  0.2851974474479909E+00  0.4928486625118687E+00  0.6517099351719123E+00  0.7404775247828976E+00  0.7582756622247822E+00  0.7106973648277265E+00  0.6038224665016337E+00  0.4494701854003555E+00  0.2660796139941826E+00  0.8095735845920807E-01 -0.1235445257047315E+00 -0.4055670700375953E+00 -0.7520387593613811E+00 -0.9873061846340874E+00 -0.9339159550731710E+00 -0.7121998242241629E+00 -0.3820354209564455E+00  0.0000000000000000E+00
  0.0000000000000000E+00 -0.7346681382418095E-01 -0.2342481623494687E-01  0.1244147325744463E+00  0.3248473759972548E+00  0.5122433176836293E+00  0.6454424505349655E+00  0.7071087265495924E+00  0.6955703770898187E+00  0.6174983906121273E+00  0.4894669042288436E+00  0.3343552490196603E+00  0.1802200842093261E+00  0.2145120038728642E-01 -0.2050324877010878E+00 -0.5578435807414914E+00 -0.9376812712036465E+00 -0.1041072862674946E+01 -0.8936897220731697E+00 -0.4978362202134191E+00  0.0000000000000000E+00
  0.0000000000000000E+00 -0.7665765863825258E-01 -0.7380129873027778E-01  0.1468904770725405E-01  0.1649116019728205E+00  0.3296937154084350E+00  0.4679176289995382E+00  0.5539500608457649E+00  0.5785746191198764E+00  0.5446046625771538E+00  0.4667591538373729E+00  0.3641257280013427E+00  0.2591671828429811E+00  0.1547734408286938E+00  0.1048444448101450E-01 -0.2675276657507111E+00 -0.7166662877385589E+00 -0.9952728845657154E+00 -0.9988002293627304E+00 -0.5763269327089913E+00  0.0000000000000000E+00
  0.0000000000000000E+00  0.2201690520717546E-01  0.8609688087306883E-01  0.1611169587032454E+00  0.2523268046642940E+00  0.3539619111861302E+00  0.4481656493357328E+00  0.5159327582120120E+00  0.5458346413711255E+00  0.5355982631058539E+00  0.4938417265227731E+00  0.4323766800168866E+00  0.3678510783065678E+00  0.3035659910523574E+00  0.2314133421032638E+00  0.8183788630084024E-01 -0.2943873102260911E+00 -0.6574085779749700E+00 -0.8695497208739909E+00 -0.5155460472021428E+00  0.0000000000000000E+00
  0.0000000000000000E+00  0.4263333561393270E+00  0.5524459710612595E+00  0.6114175665829227E+00  0.6363764891970849E+00  0.6547034507951637E+00  0.6716877919130989E+00  0.6815385692061431E+00  0.6782054629566835E+00  0.6587986768522762E+00  0.6275261971538851E+00  0.5879264065113773E+00  0.5508277101027065E+00  0.5121917432796086E+00  0.4880899844546878E+00  0.4416107699450408E+00  0.2960717602366419E+00  0.1215006804366529E+00 -0.1533667601082148E+00 -0.4521546128375879E-01  0.0000000000000000E+00
  0.3000000000000000E+01  0.1743016836789194E+01  0.1428758967689290E+01  0.1326864258954477E+01  0.1343197337073039E+01  0.1389851558800639E+01  0.1433102273596436E+01  0.1471317050593583E+01  0.1511218252501075E+01  0.1559202232549025E+01  0.1611263135061118E+01  0.1668597460482755E+01  0.1715367947998448E+01  0.1766990761213532E+01  0.1767143388739201E+01  0.1757005576465718E+01  0.1817397409063984E+01  0.1978089380715072E+01  0.2590550559450653E+01  0.2620100336649134E+01  0.3000000000000000E+01
