  0.0000000000000000E+00  0.5417052939544101E-02  0.2097441742477002E-01  0.7257605282836110E-01  0.1414207304521692E+00  0.1983092927088596E+00  0.1977411742860298E+00  0.9625438599880559E-01 -0.1018607143715057E+00 -0.3555832102228504E+00 -0.5974147027845296E+00 -0.7496280833166045E+00 -0.7564908325493854E+00 -0.6354458565538612E+00 -0.4634840568281523E+00 -0.2962002053723214E+00 -0.1568970432147465E+00 -0.5416307251002295E-01  0.7727474312060723E-02  0.1866722449987815E-01  0.0000000000000000E+00
  0.0000000000000000E+00 -0.2350277679029743E-01 -0.6537248677058582E-01 -0.1220240618617510E+00 -0.1804066997004092E+00 -0.2217014204160709E+00 -0.2277326325204178E+00 -0.1798272204738537E+00 -0.7974572903095459E-01  0.5714422166077139E-01  0.2013391536660259E+00  0.3192390831327395E+00  0.3821246476075150E+00  0.3858489066147693E+00  0.3482712873197385E+00  0.2854720692461832E+00  0.2081651830806159E+00  0.1294555236188373E+00  0.6132508489477108E-01  0.2181483346493265E-01  0.0000000000000000E+00
  0.0000000000000000E+00 -0.6509127743134820E-01 -0.1751430428869875E+00 -0.2934961327568918E+00 -0.3997993686490585E+00 -0.4667949685393532E+00 -0.4854567232752235E+00 -0.4432272754227554E+00 -0.3410979014643694E+00 -0.1841505452405363E+00  0.6602758213548179E-02  0.2080891660816141E+00  0.3898831102731596E+00  0.5221008632904467E+00  0.5813298051310632E+00  0.5602160023662281E+00  0.4675985060271011E+00  0.3342034983464889E+00  0.1917027289963740E+00  0.8411172489467610E-01  0.0000000000000000E+00
  0.0000000000000000E+00 -0.8217917644890606E-01 -0.2654226245489566E+00 -0.4211456074770559E+00 -0.5575043571016153E+00 -0.6431825229810215E+00 -0.6848462241584927E+00 -0.6700337587750195E+00 -0.6043510839316505E+00 -0.4839626518268158E+00 -0.3203254506986353E+00 -0.1224159429254785E+00  0.8547365522259345E-01  0.2740501549189706E+00  0.4137779749451965E+00  0.4840833204259329E+00  0.4714300793752725E+00  0.3848251867238528E+00  0.2475563413010116E+00  0.1109356966086036E+00  0.0000000000000000E+00
  0.0000000000000000E+00 -0.7595509506732476E-01 -0.3103178502913262E+00 -0.4822793381831218E+00 -0.6395157604012557E+00 -0.7421762669942228E+00 -0.8106604586949401E+00 -0.8285425265964533E+00 -0.8050726935170770E+00 -0.7295309069440110E+00 -0.6060610842271350E+00 -0.4339155481622529E+00 -0.2333174022316035E+00 -0.3703417164769232E-01  0.1245315045156362E+00  0.2389479942359274E+00  0.2941090600533456E+00  0.2803719232718496E+00  0.1959266743290966E+00  0.9403455557315693E-01  0.0000000000000000E+00
  0.0000000000000000E+00 -0.5907727529753488E-01 -0.3010135043701969E+00 -0.4703715696702838E+00 -0.6342837535355585E+00 -0.7447139134010086E+00 -0.8323861511080521E+00 -0.8787660797100671E+00 -0.8977869616782478E+00 -0.8767844050152186E+00 -0.8121743373649443E+00 -0.6876686070704342E+00 -0.5073023015314883E+00 -0.3068136482776142E+00 -0.1355382531600788E+00 -0.1008744299185729E-01  0.7571349499666669E-01  0.1142916646822439E+00  0.8957225015180351E-01  0.5203752320770911E-01  0.0000000000000000E+00
  0.0000000000000000E+00 -0.3650031752832804E-01 -0.2442621159223035E+00 -0.4013410409456996E+00 -0.5619999890991413E+00 -0.6761392950059515E+00 -0.7760964138411763E+00 -0.8426176381274145E+00 -0.8916746046181455E+00 -0.9166668182730301E+00 -0.9144391499740209E+00 -0.8586442597089815E+00 -0.7242101365657838E+00 -0.5263414270353630E+00 -0.3306245373633028E+00 -0.1887546641728983E+00 -0.9195026141722715E-01 -0.2707543796895777E-01 -0.3157471418590630E-02  0.1183312726625448E-01  0.0000000000000000E+00
  0.0000000000000000E+00 -0.7200449182546017E-03 -0.1488119420251884E+00 -0.2900388381457115E+00 -0.4426309456280849E+00 -0.5594684903221380E+00 -0.6673207131572823E+00 -0.7463642491531275E+00 -0.8103023719401966E+00 -0.8608549185293483E+00 -0.9049827456020890E+00 -0.9222576071360061E+00 -0.8643925933851729E+00 -0.7026321394159836E+00 -0.4831912849948153E+00 -0.2968500859835362E+00 -0.1747386280525644E+00 -0.9233740587939451E-01 -0.3799081052719111E-01  0.2189815337891333E-02  0.0000000000000000E+00
  0.0000000000000000E+00  0.5537280176133104E-01 -0.2792378150953885E-01 -0.1493056808166529E+00 -0.2921209645935641E+00 -0.4119094463766458E+00 -0.5269757433351907E+00 -0.6172267957473170E+00 -0.6892109086304656E+00 -0.7480544839764438E+00 -0.8114817339937606E+00 -0.8807870661074767E+00 -0.9088579301558577E+00 -0.8266736073506864E+00 -0.6246421588508378E+00 -0.3900896490803284E+00 -0.2110344121888264E+00 -0.9455167026414028E-01 -0.2105638087011696E-01  0.2278444215412956E-01  0.0000000000000000E+00
  0.0000000000000000E+00  0.1197387927448244E+00  0.9818686866579543E-01  0.8735433936557844E-02 -0.1187118273602135E+00 -0.2373130420309960E+00 -0.3563009376167316E+00 -0.4572880123411465E+00 -0.5392372852648722E+00 -0.6040258492325368E+00 -0.6707402277321804E+00 -0.7625464935495199E+00 -0.8578856704075731E+00 -0.8757520695622357E+00 -0.7474937954465112E+00 -0.5107782949657265E+00 -0.2769569738981988E+00 -0.1067676767744576E+00 -0.4875398787905965E-02  0.4351562114512628E-01  0.0000000000000000E+00
  0.0000000000000000E+00  0.1643382379572310E+00  0.2049927492090316E+00  0.1668780059538495E+00  0.6900920824883457E-01 -0.3760508038754157E-01 -0.1513595211146835E+00 -0.2577198667501736E+00 -0.3515973678775780E+00 -0.4300034766967820E+00 -0.5035947603041747E+00 -0.6025478583368757E+00 -0.7365231417975584E+00 -0.8447936718666496E+00 -0.8227443923562525E+00 -0.6411451437560040E+00 -0.3925954291423694E+00 -0.1767867680724886E+00 -0.3362286289969117E-01  0.3417676883046333E-01  0.0000000000000000E+00
  0.0000000000000000E+00  0.1734514921594408E+00  0.2733875034159718E+00  0.3050187485189586E+00  0.2569546047080145E+00  0.1774995847060897E+00  0.8058512937343866E-01 -0.2150193528746531E-01 -0.1232866473357353E+00 -0.2198660012981049E+00 -0.3122416436166530E+00 -0.4220615865424403E+00 -0.5752218555349842E+00 -0.7499094616540910E+00 -0.8397480228823603E+00 -0.7524650744160988E+00 -0.5305884210882791E+00 -0.2924216255479585E+00 -0.1074931781916305E+00 -0.9639181627474050E-02  0.0000000000000000E+00
  0.0000000000000000E+00  0.1495269592951513E+00  0.2928100650437411E+00  0.4013714648135498E+00  0.4220641210251923E+00  0.3871855110856828E+00  0.3193337653189353E+00  0.2320906214924102E+00  0.1306468452252013E+00  0.1899967123250754E-01 -0.9876415283871831E-01 -0.2306166718406167E+00 -0.3970891440820085E+00 -0.6118778363475995E+00 -0.8009930322362947E+00 -0.8324028122344080E+00 -0.6730555822581745E+00 -0.4339241981543188E+00 -0.2154710307531784E+00 -0.7842407784212846E-01  0.0000000000000000E+00
  0.0000000000000000E+00  0.1033867938085235E+00  0.2620012621049691E+00  0.4359062875693138E+00  0.5350191274922316E+00  0.5616825480193327E+00  0.5361057282354950E+00  0.4736100024940298E+00  0.3809899688854065E+00  0.2615289977415414E+00  0.1206886457160132E+00 -0.3865054490888546E-01 -0.2190310667336710E+00 -0.4508177024038688E+00 -0.7113363380799844E+00 -0.8701053837663036E+00 -0.8110563254098999E+00 -0.5950678881650563E+00 -0.3553464312339157E+00 -0.1654575195687041E+00  0.0000000000000000E+00
  0.0000000000000000E+00  0.4505339389561026E-01  0.1893212729440863E+00  0.3962865381817723E+00  0.5647810641426406E+00  0.6615523501626541E+00  0.6906374136410274E+00  0.6638018658840780E+00  0.5890953259645687E+00  0.4707311912143409E+00  0.3157469675029998E+00  0.1351871290377819E+00 -0.5511520839083607E-01 -0.2837132499320590E+00 -0.5772286900039502E+00 -0.8497593117846745E+00 -0.9270522648337987E+00 -0.7685711778970645E+00 -0.5240101565579517E+00 -0.2675917083793420E+00  0.0000000000000000E+00
  0.0000000000000000E+00 -0.1822442549304961E-01  0.8816967393792122E-01  0.2841398307517946E+00  0.4913013544994533E+00  0.6497966261727360E+00  0.7383297554951699E+00  0.7560330986093488E+00  0.7085050490880110E+00  0.6018616567641657E+00  0.4479216073218045E+00  0.2651363266576526E+00  0.8058591159901383E-01 -0.1235462391467086E+00 -0.4052950657697475E+00 -0.7515517825816000E+00 -0.9869406413974898E+00 -0.9336161009052109E+00 -0.7119586746267160E+00 -0.3818984610331487E+00  0.0000000000000000E+00
  0.0000000000000000E+00 -0.7341615081081114E-01 -0.2355701788239840E-01  0.1238701177690882E+00  0.3237714630763113E+00  0.5106734923368602E+00  0.6435069200104830E+00  0.7049931730519203E+00  0.6934835436246297E+00  0.6156768913497179E+00  0.4881199445049536E+00  0.3336244561394444E+00  0.1800181758776501E+00  0.2156930714154040E-01 -0.2046805270725337E+00 -0.5572070040574129E+00 -0.9371399657166353E+00 -0.1040695321291361E+01 -0.8934414479656136E+00 -0.4977026597393746E+00  0.0000000000000000E+00
  0.0000000000000000E+00 -0.7636574020833800E-01 -0.7343640678481121E-01  0.1491102892301538E-01  0.1647790856694687E+00  0.3291328715435709E+00  0.4669846554980955E+00  0.5528024535644309E+00  0.5774201054154061E+00  0.5436647249900086E+00  0.4661979609575850E+00  0.3640043791054232E+00  0.2593681679347699E+00  0.1551018437919530E+00  0.1086758664086418E-01 -0.2668582747337558E+00 -0.7159899396188102E+00 -0.9947876911070794E+00 -0.9985306477636641E+00 -0.5761890074163536E+00  0.0000000000000000E+00
  0.0000000000000000E+00  0.2236185263057420E-01  0.8657396626052304E-01  0.1617400160859074E+00  0.2529226149642126E+00  0.3543855487101704E+00  0.4483671026311014E+00  0.5159639562630469E+00  0.5458155772445301E+00  0.5356688225327958E+00  0.4941010684303085E+00  0.4328430894354276E+00  0.3684280173392517E+00  0.3041022792263658E+00  0.2317923372178060E+00  0.8236550181977464E-01 -0.2937715045540100E+00 -0.6568849852739101E+00 -0.8692576788285381E+00 -0.5153908264159061E+00  0.0000000000000000E+00
  0.0000000000000000E+00  0.4264526113507705E+00  0.5527177489928049E+00  0.6118321849420292E+00  0.6368696095946150E+00  0.6551980216816909E+00  0.6721330560571089E+00  0.6819275335420470E+00  0.6785719515874746E+00  0.6591926138087785E+00  0.6279836478113944E+00  0.5884486121718014E+00  0.5513704894175108E+00  0.5126838299503838E+00  0.4884204483302369E+00  0.4419116089646795E+00  0.2963361062150449E+00  0.1217791799829052E+00 -0.1531757691514646E+00 -0.4509565340365401E-01  0.0000000000000000E+00
  0.3000000000000000E+01  0.1743004018578263E+01  0.1428420719282108E+01  0.1326243461259820E+01  0.1342313786180368E+01  0.1388791483665098E+01  0.1431967934459774E+01  0.1470181355636906E+01  0.1510099722482106E+01  0.1558090981106460E+01  0.1610150124996125E+01  0.1667497252920023E+01  0.1714316549086719E+01  0.1766050789375214E+01  0.1766530992227096E+01  0.1756630674925736E+01  0.1817220176800855E+01  0.1977777474777374E+01  0.2590269628625856E+01  0.2619896133795056E+01  0.3000000000000000E+01
