  0.0000000000000000E+00  0.5291897611115329E-02  0.2081856784600225E-01  0.7226989243784793E-01  0.1409877360535681E+00  0.1977452844565075E+00  0.1971020665763655E+00  0.9554209052630069E-01 -0.1026363024345690E+00 -0.3564179704174751E+00 -0.5982546024967478E+00 -0.7503995306657965E+00 -0.7570857239782064E+00 -0.6358220669455814E+00 -0.4636731189114495E+00 -0.2962539248616521E+00 -0.1568493222857794E+00 -0.5404234983222594E-01  0.7882748369124032E-02  0.1877572248269228E-01  0.0000000000000000E+00
  0.0000000000000000E+00 -0.2339658942351168E-01 -0.6521627359444691E-01 -0.1217939679487455E+00 -0.1801313792395860E+00 -0.2213943163037222E+00 -0.2274101896941174E+00 -0.1794875080697446E+00 -0.7938297664843540E-01  0.5753402484907776E-01  0.2017444114688509E+00  0.3196392309190141E+00  0.3824861706230024E+00  0.3861536747319608E+00  0.3485187496264144E+00  0.2856618238332687E+00  0.2082898387736538E+00  0.1295095027947269E+00  0.6131946314637240E-01  0.2179010592224239E-01  0.0000000000000000E+00
  0.0000000000000000E+00 -0.6489787065941970E-01 -0.1748302529373385E+00 -0.2931120114083885E+00 -0.3994064016651900E+00 -0.4664376644546593E+00 -0.4851285025059865E+00 -0.4429204336829331E+00 -0.3407852323798752E+00 -0.1838158958702418E+00  0.6978631909805044E-02  0.2085181620912460E+00  0.3903727878908009E+00  0.5226389572503010E+00  0.5818831299677939E+00  0.5607315466381541E+00  0.4680201940351819E+00  0.3344861585519548E+00  0.1918411378082412E+00  0.8414604024941946E-01  0.0000000000000000E+00
  0.0000000000000000E+00 -0.8202761096933968E-01 -0.2651299582640430E+00 -0.4208460965678952E+00 -0.5572548509266748E+00 -0.6430044164710849E+00 -0.6847193119387492E+00 -0.6699336189062647E+00 -0.6042498202663217E+00 -0.4838376956953390E+00 -0.3201631285633512E+00 -0.1221958575242164E+00  0.8576660117230672E-01  0.2744296362846401E+00  0.4142364509239106E+00  0.4845903308991381E+00  0.4719266498219344E+00  0.3852301265104954E+00  0.2478179806899688E+00  0.1110080517585317E+00  0.0000000000000000E+00
  0.0000000000000000E+00 -0.7588657988854933E-01 -0.3101584476831419E+00 -0.4821863209489253E+00 -0.6394971916208722E+00 -0.7422506465894473E+00 -0.8107896116507336E+00 -0.8287021286733017E+00 -0.8052236668681536E+00 -0.7296497629071103E+00 -0.6061333225361042E+00 -0.4339291065842928E+00 -0.2332639742018637E+00 -0.3690837049278519E-01  0.1247317100834434E+00  0.2392234264421522E+00  0.2944396813881153E+00  0.2806923773932743E+00  0.1961639439882817E+00  0.9410040723095341E-01  0.0000000000000000E+00
  0.0000000000000000E+00 -0.5905959051371117E-01 -0.3010170550958938E+00 -0.4704780525074842E+00 -0.6344882000872617E+00 -0.7450187851651289E+00 -0.8327595762163493E+00 -0.8791693227415210E+00 -0.8981828204924273E+00 -0.8771367767164373E+00 -0.8124744391997556E+00 -0.6879038877960613E+00 -0.5074685839342972E+00 -0.3069126617859141E+00 -0.1355876580949278E+00 -0.1008357703850998E-01  0.7578908679339812E-01  0.1144150070950035E+00  0.8967589963203008E-01  0.5206515259427111E-01  0.0000000000000000E+00
  0.0000000000000000E+00 -0.3651659145768197E-01 -0.2444012634070495E+00 -0.4015974587919875E+00 -0.5623724489893809E+00 -0.6766243688402739E+00 -0.7766665941025125E+00 -0.8432265573107260E+00 -0.8922763101342920E+00 -0.9172157947169577E+00 -0.9149228383554212E+00 -0.8590608919579459E+00 -0.7245520757139106E+00 -0.5266039619441459E+00 -0.3308353334341863E+00 -0.1889448803980333E+00 -0.9209288092624623E-01 -0.2715346798148341E-01 -0.3200957271702561E-02  0.1180057374420831E-01  0.0000000000000000E+00
  0.0000000000000000E+00 -0.7722018351991936E-03 -0.1490345677473262E+00 -0.2903745170453351E+00 -0.4430953274915550E+00 -0.5600513968727011E+00 -0.6680111477927569E+00 -0.7471062545240589E+00 -0.8110471372186259E+00 -0.8615388260805816E+00 -0.9055850381749363E+00 -0.9227871265194552E+00 -0.8648546882635465E+00 -0.7030056768460219E+00 -0.4834784450394238E+00 -0.2971038179896206E+00 -0.1749703762533455E+00 -0.9251335473975726E-01 -0.3809933039799484E-01  0.2136978064989492E-02  0.0000000000000000E+00
  0.0000000000000000E+00  0.5530130716134932E-01 -0.2815216440230437E-01 -0.1496480819216264E+00 -0.2925917344506771E+00 -0.4125044803116559E+00 -0.5276961671601078E+00 -0.6180216947177252E+00 -0.6900267274316847E+00 -0.7488156681816894E+00 -0.8121407772516203E+00 -0.8813554477673090E+00 -0.9093669344428728E+00 -0.8271142971444225E+00 -0.6249782861464565E+00 -0.3903393445524944E+00 -0.2112371784844777E+00 -0.9469581580020726E-01 -0.2112825770579413E-01  0.2276824529646633E-01  0.0000000000000000E+00
  0.0000000000000000E+00  0.1197218330340040E+00  0.9804301946647949E-01  0.8470464850168663E-02 -0.1191023087041702E+00 -0.2378219650639204E+00 -0.3569423032222073E+00 -0.4580229806578217E+00 -0.5400231805707737E+00 -0.6047875021518746E+00 -0.6714039087652427E+00 -0.7630980623823341E+00 -0.8583701154352092E+00 -0.8761967149643946E+00 -0.7478635004039925E+00 -0.5110438942244704E+00 -0.2771423220841959E+00 -0.1068699847807846E+00 -0.4899131464924775E-02  0.4353838987642308E-01  0.0000000000000000E+00
  0.0000000000000000E+00  0.1644276377021033E+00  0.2050001389058680E+00  0.1667657995746206E+00  0.6877884807442423E-01 -0.3793645526955471E-01 -0.1518080181546077E+00 -0.2582684872566897E+00 -0.3522226601818395E+00 -0.4306534607457653E+00 -0.5041897280529041E+00 -0.6030426859534217E+00 -0.7369410882560754E+00 -0.8451852282688989E+00 -0.8231028600033717E+00 -0.6414237585152106E+00 -0.3928034576379019E+00 -0.1769150627455988E+00 -0.3366326374507859E-01  0.3418612111297088E-01  0.0000000000000000E+00
  0.0000000000000000E+00  0.1736291753286886E+00  0.2735605461459733E+00  0.3051061740544790E+00  0.2569411018541881E+00  0.1774092380949659E+00  0.8040724412776236E-01 -0.2176786117455521E-01 -0.1236390998407322E+00 -0.2202842550642244E+00 -0.3126672000176652E+00 -0.4224457019995844E+00 -0.5755513623963237E+00 -0.7502251548867402E+00 -0.8400644362206658E+00 -0.7527297156797010E+00 -0.5308016224790399E+00 -0.2925929659783377E+00 -0.1075840308447056E+00 -0.9677017295667723E-02  0.0000000000000000E+00
  0.0000000000000000E+00  0.1497402774452097E+00  0.2931135925123521E+00  0.4016633441208727E+00  0.4222931623700706E+00  0.3873623225385686E+00  0.3194548838802116E+00  0.2321466453926689E+00  0.1306238174230279E+00  0.1889088858106100E-01 -0.9893270370301795E-01 -0.2308246811450836E+00 -0.3973082059305386E+00 -0.6121137511063052E+00 -0.8012664981589379E+00 -0.8326510994398019E+00 -0.6732534362399800E+00 -0.4341138354300744E+00 -0.2156016825095098E+00 -0.7849779793076618E-01  0.0000000000000000E+00
  0.0000000000000000E+00  0.1035869878105382E+00  0.2623652044796073E+00  0.4363642677056642E+00  0.5354848314303340E+00  0.5621306528254665E+00  0.5365257960614148E+00  0.4739870205745285E+00  0.3813037613369000E+00  0.2617534138041182E+00  0.1208191401817655E+00 -0.3863941719622636E-01 -0.2191206151381861E+00 -0.4509809877273041E+00 -0.7115781015954633E+00 -0.8703593114040852E+00 -0.8112438896228450E+00 -0.5952592615407341E+00 -0.3554954242038835E+00 -0.1655445694279826E+00  0.0000000000000000E+00
  0.0000000000000000E+00  0.4520472934886399E-01  0.1896608039658256E+00  0.3968231842703530E+00  0.5654261405251839E+00  0.6622406868186407E+00  0.6913330862894392E+00  0.6644781261750241E+00  0.5897243334089149E+00  0.4712733259805807E+00  0.3161647221449377E+00  0.1354157086880685E+00 -0.5507789424211881E-01 -0.2838160337169403E+00 -0.5774578313124573E+00 -0.8500474480412324E+00 -0.9272578178756690E+00 -0.7687623405719918E+00 -0.5241649841381530E+00 -0.2676790294500120E+00  0.0000000000000000E+00
  0.0000000000000000E+00 -0.1815457418467771E-01  0.8840960466544265E-01  0.2846285635754708E+00  0.4920041268835302E+00  0.6506371789483361E+00  0.7392415681784347E+00  0.7569597592311034E+00  0.7093980993715284E+00  0.6026561500388601E+00  0.4485494693791535E+00  0.2655104195484866E+00  0.8070858977763294E-01 -0.1236126420945133E+00 -0.4055193030601679E+00 -0.7518976380492912E+00 -0.9871991558071809E+00 -0.9338214774019058E+00 -0.7121139069654642E+00 -0.3819836213477928E+00  0.0000000000000000E+00
  0.0000000000000000E+00 -0.7345942368327919E-01 -0.2349878163913762E-01  0.1241426357138007E+00  0.3243066224097996E+00  0.5114375627041862E+00  0.6444272728156053E+00  0.7059830620439973E+00  0.6944530849843293E+00  0.6165279165237982E+00  0.4887602259618395E+00  0.3339860635355251E+00  0.1801256808860928E+00  0.2150120390632514E-01 -0.2048966463607095E+00 -0.5575966635267868E+00 -0.9374784791140364E+00 -0.1040933926931676E+01 -0.8936000630942166E+00 -0.4977854926976334E+00  0.0000000000000000E+00
  0.0000000000000000E+00 -0.7652316368889807E-01 -0.7362045132849572E-01  0.1481375894674686E-01  0.1648757967892373E+00  0.3294523575617099E+00  0.4674914306523907E+00  0.5534153775950920E+00  0.5780412850473364E+00  0.5441893303914549E+00  0.4665483910339113E+00  0.3641418541382976E+00  0.2593365586036093E+00  0.1549729778827850E+00  0.1067577588609005E-01 -0.2672368748073452E+00 -0.7163822602808650E+00 -0.9950768372431651E+00 -0.9986945583285280E+00 -0.5762735537254090E+00  0.0000000000000000E+00
  0.0000000000000000E+00  0.2218599117583570E-01  0.8633481488696634E-01  0.1614373454093769E+00  0.2526505799792028E+00  0.3542189008129124E+00  0.4483273822028376E+00  0.5160230964400101E+00  0.5459112585142024E+00  0.5357314432465771E+00  0.4940757486605402E+00  0.4327138062099539E+00  0.3682270993709298E+00  0.3038902311904564E+00  0.2316209539297428E+00  0.8208206785366963E-01 -0.2941208008394920E+00 -0.6571836836410757E+00 -0.8694304654745497E+00 -0.5154814295887163E+00  0.0000000000000000E+00
  0.0000000000000000E+00  0.4263993552550622E+00  0.5525900011961833E+00  0.6116362960176547E+00  0.6366422291006684E+00  0.6549796557233972E+00  0.6719500733497493E+00  0.6817811976874304E+00  0.6784445290352015E+00  0.6590553015134659E+00  0.6278167259764413E+00  0.5882452000972316E+00  0.5511492353627229E+00  0.5124714526542025E+00  0.4882725772049794E+00  0.4417548624012404E+00  0.2961916579539861E+00  0.1216191774854890E+00 -0.1532851295288251E+00 -0.4516726761258683E-01  0.0000000000000000E+00
  0.3000000000000000E+01  0.1742987925410649E+01  0.1428564811298416E+01  0.1326528457356413E+01  0.1342723892677198E+01  0.1389279933642721E+01  0.1432477162153590E+01  0.1470679503377719E+01  0.1510577671408598E+01  0.1558565538706179E+01  0.1610625570731216E+01  0.1667978205918259E+01  0.1714779393282761E+01  0.1766475873227849E+01  0.1766803222314805E+01  0.1756817480649948E+01  0.1817304225298550E+01  0.1977958783902457E+01  0.2590424923111925E+01  0.2620020373249044E+01  0.3000000000000000E+01
