  0.0000000000000000E+00  0.5411191538570628E-02  0.2100150173991833E-01  0.7260589260837003E-01  0.1414883019875210E+00  0.1983849632550168E+00  0.1978424526771663E+00  0.9636063808115441E-01 -0.1017359357533252E+00 -0.3554561916802106E+00 -0.5972842682910018E+00 -0.7495159026666671E+00 -0.7564049124017329E+00 -0.6353961598461630E+00 -0.4634589339426979E+00 -0.2961955731765433E+00 -0.1569047323297603E+00 -0.5418154386675411E-01  0.7705379700001624E-02  0.1865166981292743E-01  0.0000000000000000E+00
  0.0000000000000000E+00 -0.2351006916518011E-01 -0.6539526278828899E-01 -0.1220527308098314E+00 -0.1804475518413732E+00 -0.2217446230225276E+00 -0.2277825141558409E+00 -0.1798788059923274E+00 -0.7980346109773430E-01  0.5708409338871753E-01  0.2012764255145161E+00  0.3191798583983949E+00  0.3820719742580080E+00  0.3858062558333435E+00  0.3482367380909260E+00  0.2854463492359701E+00  0.2081483150515859E+00  0.1294487264636813E+00  0.6132624003940022E-01  0.2181846189907888E-01  0.0000000000000000E+00
  0.0000000000000000E+00 -0.6511901595696971E-01 -0.1751842866249486E+00 -0.2935522998211240E+00 -0.3998543535365987E+00 -0.4668489058125662E+00 -0.4855050897903563E+00 -0.4432757798958278E+00 -0.3411463190465281E+00 -0.1842039115140580E+00  0.6545008252546534E-02  0.2080236725285176E+00  0.3898110103722912E+00  0.5220226076538674E+00  0.5812512803300801E+00  0.5601434745313669E+00  0.4675402128249975E+00  0.3341646355242898E+00  0.1916840998182023E+00  0.8410705551016406E-01  0.0000000000000000E+00
  0.0000000000000000E+00 -0.8219921835056025E-01 -0.2654646002671159E+00 -0.4211862977333923E+00 -0.5575407132825090E+00 -0.6432067539093520E+00 -0.6848656939908022E+00 -0.6700482409383447E+00 -0.6043678863632830E+00 -0.4839821452451777E+00 -0.3203517878371649E+00 -0.1224497199626734E+00  0.8542897887682516E-01  0.2739943021778815E+00  0.4137111052103680E+00  0.4840108287075389E+00  0.4713596258739213E+00  0.3847683874315342E+00  0.2475197214628883E+00  0.1109254607331327E+00  0.0000000000000000E+00
  0.0000000000000000E+00 -0.7596505818199326E-01 -0.3103388149702406E+00 -0.4822924785582764E+00 -0.6395162372222576E+00 -0.7421654949890234E+00 -0.8106403166294026E+00 -0.8285199554096747E+00 -0.8050504417032940E+00 -0.7295151381296265E+00 -0.6060518093840982E+00 -0.4339160995221072E+00 -0.2333269263259251E+00 -0.3705432820213326E-01  0.1245014112276822E+00  0.2389071755454924E+00  0.2940612419724651E+00  0.2803258684794603E+00  0.1958928344565148E+00  0.9402488571404738E-01  0.0000000000000000E+00
  0.0000000000000000E+00 -0.5907936113832536E-01 -0.3010126069148022E+00 -0.4703546085583670E+00 -0.6342538103731062E+00 -0.7446683223369799E+00 -0.8323319740685733E+00 -0.8787062770292020E+00 -0.8977291447283360E+00 -0.8767321449628953E+00 -0.8121313296824316E+00 -0.6876353996800885E+00 -0.5072802908812764E+00 -0.3068008465140400E+00 -0.1355328726214971E+00 -0.1008946039074927E-01  0.7570121718649002E-01  0.1142730667218365E+00  0.8955669335671455E-01  0.5203305996950000E-01  0.0000000000000000E+00
  0.0000000000000000E+00 -0.3649831980094632E-01 -0.2442413598814419E+00 -0.4013042614761921E+00 -0.5619455832308060E+00 -0.6760702158627641E+00 -0.7760141135122431E+00 -0.8425303861179607E+00 -0.8915866445355324E+00 -0.9165865828422248E+00 -0.9143678546318839E+00 -0.8585843496011989E+00 -0.7241617038166442E+00 -0.5263052157518758E+00 -0.3305954593119846E+00 -0.1887289066302950E+00 -0.9193124239715135E-01 -0.2706560342075830E-01 -0.3152161726576805E-02  0.1183715943553234E-01  0.0000000000000000E+00
  0.0000000000000000E+00 -0.7127826823430758E-03 -0.1487803700766434E+00 -0.2899906599167000E+00 -0.4425653692121598E+00 -0.5593859642852761E+00 -0.6672239048136438E+00 -0.7462588884403291E+00 -0.8101960154038546E+00 -0.8607550818652664E+00 -0.9048942836958632E+00 -0.9221797063972544E+00 -0.8643260579615790E+00 -0.7025790404314926E+00 -0.4831509972386516E+00 -0.2968146186224965E+00 -0.1747064873173954E+00 -0.9231314401181683E-01 -0.3797591056673960E-01  0.2197043549211375E-02  0.0000000000000000E+00
  0.0000000000000000E+00  0.5538244466349134E-01 -0.2789135185569775E-01 -0.1492575594720991E+00 -0.2920545503686036E+00 -0.4118268377236201E+00 -0.5268753308368606E+00 -0.6171161343010696E+00 -0.6890955563867440E+00 -0.7479453805721485E+00 -0.8113850810537890E+00 -0.8807032310244010E+00 -0.9087832682849557E+00 -0.8266100563689585E+00 -0.6245940927684066E+00 -0.3900542756025260E+00 -0.2110058753379133E+00 -0.9453138191401211E-01 -0.2104623747983208E-01  0.2278679829037948E-01  0.0000000000000000E+00
  0.0000000000000000E+00  0.1197409001317559E+00  0.9820703920495344E-01  0.8772986653634726E-02 -0.1186571011023649E+00 -0.2372419202989788E+00 -0.3562120179061126E+00 -0.4571854876238651E+00 -0.5391270734764375E+00 -0.6039171903615648E+00 -0.6706437883203966E+00 -0.7624648453153648E+00 -0.8578139407964824E+00 -0.8756870495869044E+00 -0.7474401509173577E+00 -0.5107401224095213E+00 -0.2769305148131229E+00 -0.1067531726300626E+00 -0.4871869935630350E-02  0.4351253723190197E-01  0.0000000000000000E+00
  0.0000000000000000E+00  0.1643254697519776E+00  0.2049919670343445E+00  0.1668942471839825E+00  0.6904252189443784E-01 -0.3755790074387085E-01 -0.1512957728136602E+00 -0.2576421800073011E+00 -0.3515083694002490E+00 -0.4299102739435370E+00 -0.5035080744084970E+00 -0.6024744816094542E+00 -0.7364607765772366E+00 -0.8447357489407303E+00 -0.8226920139619326E+00 -0.6411043810390186E+00 -0.3925655634267133E+00 -0.1767683061423208E+00 -0.3361710740427094E-01  0.3417559120202279E-01  0.0000000000000000E+00
  0.0000000000000000E+00  0.1734264769485913E+00  0.2733635403761209E+00  0.3050076223452638E+00  0.2569584023926564E+00  0.1775148886806763E+00  0.8061309927145031E-01 -0.2146128959687162E-01 -0.1232337808880871E+00 -0.2198038555539827E+00 -0.3121781353557332E+00 -0.4220040399769396E+00 -0.5751720202532628E+00 -0.7498627019510798E+00 -0.8397014032093774E+00 -0.7524264150331271E+00 -0.5305572018385867E+00 -0.2923971919894013E+00 -0.1074800397180348E+00 -0.9633809545042282E-02  0.0000000000000000E+00
  0.0000000000000000E+00  0.1494968955059701E+00  0.2927677864946753E+00  0.4013317836848346E+00  0.4220346439743009E+00  0.3871646611212101E+00  0.3193217362077956E+00  0.2320883578717941E+00  0.1306555380513108E+00  0.1902014457732392E-01 -0.9873617258334698E-01 -0.2305836197678984E+00 -0.3970556558807926E+00 -0.6118424692064173E+00 -0.8009535122515593E+00 -0.8323663306535144E+00 -0.6730269706905884E+00 -0.4338967099571606E+00 -0.2154525130408758E+00 -0.7841347336312361E-01  0.0000000000000000E+00
  0.0000000000000000E+00  0.1033584056369452E+00  0.2619501011960380E+00  0.4358428157007905E+00  0.5349561951074571E+00  0.5616237243893660E+00  0.5360524382658964E+00  0.4735633951466587E+00  0.3809525027073643E+00  0.2615029902225443E+00  0.1206750569615455E+00 -0.3864924482519248E-01 -0.2190159582425884E+00 -0.4507939525993182E+00 -0.7113015108384311E+00 -0.8700695194100136E+00 -0.8110288404505747E+00 -0.5950408610143685E+00 -0.3553249046703479E+00 -0.1654452564920300E+00  0.0000000000000000E+00
  0.0000000000000000E+00  0.4503168950173671E-01  0.1892728958906580E+00  0.3962109268780096E+00  0.5646914032076724E+00  0.6614584960301861E+00  0.6905439049975878E+00  0.6637123191833609E+00  0.5890120861477155E+00  0.4706597382991222E+00  0.3156910174657105E+00  0.1351569912483697E+00 -0.5511989264472585E-01 -0.2836980747771839E+00 -0.5771973925236926E+00 -0.8497186476263273E+00 -0.9270237067552642E+00 -0.7685436508447263E+00 -0.5239886148109307E+00 -0.2675791596479539E+00  0.0000000000000000E+00
  0.0000000000000000E+00 -0.1823483280320779E-01  0.8813478102189097E-01  0.2840693673058813E+00  0.4912013303306836E+00  0.6496781178502780E+00  0.7382027841403861E+00  0.7559044754933396E+00  0.7083816359017033E+00  0.6017507091274609E+00  0.4478335927978085E+00  0.2650822700300309E+00  0.8056837338239428E-01 -0.1235381434635584E+00 -0.4052639082949882E+00 -0.7515049352643604E+00 -0.9869041091058699E+00 -0.9335881026574355E+00 -0.7119364033831372E+00 -0.3818867718520633E+00  0.0000000000000000E+00
  0.0000000000000000E+00 -0.7341043997303233E-01 -0.2356655503694091E-01  0.1238293453387214E+00  0.3236927261057164E+00  0.5105626603085588E+00  0.6433740343982269E+00  0.7048512009604972E+00  0.6933437712780061E+00  0.6155539847982536E+00  0.4880253946038768E+00  0.3335702236863092E+00  0.1799997803361034E+00  0.2157818802588759E-01 -0.2046520945058921E+00 -0.5571526963465137E+00 -0.9370943169241174E+00 -0.1040661524019280E+01 -0.8934202916157669E+00 -0.4976908562938770E+00  0.0000000000000000E+00
  0.0000000000000000E+00 -0.7634348418813272E-01 -0.7341085961285700E-01  0.1492305565789762E-01  0.1647626850298433E+00  0.3290836928467820E+00  0.4669087823808145E+00  0.5527106450650822E+00  0.5773273802357869E+00  0.5435845491030065E+00  0.4661433246991354E+00  0.3639793468887674E+00  0.2593698505108604E+00  0.1551174539803153E+00  0.1089465352895821E-01 -0.2668072536791016E+00 -0.7159348111325533E+00 -0.9947492339203854E+00 -0.9985072555493634E+00 -0.5761781387915997E+00  0.0000000000000000E+00
  0.0000000000000000E+00  0.2238708959136726E-01  0.8660800646578740E-01  0.1617827855433008E+00  0.2529599101797659E+00  0.3544072172373816E+00  0.4483693995423501E+00  0.5159520329867000E+00  0.5457972151491105E+00  0.5356556626024251E+00  0.4940994235922672E+00  0.4328579768424246E+00  0.3684527364225447E+00  0.3041317154014045E+00  0.2318147982748429E+00  0.8240609565082344E-01 -0.2937251378518628E+00 -0.6568427068137143E+00 -0.8692351984937103E+00 -0.5153780118300074E+00  0.0000000000000000E+00
  0.0000000000000000E+00  0.4264601848773886E+00  0.5527360841175532E+00  0.6118598847569249E+00  0.6369016983060227E+00  0.6552279691037599E+00  0.6721579260315608E+00  0.6819461539122683E+00  0.6785882925439540E+00  0.6592093138709055E+00  0.6280056795986230E+00  0.5884747795171988E+00  0.5514011935410152E+00  0.5127119103085190E+00  0.4884421039308698E+00  0.4419315184057178E+00  0.2963574225191032E+00  0.1217987150780074E+00 -0.1531606257395706E+00 -0.4508853340236171E-01  0.0000000000000000E+00
  0.3000000000000000E+01  0.1743006534959201E+01  0.1428399754113128E+01  0.1326203131272526E+01  0.1342254815261698E+01  0.1388723309926102E+01  0.1431895621447668E+01  0.1470113571249895E+01  0.1510032337517248E+01  0.1558027720989708E+01  0.1610082384796399E+01  0.1667433638290828E+01  0.1714249155799499E+01  0.1765995984475847E+01  0.1766488486482233E+01  0.1756611540433670E+01  0.1817202594590827E+01  0.1977761147952264E+01  0.2590246678725001E+01  0.2619887588377078E+01  0.3000000000000000E+01
