  0.0000000000000000E+00  0.8274473491775666E-02  0.1572779087486537E-01  0.4839216437470772E-01  0.8669361185204538E-01  0.9744439401809013E-01  0.4087585616612976E-01 -0.1047636861046574E+00 -0.3205083429674966E+00 -0.5551965748122630E+00 -0.7407675541575447E+00 -0.8110072774714359E+00 -0.7437300455920064E+00 -0.5912505550379510E+00 -0.4184012908075506E+00 -0.2610966855113906E+00 -0.1338077047660626E+00 -0.4199570275485770E-01  0.1121800801574521E-01  0.1712685696157883E-01  0.0000000000000000E+00
  0.0000000000000000E+00 -0.2246606118831133E-01 -0.5450352525269890E-01 -0.9830323963136096E-01 -0.1401396563105547E+00 -0.1608257599282207E+00 -0.1435463805491570E+00 -0.7732587582637203E-01  0.3028164912225799E-01  0.1596469879063885E+00  0.2810295070281552E+00  0.3652661455582576E+00  0.3953805179225565E+00  0.3797291386747857E+00  0.3335413106102425E+00  0.2680211661417757E+00  0.1920604936880271E+00  0.1179652688280511E+00  0.5551635049431666E-01  0.2137786654694422E-01  0.0000000000000000E+00
  0.0000000000000000E+00 -0.5912371007315832E-01 -0.1477827848832313E+00 -0.2465175545193752E+00 -0.3337253570796189E+00 -0.3850328857665721E+00 -0.3897632854813412E+00 -0.3367413135837735E+00 -0.2296633956007227E+00 -0.7625561109309760E-01  0.1023209669269207E+00  0.2847911592033369E+00  0.4424115081756632E+00  0.5479368609864064E+00  0.5822226410231769E+00  0.5429668129139363E+00  0.4423737762980188E+00  0.3119001037292956E+00  0.1777670594986952E+00  0.8126045660241150E-01  0.0000000000000000E+00
  0.0000000000000000E+00 -0.8131119513986997E-01 -0.2428962132977094E+00 -0.3872972605049218E+00 -0.5142334921114561E+00 -0.5943057088356782E+00 -0.6297713632227320E+00 -0.6084576668773594E+00 -0.5367328435120698E+00 -0.4119154263455365E+00 -0.2470262715228409E+00 -0.5214366014825905E-01  0.1469431956118812E+00  0.3213349752839499E+00  0.4430539556876840E+00  0.4943445625992406E+00  0.4660486171377652E+00  0.3733449855426604E+00  0.2379286091545087E+00  0.1110296413324584E+00  0.0000000000000000E+00
  0.0000000000000000E+00 -0.7873850538091408E-01 -0.2995580952052240E+00 -0.4686191637622960E+00 -0.6232467327409495E+00 -0.7255468568972154E+00 -0.7913426615652887E+00 -0.8042598525123237E+00 -0.7729274869418433E+00 -0.6867720681089060E+00 -0.5529029886020368E+00 -0.3745138037221747E+00 -0.1759338871106452E+00  0.1236999909500340E-01  0.1644115277966936E+00  0.2678825597476983E+00  0.3099175779935585E+00  0.2864386481784925E+00  0.1980135663487591E+00  0.9858402533251766E-01  0.0000000000000000E+00
  0.0000000000000000E+00 -0.6395831029516133E-01 -0.3069050969970197E+00 -0.4813468761330285E+00 -0.6500739217849690E+00 -0.7657282302090430E+00 -0.8567034660164699E+00 -0.9033834364072870E+00 -0.9182156234654755E+00 -0.8852263297441454E+00 -0.8019490357069434E+00 -0.6572977175182277E+00 -0.4660147931340383E+00 -0.2666417796082834E+00 -0.1004610627715244E+00  0.2148293491924206E-01  0.1012761929696089E+00  0.1322766188836287E+00  0.1012060516460395E+00  0.6040180876658541E-01  0.0000000000000000E+00
  0.0000000000000000E+00 -0.4304819259631255E-01 -0.2635207979973609E+00 -0.4287341773472944E+00 -0.5963541929987806E+00 -0.7158796722229768E+00 -0.8205029835759237E+00 -0.8903827686446906E+00 -0.9409353402427241E+00 -0.9603820128143098E+00 -0.9421837569766996E+00 -0.8606455627389501E+00 -0.7025922773768529E+00 -0.4955670814637215E+00 -0.3029233565651767E+00 -0.1636510838802562E+00 -0.6799316643403704E-01 -0.7011836430946591E-02  0.1049611756803771E-01  0.2049438776922234E-01  0.0000000000000000E+00
  0.0000000000000000E+00 -0.1100941575661634E-01 -0.1773654038389977E+00 -0.3273336358624632E+00 -0.4867834363424876E+00 -0.6079216723736491E+00 -0.7203811630866355E+00 -0.8040765010528589E+00 -0.8737518624617907E+00 -0.9267544951564523E+00 -0.9642697338937095E+00 -0.9601475902312187E+00 -0.8719267747004404E+00 -0.6870232660000013E+00 -0.4622804875063929E+00 -0.2796906779959390E+00 -0.1595308687818749E+00 -0.7929150971613516E-01 -0.2989073939572196E-01  0.6492521206505260E-02  0.0000000000000000E+00
  0.0000000000000000E+00  0.4063804499679613E-01 -0.6058385824425056E-01 -0.1916013209394185E+00 -0.3406379876443139E+00 -0.4635900259157753E+00 -0.5818160827370246E+00 -0.6749336851707076E+00 -0.7518175282679189E+00 -0.8161514508138112E+00 -0.8817297345578373E+00 -0.9414027389681975E+00 -0.9450584924714365E+00 -0.8335032841825596E+00 -0.6138263948875206E+00 -0.3778259118415986E+00 -0.2029257331673438E+00 -0.8997801707467369E-01 -0.2017702846509716E-01  0.2180539277605749E-01  0.0000000000000000E+00
  0.0000000000000000E+00  0.1062154704364751E+00  0.6797143175323003E-01 -0.3437518856767478E-01 -0.1696043021998265E+00 -0.2923108566310267E+00 -0.4148296844935597E+00 -0.5179151902081023E+00 -0.6022079773711576E+00 -0.6698972093037912E+00 -0.7397902762747420E+00 -0.8296508700707397E+00 -0.9111994937519852E+00 -0.9041910312992627E+00 -0.7522282274813320E+00 -0.5044165549607621E+00 -0.2709363062210931E+00 -0.1045989432251063E+00 -0.6285348476365971E-02  0.4056733713592142E-01  0.0000000000000000E+00
  0.0000000000000000E+00  0.1592690542370107E+00  0.1835985908053770E+00  0.1279569834215853E+00  0.1823947806080140E-01 -0.9533108064317844E-01 -0.2147939441232267E+00 -0.3244053361186998E+00 -0.4193020508160246E+00 -0.4969703131757712E+00 -0.5696203685954079E+00 -0.6667298326212852E+00 -0.7937220038471142E+00 -0.8853475336875372E+00 -0.8419348254056034E+00 -0.6443093818540109E+00 -0.3897020110642416E+00 -0.1742518593705620E+00 -0.3342670920120649E-01  0.3261713634122153E-01  0.0000000000000000E+00
  0.0000000000000000E+00  0.1787794073408731E+00  0.2649622326470600E+00  0.2759147838930164E+00  0.2110902669652631E+00  0.1209409485254509E+00  0.1601448214744654E-01 -0.9086579136679271E-01 -0.1939230902137576E+00 -0.2882783569473817E+00 -0.3760482736327602E+00 -0.4803800890861881E+00 -0.6278736297244252E+00 -0.7922938964594148E+00 -0.8663981343125113E+00 -0.7637374960985561E+00 -0.5328163205767453E+00 -0.2915167049128175E+00 -0.1065769574359169E+00 -0.9733955788703647E-02  0.0000000000000000E+00
  0.0000000000000000E+00  0.1628447261245515E+00  0.2986921665338164E+00  0.3874288694389533E+00  0.3879535190048414E+00  0.3386614129011591E+00  0.2607702666708937E+00  0.1674977850451620E+00  0.6398018204743822E-01 -0.4556322234881337E-01 -0.1575157520917388E+00 -0.2812563875530441E+00 -0.4408787073222319E+00 -0.6487260818406038E+00 -0.8280090262335338E+00 -0.8473254170888856E+00 -0.6789426588028622E+00 -0.4355138031795391E+00 -0.2153505859935777E+00 -0.7831608673600508E-01  0.0000000000000000E+00
  0.0000000000000000E+00  0.1210888386790146E+00  0.2808363955948293E+00  0.4414394936137309E+00  0.5209974243110963E+00  0.5307960655794115E+00  0.4931098604165114E+00  0.4233577361989667E+00  0.3279506905046584E+00  0.2100359029615502E+00  0.7443874507226408E-01 -0.7722996615351277E-01 -0.2511688854566722E+00 -0.4778099302692699E+00 -0.7332977249038812E+00 -0.8846155501579194E+00 -0.8180433867009934E+00 -0.5980667989540471E+00 -0.3560999941098962E+00 -0.1656375469379495E+00  0.0000000000000000E+00
  0.0000000000000000E+00  0.6384599810993033E-01  0.2166522766498729E+00  0.4219131799559633E+00  0.5773111333456422E+00  0.6583385274328788E+00  0.6743860811918475E+00  0.6391433228323939E+00  0.5607186551700593E+00  0.4427974657065191E+00  0.2911857112012163E+00  0.1149516576926403E+00 -0.7293595246635112E-01 -0.2994262781223437E+00 -0.5914331455295992E+00 -0.8610721302296936E+00 -0.9333389986436799E+00 -0.7717410702733866E+00 -0.5251137702332126E+00 -0.2679582680710799E+00  0.0000000000000000E+00
  0.0000000000000000E+00 -0.1360108925018062E-02  0.1182532176576531E+00  0.3254995688789432E+00  0.5318592882920270E+00  0.6814993082596686E+00  0.7593393939195053E+00  0.7685571018233754E+00  0.7160861290373821E+00  0.6075482984441363E+00  0.4530074548723492E+00  0.2683436580262166E+00  0.7898589091158525E-01 -0.1286155082808389E+00 -0.4120458162996079E+00 -0.7588367479453693E+00 -0.9917110340430551E+00 -0.9363378732292035E+00 -0.7129841609906954E+00 -0.3822941556325354E+00  0.0000000000000000E+00
  0.0000000000000000E+00 -0.6268925310433637E-01  0.2039123634300660E-02  0.1686491816809803E+00  0.3810069455074692E+00  0.5715016371400563E+00  0.7017635822670140E+00  0.7580841493005066E+00  0.7409642048800724E+00  0.6573431943734609E+00  0.5226901379067779E+00  0.3584159578607843E+00  0.1924432728789852E+00  0.2426219992813177E-01 -0.2066011492829538E+00 -0.5615629404992059E+00 -0.9406593510150069E+00 -0.1042956673037935E+01 -0.8942728776380522E+00 -0.4980511364998315E+00  0.0000000000000000E+00
  0.0000000000000000E+00 -0.7664556465207874E-01 -0.6469305665198578E-01  0.4040244559169748E-01  0.2080002864163425E+00  0.3854378551695629E+00  0.5300407237991516E+00  0.6170212350264982E+00  0.6385018235704223E+00  0.5979746190386854E+00  0.5104539308017062E+00  0.3954094448408935E+00  0.2764717433131121E+00  0.1602132962725765E+00  0.1016771679851926E-01 -0.2702580980903727E+00 -0.7190211962390173E+00 -0.9969264460549228E+00 -0.9992787030795816E+00 -0.5765082842482648E+00  0.0000000000000000E+00
  0.0000000000000000E+00  0.1488472118880392E-01  0.7945246155410075E-01  0.1605298454373671E+00  0.2637307466475161E+00  0.3784855594121362E+00  0.4830840022141173E+00  0.5567336783938146E+00  0.5877112369861724E+00  0.5740697950988390E+00  0.5252637425360454E+00  0.4543418201640182E+00  0.3796390355929859E+00  0.3064683788045004E+00  0.2299026376539616E+00  0.7880435563506216E-01 -0.2965734579261252E+00 -0.6589069050079677E+00 -0.8700129551234547E+00 -0.5156964137086918E+00  0.0000000000000000E+00
  0.0000000000000000E+00  0.4236725329619782E+00  0.5474011141759331E+00  0.6071740696005593E+00  0.6363155287894749E+00  0.6606213223549179E+00  0.6833964698357741E+00  0.6972448916409383E+00  0.6952986331609905E+00  0.6746901833847737E+00  0.6403034056561321E+00  0.5966350478818436E+00  0.5552841245875439E+00  0.5131271266151756E+00  0.4869532511156946E+00  0.4398638746759483E+00  0.2950057787286918E+00  0.1207170557322965E+00 -0.1536556716948988E+00 -0.4527824981146509E-01  0.0000000000000000E+00
  0.3000000000000000E+01  0.1743867122302869E+01  0.1437249119026301E+01  0.1339007636635689E+01  0.1354784160279091E+01  0.1396621592347382E+01  0.1432894592706795E+01  0.1464999003471000E+01  0.1501815337503201E+01  0.1549999244944518E+01  0.1604353525567649E+01  0.1664436676518487E+01  0.1713786661830354E+01  0.1767086998958974E+01  0.1769042884306878E+01  0.1759212731607217E+01  0.1818409205887800E+01  0.1978941927795143E+01  0.2590954059961242E+01  0.2620138335725703E+01  0.3000000000000000E+01
