  0.0000000000000000E+00  0.2311992646351005E-01  0.3117790349279202E-01  0.3734514230350717E-01  0.3937471703200456E-01  0.3793245755478153E-01  0.3191322092098071E-01  0.1938227289160168E-01 -0.5134582063182000E-03 -0.2828797106938630E-01 -0.6217497684033532E-01 -0.9876356597152049E-01 -0.1324660097879726E+00 -0.1575810118728583E+00 -0.1695757212254848E+00 -0.1670080407829577E+00 -0.1507932278245663E+00 -0.1242061629187169E+00 -0.8694053213536355E-01 -0.4976196349412194E-01  0.0000000000000000E+00
  0.0000000000000000E+00 -0.2014107761575457E-01 -0.2499570141005695E-01 -0.3098419495210779E-01 -0.3396537404980515E-01 -0.3466424717694660E-01 -0.3202334707972533E-01 -0.2506488658527494E-01 -0.1312401792386144E-01  0.4040983730409024E-02  0.2555569915928119E-01  0.4939671359846928E-01  0.7228610596049675E-01  0.9059787003991274E-01  0.1013114130512768E+00  0.1030660147772665E+00  0.9592062943912377E-01  0.8164141983209991E-01  0.5936875863054705E-01  0.3757769390715304E-01  0.0000000000000000E+00
  0.0000000000000000E+00 -0.3730330638375367E-01 -0.4380920073737883E-01 -0.5560744255281620E-01 -0.6252140511741087E-01 -0.6606028397605826E-01 -0.6415682031819528E-01 -0.5581238686422314E-01 -0.3988551197790251E-01 -0.1616501987815923E-01  0.1449212063750827E-01  0.4942657482388736E-01  0.8439230809351764E-01  0.1142125982468799E+00  0.1343585179283455E+00  0.1421900035488418E+00  0.1369686604928050E+00  0.1207180965775828E+00  0.9116574375627760E-01  0.6297111822733718E-01  0.0000000000000000E+00
  0.0000000000000000E+00 -0.4684121291344006E-01 -0.5566002350301613E-01 -0.7199546736738315E-01 -0.8274839572178101E-01 -0.8961416067419264E-01 -0.9007793754165404E-01 -0.8246646104482358E-01 -0.6512651171324255E-01 -0.3705034469764467E-01  0.1062072601816280E-02  0.4602458759931422E-01  0.9175011541151944E-01  0.1307914390139029E+00  0.1567186246272394E+00  0.1663618369114722E+00  0.1594196103999475E+00  0.1396591703955702E+00  0.1047780952313566E+00  0.7332693350320198E-01  0.0000000000000000E+00
  0.0000000000000000E+00 -0.5184231831246962E-01 -0.6362282501091360E-01 -0.8478847190355727E-01 -0.9996823118669923E-01 -0.1113880964235292E+00 -0.1156763422266790E+00 -0.1106247325239800E+00 -0.9322301272569804E-01 -0.6124777840423129E-01 -0.1447845268319476E-01  0.4302718986527089E-01  0.1025066391798920E+00  0.1528544091744707E+00  0.1850164330516041E+00  0.1950588671930332E+00  0.1836153422514369E+00  0.1570734276183533E+00  0.1145216657136430E+00  0.7834764740867010E-01  0.0000000000000000E+00
  0.0000000000000000E+00 -0.5576230000840920E-01 -0.7138876384664607E-01 -0.9814197157119348E-01 -0.1192550763988051E+00 -0.1371552178689563E+00 -0.1479681092262676E+00 -0.1483925798888005E+00 -0.1337248177390991E+00 -0.9940045715979262E-01 -0.4382689930973222E-01  0.2807198053717232E-01  0.1039136392217970E+00  0.1684012959330731E+00  0.2094246180714185E+00  0.2219243844477268E+00  0.2069350172668723E+00  0.1734263130221124E+00  0.1224853770952407E+00  0.8130062099840915E-01  0.0000000000000000E+00
  0.0000000000000000E+00 -0.5973224135650477E-01 -0.7997755435871574E-01 -0.1134533606325012E+00 -0.1421485371067660E+00 -0.1692076488226718E+00 -0.1901971595483615E+00 -0.2010139919485345E+00 -0.1946491471233540E+00 -0.1637467331099338E+00 -0.1046414092252907E+00 -0.2299438228428085E-01  0.6623996576600380E-01  0.1450975688874324E+00  0.1992595067934284E+00  0.2213820288722738E+00  0.2108096056380311E+00  0.1768271136453596E+00  0.1220690460482887E+00  0.8005451238603553E-01  0.0000000000000000E+00
  0.0000000000000000E+00 -0.6386948128110308E-01 -0.8929761823783273E-01 -0.1303231914260439E+00 -0.1682756644480249E+00 -0.2073851094979711E+00 -0.2434817162870767E+00 -0.2720956115852381E+00 -0.2844376744475326E+00 -0.2701068167686165E+00 -0.2228102399426880E+00 -0.1465275884480650E+00 -0.5454031128926825E-01  0.3643577825153679E-01  0.1105200732636576E+00  0.1558991275230421E+00  0.1667258140292694E+00  0.1481158769220017E+00  0.1023982979404955E+00  0.7002200122519715E-01  0.0000000000000000E+00
  0.0000000000000000E+00 -0.6771859507227100E-01 -0.9823074244547865E-01 -0.1470035707636562E+00 -0.1951324929054706E+00 -0.2488474048379532E+00 -0.3051935813074000E+00 -0.3608780969862294E+00 -0.4062560566595508E+00 -0.4280021511952100E+00 -0.4147514300769147E+00 -0.3638161535605896E+00 -0.2810353072108402E+00 -0.1795845182926185E+00 -0.7807320787801771E-01  0.4847608601205083E-02  0.5601159331945835E-01  0.7284087675708849E-01  0.5555777821158452E-01  0.4700748024038541E-01  0.0000000000000000E+00
  0.0000000000000000E+00 -0.7048893538188099E-01 -0.1050503895802728E+00 -0.1604692771812818E+00 -0.2181530354675088E+00 -0.2868895089921613E+00 -0.3662258480924542E+00 -0.4553612338876467E+00 -0.5447035080356674E+00 -0.6167590856956733E+00 -0.6521963685675369E+00 -0.6387061170803592E+00 -0.5729982563574452E+00 -0.4639739650045185E+00 -0.3331531012595679E+00 -0.2064835325414404E+00 -0.1051340049495430E+00 -0.3947620203924619E-01 -0.1137742094178082E-01  0.1333446905587967E-01  0.0000000000000000E+00
  0.0000000000000000E+00 -0.7129745624857549E-01 -0.1076644859004655E+00 -0.1668947524602357E+00 -0.2307217023385353E+00 -0.3104384194764096E+00 -0.4082987424189167E+00 -0.5264185670218093E+00 -0.6553091642818336E+00 -0.7737357361791609E+00 -0.8574663404063034E+00 -0.8891656736811731E+00 -0.8550170124614169E+00 -0.7537289377072396E+00 -0.6034171814438385E+00 -0.4346621964168605E+00 -0.2793722484766625E+00 -0.1577877092014782E+00 -0.7647640336919694E-01 -0.1948759472751154E-01  0.0000000000000000E+00
  0.0000000000000000E+00 -0.6944184108582602E-01 -0.1043445672137865E+00 -0.1626932727498778E+00 -0.2260338910916199E+00 -0.3067690881321811E+00 -0.4088276698029125E+00 -0.5367165263129460E+00 -0.6830399529208576E+00 -0.8288484884838462E+00 -0.9545998888175856E+00 -0.1042649416313125E+01 -0.1065490255157053E+01 -0.1004522204584612E+01 -0.8621650869811659E+00 -0.6642334614229463E+00 -0.4537965232064365E+00 -0.2680905926220142E+00 -0.1294608538095001E+00 -0.4500270141617384E-01  0.0000000000000000E+00
  0.0000000000000000E+00 -0.6481443026056120E-01 -0.9463623644353630E-01 -0.1464424414155115E+00 -0.2007480238813570E+00 -0.2689802642415609E+00 -0.3550957000648657E+00 -0.4659032845319011E+00 -0.6001674085255394E+00 -0.7485244926630059E+00 -0.9016818697546245E+00 -0.1045116764469327E+01 -0.1144759487513947E+01 -0.1165767199844449E+01 -0.1082478623917931E+01 -0.8979479507977727E+00 -0.6538592205841178E+00 -0.4051664581088813E+00 -0.2012582685546637E+00 -0.8116579011447135E-01  0.0000000000000000E+00
  0.0000000000000000E+00 -0.5816976425415987E-01 -0.8003890101955896E-01 -0.1203284056968365E+00 -0.1581733555336291E+00 -0.2023220260290033E+00 -0.2554537243448068E+00 -0.3262462303030255E+00 -0.4217650881157491E+00 -0.5447368811852448E+00 -0.6960508496003652E+00 -0.8698712108449967E+00 -0.1040665027749818E+01 -0.1169012115762104E+01 -0.1201982209178302E+01 -0.1101795940520846E+01 -0.8825848608503547E+00 -0.6037155130274066E+00 -0.3356576129947276E+00 -0.1543142812072274E+00  0.0000000000000000E+00
  0.0000000000000000E+00 -0.5100269741051472E-01 -0.6351484168068616E-01 -0.8937340652621002E-01 -0.1070374698797324E+00 -0.1220752455604009E+00 -0.1352514795653750E+00 -0.1554109368525214E+00 -0.1962972376209652E+00 -0.2715937664556359E+00 -0.3904986215981379E+00 -0.5562582626794056E+00 -0.7602012791548934E+00 -0.9777698899930021E+00 -0.1151501720972228E+01 -0.1201076115346037E+01 -0.1082240000726469E+01 -0.8337148412732192E+00 -0.5286588805102966E+00 -0.2631121473317920E+00  0.0000000000000000E+00
  0.0000000000000000E+00 -0.4440571645019399E-01 -0.4769448373732231E-01 -0.5816682971757833E-01 -0.5577085330929305E-01 -0.4393844050782601E-01 -0.2172507900798765E-01  0.3936216953066227E-02  0.1749196445517245E-01 -0.2098818191808326E-02 -0.7110468365816269E-01 -0.1977218226215390E+00 -0.3844612212578123E+00 -0.6317997003729696E+00 -0.9125333306490460E+00 -0.1137827402990633E+01 -0.1186182489987170E+01 -0.1035813086809809E+01 -0.7427194791160284E+00 -0.3888045231906362E+00  0.0000000000000000E+00
  0.0000000000000000E+00 -0.3787167871555421E-01 -0.3037746473166501E-01 -0.2306212905828990E-01 -0.1529780582161446E-02  0.3113471622226804E-01  0.7656745950020404E-01  0.1310245900838445E+00  0.1823904840641119E+00  0.2096145661086184E+00  0.1917840333485034E+00  0.1167713184934148E+00 -0.2000317619338040E-01 -0.2304177476780718E+00 -0.5300648043509573E+00 -0.8878411326081315E+00 -0.1138324312197110E+01 -0.1151612315648586E+01 -0.9373735272960854E+00 -0.5124594285012452E+00  0.0000000000000000E+00
  0.0000000000000000E+00 -0.2087365572811230E-01  0.4128811470340697E-03  0.3623977605416408E-01  0.8226049048071819E-01  0.1327056720475055E+00  0.1894115190771270E+00  0.2523103642025789E+00  0.3156821731614940E+00  0.3652708071135596E+00  0.3825439867502448E+00  0.3523604798627187E+00  0.2682185648182662E+00  0.1224792373274332E+00 -0.1045151081261237E+00 -0.4710085871008955E+00 -0.8777730209194442E+00 -0.1090956352076276E+01 -0.1040310891382923E+01 -0.5924762624320447E+00  0.0000000000000000E+00
  0.0000000000000000E+00  0.2108134251488471E-01  0.1084205809263653E+00  0.1981757048640564E+00  0.2741030713137503E+00  0.3358941029844130E+00  0.3906064368171739E+00  0.4432289916856422E+00  0.4936520839808975E+00  0.5351175492745890E+00  0.5556434050189122E+00  0.5425253282925585E+00  0.4894137764470847E+00  0.3910127509764852E+00  0.2557536548430530E+00  0.1266885454297435E-01 -0.3828575151217560E+00 -0.7194497236533135E+00 -0.8958016946941535E+00 -0.5244585023236884E+00  0.0000000000000000E+00
  0.0000000000000000E+00  0.3729378040397595E+00  0.5109597358990509E+00  0.5976161379350199E+00  0.6389308472879974E+00  0.6585355847798428E+00  0.6712286140997720E+00  0.6833693343244078E+00  0.6958469340735078E+00  0.7052724970097740E+00  0.7053444998499344E+00  0.6894776576887294E+00  0.6553032412789118E+00  0.6021520065117590E+00  0.5428827527995763E+00  0.4520161114851717E+00  0.2826341870647267E+00  0.1035516828839134E+00 -0.1614101604061324E+00 -0.4509012436823748E-01  0.0000000000000000E+00
  0.3000000000000000E+01  0.1902267930395606E+01  0.1575541373229213E+01  0.1405327291058997E+01  0.1357310529449758E+01  0.1360287348644885E+01  0.1376920594517858E+01  0.1393120988712419E+01  0.1406111281760374E+01  0.1419300058245267E+01  0.1439609905469109E+01  0.1474092355226370E+01  0.1523504052610349E+01  0.1584556731441208E+01  0.1627105396444324E+01  0.1656620520087459E+01  0.1769239923684064E+01  0.1969895227694946E+01  0.2588428786524244E+01  0.2610811870781024E+01  0.3000000000000000E+01
