  0.0000000000000000E+00  0.5272076515524360E-02  0.2080107998454689E-01  0.7223040381305579E-01  0.1409408344755902E+00  0.1976862128139619E+00  0.1970483392674837E+00  0.9548976522014085E-01 -0.1026857257180811E+00 -0.3564745346235578E+00 -0.5983181968922986E+00 -0.7504715269114335E+00 -0.7571538308427461E+00 -0.6358751872563040E+00 -0.4637060768860900E+00 -0.2962705852151860E+00 -0.1568520067151161E+00 -0.5403495390013746E-01  0.7896358867375441E-02  0.1878623643614112E-01  0.0000000000000000E+00
  0.0000000000000000E+00 -0.2338274251196528E-01 -0.6519788038393658E-01 -0.1217662805196623E+00 -0.1801012899386517E+00 -0.2213629170079392E+00 -0.2273828182275602E+00 -0.1794632653917170E+00 -0.7936088161519246E-01  0.5755805153694259E-01  0.2017720738335359E+00  0.3196720982539440E+00  0.3825213621608143E+00  0.3861874284425031E+00  0.3485482902308374E+00  0.2856861163182840E+00  0.2083071095771931E+00  0.1295186597129414E+00  0.6132110955928426E-01  0.2178831039206690E-01  0.0000000000000000E+00
  0.0000000000000000E+00 -0.6487615102037149E-01 -0.1747925611672628E+00 -0.2930684377459312E+00 -0.3993630353403650E+00 -0.4664025382098558E+00 -0.4851001154151969E+00 -0.4429000309550101E+00 -0.3407683705636585E+00 -0.1838003800127301E+00  0.6998024608309216E-02  0.2085447678503986E+00  0.3904102556396968E+00  0.5226870980712053E+00  0.5819387938064223E+00  0.5607877637396660E+00  0.4680693220164632E+00  0.3345210252386866E+00  0.1918596875452282E+00  0.8415116761234182E-01  0.0000000000000000E+00
  0.0000000000000000E+00 -0.8201076361373570E-01 -0.2650954710088980E+00 -0.4208111061214508E+00 -0.5572270575558858E+00 -0.6429859882769671E+00 -0.6847093338190816E+00 -0.6699292930706411E+00 -0.6042490294794834E+00 -0.4838375327799057E+00 -0.3201619952590016E+00 -0.1221895286034753E+00  0.8578157586223621E-01  0.2744569775555010E+00  0.4142759151205567E+00  0.4846391964609892E+00  0.4719781747111548E+00  0.3852743643875678E+00  0.2478476025213545E+00  0.1110162795328285E+00  0.0000000000000000E+00
  0.0000000000000000E+00 -0.7587982205560605E-01 -0.3101386030497958E+00 -0.4821748882326635E+00 -0.6394933410017736E+00 -0.7422587394856752E+00 -0.8108040314412178E+00 -0.8287218057604491E+00 -0.8052436468308773E+00 -0.7296695049235203E+00 -0.6061514255697726E+00 -0.4339440885352609E+00 -0.2332719915984467E+00 -0.3690679109802557E-01  0.1247435232034154E+00  0.2392450552541163E+00  0.2944696909183927E+00  0.2807236923754841E+00  0.1961879822818769E+00  0.9410683346056813E-01  0.0000000000000000E+00
  0.0000000000000000E+00 -0.5905848967040328E-01 -0.3010168681954478E+00 -0.4704897620763302E+00 -0.6345109765412444E+00 -0.7450534695244893E+00 -0.8328020585221775E+00 -0.8792141163078303E+00 -0.8982258613324372E+00 -0.8771751547669918E+00 -0.8125105352655756E+00 -0.6879376180002955E+00 -0.5074979363906993E+00 -0.3069335144998309E+00 -0.1356007820162468E+00 -0.1008984017171225E-01  0.7579131219214659E-01  0.1144237535783276E+00  0.8968406582236213E-01  0.5206674022066382E-01  0.0000000000000000E+00
  0.0000000000000000E+00 -0.3651982263542129E-01 -0.2444180391821991E+00 -0.4016287276462804E+00 -0.5624173328441022E+00 -0.6766841133472866E+00 -0.7767357057806946E+00 -0.8432981951795401E+00 -0.8923426424955699E+00 -0.9172725459833749E+00 -0.9149719615253055E+00 -0.8591073748123439E+00 -0.7245960605604777E+00 -0.5266411762274021E+00 -0.3308643898223733E+00 -0.1889696894036308E+00 -0.9211194176745577E-01 -0.2716515212849790E-01 -0.3207885530812773E-02  0.1179598784918684E-01  0.0000000000000000E+00
  0.0000000000000000E+00 -0.7801655065755919E-03 -0.1490629469892829E+00 -0.2904171953991385E+00 -0.4431548702643119E+00 -0.5601275166639634E+00 -0.6681010658267652E+00 -0.7471998263820996E+00 -0.8111353940935392E+00 -0.8616121766556837E+00 -0.9056438850959483E+00 -0.9228386186022283E+00 -0.8649050567873756E+00 -0.7030517945956165E+00 -0.4835153363690560E+00 -0.2971344344112621E+00 -0.1749968511708169E+00 -0.9253314969057204E-01 -0.3811139281338580E-01  0.2131295758674024E-02  0.0000000000000000E+00
  0.0000000000000000E+00  0.5529054928951908E-01 -0.2818195908817583E-01 -0.1496928053348808E+00 -0.2926537104983280E+00 -0.4125848393499914E+00 -0.5277933518623895E+00 -0.6181266638269146E+00 -0.6901288456893996E+00 -0.7489026729166579E+00 -0.8122066595304412E+00 -0.8814069257160595E+00 -0.9094149782651006E+00 -0.8271619200932777E+00 -0.6250185568968896E+00 -0.3903699503277169E+00 -0.2112608290428962E+00 -0.9471158693983930E-01 -0.2113561589839410E-01  0.2276701034146102E-01  0.0000000000000000E+00
  0.0000000000000000E+00  0.1197183335209421E+00  0.9802415419422401E-01  0.8436310111559811E-02 -0.1191529453011382E+00 -0.2378893657871417E+00 -0.3570275491088367E+00 -0.4581190613616730E+00 -0.5401222817818185E+00 -0.6048769959170620E+00 -0.6714728585080157E+00 -0.7631468451777146E+00 -0.8584105112664134E+00 -0.8762382077400058E+00 -0.7479028578720269E+00 -0.5110748465465713E+00 -0.2771649821854087E+00 -0.1068826456400781E+00 -0.4902293733518191E-02  0.4354070933258156E-01  0.0000000000000000E+00
  0.0000000000000000E+00  0.1644384895955144E+00  0.2050017329236012E+00  0.1667533859279569E+00  0.6875267993535689E-01 -0.3797521794627088E-01 -0.1518611143470258E+00 -0.2583333177350504E+00 -0.3522954222324283E+00 -0.4307261932238304E+00 -0.5042504670673175E+00 -0.6030856877482532E+00 -0.7369722683962744E+00 -0.8452164594041471E+00 -0.8231362493492663E+00 -0.6414526172615838E+00 -0.3928272607511694E+00 -0.1769308536609797E+00 -0.3366904979022632E-01  0.3418628909251976E-01  0.0000000000000000E+00
  0.0000000000000000E+00  0.1736518457993900E+00  0.2735843350487054E+00  0.3051218413955680E+00  0.2569473743197970E+00  0.1774086868717334E+00  0.8039814762277245E-01 -0.2178633125661611E-01 -0.1236677099390046E+00 -0.2203208332478659E+00 -0.3127037838931300E+00 -0.4224755959666182E+00 -0.5755727604627165E+00 -0.7502464550709654E+00 -0.8400903742573287E+00 -0.7527541893816273E+00 -0.5308234949689867E+00 -0.2926123395815069E+00 -0.1075948627241169E+00 -0.9681967262244292E-02  0.0000000000000000E+00
  0.0000000000000000E+00  0.1497673732133629E+00  0.2931539635156877E+00  0.4017061114267219E+00  0.4223333560713904E+00  0.3874012180982937E+00  0.3194912168193545E+00  0.2321775309027372E+00  0.1306452365645887E+00  0.1890014896626746E-01 -0.9893331569326362E-01 -0.2308325911784109E+00 -0.3973183051633684E+00 -0.6121269841791575E+00 -0.8012874436803471E+00 -0.8326725369835465E+00 -0.6732721311012126E+00 -0.4341338597938661E+00 -0.2156162373276583E+00 -0.7850623146455143E-01  0.0000000000000000E+00
  0.0000000000000000E+00  0.1036118066923130E+00  0.2624116315423731E+00  0.4364262778004562E+00  0.5355540895170301E+00  0.5622044982244738E+00  0.5366020596526907E+00  0.4740614034766859E+00  0.3813708666984631E+00  0.2618069087293420E+00  0.1208568232198338E+00 -0.3862162925405825E-01 -0.2191178737049872E+00 -0.4509890096728654E+00 -0.7115973303286902E+00 -0.8703823469083364E+00 -0.8112610307647607E+00 -0.5952790344726564E+00 -0.3555114111475826E+00 -0.1655542364266884E+00  0.0000000000000000E+00
  0.0000000000000000E+00  0.4522269863023116E-01  0.1897016385329337E+00  0.3968904489061714E+00  0.5655122092887800E+00  0.6623391005576915E+00  0.6914387013175656E+00  0.6645853412558460E+00  0.5898262134860361E+00  0.4713618516924116E+00  0.3162328662624513E+00  0.1354552949615593E+00 -0.5506474633285565E-01 -0.2838209800823819E+00 -0.5774792337547002E+00 -0.8500764926055792E+00 -0.9272781869657322E+00 -0.7687820173022022E+00 -0.5241817033592752E+00 -0.2676885117687158E+00  0.0000000000000000E+00
  0.0000000000000000E+00 -0.1814706076948474E-01  0.8843576294017773E-01  0.2846838955243357E+00  0.4920878230005348E+00  0.6507424955124156E+00  0.7393609870016074E+00  0.7570844381666469E+00  0.7095193861996487E+00  0.6027627925948370E+00  0.4486318255777190E+00  0.2655579103654513E+00  0.8072524821593684E-01 -0.1236183361857539E+00 -0.4055433870011892E+00 -0.7519363513173593E+00 -0.9872270341906688E+00 -0.9338437217441121E+00 -0.7121306358350543E+00 -0.3819930622362668E+00  0.0000000000000000E+00
  0.0000000000000000E+00 -0.7346519236472217E-01 -0.2349550604119421E-01  0.1241678522640679E+00  0.3243612736781243E+00  0.5115202716027207E+00  0.6445307017049033E+00  0.7060967041969008E+00  0.6945643767712444E+00  0.6166237122283000E+00  0.4888286064057151E+00  0.3340207509580109E+00  0.1801323841628275E+00  0.2149116223639859E-01 -0.2049226553299726E+00 -0.5576420040888853E+00 -0.9375176280430924E+00 -0.1040960435637920E+01 -0.8936179117305146E+00 -0.4977945926028073E+00  0.0000000000000000E+00
  0.0000000000000000E+00 -0.7654129813349855E-01 -0.7364391931359653E-01  0.1479665167365716E-01  0.1648775408431992E+00  0.3294773986094066E+00  0.4675371680012249E+00  0.5534726902505633E+00  0.5780989076642857E+00  0.5442344464292909E+00  0.4665729963688064E+00  0.3641426146878878E+00  0.2593220591938797E+00  0.1549524686113920E+00  0.1065205170357272E-01 -0.2672818737933074E+00 -0.7164278272897484E+00 -0.9951104034868435E+00 -0.9987129153994465E+00 -0.5762834256368067E+00  0.0000000000000000E+00
  0.0000000000000000E+00  0.2216631105088209E-01  0.8630729598526127E-01  0.1614006083168255E+00  0.2526140636916532E+00  0.3541911457721300E+00  0.4483112107315279E+00  0.5160162131140814E+00  0.5459067271411036E+00  0.5357223058079433E+00  0.4940562826354408E+00  0.4326843593206856E+00  0.3681926409380462E+00  0.3038600888856696E+00  0.2315991125744846E+00  0.8204943990511956E-01 -0.2941619544026352E+00 -0.6572180082825675E+00 -0.8694511603313066E+00 -0.5154917853112418E+00  0.0000000000000000E+00
  0.0000000000000000E+00  0.4263929835959502E+00  0.5525750454599241E+00  0.6116127623650318E+00  0.6366136999651290E+00  0.6549502375678812E+00  0.6719230327184618E+00  0.6817567353383042E+00  0.6784214077025262E+00  0.6590303767475008E+00  0.6277888825302117E+00  0.5882137654504058E+00  0.5511178150593665E+00  0.5124428230204080E+00  0.4882542542094285E+00  0.4417359779627107E+00  0.2961751511749630E+00  0.1215997494980390E+00 -0.1532982521188788E+00 -0.4517670814719862E-01  0.0000000000000000E+00
  0.3000000000000000E+01  0.1742987360263031E+01  0.1428582159605489E+01  0.1326562321221730E+01  0.1342772963796266E+01  0.1389340433068487E+01  0.1432542112576143E+01  0.1470746007099169E+01  0.1510642504033525E+01  0.1558631175565441E+01  0.1610689635044806E+01  0.1668043062969468E+01  0.1714839195759946E+01  0.1766531619824445E+01  0.1766836349946199E+01  0.1756841506016988E+01  0.1817312592072476E+01  0.1977982743223316E+01  0.2590443596025330E+01  0.2620038339130354E+01  0.3000000000000000E+01
