  0.0000000000000000E+00  0.5441378873680125E-02  0.2093375615522275E-01  0.7254111250599721E-01  0.1413131796555148E+00  0.1981944036749316E+00  0.1975776279587655E+00  0.9608660280377168E-01 -0.1020639378718940E+00 -0.3557868772396159E+00 -0.5976278197233247E+00 -0.7498084632952471E+00 -0.7566306100207848E+00 -0.6355239741349484E+00 -0.4635238093709110E+00 -0.2962051645227509E+00 -0.1568831369936288E+00 -0.5413110006668953E-01  0.7764586756093705E-02  0.1869328588825027E-01  0.0000000000000000E+00
  0.0000000000000000E+00 -0.2349598061265588E-01 -0.6533755215272204E-01 -0.1219822267126392E+00 -0.1803418894275415E+00 -0.2216341981435556E+00 -0.2276525839808166E+00 -0.1797452244826360E+00 -0.7965218801367177E-01  0.5724104358101999E-01  0.2014413689989810E+00  0.3193349689535606E+00  0.3822104882192294E+00  0.3859177937946809E+00  0.3483274300037966E+00  0.2855134488956684E+00  0.2081924013395186E+00  0.1294661154248898E+00  0.6132284002913317E-01  0.2180866387548205E-01  0.0000000000000000E+00
  0.0000000000000000E+00 -0.6504656296428751E-01 -0.1750789003029434E+00 -0.2934055676319204E+00 -0.3997124886271097E+00 -0.4667081907557353E+00 -0.4853801239836843E+00 -0.4431490706441363E+00 -0.3410205019129093E+00 -0.1840637464965559E+00  0.6696287273618286E-02  0.2081964435654348E+00  0.3900008546369035E+00  0.5222294072490942E+00  0.5814584806404787E+00  0.5603351821642544E+00  0.4676940670249269E+00  0.3342672462079798E+00  0.1917331068434932E+00  0.8411927751469643E-01  0.0000000000000000E+00
  0.0000000000000000E+00 -0.8214762076241819E-01 -0.2653545050432624E+00 -0.4210814299242029E+00 -0.5574460881314871E+00 -0.6431454075064150E+00 -0.6848158389417848E+00 -0.6700122894513816E+00 -0.6043247477217554E+00 -0.4839323189808084E+00 -0.3202828952025619E+00 -0.1223614482850602E+00  0.8554684761979939E-01  0.2741414582925857E+00  0.4138879413931020E+00  0.4842023513215982E+00  0.4715460609532710E+00  0.3849185479529735E+00  0.2476165823786690E+00  0.1109524339015848E+00  0.0000000000000000E+00
  0.0000000000000000E+00 -0.7593929279871846E-01 -0.3102850195892773E+00 -0.4822586764758749E+00 -0.6395173017771391E+00 -0.7421954588112739E+00 -0.8106959294054548E+00 -0.8285811758425631E+00 -0.8051113064234399E+00 -0.7295580605311044E+00 -0.6060777798979117E+00 -0.4339153293466866E+00 -0.2333025986455859E+00 -0.3700134286654370E-01  0.1245804926209146E+00  0.2390150614628412E+00  0.2941875674689882E+00  0.2804477609658366E+00  0.1959823157905540E+00  0.9405042631500139E-01  0.0000000000000000E+00
  0.0000000000000000E+00 -0.5907446553501377E-01 -0.3010154667109012E+00 -0.4704012010644766E+00 -0.6343340602696594E+00 -0.7447909593047559E+00 -0.8324766458009564E+00 -0.8788664543436876E+00 -0.8978834702040580E+00 -0.8768720772493541E+00 -0.8122461855841104E+00 -0.6877243708960336E+00 -0.5073390715239530E+00 -0.3068354043897568E+00 -0.1355474926761757E+00 -0.1008462325695942E-01  0.7573353387599303E-01  0.1143220830249978E+00  0.8959782171969466E-01  0.5204478370573694E-01  0.0000000000000000E+00
  0.0000000000000000E+00 -0.3650394497112099E-01 -0.2442973301813214E+00 -0.4014022010173616E+00 -0.5620911198424039E+00 -0.6762539962715879E+00 -0.7762335843708377E+00 -0.8427624692099362E+00 -0.8918210461481734E+00 -0.9168001709890901E+00 -0.9145579350099939E+00 -0.8587438323377871E+00 -0.7242906788764285E+00 -0.5264014490223003E+00 -0.3306729588182229E+00 -0.1887974758467186E+00 -0.9198201645887633E-01 -0.2709184858941637E-01 -0.3166414974970442E-02  0.1182638225826397E-01  0.0000000000000000E+00
  0.0000000000000000E+00 -0.7324519212778168E-03 -0.1488642360356220E+00 -0.2901192692827896E+00 -0.4427395425805222E+00 -0.5596056844931491E+00 -0.6674809538404399E+00 -0.7465390449928090E+00 -0.8104785004649034E+00 -0.8610206208387919E+00 -0.9051295511690836E+00 -0.9223870101756855E+00 -0.8645028886460496E+00 -0.7027200416406042E+00 -0.4832578805294516E+00 -0.2969088704870742E+00 -0.1747918858817245E+00 -0.9237766698479176E-01 -0.3801553184665480E-01  0.2177824144372296E-02  0.0000000000000000E+00
  0.0000000000000000E+00  0.5535677097750699E-01 -0.2797786831140547E-01 -0.1493853065278785E+00 -0.2922313140618157E+00 -0.4120460580027163E+00 -0.5271421260021154E+00 -0.6174097307837488E+00 -0.6894018454069415E+00 -0.7482350090817156E+00 -0.8116419444857216E+00 -0.8809261572658988E+00 -0.9089816951603357E+00 -0.8267787386996697E+00 -0.6247214521827185E+00 -0.3901479942357257E+00 -0.2110815335933897E+00 -0.9458521700203136E-01 -0.2107315144676675E-01  0.2278051315643049E-01  0.0000000000000000E+00
  0.0000000000000000E+00  0.1197349885071131E+00  0.9815344129554732E-01  0.8672894709978384E-02 -0.1188023535762789E+00 -0.2374310077673119E+00 -0.3564479163639293E+00 -0.4574576532306930E+00 -0.5394193849697435E+00 -0.6042054835011804E+00 -0.6708997881626281E+00 -0.7626817466954445E+00 -0.8580046630264926E+00 -0.8758595773437687E+00 -0.7475823325071674E+00 -0.5108410263503746E+00 -0.2770004629952316E+00 -0.1067914243274227E+00 -0.4881140658993403E-02  0.4352080718323436E-01  0.0000000000000000E+00
  0.0000000000000000E+00  0.1643591882904377E+00  0.2049936369294122E+00  0.1668509883761969E+00  0.6895370417211140E-01 -0.3768320236362713E-01 -0.1514652134045532E+00 -0.2578483281018555E+00 -0.3517445147785299E+00 -0.4301574670105441E+00 -0.5037379409533334E+00 -0.6026693314266618E+00 -0.7366263523419487E+00 -0.8448896750315463E+00 -0.8228306525753941E+00 -0.6412122232561611E+00 -0.3926442917754996E+00 -0.1768169659873964E+00 -0.3363209386478205E-01  0.3417881710014094E-01  0.0000000000000000E+00
  0.0000000000000000E+00  0.1734925461770257E+00  0.2734268293160318E+00  0.3050366821677440E+00  0.2569480685092030E+00  0.1774738344565145E+00  0.8053865067643375E-01 -0.2156939939876755E-01 -0.1233741588577041E+00 -0.2199686500692095E+00 -0.3123465865705137E+00 -0.4221564931544274E+00 -0.5753044105291094E+00 -0.7499866083289104E+00 -0.8398250695497382E+00 -0.7525283541971907E+00 -0.5306396256758888E+00 -0.2924614566062535E+00 -0.1075145800502591E+00 -0.9647838000044559E-02  0.0000000000000000E+00
  0.0000000000000000E+00  0.1495764766839330E+00  0.2928795861811749E+00  0.4014366941095699E+00  0.4221123588365577E+00  0.3872196036108447E+00  0.3193532093226870E+00  0.2320940297996755E+00  0.1306322891850387E+00  0.1896568241198233E-01 -0.9881017622782019E-01 -0.2306712377589323E+00 -0.3971440973257007E+00 -0.6119363524516621E+00 -0.8010578009311865E+00 -0.8324628313451177E+00 -0.6731020632763659E+00 -0.4339691874318188E+00 -0.2155011373186755E+00 -0.7844143571165924E-01  0.0000000000000000E+00
  0.0000000000000000E+00  0.1034335676557842E+00  0.2620855485737973E+00  0.4360108117903981E+00  0.5351227287769273E+00  0.5617793056081573E+00  0.5361933738635370E+00  0.4736866916043395E+00  0.3810515564261536E+00  0.2615719792384463E+00  0.1207110342027893E+00 -0.3865219049504991E-01 -0.2190557954463416E+00 -0.4508562455126319E+00 -0.7113937025418090E+00 -0.8701636728625411E+00 -0.8111012917612043E+00 -0.5951116774625812E+00 -0.3553815263035029E+00 -0.1654774127583928E+00  0.0000000000000000E+00
  0.0000000000000000E+00  0.4508921218963819E-01  0.1894011247216237E+00  0.3964112255423045E+00  0.5649289219906733E+00  0.6617070463597526E+00  0.6907916067235995E+00  0.6639494621251338E+00  0.5892327559067344E+00  0.4708490653960717E+00  0.3158397483166898E+00  0.1352371634561431E+00 -0.5510649209797427E-01 -0.2837378152035810E+00 -0.5772792411120951E+00 -0.8498260440737924E+00 -0.9270981188165635E+00 -0.7686161066512405E+00 -0.5240449460252218E+00 -0.2676122288708975E+00  0.0000000000000000E+00
  0.0000000000000000E+00 -0.1820718392868416E-01  0.8822733800675661E-01  0.2842562946303933E+00  0.4914664593335914E+00  0.6499923274776683E+00  0.7385392775859847E+00  0.7562455613572215E+00  0.7087087781826353E+00  0.6020452320291303E+00  0.4480671855399271E+00  0.2652265771974868E+00  0.8061564229416084E-01 -0.1235580675022483E+00 -0.4053457390253745E+00 -0.7516274887784062E+00 -0.9870003421519651E+00 -0.9336608839195288E+00 -0.7119948332792776E+00 -0.3819170356221068E+00  0.0000000000000000E+00
  0.0000000000000000E+00 -0.7342548983710899E-01 -0.2354099494157403E-01  0.1239376717888909E+00  0.3239018571636615E+00  0.5108566825990828E+00  0.6437267341578244E+00  0.7052277854121864E+00  0.6937149058900827E+00  0.6158802378619507E+00  0.4882771198661808E+00  0.3337148774844479E+00  0.1800503481016191E+00  0.2155588664135171E-01 -0.2047253661704672E+00 -0.5572956606892583E+00 -0.9372132081995395E+00 -0.1040750628076044E+01 -0.8934747367268689E+00 -0.4977221067262725E+00  0.0000000000000000E+00
  0.0000000000000000E+00 -0.7640232053911748E-01 -0.7347827528886877E-01  0.1489173449920848E-01  0.1648066823283063E+00  0.3292148650929768E+00  0.4671105296367372E+00  0.5529550189154906E+00  0.5775739616652912E+00  0.5437984460557895E+00  0.4662892735563493E+00  0.3640476676561700E+00  0.2593669022378192E+00  0.1550786237409933E+00  0.1082449142673646E-01 -0.2669399483633114E+00 -0.7160800181897617E+00 -0.9948483618699926E+00 -0.9985690212446339E+00 -0.5762044993693994E+00  0.0000000000000000E+00
  0.0000000000000000E+00  0.2232036494927259E-01  0.8651814878440507E-01  0.1616699112302274E+00  0.2528618872610419E+00  0.3543505888111507E+00  0.4483645329358475E+00  0.5159846863700377E+00  0.5458474836106639E+00  0.5356918758302374E+00  0.4941058748328921E+00  0.4328201841681494E+00  0.3683899156007820E+00  0.3040555880896271E+00  0.2317583630427147E+00  0.8230026498388250E-01 -0.2938449076610039E+00 -0.6569544070762876E+00 -0.8692874635883091E+00 -0.5154124179288013E+00  0.0000000000000000E+00
  0.0000000000000000E+00  0.4264403087358966E+00  0.5526878344690825E+00  0.6117871063155093E+00  0.6368173229677101E+00  0.6551496697528330E+00  0.6720930059853796E+00  0.6818983167099296E+00  0.6785462886450795E+00  0.6591670720407545E+00  0.6279489207426930E+00  0.5884080533144537E+00  0.5513217547630389E+00  0.5126407811137642E+00  0.4883869294829972E+00  0.4418826115376083E+00  0.2963033893134406E+00  0.1217562820841057E+00 -0.1532042610806817E+00 -0.4508749281734209E-01  0.0000000000000000E+00
  0.3000000000000000E+01  0.1742999438741583E+01  0.1428454645377157E+01  0.1326308592283700E+01  0.1342409918357912E+01  0.1388901579552652E+01  0.1432085514979709E+01  0.1470289736240249E+01  0.1510208617675425E+01  0.1558190659707974E+01  0.1610259112604813E+01  0.1667596024224788E+01  0.1714424651311665E+01  0.1766133244748334E+01  0.1766597574593723E+01  0.1756652430371058E+01  0.1817244924398674E+01  0.1977776746671396E+01  0.2590325319653736E+01  0.2619850060523225E+01  0.3000000000000000E+01
