  0.0000000000000000E+00 -0.4117579852419499E-02 -0.2424396987960198E-01 -0.3202298511898960E-01 -0.4108043938256711E-01 -0.8101341279974769E-01 -0.1788801231663557E+00 -0.3400929996946028E+00 -0.5395989459658043E+00 -0.7223221223873805E+00 -0.8297413887041003E+00 -0.8188489275160266E+00 -0.7052879388225795E+00 -0.5439498404754225E+00 -0.3787042613927071E+00 -0.2331188973777635E+00 -0.1169544126715193E+00 -0.3428896940799397E-01  0.1230693090802110E-01  0.1512618493362661E-01  0.0000000000000000E+00
  0.0000000000000000E+00 -0.1390508822876337E-01 -0.2858897260632399E-01 -0.5167481570059649E-01 -0.7172303400304914E-01 -0.7058864375029025E-01 -0.3602179208636171E-01  0.3717845584673432E-01  0.1385456193552466E+00  0.2475326977336963E+00  0.3379160052937371E+00  0.3887936004365556E+00  0.3959795344943302E+00  0.3696849425485585E+00  0.3194958689103025E+00  0.2537452117777842E+00  0.1801079148146754E+00  0.1100634650845441E+00  0.5180429803263696E-01  0.2110545214738860E-01  0.0000000000000000E+00
  0.0000000000000000E+00 -0.4583284453870962E-01 -0.1100108876985740E+00 -0.1870474322207791E+00 -0.2562495413917145E+00 -0.2927793440506185E+00 -0.2869454994254408E+00 -0.2285576321543998E+00 -0.1239620879000645E+00  0.2027597081370846E-01  0.1840066271771108E+00  0.3475318737936403E+00  0.4826506646604112E+00  0.5651049871702530E+00  0.5797833453382003E+00  0.5281167379555891E+00  0.4233693317725068E+00  0.2959014258456385E+00  0.1677198250059320E+00  0.7844254137579240E-01  0.0000000000000000E+00
  0.0000000000000000E+00 -0.7463071262810073E-01 -0.2157383617791268E+00 -0.3481387845584590E+00 -0.4670170034669743E+00 -0.5401257460723776E+00 -0.5697923985907766E+00 -0.5425499248570672E+00 -0.4672471821868211E+00 -0.3396138016769806E+00 -0.1751612231385541E+00  0.1570034583840983E-01  0.2046423685474724E+00  0.3637171698760230E+00  0.4675322927550224E+00  0.5021132069448441E+00  0.4616967653452717E+00  0.3646051089619963E+00  0.2303273963483086E+00  0.1097475233211676E+00  0.0000000000000000E+00
  0.0000000000000000E+00 -0.7693218060935454E-01 -0.2898519426950907E+00 -0.4551860185020066E+00 -0.6084524412610495E+00 -0.7067199757221340E+00 -0.7680128192034313E+00 -0.7728250478977898E+00 -0.7332821163224363E+00 -0.6367907674268404E+00 -0.4957059415575329E+00 -0.3145610696691548E+00 -0.1207336502073477E+00  0.5829648220555659E-01  0.1995389799400002E+00  0.2914112601491753E+00  0.3217079792526900E+00  0.2903218946939572E+00  0.1985908705298171E+00  0.1003673297931984E+00  0.0000000000000000E+00
  0.0000000000000000E+00 -0.6400986486455507E-01 -0.3168952138353455E+00 -0.4946892380452716E+00 -0.6696942027988778E+00 -0.7856321494845251E+00 -0.8768248202482921E+00 -0.9173344032114800E+00 -0.9233515050796962E+00 -0.8741276889766159E+00 -0.7731184378324255E+00 -0.6136467348889146E+00 -0.4186252194504385E+00 -0.2250153473424482E+00 -0.6669920436939848E-01  0.4874580610282522E-01  0.1210988128110065E+00  0.1451110136642033E+00  0.1088132331888160E+00  0.6516321728608855E-01  0.0000000000000000E+00
  0.0000000000000000E+00 -0.4418588105826090E-01 -0.2884657343763495E+00 -0.4597067677907763E+00 -0.6371741352990373E+00 -0.7582067355824599E+00 -0.8660432534069347E+00 -0.9335806889768525E+00 -0.9805167953978273E+00 -0.9876457290075102E+00 -0.9497701872991539E+00 -0.8439240940749555E+00 -0.6690389395599536E+00 -0.4599967932540534E+00 -0.2744197277553334E+00 -0.1408159322477243E+00 -0.4911686511489248E-01  0.7382747125237930E-02  0.1959538441146113E-01  0.2579167557115868E-01  0.0000000000000000E+00
  0.0000000000000000E+00 -0.1603833904623705E-01 -0.2121025847451714E+00 -0.3678774858599322E+00 -0.5371753338599454E+00 -0.6588502934501916E+00 -0.7746935301552794E+00 -0.8583248670937684E+00 -0.9296838706329059E+00 -0.9792711850441705E+00 -0.1004896614327952E+01 -0.9771888495214418E+00 -0.8621802923870316E+00 -0.6619072130128089E+00 -0.4385127611646445E+00 -0.2632202872348592E+00 -0.1475773538003108E+00 -0.7057278084385123E-01 -0.2526800870025842E-01  0.8526598755931663E-02  0.0000000000000000E+00
  0.0000000000000000E+00  0.2937098426259564E-01 -0.9956307720739131E-01 -0.2360526231511663E+00 -0.3932007572209044E+00 -0.5151754518949346E+00 -0.6350561727623704E+00 -0.7276721948161569E+00 -0.8074508584658137E+00 -0.8747278459817667E+00 -0.9393013742121386E+00 -0.9860962559982126E+00 -0.9644775942835100E+00 -0.8273576422600477E+00 -0.5967651268320173E+00 -0.3646533107378854E+00 -0.1965471367807193E+00 -0.8815715073126770E-01 -0.2147474326719398E-01  0.1959367908376026E-01  0.0000000000000000E+00
  0.0000000000000000E+00  0.9283652557057552E-01  0.3139912319867844E-01 -0.7869133488149736E-01 -0.2217698056689810E+00 -0.3438852268902704E+00 -0.4674466832379195E+00 -0.5692919750302122E+00 -0.6543853723642316E+00 -0.7249452146147507E+00 -0.7988247829252594E+00 -0.8868032978716699E+00 -0.9533119120033769E+00 -0.9211923423027687E+00 -0.7484261676548767E+00 -0.4946350534818557E+00 -0.2652172208335662E+00 -0.1042741223132666E+00 -0.9418588552952138E-02  0.3669841547507708E-01  0.0000000000000000E+00
  0.0000000000000000E+00  0.1518774316612837E+00  0.1560327790119314E+00  0.8811656529269887E-01 -0.3200077914965734E-01 -0.1477383235586022E+00 -0.2696645398028609E+00 -0.3789980383629473E+00 -0.4730894115931925E+00 -0.5505687584425556E+00 -0.6252985893108981E+00 -0.7244756509254098E+00 -0.8461334759180632E+00 -0.9201452328694165E+00 -0.8544208023520401E+00 -0.6426414751973251E+00 -0.3852507014518550E+00 -0.1723013686341118E+00 -0.3454045525963075E-01  0.3013653522319829E-01  0.0000000000000000E+00
  0.0000000000000000E+00  0.1806793672336916E+00  0.2504785777492689E+00  0.2451249880315821E+00  0.1657170275006832E+00  0.6913689002867264E-01 -0.4062381273867106E-01 -0.1493410582329563E+00 -0.2518819485854934E+00 -0.3441316978003299E+00 -0.4301406274396486E+00 -0.5342808903995587E+00 -0.6807174958939548E+00 -0.8356291337162304E+00 -0.8914245967204478E+00 -0.7718239972556027E+00 -0.5328231758486329E+00 -0.2898550206594910E+00 -0.1058824729594448E+00 -0.1024474309059299E-01  0.0000000000000000E+00
  0.0000000000000000E+00  0.1722031735848472E+00  0.2981580237962934E+00  0.3697295557309856E+00  0.3521130892108781E+00  0.2917131362098609E+00  0.2063116391927590E+00  0.1090102761419316E+00  0.4705182370257794E-02 -0.1026886713438408E+00 -0.2107509417061401E+00 -0.3305186513889672E+00 -0.4884472711502496E+00 -0.6922646088370469E+00 -0.8594540870969525E+00 -0.8628718167536814E+00 -0.6839117019532256E+00 -0.4362376882140778E+00 -0.2145845687066021E+00 -0.7795741930337631E-01  0.0000000000000000E+00
  0.0000000000000000E+00  0.1345490368541336E+00  0.2926294455494156E+00  0.4400569506287545E+00  0.5008954220923046E+00  0.4957880928833344E+00  0.4476008364819252E+00  0.3715749536919862E+00  0.2737771591677450E+00  0.1571271510571902E+00  0.2558114471176519E-01 -0.1202151775956189E+00 -0.2904901803027508E+00 -0.5153482896527687E+00 -0.7649209869872159E+00 -0.9042086994467227E+00 -0.8264814408375681E+00 -0.6013472714917824E+00 -0.3562829873759542E+00 -0.1654045845450340E+00  0.0000000000000000E+00
  0.0000000000000000E+00  0.7850822935906066E-01  0.2368291073018436E+00  0.4374972218447895E+00  0.5782954140944790E+00  0.6435817470502920E+00  0.6468453921126817E+00  0.6030750075620533E+00  0.5204583521422494E+00  0.4024194933481878E+00  0.2537744800526992E+00  0.8267994929670971E-01 -0.1016039281129634E+00 -0.3274541531957593E+00 -0.6181672209178429E+00 -0.8811642162583193E+00 -0.9434706166895693E+00 -0.7766842952956513E+00 -0.5263393284525812E+00 -0.2681733442504335E+00  0.0000000000000000E+00
  0.0000000000000000E+00  0.1227054700016320E-01  0.1420263354769225E+00  0.3553374480474031E+00  0.5560848212631682E+00  0.6937227575599584E+00  0.7589504246258451E+00  0.7583098638019441E+00  0.6998561815944169E+00  0.5891525226520760E+00  0.4351791991282074E+00  0.2524844384092865E+00  0.6361610246779259E-01 -0.1456600967542751E+00 -0.4311067967958620E+00 -0.7765299138919037E+00 -0.1002002496611776E+01 -0.9419589314336038E+00 -0.7148622033715184E+00 -0.3828822473544819E+00  0.0000000000000000E+00
  0.0000000000000000E+00 -0.5316262648314932E-01  0.2408637887543555E-01  0.2048678148558085E+00  0.4230768366359578E+00  0.6107794304833979E+00  0.7333395477315486E+00  0.7809582048050808E+00  0.7564890866511871E+00  0.6676423766852271E+00  0.5293495483198120E+00  0.3617494217487474E+00  0.1911558347787489E+00  0.1761102279581182E-01 -0.2176375334148536E+00 -0.5752280985283041E+00 -0.9499902291030445E+00 -0.1048533039009980E+01 -0.8963600685658785E+00 -0.4988377347430961E+00  0.0000000000000000E+00
  0.0000000000000000E+00 -0.7583774862640356E-01 -0.5493450243481999E-01  0.6456273658462371E-01  0.2449331092495239E+00  0.4291597975765969E+00  0.5744359768610126E+00  0.6579801529068998E+00  0.6740359408994018E+00  0.6273739505236288E+00  0.5333887173412328E+00  0.4113301073643512E+00  0.2845916828615492E+00  0.1606664027466501E+00  0.5245739154503790E-02 -0.2795545578046444E+00 -0.7265430653036034E+00 -0.1001844429277324E+01 -0.1001194042901928E+01 -0.5772742205900803E+00  0.0000000000000000E+00
  0.0000000000000000E+00  0.7803565923791958E-02  0.7352549843847452E-01  0.1614961810363488E+00  0.2759003715238306E+00  0.4010575919745277E+00  0.5123072714023076E+00  0.5883044652135928E+00  0.6181101373113750E+00  0.6007839372096874E+00  0.5466929794102446E+00  0.4695376874513241E+00  0.3882683512115992E+00  0.3089188223759343E+00  0.2282411429142665E+00  0.7339177781419789E-01 -0.3014128822894612E+00 -0.6623848981624738E+00 -0.8712958476595350E+00 -0.5161116907370116E+00  0.0000000000000000E+00
  0.0000000000000000E+00  0.4202918755794218E+00  0.5422403522846098E+00  0.6037260877062214E+00  0.6374212160421653E+00  0.6672201221038710E+00  0.6945897686483977E+00  0.7110095797959830E+00  0.7093903401508866E+00  0.6873637090977907E+00  0.6505250021244315E+00  0.6041442031628886E+00  0.5599890568169874E+00  0.5156510775282043E+00  0.4875696804178942E+00  0.4391209683872047E+00  0.2940128351897510E+00  0.1195973084858353E+00 -0.1540779168194598E+00 -0.4521731926267726E-01  0.0000000000000000E+00
  0.3000000000000000E+01  0.1746927939185527E+01  0.1446804441584645E+01  0.1350317917917685E+01  0.1363636723397335E+01  0.1399397225662914E+01  0.1428537965457115E+01  0.1455275725825644E+01  0.1489939116858715E+01  0.1538692809916316E+01  0.1595117973036950E+01  0.1657105077962658E+01  0.1708301180760637E+01  0.1761965589791322E+01  0.1765532101660584E+01  0.1756028872652584E+01  0.1816548612141286E+01  0.1978823176380020E+01  0.2590937902798844E+01  0.2619540267051020E+01  0.3000000000000000E+01
