  0.0000000000000000E+00  0.5426966450522180E-02  0.2101090429164476E-01  0.7263220942529208E-01  0.1415166729416235E+00  0.1984276633827931E+00  0.1978875741108024E+00  0.9641512107262329E-01 -0.1016791541211510E+00 -0.3553934782643348E+00 -0.5972242761749854E+00 -0.7494611063660508E+00 -0.7563654156342250E+00 -0.6353714647017734E+00 -0.4634477787950632E+00 -0.2961926253940601E+00 -0.1569088063592820E+00 -0.5418984294905560E-01  0.7694745472343500E-02  0.1864446801213336E-01  0.0000000000000000E+00
  0.0000000000000000E+00 -0.2351970087673336E-01 -0.6540596322225149E-01 -0.1220702380533707E+00 -0.1804664418948493E+00 -0.2217672268096658E+00 -0.2278056645271051E+00 -0.1799044690460865E+00 -0.7983031412592625E-01  0.5705491753290810E-01  0.2012471545197554E+00  0.3191513921327682E+00  0.3820473461742818E+00  0.3857857823674075E+00  0.3482205837148928E+00  0.2854339943374302E+00  0.2081404473498919E+00  0.1294453969933078E+00  0.6132682675039053E-01  0.2182013328095155E-01  0.0000000000000000E+00
  0.0000000000000000E+00 -0.6513213617967790E-01 -0.1752069853751097E+00 -0.2935785047348199E+00 -0.3998826527429245E+00 -0.4668740170462045E+00 -0.4855294194705129E+00 -0.4432982860656361E+00 -0.3411700964989298E+00 -0.1842287256656105E+00  0.6517187384280636E-02  0.2079930700322538E+00  0.3897766228886206E+00  0.5219858824004489E+00  0.5812139723496154E+00  0.5601093576182303E+00  0.4675125356903936E+00  0.3341463480308680E+00  0.1916752257235151E+00  0.8410486785498800E-01  0.0000000000000000E+00
  0.0000000000000000E+00 -0.8221002866347431E-01 -0.2654842437456471E+00 -0.4212074747723771E+00 -0.5575576002886038E+00 -0.6432197265145646E+00 -0.6848745438881865E+00 -0.6700561188207077E+00 -0.6043754681026061E+00 -0.4839920085504992E+00 -0.3203638961351284E+00 -0.1224660632215834E+00  0.8540815263604765E-01  0.2739676936964594E+00  0.4136797160312090E+00  0.4839764530864231E+00  0.4713264634668847E+00  0.3847414808552544E+00  0.2475024751322591E+00  0.1109205975053094E+00  0.0000000000000000E+00
  0.0000000000000000E+00 -0.7596969816562117E-01 -0.3103499065972662E+00 -0.4822984973923397E+00 -0.6395177897275949E+00 -0.7421601349991578E+00 -0.8106318598740644E+00 -0.8285089998958796E+00 -0.8050406728260354E+00 -0.7295074048736557E+00 -0.6060478971329915E+00 -0.4339160962880327E+00 -0.2333316949044734E+00 -0.3706364395899077E-01  0.1244870429714744E+00  0.2388880362856746E+00  0.2940385787435272E+00  0.2803041965596840E+00  0.1958768183849971E+00  0.9402034109738312E-01  0.0000000000000000E+00
  0.0000000000000000E+00 -0.5908079997777284E-01 -0.3010120841462142E+00 -0.4703475284190892E+00 -0.6342394702774873E+00 -0.7446477185683407E+00 -0.8323061481296595E+00 -0.8786787765030962E+00 -0.8977016091358945E+00 -0.8767079941691052E+00 -0.8121108043742423E+00 -0.6876200358115279E+00 -0.5072696976514585E+00 -0.3067949755278414E+00 -0.1355301969407160E+00 -0.1009050826247203E-01  0.7569550539104761E-01  0.1142642459882173E+00  0.8954939036752331E-01  0.5203094073642863E-01  0.0000000000000000E+00
  0.0000000000000000E+00 -0.3649733204591553E-01 -0.2442320603447948E+00 -0.4012867604179029E+00 -0.5619205857119814E+00 -0.6760374052951357E+00 -0.7759758955710050E+00 -0.8424889850049574E+00 -0.8915456260806867E+00 -0.9165485321283398E+00 -0.9143345568559264E+00 -0.8585559115142865E+00 -0.7241390267653336E+00 -0.5262879810669716E+00 -0.3305818256352018E+00 -0.1887166701037583E+00 -0.9192230734838737E-01 -0.2706091840561050E-01 -0.3149666916517385E-02  0.1183907624318079E-01  0.0000000000000000E+00
  0.0000000000000000E+00 -0.7095387036044799E-03 -0.1487653872065099E+00 -0.2899683459300657E+00 -0.4425342697929913E+00 -0.5593474915198346E+00 -0.6671780207575686E+00 -0.7462095704768883E+00 -0.8101456451403272E+00 -0.8607082892214187E+00 -0.9048524219213026E+00 -0.9221431599821354E+00 -0.8642945537735015E+00 -0.7025540556996488E+00 -0.4831318996186067E+00 -0.2967979039094929E+00 -0.1746912862170958E+00 -0.9230169710666003E-01 -0.3796886757036338E-01  0.2200455122321194E-02  0.0000000000000000E+00
  0.0000000000000000E+00  0.5538702691283395E-01 -0.2787625828326378E-01 -0.1492347579842244E+00 -0.2920235309127672E+00 -0.4117877108239498E+00 -0.5268282505893871E+00 -0.6170637502368500E+00 -0.6890413615886155E+00 -0.7478937799754420E+00 -0.8113396631741348E+00 -0.8806636266022012E+00 -0.9087481361675261E+00 -0.8265800170788928E+00 -0.6245713964336526E+00 -0.3900375521348276E+00 -0.2109923761914292E+00 -0.9452180846036556E-01 -0.2104142954680310E-01  0.2278790612251632E-01  0.0000000000000000E+00
  0.0000000000000000E+00  0.1197418149072599E+00  0.9821659713200193E-01  0.8790512548518772E-02 -0.1186312014481180E+00 -0.2372085853197170E+00 -0.3561699534939565E+00 -0.4571372874530442E+00 -0.5390749680612940E+00 -0.6038660361570586E+00 -0.6705982467999749E+00 -0.7624264025669104E+00 -0.8577801172639157E+00 -0.8756563603226536E+00 -0.7474148398437269E+00 -0.5107220219167780E+00 -0.2769180406489255E+00 -0.1067462519090107E+00 -0.4870220983948170E-02  0.4351110993496184E-01  0.0000000000000000E+00
  0.0000000000000000E+00  0.1643194443493964E+00  0.2049914907916522E+00  0.1669019263898727E+00  0.6905808110339662E-01 -0.3753561047169784E-01 -0.1512658407932556E+00 -0.2576054920650198E+00 -0.3514664609430834E+00 -0.4298662837311320E+00 -0.5034671948645054E+00 -0.6024399109678625E+00 -0.7364313295784226E+00 -0.8447084965809316E+00 -0.8226671850766426E+00 -0.6410851958844471E+00 -0.3925513189510259E+00 -0.1767596327024939E+00 -0.3361429241889240E-01  0.3417502013985728E-01  0.0000000000000000E+00
  0.0000000000000000E+00  0.1734146242010517E+00  0.2733522133593440E+00  0.3050022637131621E+00  0.2569601617812054E+00  0.1775219861386650E+00  0.8062624869412467E-01 -0.2144219668896677E-01 -0.1232088978212559E+00 -0.2197745360621646E+00 -0.3121482524706422E+00 -0.4219768132729383E+00 -0.5751486360448874E+00 -0.7498404992196334E+00 -0.8396795243110986E+00 -0.7524079540809681E+00 -0.5305425553885719E+00 -0.2923854602218094E+00 -0.1074738893348786E+00 -0.9631190860178589E-02  0.0000000000000000E+00
  0.0000000000000000E+00  0.1494826874568397E+00  0.2927477725238156E+00  0.4013129964250806E+00  0.4220206409997292E+00  0.3871547212417470E+00  0.3193159785892201E+00  0.2320871533172117E+00  0.1306596240750488E+00  0.1902965147746770E-01 -0.9872287727536554E-01 -0.2305681905861513E+00 -0.3970396583174878E+00 -0.6118259665989479E+00 -0.8009345799153204E+00 -0.8323492638554524E+00 -0.6730131485506230E+00 -0.4338838425730590E+00 -0.2154435498711190E+00 -0.7840850528906737E-01  0.0000000000000000E+00
  0.0000000000000000E+00  0.1033449901320441E+00  0.2619259088983840E+00  0.4358128082109456E+00  0.5349263814374993E+00  0.5615959042592404E+00  0.5360271147249428E+00  0.4735413823903238E+00  0.3809346060791965E+00  0.2614908011325363E+00  0.1206684153142856E+00 -0.3864840054024877E-01 -0.2190090566397600E+00 -0.4507823844036158E+00 -0.7112852928005445E+00 -0.8700521444237821E+00 -0.8110160448286722E+00 -0.5950276931617668E+00 -0.3553148533765531E+00 -0.1654392891241882E+00  0.0000000000000000E+00
  0.0000000000000000E+00  0.4502142415870935E-01  0.1892500559794162E+00  0.3961751552514990E+00  0.5646490661780683E+00  0.6614140325384684E+00  0.6904997736925510E+00  0.6636698204151665E+00  0.5889728838623096E+00  0.4706257426457662E+00  0.3156648447600986E+00  0.1351424944221057E+00 -0.5512168167185576E-01 -0.2836911814284991E+00 -0.5771820461649734E+00 -0.8496997002304741E+00 -0.9270095943074459E+00 -0.7685308495378786E+00 -0.5239779726277963E+00 -0.2675733069250006E+00  0.0000000000000000E+00
  0.0000000000000000E+00 -0.1823973299648735E-01  0.8811826765948925E-01  0.2840361364407158E+00  0.4911540006157898E+00  0.6496222256593563E+00  0.7381426462309755E+00  0.7558438690121333E+00  0.7083231122020998E+00  0.6016985803304878E+00  0.4477917509368050E+00  0.2650572010076409E+00  0.8055979477963786E-01 -0.1235336548201765E+00 -0.4052495073967158E+00 -0.7514819772831528E+00 -0.9868871498725587E+00 -0.9335740415240220E+00 -0.7119260653844987E+00 -0.3818808349858224E+00  0.0000000000000000E+00
  0.0000000000000000E+00 -0.7340776273342370E-01 -0.2357101036656975E-01  0.1238100345390398E+00  0.3236556509985323E+00  0.5105102044997144E+00  0.6433114545867229E+00  0.7047839635050200E+00  0.6932780526721269E+00  0.6154956905656405E+00  0.4879812160069388E+00  0.3335443172005231E+00  0.1799918017261287E+00  0.2158203976557427E-01 -0.2046376901934174E+00 -0.5571274319149896E+00 -0.9370715461577320E+00 -0.1040645777089243E+01 -0.8934092313574614E+00 -0.4976853389306046E+00  0.0000000000000000E+00
  0.0000000000000000E+00 -0.7633294891347754E-01 -0.7339884107064724E-01  0.1492882929474599E-01  0.1647548541828420E+00  0.3290606496490077E+00  0.4668728084265279E+00  0.5526675819110648E+00  0.5772833797002797E+00  0.5435471452743307E+00  0.4661172469771432E+00  0.3639682212831084E+00  0.2593703032874151E+00  0.1551258370919792E+00  0.1090701780399095E-01 -0.2667817040279122E+00 -0.7159090686087123E+00 -0.9947293168393400E+00 -0.9984964824481249E+00 -0.5761719812847348E+00  0.0000000000000000E+00
  0.0000000000000000E+00  0.2239897410052751E-01  0.8662413535229056E-01  0.1618028986084754E+00  0.2529776596381453E+00  0.3544173170445846E+00  0.4483707347921854E+00  0.5159462110203932E+00  0.5457889483784015E+00  0.5356491884600970E+00  0.4940992717963167E+00  0.4328646760971093E+00  0.3684653572788320E+00  0.3041452059777980E+00  0.2318268566811617E+00  0.8242485391541195E-01 -0.2937010562170911E+00 -0.6568231263145835E+00 -0.8692221380902384E+00 -0.5153721078918778E+00  0.0000000000000000E+00
  0.0000000000000000E+00  0.4264637886491665E+00  0.5527446735510936E+00  0.6118730564999586E+00  0.6369167251965017E+00  0.6552422971275454E+00  0.6721694812139009E+00  0.6819552679905656E+00  0.6785957503118583E+00  0.6592177143639396E+00  0.6280157505616308E+00  0.5884879424689045E+00  0.5514152870052874E+00  0.5127264462339161E+00  0.4884518535733288E+00  0.4419430283815073E+00  0.2963669906586274E+00  0.1218112395157378E+00 -0.1531536208371591E+00 -0.4508091761278724E-01  0.0000000000000000E+00
  0.3000000000000000E+01  0.1743007608153028E+01  0.1428390114699010E+01  0.1326183729108600E+01  0.1342227484048641E+01  0.1388690425661948E+01  0.1431862291150483E+01  0.1470080407048696E+01  0.1510001697442827E+01  0.1557996045368278E+01  0.1610052020111424E+01  0.1667400848690396E+01  0.1714219496262970E+01  0.1765965867276050E+01  0.1766471295961175E+01  0.1756595768770890E+01  0.1817197971807027E+01  0.1977743155138203E+01  0.2590238724421239E+01  0.2619870644946484E+01  0.3000000000000000E+01
