  0.0000000000000000E+00  0.0000000000000000E+00  0.0000000000000000E+00  0.0000000000000000E+00  0.0000000000000000E+00  0.0000000000000000E+00  0.0000000000000000E+00  0.0000000000000000E+00  0.0000000000000000E+00  0.0000000000000000E+00  0.0000000000000000E+00  0.0000000000000000E+00  0.0000000000000000E+00  0.0000000000000000E+00  0.0000000000000000E+00  0.0000000000000000E+00  0.0000000000000000E+00  0.0000000000000000E+00  0.0000000000000000E+00  0.0000000000000000E+00  0.0000000000000000E+00
  0.3690078484475776E-01 -0.1508209084847480E-01 -0.8345487700666629E-02  0.2290000618087177E-02 -0.8939160271900885E-02 -0.3842971813835390E-01 -0.6855784106085158E-01 -0.8167546471482950E-01 -0.8121829248447009E-01 -0.7423352401357425E-01 -0.6187909935914700E-01 -0.3120227458667754E-01  0.2685360112544604E-01  0.9368247952828807E-01  0.1337615327820752E+00  0.1327876678504198E+00  0.9866527605809201E-01  0.4560255399954329E-01 -0.6248014377409960E-02 -0.2520293274694789E-01  0.6936078386343369E-01
  0.4373042434014512E-03  0.1766583534189286E-01  0.5343481026908004E-01  0.7162986322805069E-01  0.4276657225545915E-01 -0.2534728594195531E-01 -0.1164085211130331E+00 -0.2061446456649903E+00 -0.2792935760522819E+00 -0.3162405033248219E+00 -0.3027369695430883E+00 -0.2264575126202177E+00 -0.1014117266496129E+00  0.3615334687175660E-01  0.1451203615327958E+00  0.2002267836561972E+00  0.1968370680792179E+00  0.1457437086499900E+00  0.7138045197788465E-01  0.1076186606354360E-01  0.3909485378725384E-01
 -0.1550327385515352E+00  0.1094730666499565E+00  0.1733864613983343E+00  0.1815607239634300E+00  0.1173592556360375E+00  0.3946939510233166E-02 -0.1374265702658422E+00 -0.2782631842618903E+00 -0.4034201644044924E+00 -0.4869828567940530E+00 -0.5099291177928288E+00 -0.4491997926492527E+00 -0.3093660818727701E+00 -0.1245017376081263E+00  0.5616603413777530E-01  0.1938043481085229E+00  0.2647704230891005E+00  0.2596142424747012E+00  0.1927757217751532E+00  0.1029872920989688E+00 -0.1161861545217532E+00
 -0.4001675201332581E+00  0.2449077135200752E+00  0.3345556204269676E+00  0.3161230428924275E+00  0.2104447745630725E+00  0.5050364632285251E-01 -0.1419795883565065E+00 -0.3362079177967089E+00 -0.5164243135015170E+00 -0.6504098420475064E+00 -0.7139781636212919E+00 -0.6755785703095659E+00 -0.5328537363064272E+00 -0.3194381531395765E+00 -0.9123385980260688E-01  0.1098378418946125E+00  0.2548737694246713E+00  0.3169536754225382E+00  0.2910081967169718E+00  0.1947499910050643E+00 -0.2932417762982212E+00
 -0.6597053831720419E+00  0.3910670716121064E+00  0.5134958316642773E+00  0.4640079982526715E+00  0.3222135492336108E+00  0.1257614413668100E+00 -0.1041927723824336E+00 -0.3366467284294191E+00 -0.5600464828995295E+00 -0.7440590402871831E+00 -0.8631386049394426E+00 -0.8735269276073104E+00 -0.7503935470219560E+00 -0.5187515268266172E+00 -0.2525445719306894E+00 -0.9245167194183680E-02  0.1876819073161129E+00  0.3104680185590068E+00  0.3339112929252886E+00  0.2355816133811968E+00 -0.3728335472183019E+00
 -0.8565704975180635E+00  0.5137402543553005E+00  0.6846502655478379E+00  0.6089722523433175E+00  0.4363781685625011E+00  0.2087154662855989E+00 -0.5159493020381120E-01 -0.3129795010150077E+00 -0.5657201192284221E+00 -0.7857684407436200E+00 -0.9556555404007481E+00 -0.1032100892780061E+01 -0.9620957570223431E+00 -0.7342240812969526E+00 -0.4274547137208274E+00 -0.1405170970415042E+00  0.9281045356418313E-01  0.2575284656900672E+00  0.3172734220815292E+00  0.2188855893200549E+00 -0.3393833458786354E+00
 -0.9366109188668521E+00  0.5889916229878678E+00  0.8303639500967512E+00  0.7443608759854469E+00  0.5502252451255755E+00  0.3001137554154332E+00  0.1754170533240706E-01 -0.2648437849522066E+00 -0.5349724077729465E+00 -0.7728614053514267E+00 -0.9744618156683090E+00 -0.1116718515594788E+01 -0.1135764562704500E+01 -0.9639366512233181E+00 -0.6380972172658883E+00 -0.2947048365637789E+00 -0.1880594324736717E-01  0.1742024441463461E+00  0.2563632730206480E+00  0.1740441547135617E+00 -0.2657691911200370E+00
 -0.8792487584884268E+00  0.6067892929101389E+00  0.9411191202419902E+00  0.8669374299049338E+00  0.6607342149216696E+00  0.3942753004809839E+00  0.9224032537738855E-01 -0.2115864158688746E+00 -0.4972785309787457E+00 -0.7407692612927514E+00 -0.9451291350195384E+00 -0.1121555191032386E+01 -0.1232167743068916E+01 -0.1170071226200173E+01 -0.8872886694420455E+00 -0.5021325930094486E+00 -0.1652000840457441E+00  0.6813315803544051E-01  0.1771491102791118E+00  0.1287729154420502E+00 -0.2091696360470388E+00
 -0.7149528429722574E+00  0.5741937694651633E+00  0.1007628465423233E+01  0.9722406019927835E+00  0.7663790600232869E+00  0.4918999204951869E+00  0.1762821782775798E+00 -0.1477022018973968E+00 -0.4525382516530697E+00 -0.7037252486439186E+00 -0.8961512899920118E+00 -0.1067112640735467E+01 -0.1234596501730634E+01 -0.1298917124949888E+01 -0.1127359971598673E+01 -0.7581134922263457E+00 -0.3672858353292596E+00 -0.7096275287177123E-01  0.8986593967660784E-01  0.9245443462778301E-01 -0.1874973642067412E+00
 -0.5124269361983227E+00  0.5101765741138662E+00  0.1018102786143276E+01  0.1048598798342820E+01  0.8606397887820645E+00  0.5874356923450389E+00  0.2664813998152017E+00 -0.7166777079405068E-01 -0.3952910345343105E+00 -0.6607287247975256E+00 -0.8438517206002800E+00 -0.9843457029001629E+00 -0.1159621057682163E+01 -0.1326217942363908E+01 -0.1303009427411945E+01 -0.1017672315550388E+01 -0.6134179511718970E+00 -0.2541849146811305E+00 -0.1862718344479750E-01  0.5278085726285343E-01 -0.1769697552333578E+00
 -0.3190674419640955E+00  0.4263964863057531E+00  0.9601220169531639E+00  0.1074228199644784E+01  0.9274381752093001E+00  0.6688095155719699E+00  0.3534651162487094E+00  0.1302489980153062E-01 -0.3198557942437810E+00 -0.5985521100134868E+00 -0.7815203085037049E+00 -0.8885209064542331E+00 -0.1032007640249497E+01 -0.1253845229093121E+01 -0.1380646297068113E+01 -0.1234273194728882E+01 -0.8726401464280541E+00 -0.4767545609588698E+00 -0.1621817598014532E+00 -0.7071862728375421E-02 -0.1409661716163269E+00
 -0.1539564597073872E+00  0.3288561993823284E+00  0.8326121384395978E+00  0.1030836887367107E+01  0.9499619663161463E+00  0.7235506619209742E+00  0.4256602884108380E+00  0.9587180026810896E-01 -0.2316346812445132E+00 -0.5122209076605149E+00 -0.6967430190414714E+00 -0.7798123571499042E+00 -0.8735621040050200E+00 -0.1099132136182147E+01 -0.1346347306188284E+01 -0.1370925652184690E+01 -0.1111565998546775E+01 -0.7234168617422991E+00 -0.3461752297529928E+00 -0.9271163170344034E-01 -0.6804033464267173E-01
 -0.2290975739780421E-01  0.2234661682891420E+00  0.6474887474696219E+00  0.9044945196534612E+00  0.9046062233389272E+00  0.7331207531701053E+00  0.4703765513113477E+00  0.1665993559167717E+00 -0.1395750167749521E+00 -0.4055042964233330E+00 -0.5829889028465604E+00 -0.6511569672496289E+00 -0.6978276851256308E+00 -0.8873736293116367E+00 -0.1203247119437120E+01 -0.1400462687780645E+01 -0.1296456568342842E+01 -0.9695831355595879E+00 -0.5642584720235629E+00 -0.2020945530137006E+00  0.4202518701753866E-01
  0.7502164505247716E-01  0.1210407489901336E+00  0.4381438920228781E+00  0.7094037829082837E+00  0.7849226122108011E+00  0.6852644876715930E+00  0.4769509055487179E+00  0.2160612779031719E+00 -0.5290945351747466E-01 -0.2876159842799174E+00 -0.4448106443371924E+00 -0.5011638202471240E+00 -0.5146991795781474E+00 -0.6474932643446164E+00 -0.9700457480457895E+00 -0.1304801459104799E+01 -0.1391434837078443E+01 -0.1183225729672864E+01 -0.7983244953632401E+00 -0.3306326583268606E+00  0.1935734796173417E+00
  0.1345536989611163E+00  0.3491455766260438E-01  0.2392973719489294E+00  0.4707489566874708E+00  0.5893005318194883E+00  0.5637897703345469E+00  0.4282044887197755E+00  0.2307583245814350E+00  0.1710374210052868E-01 -0.1710794863702296E+00 -0.2963496852015952E+00 -0.3405896583682249E+00 -0.3376191233082589E+00 -0.4117294082014555E+00 -0.6820148063771542E+00 -0.1082314025675294E+01 -0.1358485519947729E+01 -0.1322639789984771E+01 -0.1018024105474031E+01 -0.4723604263147143E+00  0.3990571734701116E+00
  0.1226042899197602E+00 -0.9150289691922062E-02  0.9515342084399406E-01  0.2489733188232279E+00  0.3615988423781866E+00  0.3849203020956635E+00  0.3212933140049135E+00  0.1990055819260302E+00  0.5463302905271628E-01 -0.7581209083852307E-01 -0.1625285995963638E+00 -0.1938035888708161E+00 -0.1870496548773512E+00 -0.2141065905541116E+00 -0.3901832341190383E+00 -0.7577056459907954E+00 -0.1168873906123011E+01 -0.1337385389103763E+01 -0.1181269258888582E+01 -0.6207881364438553E+00  0.6810951504429841E+00
  0.2771214261634157E-01 -0.6875806070850993E-02  0.7084724403788593E-02  0.7244522040960756E-01  0.1470601774040720E+00  0.1862640468804079E+00  0.1744265498070441E+00  0.1203248057733078E+00  0.4559518292849286E-01 -0.2527717496563061E-01 -0.7277126187606907E-01 -0.8965476906602465E-01 -0.8333536872502000E-01 -0.8183374441852097E-01 -0.1548641338542452E+00 -0.3939955168866528E+00 -0.8251536411350563E+00 -0.1175667061642421E+01 -0.1224908259150158E+01 -0.7679055727306645E+00  0.1078808459041835E+01
 -0.1673277228137138E+00  0.4575813538312339E-01 -0.3005331666434364E-01 -0.3554149164906502E-01 -0.7852346132464692E-03  0.3270769658003124E-01  0.4550341331321227E-01  0.3569800055106402E-01  0.1182265221454255E-01 -0.1380192480609971E-01 -0.3100509443195632E-01 -0.3493074711167200E-01 -0.2862902728260105E-01 -0.1738663712805219E-01 -0.2269676334233766E-01 -0.9414121571446687E-01 -0.4062107964378899E+00 -0.8210134993937132E+00 -0.1050014438278615E+01 -0.8467302237625716E+00  0.1490176233009099E+01
  0.4136264010846331E+00 -0.2191514713761018E+00 -0.2438280130436723E+00 -0.1774489551595258E+00 -0.1112701506178324E+00 -0.6289384063950071E-01 -0.3286946744834936E-01 -0.1809219637603854E-01 -0.1357905840554924E-01 -0.1328016442469340E-01 -0.1225598034947081E-01 -0.7401664901062782E-02 -0.2245911445040771E-03  0.9339739250294530E-02  0.1174084132216958E-01  0.9839734894012856E-02 -0.1333149841147091E+00 -0.3910412688735513E+00 -0.5670727943088968E+00 -0.5442578998490624E+00  0.1065700905238290E+01
  0.0000000000000000E+00  0.0000000000000000E+00  0.0000000000000000E+00  0.0000000000000000E+00  0.0000000000000000E+00  0.0000000000000000E+00  0.0000000000000000E+00  0.0000000000000000E+00  0.0000000000000000E+00  0.0000000000000000E+00  0.0000000000000000E+00  0.0000000000000000E+00  0.0000000000000000E+00  0.0000000000000000E+00  0.0000000000000000E+00  0.0000000000000000E+00  0.0000000000000000E+00  0.0000000000000000E+00  0.0000000000000000E+00  0.0000000000000000E+00  0.0000000000000000E+00
