  0.0000000000000000E+00  0.0000000000000000E+00  0.0000000000000000E+00  0.0000000000000000E+00  0.0000000000000000E+00  0.0000000000000000E+00  0.0000000000000000E+00  0.0000000000000000E+00  0.0000000000000000E+00  0.0000000000000000E+00  0.0000000000000000E+00  0.0000000000000000E+00  0.0000000000000000E+00  0.0000000000000000E+00  0.0000000000000000E+00  0.0000000000000000E+00  0.0000000000000000E+00  0.0000000000000000E+00  0.0000000000000000E+00  0.0000000000000000E+00  0.0000000000000000E+00
  0.3685775508555797E-01 -0.1507277886585161E-01 -0.8360581511996857E-02  0.2288107776210805E-02 -0.8945321865393487E-02 -0.3843333625206325E-01 -0.6856035509937930E-01 -0.8167286614961840E-01 -0.8121505485884602E-01 -0.7422979476163161E-01 -0.6187591194297252E-01 -0.3119946134389985E-01  0.2685218976919702E-01  0.9367279558599749E-01  0.1337452977987219E+00  0.1327700407074684E+00  0.9865133427748317E-01  0.4559595654664790E-01 -0.6244399841233795E-02 -0.2519618699897060E-01  0.6934416115567800E-01
  0.4824096903492114E-03  0.1765209055147474E-01  0.5343868134477343E-01  0.7162304998594057E-01  0.4275970193904979E-01 -0.2536333755260927E-01 -0.1164220673252558E+00 -0.2061557550495845E+00 -0.2792967434206000E+00 -0.3162364762369657E+00 -0.3027252587489704E+00 -0.2264441250447973E+00 -0.1014035322214610E+00  0.3614998009982603E-01  0.1451049652404037E+00  0.2002039073096949E+00  0.1968127842026439E+00  0.1457260041912888E+00  0.7137516870628328E-01  0.1076718515439748E-01  0.3907361324309085E-01
 -0.1550836465507106E+00  0.1094883381129973E+00  0.1733813677882813E+00  0.1815566535561436E+00  0.1173345504464618E+00  0.3923061665475676E-02 -0.1374520858187507E+00 -0.2782783178905641E+00 -0.4034276861032310E+00 -0.4869774767182486E+00 -0.5099127078515524E+00 -0.4491745735463075E+00 -0.3093414765407355E+00 -0.1244875861858297E+00  0.5616514109794896E-01  0.1937885209787222E+00  0.2647449451041918E+00  0.2595863091702063E+00  0.1927578687542228E+00  0.1029805490265668E+00 -0.1161837783254775E+00
 -0.4001831519300071E+00  0.2449149991196376E+00  0.3345618454289057E+00  0.3160988310627243E+00  0.2104120019018935E+00  0.5046284397571237E-01 -0.1420112013076328E+00 -0.3362310259413208E+00 -0.5164326090351696E+00 -0.6504055358137552E+00 -0.7139576304139336E+00 -0.6755459461971516E+00 -0.5328166422262284E+00 -0.3194093319960478E+00 -0.9122045449586276E-01  0.1098349268511285E+00  0.2548539420990861E+00  0.3169244165520252E+00  0.2909795753485051E+00  0.1947312375651099E+00 -0.2932141373468246E+00
 -0.6597685737874694E+00  0.3910844818320617E+00  0.5134848717087157E+00  0.4639779118272458E+00  0.3221607622572168E+00  0.1257147306670947E+00 -0.1042330589994304E+00 -0.3366673766763805E+00 -0.5600533277868464E+00 -0.7440503163551456E+00 -0.8631156087359499E+00 -0.8734876975394475E+00 -0.7503453665350069E+00 -0.5187099199084789E+00 -0.2525184087837064E+00 -0.9236461082667248E-02  0.1876733488040840E+00  0.3104424498475956E+00  0.3338807428288344E+00  0.2355563710452646E+00 -0.3727883703069594E+00
 -0.8565694283413304E+00  0.5137344842212208E+00  0.6846340243223320E+00  0.6089185689359081E+00  0.4363151656543253E+00  0.2086520866898345E+00 -0.5163663763496552E-01 -0.3129993169463423E+00 -0.5657157274567081E+00 -0.7857520003384172E+00 -0.9556273153130560E+00 -0.1032058964820628E+01 -0.9620395441241527E+00 -0.7341693685041706E+00 -0.4274182304780474E+00 -0.1404973420544617E+00  0.9281121185064276E-01  0.2575125510253274E+00  0.3172455682314850E+00  0.2188664400306820E+00 -0.3393537518605612E+00
 -0.9365992331652830E+00  0.5889737201562569E+00  0.8303219273034876E+00  0.7442953834640496E+00  0.5501387615673288E+00  0.3000396071554892E+00  0.1749092744271150E-01 -0.2648550976157270E+00 -0.5349528025475914E+00 -0.7728240898578480E+00 -0.9744218404713384E+00 -0.1116673304092642E+01 -0.1135704423569627E+01 -0.9638708689969651E+00 -0.6380469258043522E+00 -0.2946765753178272E+00 -0.1879400412595576E-01  0.1741950816683462E+00  0.2563469762444583E+00  0.1740307558483377E+00 -0.2657452913005549E+00
 -0.8791702708777388E+00  0.6067442798055243E+00  0.9410625685388340E+00  0.8668483767892737E+00  0.6606322762721138E+00  0.3941790789851843E+00  0.9218271503479375E-01 -0.2115961145044886E+00 -0.4972380831691625E+00 -0.7407041248717371E+00 -0.9450644894338924E+00 -0.1121501426997765E+01 -0.1232108687179482E+01 -0.1169998542912228E+01 -0.8872260941981469E+00 -0.5020900323385380E+00 -0.1651783379630749E+00  0.6813944367934710E-01  0.1771413451291761E+00  0.1287683703764589E+00 -0.2091637660002005E+00
 -0.7148834609692438E+00  0.5741431875037170E+00  0.1007546101541907E+01  0.9721388357239431E+00  0.7662543067502922E+00  0.4917873341060937E+00  0.1762080248893416E+00 -0.1477122908446377E+00 -0.4524854438896729E+00 -0.7036293210970117E+00 -0.8960525568037799E+00 -0.1067039656964670E+01 -0.1234536232477916E+01 -0.1298847017983901E+01 -0.1127288363194479E+01 -0.7580613876608682E+00 -0.3672484396243673E+00 -0.7094604092474313E-01  0.8987120897022259E-01  0.9245126840768451E-01 -0.1874825962528309E+00
 -0.5123541343859728E+00  0.5101202483510542E+00  0.1018006610667190E+01  0.1048477386007050E+01  0.8605035613502271E+00  0.5873035043095328E+00  0.2663939423180410E+00 -0.7168930798141290E-01 -0.3952357178379563E+00 -0.6606150560367038E+00 -0.8437205162011759E+00 -0.9842450439458331E+00 -0.1159555622429494E+01 -0.1326150685034235E+01 -0.1302939265091055E+01 -0.1017612381583165E+01 -0.6133737703733377E+00 -0.2541525223025077E+00 -0.1861524226269344E-01  0.5278568870298850E-01 -0.1769723083716590E+00
 -0.3190321712228332E+00  0.4263481218126865E+00  0.9600121942152262E+00  0.1074098280791927E+01  0.9272907809192047E+00  0.6686703191042366E+00  0.3533638495653907E+00  0.1299254163492709E-01 -0.3198102530293866E+00 -0.5984364166808740E+00 -0.7813712032480474E+00 -0.8883969958542507E+00 -0.1031931831165770E+01 -0.1253784650118948E+01 -0.1380577859066020E+01 -0.1234216587814995E+01 -0.8725898572772571E+00 -0.4767172482193765E+00 -0.1621565719946474E+00 -0.7066655170424615E-02 -0.1409566064833735E+00
 -0.1539308398945367E+00  0.3288129231504029E+00  0.8325079295566722E+00  0.1030700379908180E+01  0.9498153955769555E+00  0.7234085908658573E+00  0.4255559904980461E+00  0.9582895033821616E-01 -0.2316011273781901E+00 -0.5121161703059764E+00 -0.6965951307169064E+00 -0.7796772935536039E+00 -0.8734822652880367E+00 -0.1099075349539805E+01 -0.1346288145104114E+01 -0.1370869425595070E+01 -0.1111523099364200E+01 -0.7233725508136291E+00 -0.3461487578228326E+00 -0.9269760253621391E-01 -0.6805595021419081E-01
 -0.2291243257268727E-01  0.2234375384800880E+00  0.6474001828675768E+00  0.9043692104245580E+00  0.9044643747872909E+00  0.7329867168102330E+00  0.4702731979591482E+00  0.1665526446082820E+00 -0.1395539580595460E+00 -0.4054164054346625E+00 -0.5828561630523211E+00 -0.6510306772028932E+00 -0.6977509772782177E+00 -0.8873291332564346E+00 -0.1203193492668398E+01 -0.1400414475960963E+01 -0.1296414887936745E+01 -0.9695471564463815E+00 -0.5642241899304140E+00 -0.2020856037279678E+00  0.4203262125348950E-01
  0.7501047183338744E-01  0.1210254590299849E+00  0.4380868489233421E+00  0.7093006507723741E+00  0.7847990873845127E+00  0.6851422016264779E+00  0.4768563656387126E+00  0.2160136463162405E+00 -0.5289800034141836E-01 -0.2875468892947848E+00 -0.4447036040433001E+00 -0.5010593866154255E+00 -0.5146415573047757E+00 -0.6474625947715188E+00 -0.9700073928753777E+00 -0.1304752741155567E+01 -0.1391403271090705E+01 -0.1183189212603756E+01 -0.7982991820446710E+00 -0.3306161754193904E+00  0.1935493442135003E+00
  0.1345193790919887E+00  0.3491745050329620E-01  0.2392717306018773E+00  0.4706833061703241E+00  0.5892047600435275E+00  0.5636889376718047E+00  0.4281208545162117E+00  0.2307129129034281E+00  0.1710581246621791E-01 -0.1710314169596676E+00 -0.2962726548435474E+00 -0.3405194869385991E+00 -0.3375855379428234E+00 -0.4117232581353985E+00 -0.6819891071993970E+00 -0.1082274300150522E+01 -0.1358449583507304E+01 -0.1322615966803467E+01 -0.1017994271520456E+01 -0.4723556659790729E+00  0.3990727264167631E+00
  0.1225628365609485E+00 -0.9136212470342010E-02  0.9515419914992249E-01  0.2489441786563301E+00  0.3615434413312313E+00  0.3848518115992907E+00  0.3212322017429681E+00  0.1989682119396394E+00  0.5462887877591176E-01 -0.7578441507712351E-01 -0.1624849771728242E+00 -0.1937670322326599E+00 -0.1870443034511022E+00 -0.2141192112506664E+00 -0.3901808436009169E+00 -0.7576691760420430E+00 -0.1168843053363813E+01 -0.1337356081285506E+01 -0.1181254242032959E+01 -0.6207731954411398E+00  0.6810653442904606E+00
  0.2768674347874751E-01 -0.6864881677713519E-02  0.7092098445606955E-02  0.7243904581951978E-01  0.1470353102400713E+00  0.1862279533602095E+00  0.1743901347405810E+00  0.1203003922391680E+00  0.4558875847239967E-01 -0.2526745130269396E-01 -0.7275468053086404E-01 -0.8964641971624639E-01 -0.8334469479445689E-01 -0.8186049248906034E-01 -0.1548766118175501E+00 -0.3939782140335382E+00 -0.8251164726938885E+00 -0.1175646657359110E+01 -0.1224885394454456E+01 -0.7679108044447337E+00  0.1078847018879745E+01
 -0.1673181651127661E+00  0.4575746529583246E-01 -0.3004576922526877E-01 -0.3553763738454124E-01 -0.7895822225093094E-03  0.3269513781032064E-01  0.4548772136054576E-01  0.3568452622503381E-01  0.1181497399722980E-01 -0.1380369788843430E-01 -0.3100545044304305E-01 -0.3493380508312185E-01 -0.2864131085298632E-01 -0.1740661230724692E-01 -0.2271932098142327E-01 -0.9413880085096532E-01 -0.4061864007945301E+00 -0.8209851155591978E+00 -0.1050010045090020E+01 -0.8467185621613547E+00  0.1490145641394044E+01
  0.4136300351562530E+00 -0.2191556312422841E+00 -0.2438368585705993E+00 -0.1774595500723941E+00 -0.1112815793156528E+00 -0.6290552806102681E-01 -0.3288122127013850E-01 -0.1810270993338559E-01 -0.1358741542116234E-01 -0.1328653287001615E-01 -0.1226141498331646E-01 -0.7408373824871497E-02 -0.2331393306566077E-03  0.9328124174509463E-02  0.1172867366699252E-01  0.9833704905906760E-02 -0.1333004020498616E+00 -0.3910292325750149E+00 -0.5670619913292004E+00 -0.5442804262339646E+00  0.1065779287372693E+01
  0.0000000000000000E+00  0.0000000000000000E+00  0.0000000000000000E+00  0.0000000000000000E+00  0.0000000000000000E+00  0.0000000000000000E+00  0.0000000000000000E+00  0.0000000000000000E+00  0.0000000000000000E+00  0.0000000000000000E+00  0.0000000000000000E+00  0.0000000000000000E+00  0.0000000000000000E+00  0.0000000000000000E+00  0.0000000000000000E+00  0.0000000000000000E+00  0.0000000000000000E+00  0.0000000000000000E+00  0.0000000000000000E+00  0.0000000000000000E+00  0.0000000000000000E+00
