  0.0000000000000000E+00  0.0000000000000000E+00  0.0000000000000000E+00  0.0000000000000000E+00  0.0000000000000000E+00  0.0000000000000000E+00  0.0000000000000000E+00  0.0000000000000000E+00  0.0000000000000000E+00  0.0000000000000000E+00  0.0000000000000000E+00  0.0000000000000000E+00  0.0000000000000000E+00  0.0000000000000000E+00  0.0000000000000000E+00  0.0000000000000000E+00  0.0000000000000000E+00  0.0000000000000000E+00  0.0000000000000000E+00  0.0000000000000000E+00  0.0000000000000000E+00
  0.3641746839088736E-01 -0.1514661005367791E-01 -0.9022361770146356E-02  0.9373230850141516E-03 -0.1061974663892534E-01 -0.3999490360933801E-01 -0.6974055957823398E-01 -0.8261852667363599E-01 -0.8214392973515586E-01 -0.7519897672088974E-01 -0.6270551391569482E-01 -0.3162061728634241E-01  0.2689238604664545E-01  0.9376564425439458E-01  0.1335589731964686E+00  0.1323177915167337E+00  0.9809569503904955E-01  0.4510605127271543E-01 -0.6514036383067584E-02 -0.2526001074012251E-01  0.6926599583729995E-01
  0.5700443240534495E-03  0.1716246122794781E-01  0.5205742800789688E-01  0.6963209935659387E-01  0.4075836180293123E-01 -0.2695084895036154E-01 -0.1173344966589566E+00 -0.2063757204463323E+00 -0.2788400809312404E+00 -0.3151399053476581E+00 -0.3010254233147042E+00 -0.2243703161527292E+00 -0.9939543861892630E-01  0.3762279537968011E-01  0.1457792576511617E+00  0.2001055695782381E+00  0.1961995684155326E+00  0.1449700911565195E+00  0.7083278623954520E-01  0.1055837405767839E-01  0.3915766406651004E-01
 -0.1533067502195054E+00  0.1081137557692514E+00  0.1710345170882487E+00  0.1789464944484859E+00  0.1150489230463188E+00  0.2151612172774557E-02 -0.1386411895199671E+00 -0.2789535604212308E+00 -0.4035538046489302E+00 -0.4865328889467808E+00 -0.5088965799155297E+00 -0.4477516207737693E+00 -0.3078380824978321E+00 -0.1232419911363059E+00  0.5689330221335154E-01  0.1938369248257207E+00  0.2641468639706001E+00  0.2586267865841483E+00  0.1918773721675449E+00  0.1025154053858175E+00 -0.1156688439899075E+00
 -0.3971859258373959E+00  0.2429830441865266E+00  0.3317632067221838E+00  0.3136387124805848E+00  0.2086637368217348E+00  0.4936120936170835E-01 -0.1425264023259024E+00 -0.3362325279433455E+00 -0.5158201789908169E+00 -0.6491127293679763E+00 -0.7120560005366604E+00 -0.6733694293410800E+00 -0.5308460554984117E+00 -0.3178938297537116E+00 -0.9022180468776002E-01  0.1101876464013099E+00  0.2544666368992178E+00  0.3159715043100016E+00  0.2899203069193896E+00  0.1941389611977856E+00 -0.2924965766739673E+00
 -0.6568865079536442E+00  0.3892090624697782E+00  0.5107406794556902E+00  0.4618819222422246E+00  0.3207847226821862E+00  0.1247531638511336E+00 -0.1049593763586893E+00 -0.3372626165179060E+00 -0.5603650121748897E+00 -0.7438196304282738E+00 -0.8621999166772296E+00 -0.8720644923836633E+00 -0.7489419603725682E+00 -0.5176493562491151E+00 -0.2517726180801459E+00 -0.8884119273610901E-02  0.1874116057278475E+00  0.3095702372119210E+00  0.3328128426339305E+00  0.2350525311658118E+00 -0.3723447508635048E+00
 -0.8551670558758532E+00  0.5125466932919133E+00  0.6824730239998867E+00  0.6075482745006288E+00  0.4357435870314248E+00  0.2084673568970952E+00 -0.5172260449256364E-01 -0.3131755650674518E+00 -0.5659051763785657E+00 -0.7856593892672253E+00 -0.9550033093103361E+00 -0.1030956880784767E+01 -0.9609912003964151E+00 -0.7335829154963290E+00 -0.4271552307520700E+00 -0.1404396199117682E+00  0.9248926318421051E-01  0.2567077629524298E+00  0.3163176077199644E+00  0.2185678784122597E+00 -0.3393860275168147E+00
 -0.9374117006854323E+00  0.5888158615634383E+00  0.8290358840048828E+00  0.7436862870066497E+00  0.5502706869771049E+00  0.3003552122219812E+00  0.1757442828428537E-01 -0.2652568081556789E+00 -0.5357987861902097E+00 -0.7737141233902731E+00 -0.9748587856618628E+00 -0.1116431946562651E+01 -0.1135270274346025E+01 -0.9638690153776519E+00 -0.6384041918893545E+00 -0.2951145750247209E+00 -0.1933881946811943E-01  0.1734592037569794E+00  0.2556619087352077E+00  0.1739149084393583E+00 -0.2660828165828674E+00
 -0.8821582764457443E+00  0.6076441725716192E+00  0.9407742412691131E+00  0.8669858875202884E+00  0.6614787244860469E+00  0.3951625497043099E+00  0.9279188935923494E-01 -0.2117165131209612E+00 -0.4981894041577782E+00 -0.7421442506431994E+00 -0.9463284177084682E+00 -0.1122001319540694E+01 -0.1232143551429804E+01 -0.1170424552286619E+01 -0.8881298775640535E+00 -0.5030300807115928E+00 -0.1660380189326862E+00  0.6739017279618052E-01  0.1766448055136189E+00  0.1287406507628561E+00 -0.2095771467749493E+00
 -0.7187553673795952E+00  0.5756937293654733E+00  0.1008325820716825E+01  0.9730070844837443E+00  0.7677369251808513E+00  0.4933572073423853E+00  0.1772150273864048E+00 -0.1477318273501788E+00 -0.4537344904933025E+00 -0.7058557014947161E+00 -0.8984625570352341E+00 -0.1068562897047971E+01 -0.1235053649639519E+01 -0.1299459507351611E+01 -0.1128511490919413E+01 -0.7593750776925310E+00 -0.3683865252061523E+00 -0.7181342911649574E-01  0.8938957627510595E-01  0.9237154058096726E-01 -0.1877250454677958E+00
 -0.5158787572372583E+00  0.5119123783515886E+00  0.1019858377817508E+01  0.1050137075013789E+01  0.8625462401199309E+00  0.5893943895919344E+00  0.2678578640133817E+00 -0.7137138967136719E-01 -0.3963931771110221E+00 -0.6632247544558940E+00 -0.8471078107488366E+00 -0.9869488102156264E+00 -0.1160713933200830E+01 -0.1326808512756321E+01 -0.1304176833736490E+01 -0.1019103796085349E+01 -0.6146798655701684E+00 -0.2551568455290746E+00 -0.1918807277833855E-01  0.5258462388911667E-01 -0.1769419444456886E+00
 -0.3217590221882374E+00  0.4281793803547090E+00  0.9627791188758896E+00  0.1076597182314322E+01  0.9298479028098396E+00  0.6711658715436968E+00  0.3552095714056991E+00  0.1363142069096120E-01 -0.3207769540141792E+00 -0.6011502305536338E+00 -0.7854077424589342E+00 -0.8922220844280815E+00 -0.1033910019600653E+01 -0.1254525417108449E+01 -0.1381615431453469E+01 -0.1235651505416554E+01 -0.8739310548360597E+00 -0.4778133517589538E+00 -0.1628456089505539E+00 -0.7357683508040548E-02 -0.1407725584264322E+00
 -0.1558311125013552E+00  0.3305471295136206E+00  0.8358102760395065E+00  0.1033955286867777E+01  0.9528475640022891E+00  0.7261718452530888E+00  0.4276260588937295E+00  0.9670149434458100E-01 -0.2323266335055719E+00 -0.5146727194929928E+00 -0.7008107053377850E+00 -0.7842391745767723E+00 -0.8762604056891009E+00 -0.1099988884264683E+01 -0.1347030662493414E+01 -0.1372045025028842E+01 -0.1112728940041933E+01 -0.7244377490651808E+00 -0.3468945985071041E+00 -0.9302800960033028E-01 -0.6781056970611327E-01
 -0.2408717075260214E-01  0.2249217297090607E+00  0.6506780183745799E+00  0.9080616629334892E+00  0.9079014078671462E+00  0.7359657226410923E+00  0.4724740594061358E+00  0.1675606282557475E+00 -0.1400970478828958E+00 -0.4077506235390446E+00 -0.5869103564992477E+00 -0.6557838878667873E+00 -0.7010380490432861E+00 -0.8884412496381908E+00 -0.1203657809404884E+01 -0.1401216234355295E+01 -0.1297354142158096E+01 -0.9704497541567744E+00 -0.5649343445473438E+00 -0.2024095448651101E+00  0.4229429004798646E-01
  0.7445960327949491E-01  0.1220986229290693E+00  0.4407554720667029E+00  0.7128747651965692E+00  0.7883752052818236E+00  0.6882301880829432E+00  0.4791050791810116E+00  0.2170770738488720E+00 -0.5331331824661182E-01 -0.2896288646853570E+00 -0.4483537545363695E+00 -0.5054579925748403E+00 -0.5179339441209871E+00 -0.6486398162607038E+00 -0.9702466843795617E+00 -0.1305181198164521E+01 -0.1392013716811950E+01 -0.1183845211750398E+01 -0.7988810772268784E+00 -0.3309012937490307E+00  0.1938228040202136E+00
  0.1346292913957248E+00  0.3543732054470321E-01  0.2409412530298344E+00  0.4735073241700332E+00  0.5924770759603203E+00  0.5667184798491873E+00  0.4303966973742125E+00  0.2318533110674018E+00  0.1686334247164349E-01 -0.1727599411236902E+00 -0.2992883931139667E+00 -0.3440941108522113E+00 -0.3403366928489672E+00 -0.4127087001780604E+00 -0.6820327913080935E+00 -0.1082416950508508E+01 -0.1358779651306090E+01 -0.1323023550847440E+01 -0.1018412376532729E+01 -0.4725806138381948E+00  0.3993294649818553E+00
  0.1234553541782326E+00 -0.9230558442606574E-02  0.9576367885041293E-01  0.2505522807976687E+00  0.3638352171414879E+00  0.3872589132198976E+00  0.3232063495870159E+00  0.2000746316911374E+00  0.5460685412326310E-01 -0.7699325796082662E-01 -0.1646137820268728E+00 -0.1961864943455604E+00 -0.1888583878973115E+00 -0.2146723566863067E+00 -0.3900162633513280E+00 -0.7576334290562422E+00 -0.1169001575737029E+01 -0.1337587611824833E+01 -0.1181519809083969E+01 -0.6209413433427632E+00  0.6813042209443207E+00
  0.2852992645287775E-01 -0.7138323644851420E-02  0.7114955518323487E-02  0.7307304626741248E-01  0.1482362396227519E+00  0.1876689726552954E+00  0.1756653249837843E+00  0.1210532524804703E+00  0.4561354216005403E-01 -0.2597442823197450E-01 -0.7395210329588232E-01 -0.9091157230670352E-01 -0.8420612808789152E-01 -0.8195223165484403E-01 -0.1545192166479653E+00 -0.3938241851049962E+00 -0.8252175446364913E+00 -0.1175801664242564E+01 -0.1225049326973971E+01 -0.7680228805743411E+00  0.1079019314749053E+01
 -0.1673730989562325E+00  0.4571410125507785E-01 -0.3023079519099892E-01 -0.3549256621785972E-01 -0.4267226744983745E-03  0.3326574272295015E-01  0.4606794580298240E-01  0.3607584306634867E-01  0.1189600621611009E-01 -0.1403989645697294E-01 -0.3144550813851069E-01 -0.3538553062670653E-01 -0.2890922842309512E-01 -0.1731054957806853E-01 -0.2232517426095092E-01 -0.9388111206402602E-01 -0.4062492452805165E+00 -0.8211298023519787E+00 -0.1050113947494486E+01 -0.8467730586775291E+00  0.1490205228538101E+01
  0.4134579749459658E+00 -0.2189939210421858E+00 -0.2435237881805915E+00 -0.1770969113351991E+00 -0.1109167670030906E+00 -0.6255341098578375E-01 -0.3256742196194481E-01 -0.1787296423251274E-01 -0.1347915216262074E-01 -0.1330228128296145E-01 -0.1235818386224130E-01 -0.7512136966074421E-02 -0.2751313030844029E-03  0.9402476949170898E-02  0.1193944055946835E-01  0.1003159261900263E-01 -0.1332978651478648E+00 -0.3911094050311818E+00 -0.5671252550074510E+00 -0.5442879102197975E+00  0.1065738475651941E+01
  0.0000000000000000E+00  0.0000000000000000E+00  0.0000000000000000E+00  0.0000000000000000E+00  0.0000000000000000E+00  0.0000000000000000E+00  0.0000000000000000E+00  0.0000000000000000E+00  0.0000000000000000E+00  0.0000000000000000E+00  0.0000000000000000E+00  0.0000000000000000E+00  0.0000000000000000E+00  0.0000000000000000E+00  0.0000000000000000E+00  0.0000000000000000E+00  0.0000000000000000E+00  0.0000000000000000E+00  0.0000000000000000E+00  0.0000000000000000E+00  0.0000000000000000E+00
