  0.0000000000000000E+00  0.0000000000000000E+00  0.0000000000000000E+00  0.0000000000000000E+00  0.0000000000000000E+00  0.0000000000000000E+00  0.0000000000000000E+00  0.0000000000000000E+00  0.0000000000000000E+00  0.0000000000000000E+00  0.0000000000000000E+00  0.0000000000000000E+00  0.0000000000000000E+00  0.0000000000000000E+00  0.0000000000000000E+00  0.0000000000000000E+00  0.0000000000000000E+00  0.0000000000000000E+00  0.0000000000000000E+00  0.0000000000000000E+00  0.0000000000000000E+00
  0.3721343863843637E-01 -0.1524507423321427E-01 -0.8521784061206438E-02  0.2221840103307370E-02 -0.8972572756195977E-02 -0.3844677754804179E-01 -0.6856001847793552E-01 -0.8165766020676651E-01 -0.8119803145930869E-01 -0.7421910152391781E-01 -0.6188202711549499E-01 -0.3124324251546478E-01  0.2674119617551177E-01  0.9349639091518477E-01  0.1335494469619585E+00  0.1326011687700786E+00  0.9854102295858538E-01  0.4557182095195651E-01 -0.6166415897897492E-02 -0.2509980355912330E-01  0.6913299477947241E-01
  0.8827234936260447E-03  0.1747850849515789E-01  0.5331824897909972E-01  0.7156944706165824E-01  0.4270568770636021E-01 -0.2541819448102451E-01 -0.1164599038907093E+00 -0.2061577407546153E+00 -0.2792626278523378E+00 -0.3161797990576189E+00 -0.3026775905696595E+00 -0.2264501537482778E+00 -0.1014953840234284E+00  0.3596861822587051E-01  0.1448614305630706E+00  0.1999409116027728E+00  0.1965811409118371E+00  0.1455823366705519E+00  0.7137608515133048E-01  0.1086602005554238E-01  0.3877802498470334E-01
 -0.1549434342238812E+00  0.1094114427666314E+00  0.1732908940760129E+00  0.1814539413642007E+00  0.1171846703277100E+00  0.3786052733333498E-02 -0.1375403257585223E+00 -0.2782912894419227E+00 -0.4033731345691284E+00 -0.4868732441069561E+00 -0.5097891994062151E+00 -0.4490757988743131E+00 -0.3093095720286079E+00 -0.1245523620178784E+00  0.5600009590624435E-01  0.1935376973923132E+00  0.2644469308773741E+00  0.2593134446367808E+00  0.1926158310941602E+00  0.1029720988834154E+00 -0.1163004655560861E+00
 -0.4002798782556511E+00  0.2449147138654862E+00  0.3344642633408075E+00  0.3158958291600060E+00  0.2101465201325610E+00  0.5023413385187998E-01 -0.1421493688717233E+00 -0.3362493476038098E+00 -0.5163420957387401E+00 -0.6502394669476358E+00 -0.7137534969421958E+00 -0.6753528228384051E+00 -0.5326741243697716E+00 -0.3193522862058051E+00 -0.9126495152665090E-01  0.1096752372962995E+00  0.2545790466256218E+00  0.3165924316087416E+00  0.2907096832847973E+00  0.1945738148359761E+00 -0.2930117612231308E+00
 -0.6599123738839282E+00  0.3910772099164487E+00  0.5133192558654179E+00  0.4636490992940162E+00  0.3217689257390177E+00  0.1253901251070281E+00 -0.1044222922082330E+00 -0.3366857112988295E+00 -0.5599173153256182E+00 -0.7438105411640941E+00 -0.8628210752358235E+00 -0.8731944482533975E+00 -0.7501001339674488E+00 -0.5185539147527678E+00 -0.2524584252616172E+00 -0.9283084081018717E-02  0.1874846360260287E+00  0.3101318480161128E+00  0.3335499097281918E+00  0.2353158323879914E+00 -0.3723975874357823E+00
 -0.8565192513867256E+00  0.5136219680969971E+00  0.6843466529042658E+00  0.6084451219128513E+00  0.4357890951499983E+00  0.2082201559798862E+00 -0.5188040013273405E-01 -0.3130146153080909E+00 -0.5655186477156370E+00 -0.7854196201323933E+00 -0.9552286049491022E+00 -0.1031655472860209E+01 -0.9616803327840360E+00 -0.7339167010805883E+00 -0.4272856957961797E+00 -0.1404556357248805E+00  0.9272469822362799E-01  0.2572753958776057E+00  0.3169371053203915E+00  0.2186563748691240E+00 -0.3390320192869803E+00
 -0.9362355898519461E+00  0.5887040618050119E+00  0.8298765955630896E+00  0.7436732529069849E+00  0.5494653719831002E+00  0.2994828452072651E+00  0.1717165134922490E-01 -0.2648781752897433E+00 -0.5346924570551157E+00 -0.7723821361426010E+00 -0.9739069413051568E+00 -0.1116157809375082E+01 -0.1135219332957576E+01 -0.9634884744700827E+00 -0.6378313209028974E+00 -0.2945761105384651E+00 -0.1879367475966631E-01  0.1740618667871220E+00  0.2561363706619850E+00  0.1739034539062774E+00 -0.2655739910568471E+00
 -0.8784992599267519E+00  0.6063164038226498E+00  0.9404499515411976E+00  0.8660816661212589E+00  0.6598123160446171E+00  0.3934856950186029E+00  0.9177378837488234E-01 -0.2116389146510834E+00 -0.4969119405044207E+00 -0.7401296847957325E+00 -0.9444073553547532E+00 -0.1120877535114429E+01 -0.1231519551572460E+01 -0.1169470751700441E+01 -0.8868717850414816E+00 -0.5019002103830497E+00 -0.1650898124135934E+00  0.6812057110245114E-01  0.1770519520744712E+00  0.1287193160988994E+00 -0.2091059962222269E+00
 -0.7141390230542184E+00  0.5736347997662113E+00  0.1006765376244416E+01  0.9712362981262320E+00  0.7652962911357645E+00  0.4909538867082124E+00  0.1756878214018823E+00 -0.1478049886409762E+00 -0.4521223430870713E+00 -0.7029210258933783E+00 -0.8952179044193534E+00 -0.1066284475195701E+01 -0.1233873614641952E+01 -0.1298218342830471E+01 -0.1126788515722827E+01 -0.7577444749027290E+00 -0.3670425112866433E+00 -0.7084573806268221E-01  0.8988809410445962E-01  0.9245146989532620E-01 -0.1874663155815189E+00
 -0.5117375009570289E+00  0.5096045467417568E+00  0.1017076139268242E+01  0.1047438451538542E+01  0.8594259668039248E+00  0.5863414430010343E+00  0.2657530201500248E+00 -0.7186879337438287E-01 -0.3948940147794604E+00 -0.6598263811792868E+00 -0.8427141020690849E+00 -0.9833277763170177E+00 -0.1158820696059181E+01 -0.1325468671199594E+01 -0.1302336758198763E+01 -0.1017181104452998E+01 -0.6130511490903101E+00 -0.2539256666843343E+00 -0.1850040366907160E-01  0.5282616672398963E-01 -0.1769789038410405E+00
 -0.3186127087683304E+00  0.4258661198296548E+00  0.9589856507206342E+00  0.1072939036435543E+01  0.9261190984567463E+00  0.6676135962331786E+00  0.3526162711502074E+00  0.1271100584452271E-01 -0.3195444768862317E+00 -0.5976524552638312E+00 -0.7802646081254342E+00 -0.8873336092867243E+00 -0.1031126555682103E+01 -0.1253087189629972E+01 -0.1379922833473810E+01 -0.1233711996368557E+01 -0.8721896308605387E+00 -0.4763842943721575E+00 -0.1619462349204387E+00 -0.6980244216031230E-02 -0.1410055022723451E+00
 -0.1537010761456463E+00  0.3283944701787413E+00  0.8314823343905777E+00  0.1029463567848898E+01  0.9485779313376314E+00  0.7222978287848298E+00  0.4247411115958611E+00  0.9546170779857066E-01 -0.2314296311590984E+00 -0.5114028848537553E+00 -0.6954873475105663E+00 -0.7785397332967590E+00 -0.8726360466302826E+00 -0.1098397872344456E+01 -0.1345627632005146E+01 -0.1370328781796858E+01 -0.1111098133738246E+01 -0.7229780417697693E+00 -0.3458615951079051E+00 -0.9256803274876026E-01 -0.6815749686162431E-01
 -0.2285235952634901E-01  0.2231182490463055E+00  0.6465023876125676E+00  0.9031521260048825E+00  0.9032068775555552E+00  0.7318570355612994E+00  0.4694258476054950E+00  0.1661270589476058E+00 -0.1394700968287899E+00 -0.4048065440717859E+00 -0.5818348114080332E+00 -0.6499276957477552E+00 -0.6969320886634237E+00 -0.8867206689142056E+00 -0.1202572581494022E+01 -0.1399862341731545E+01 -0.1295996208169725E+01 -0.9691450757782835E+00 -0.5638946971413914E+00 -0.2019303938161378E+00  0.4189648430702209E-01
  0.7491452405985194E-01  0.1208388681693416E+00  0.4374311285678769E+00  0.7082344393603741E+00  0.7836017460408675E+00  0.6840377775471370E+00  0.4760120669163495E+00  0.2155589402198304E+00 -0.5288550486768252E-01 -0.2870534444529071E+00 -0.4438340856135225E+00 -0.5001021677015547E+00 -0.5139438989220702E+00 -0.6469849800373860E+00 -0.9694802109504459E+00 -0.1304210130844737E+01 -0.1390998809972953E+01 -0.1182811139727628E+01 -0.7979668729991709E+00 -0.3304497404650700E+00  0.1933823483960392E+00
  0.1342528047471886E+00  0.3488820308847138E-01  0.2389174140126028E+00  0.4699091654128211E+00  0.5881907667203634E+00  0.5626757288892880E+00  0.4273064762715896E+00  0.2302391614098275E+00  0.1704534560416943E-01 -0.1706763074099874E+00 -0.2956125897400983E+00 -0.3398037252452332E+00 -0.3370959719276960E+00 -0.4114366564122773E+00 -0.6816117922081806E+00 -0.1081771801232435E+01 -0.1358048228302758E+01 -0.1322273699422784E+01 -0.1017682123591330E+01 -0.4721920405146949E+00  0.3988939979527542E+00
  0.1221578623901123E+00 -0.9029875315901935E-02  0.9506823644240651E-01  0.2485330943300164E+00  0.3608668265134624E+00  0.3840822160227224E+00  0.3205543144004513E+00  0.1985289739534321E+00  0.5450615002458691E-01 -0.7559066873445187E-01 -0.1620813077950772E+00 -0.1933471821739835E+00 -0.1868036161350969E+00 -0.2140441604808352E+00 -0.3900009038073535E+00 -0.7572551422831253E+00 -0.1168436884250059E+01 -0.1337035292003236E+01 -0.1180976319430858E+01 -0.6206164004406877E+00  0.6808728818912044E+00
  0.2743971365340793E-01 -0.6771224796061034E-02  0.7126039265224827E-02  0.7229342897059100E-01  0.1466916886113748E+00  0.1857721019403030E+00  0.1739470142380777E+00  0.1199838707465216E+00  0.4546105549931694E-01 -0.2521040802575929E-01 -0.7259013844750294E-01 -0.8949043843408325E-01 -0.8330464679068443E-01 -0.8194269942851434E-01 -0.1548931043728376E+00 -0.3937216628718432E+00 -0.8247256441517209E+00 -0.1175332616213279E+01 -0.1224643675838736E+01 -0.7677690022383228E+00  0.1078663330876233E+01
 -0.1672567611159690E+00  0.4575665934168245E-01 -0.2998678309092161E-01 -0.3553810252926446E-01 -0.8933667662446243E-03  0.3250861279412463E-01  0.4527366945562803E-01  0.3550349391307275E-01  0.1170479475430999E-01 -0.1383859896008618E-01 -0.3099643408502855E-01 -0.3492731301141337E-01 -0.2868412503142614E-01 -0.1751731546757915E-01 -0.2284725334003115E-01 -0.9407994238463120E-01 -0.4058790104807745E+00 -0.8206912844969145E+00 -0.1049818672586259E+01 -0.8466158547298114E+00  0.1490028891603175E+01
  0.4136558158013907E+00 -0.2191906498765476E+00 -0.2439161338282521E+00 -0.1775642624491874E+00 -0.1113997670804763E+00 -0.6303307259456073E-01 -0.3301077354142833E-01 -0.1821973166580128E-01 -0.1367962964924729E-01 -0.1335074078947042E-01 -0.1230802256632442E-01 -0.7452402773515844E-02 -0.2903506268787768E-03  0.9255899526006920E-02  0.1163760300222200E-01  0.9811727004663855E-02 -0.1331464670490610E+00 -0.3908503508685216E+00 -0.5669502227717786E+00 -0.5442354771415029E+00  0.1065756208652730E+01
  0.0000000000000000E+00  0.0000000000000000E+00  0.0000000000000000E+00  0.0000000000000000E+00  0.0000000000000000E+00  0.0000000000000000E+00  0.0000000000000000E+00  0.0000000000000000E+00  0.0000000000000000E+00  0.0000000000000000E+00  0.0000000000000000E+00  0.0000000000000000E+00  0.0000000000000000E+00  0.0000000000000000E+00  0.0000000000000000E+00  0.0000000000000000E+00  0.0000000000000000E+00  0.0000000000000000E+00  0.0000000000000000E+00  0.0000000000000000E+00  0.0000000000000000E+00
