  0.0000000000000000E+00  0.0000000000000000E+00  0.0000000000000000E+00  0.0000000000000000E+00  0.0000000000000000E+00  0.0000000000000000E+00  0.0000000000000000E+00  0.0000000000000000E+00  0.0000000000000000E+00  0.0000000000000000E+00  0.0000000000000000E+00  0.0000000000000000E+00  0.0000000000000000E+00  0.0000000000000000E+00  0.0000000000000000E+00  0.0000000000000000E+00  0.0000000000000000E+00  0.0000000000000000E+00  0.0000000000000000E+00  0.0000000000000000E+00  0.0000000000000000E+00
  0.3725354758766310E-01 -0.1526138126517278E-01 -0.8530596207855247E-02  0.2217492866593790E-02 -0.8972818286227507E-02 -0.3844681735290220E-01 -0.6855910263230121E-01 -0.8165655902958377E-01 -0.8119666980087308E-01 -0.7421827326777741E-01 -0.6188224227963530E-01 -0.3124619944696961E-01  0.2673387108736805E-01  0.9348543068406891E-01  0.1335379109638301E+00  0.1325917469065660E+00  0.9853521450652236E-01  0.4557112592098340E-01 -0.6161357355716511E-02 -0.2509388609946650E-01  0.6912030094268298E-01
  0.9016493795807601E-03  0.1746898449559078E-01  0.5330860286635311E-01  0.7156784394338522E-01  0.4270295253352210E-01 -0.2541934097031675E-01 -0.1164610560530017E+00 -0.2061565899200071E+00 -0.2792604054088216E+00 -0.3161768585822349E+00 -0.3026763872743795E+00 -0.2264528470835224E+00 -0.1015033022199577E+00  0.3595604178427558E-01  0.1448462543097800E+00  0.1999254601763585E+00  0.1965682330295191E+00  0.1455747274120784E+00  0.7137699796189152E-01  0.1087226306140533E-01  0.3876020877767555E-01
 -0.1549227559952203E+00  0.1094031914217229E+00  0.1732868182699483E+00  0.1814474070943052E+00  0.1171783147196364E+00  0.3779267573639221E-02 -0.1375430624238194E+00 -0.2782907116148078E+00 -0.4033685148174306E+00 -0.4868670366467781E+00 -0.5097827977134327E+00 -0.4490721355863497E+00 -0.3093103132351613E+00 -0.1245584448192098E+00  0.5598885007578693E-01  0.1935224586966570E+00  0.2644296000558064E+00  0.2592983028545610E+00  0.1926083894286725E+00  0.1029725238110764E+00 -0.1163091820045567E+00
 -0.4002889216062432E+00  0.2449152755196524E+00  0.3344569049527140E+00  0.3158858250097417E+00  0.2101315700446997E+00  0.5022334466318507E-01 -0.1421559435303908E+00 -0.3362481636329096E+00 -0.5163357181506372E+00 -0.6502291504081276E+00 -0.7137426282356941E+00 -0.6753437565714041E+00 -0.5326686917103325E+00 -0.3193515725973058E+00 -0.9126933191959165E-01  0.1096647498916848E+00  0.2545628243124843E+00  0.3165733231132545E+00  0.2906949134551188E+00  0.1945652737288203E+00 -0.2930009077313421E+00
 -0.6599133304349463E+00  0.3910745891190079E+00  0.5133104369220776E+00  0.4636295381879878E+00  0.3217482961780411E+00  0.1253724111781442E+00 -0.1044306075527274E+00 -0.3366850391781300E+00 -0.5599071055689904E+00 -0.7437954263741222E+00 -0.8628036633153975E+00 -0.8731789433635385E+00 -0.7500884747322835E+00 -0.5185473069070005E+00 -0.2524568271694035E+00 -0.9286806466036576E-02  0.1874729872327598E+00  0.3101140416013162E+00  0.3335310565020578E+00  0.2353025035618480E+00 -0.3723764541834861E+00
 -0.8565182466924637E+00  0.5136155857687724E+00  0.6843285106138537E+00  0.6084188645161099E+00  0.4357589842499687E+00  0.2081973588889954E+00 -0.5189327613507028E-01 -0.3130134660516470E+00 -0.5655059316295681E+00 -0.7853986512562531E+00 -0.9552047540324600E+00 -0.1031632594013261E+01 -0.9616615792784876E+00 -0.7339045653061069E+00 -0.4272796577833622E+00 -0.1404544011036263E+00  0.9271937567988592E-01  0.2572613977260707E+00  0.3169197513633188E+00  0.2186441555068045E+00 -0.3390127151570947E+00
 -0.9362093307054631E+00  0.5886867503161168E+00  0.8298509202428874E+00  0.7436367747079861E+00  0.5494282325006935E+00  0.2994517149256669E+00  0.1715515863130568E-01 -0.2648788513002016E+00 -0.5346762992174918E+00 -0.7723556589963780E+00 -0.9738757219600996E+00 -0.1116127451580589E+01 -0.1135192301754055E+01 -0.9634682543689822E+00 -0.6378207037550711E+00 -0.2945711020387110E+00 -0.1879429845869207E-01  0.1740544000784441E+00  0.2561240839735087E+00  0.1738965310686396E+00 -0.2655655092324100E+00
 -0.8784616963667646E+00  0.6062916001069311E+00  0.9404131039540287E+00  0.8660382659018218E+00  0.6597657987045807E+00  0.3934479570589178E+00  0.9175109322711777E-01 -0.2116408400021276E+00 -0.4968938406582068E+00 -0.7400965552873293E+00 -0.9443687068755326E+00 -0.1120840315726741E+01 -0.1231485325448620E+01 -0.1169441465258037E+01 -0.8868524420819478E+00 -0.5018903913944809E+00 -0.1650847963956973E+00  0.6811919170845598E-01  0.1770473787341655E+00  0.1287163618178849E+00 -0.2091017067194893E+00
 -0.7140925819752930E+00  0.5736042100399933E+00  0.1006720048144687E+01  0.9711840310511417E+00  0.7652431485795271E+00  0.4909075612077977E+00  0.1756595529426695E+00 -0.1478108145356208E+00 -0.4521027377457946E+00 -0.7028818958009363E+00 -0.8951699701580242E+00 -0.1066239747466084E+01 -0.1233834465508662E+01 -0.1298182010168602E+01 -0.1126760421883080E+01 -0.7577263619448058E+00 -0.3670311944640222E+00 -0.7083943759509859E-01  0.8988897073090177E-01  0.9245228992827664E-01 -0.1874678990539282E+00
 -0.5117027868122548E+00  0.5095746215471201E+00  0.1017021077829105E+01  0.1047379205888947E+01  0.8593651910095297E+00  0.5862886834316354E+00  0.2657173306192935E+00 -0.7187926660326249E-01 -0.3948765896748652E+00 -0.6597834786215662E+00 -0.8426574532530271E+00 -0.9832741653461481E+00 -0.1158776708117037E+01 -0.1325428804392284E+01 -0.1302301522603912E+01 -0.1017156334059632E+01 -0.6130319322884618E+00 -0.2539127075492896E+00 -0.1849280089878840E-01  0.5282841969118682E-01 -0.1769780599723489E+00
 -0.3185859636038477E+00  0.4258372256136842E+00  0.9589257132372049E+00  0.1072871727365129E+01  0.9260533066365982E+00  0.6675546141612734E+00  0.3525749148012197E+00  0.1269430041042493E-01 -0.3195312341132589E+00 -0.5976102907523422E+00 -0.7802027604349248E+00 -0.8872717128498303E+00 -0.1031078418862948E+01 -0.1253045408998338E+01 -0.1379884521711539E+01 -0.1233681650126948E+01 -0.8721662487302863E+00 -0.4763638374698087E+00 -0.1619340259101159E+00 -0.6974027712052066E-02 -0.1410119427739597E+00
 -0.1536883264726273E+00  0.3283698841311335E+00  0.8314213259207733E+00  0.1029391787000331E+01  0.9485070265403166E+00  0.7222356185080456E+00  0.4246951569307439E+00  0.9544033687630518E-01 -0.2314217857436205E+00 -0.5113645037932671E+00 -0.6954252336067261E+00 -0.7784736138701870E+00 -0.8725847231900465E+00 -0.1098357188384710E+01 -0.1345587968172006E+01 -0.1370296727807076E+01 -0.1111071821638011E+01 -0.7229548137798302E+00 -0.3458433070398092E+00 -0.9256053783134847E-01 -0.6816169354576379E-01
 -0.2284707329268054E-01  0.2230986762802141E+00  0.6464489555479618E+00  0.9030800587864766E+00  0.9031341856729640E+00  0.7317923089167075E+00  0.4693776501871254E+00  0.1661019644973784E+00 -0.1394669048420493E+00 -0.4047734934506567E+00 -0.5817771709096204E+00 -0.6498627141971894E+00 -0.6968820934262951E+00 -0.8866828167505310E+00 -0.1202535689566216E+01 -0.1399828535731275E+01 -0.1295971080143330E+01 -0.9691197146320318E+00 -0.5638752359488723E+00 -0.2019195898827817E+00  0.4188353369947295E-01
  0.7490853959002020E-01  0.1208274620811791E+00  0.4373909258335574E+00  0.7081707198580786E+00  0.7835309168945443E+00  0.6839735881263559E+00  0.4759629583957788E+00  0.2155320069946458E+00 -0.5288613625376441E-01 -0.2870264353894846E+00 -0.4437841090816016E+00 -0.5000451804402900E+00 -0.5138997763861237E+00 -0.6469547918619271E+00 -0.9694477250117792E+00 -0.1304177965500733E+01 -0.1390973156719241E+01 -0.1182788504473036E+01 -0.7979451344209482E+00 -0.3304399507600809E+00  0.1933747178592946E+00
  0.1342383343908637E+00  0.3488563753783133E-01  0.2388952470043576E+00  0.4698615944755247E+00  0.5881298443076879E+00  0.5626153298950815E+00  0.4272582758086284E+00  0.2302106556715068E+00  0.1704070416955140E-01 -0.1706564697309784E+00 -0.2955741303481267E+00 -0.3397598315072276E+00 -0.3370641035280715E+00 -0.4114164947109455E+00 -0.6815887963182840E+00 -0.1081740978077489E+01 -0.1358024268345864E+01 -0.1322251326315521E+01 -0.1017663433100112E+01 -0.4721800656346654E+00  0.3988767638038837E+00
  0.1221335113066391E+00 -0.9023853515715186E-02  0.9506195075949356E-01  0.2485072998550318E+00  0.3608250466891625E+00  0.3840354470866017E+00  0.3205131325885831E+00  0.1985020224110959E+00  0.5449793684220255E-01 -0.7557995963118978E-01 -0.1620570814021526E+00 -0.1933208353152983E+00 -0.1867860663680213E+00 -0.2140371326172155E+00 -0.3899883628413565E+00 -0.7572308478335071E+00 -0.1168411341197265E+01 -0.1337016056500507E+01 -0.1180956997188138E+01 -0.6206070449112664E+00  0.6808641375456608E+00
  0.2742519638210281E-01 -0.6765834183902080E-02  0.7127693830396571E-02  0.7228375354866738E-01  0.1466701886688431E+00  0.1857438387633049E+00  0.1739197495400399E+00  0.1199642207840483E+00  0.4545279101139003E-01 -0.2520721100783020E-01 -0.7258001015924451E-01 -0.8947965599329095E-01 -0.8330022338695935E-01 -0.8194486650963233E-01 -0.1548930861886253E+00 -0.3937053446288147E+00 -0.8247028015182009E+00 -0.1175311809479903E+01 -0.1224629093093941E+01 -0.7677573392922055E+00  0.1078642924782676E+01
 -0.1672537468769488E+00  0.4575676514140650E-01 -0.2998345145272929E-01 -0.3553850320338581E-01 -0.9002358221427624E-03  0.3249686288452755E-01  0.4526029903230615E-01  0.3549224340216548E-01  0.1169796655959374E-01 -0.1384073776698014E-01 -0.3099545714112771E-01 -0.3492625643394506E-01 -0.2868532245490344E-01 -0.1752274617179944E-01 -0.2285339077888683E-01 -0.9407637392181074E-01 -0.4058595918082991E+00 -0.8206741742247470E+00 -0.1049804021168339E+01 -0.8466081150223936E+00  0.1490020323898842E+01
  0.4136572997212256E+00 -0.2191926895921935E+00 -0.2439207690553548E+00 -0.1775705233818486E+00 -0.1114068281657480E+00 -0.6304078031580572E-01 -0.3301857505567456E-01 -0.1822677994223439E-01 -0.1368514152137281E-01 -0.1335444872123133E-01 -0.1231058480967015E-01 -0.7454564750220657E-02 -0.2933078671573478E-03  0.9252324790743100E-02  0.1163254694679698E-01  0.9811142233854885E-02 -0.1331375406763177E+00 -0.3908382758584003E+00 -0.5669436399747096E+00 -0.5442276443419055E+00  0.1065739293051007E+01
  0.0000000000000000E+00  0.0000000000000000E+00  0.0000000000000000E+00  0.0000000000000000E+00  0.0000000000000000E+00  0.0000000000000000E+00  0.0000000000000000E+00  0.0000000000000000E+00  0.0000000000000000E+00  0.0000000000000000E+00  0.0000000000000000E+00  0.0000000000000000E+00  0.0000000000000000E+00  0.0000000000000000E+00  0.0000000000000000E+00  0.0000000000000000E+00  0.0000000000000000E+00  0.0000000000000000E+00  0.0000000000000000E+00  0.0000000000000000E+00  0.0000000000000000E+00
