  0.0000000000000000E+00  0.0000000000000000E+00  0.0000000000000000E+00  0.0000000000000000E+00  0.0000000000000000E+00  0.0000000000000000E+00  0.0000000000000000E+00  0.0000000000000000E+00  0.0000000000000000E+00  0.0000000000000000E+00  0.0000000000000000E+00  0.0000000000000000E+00  0.0000000000000000E+00  0.0000000000000000E+00  0.0000000000000000E+00  0.0000000000000000E+00  0.0000000000000000E+00  0.0000000000000000E+00  0.0000000000000000E+00  0.0000000000000000E+00  0.0000000000000000E+00
  0.3722996630902638E-01 -0.1524733454711583E-01 -0.8512037332321105E-02  0.2222399434345653E-02 -0.8972013112958931E-02 -0.3844813928668525E-01 -0.6856076997886806E-01 -0.8165941763048658E-01 -0.8119928889275990E-01 -0.7422023501548418E-01 -0.6188171668476292E-01 -0.3124022849053584E-01  0.2674882439857423E-01  0.9350782897052287E-01  0.1335613886798494E+00  0.1326110249352365E+00  0.9854698238772784E-01  0.4557263696354218E-01 -0.6171748078505963E-02 -0.2510582225362356E-01  0.6914571868236472E-01
  0.8492849933262811E-03  0.1748984759730448E-01  0.5331882778523972E-01  0.7157205477061779E-01  0.4270482262489727E-01 -0.2541645475067443E-01 -0.1164604263189845E+00 -0.2061586652968891E+00 -0.2792657490555336E+00 -0.3161827166616196E+00 -0.3026791205876203E+00 -0.2264472857290099E+00 -0.1014871371428120E+00  0.3598167704528554E-01  0.1448773182699280E+00  0.1999568754689962E+00  0.1965947113894162E+00  0.1455901023203196E+00  0.7137534275137952E-01  0.1085938002050187E-01  0.3879720268987392E-01
 -0.1549284626457497E+00  0.1094082836049169E+00  0.1732963881690010E+00  0.1814547462171032E+00  0.1171922289231533E+00  0.3790063603676141E-02 -0.1375369256456181E+00 -0.2782934509123898E+00 -0.4033776352939809E+00 -0.4868804040612293E+00 -0.5097956895167077E+00 -0.4490797553209621E+00 -0.3093087336940180E+00 -0.1245458939876480E+00  0.5601171988097057E-01  0.1935537856625572E+00  0.2644647644440842E+00  0.2593294834156656E+00  0.1926233345176067E+00  0.1029720214332995E+00 -0.1162927297822918E+00
 -0.4002815052598486E+00  0.2449154652803830E+00  0.3344648905813005E+00  0.3159073921895061E+00  0.2101578548029191E+00  0.5024619785636377E-01 -0.1421449156215284E+00 -0.3362500580926930E+00 -0.5163499703792611E+00 -0.6502499028028204E+00 -0.7137652659090273E+00 -0.6753620946064052E+00 -0.5326797119954441E+00 -0.3193530184247755E+00 -0.9126008686272681E-01  0.1096859802169195E+00  0.2545963304519062E+00  0.3166120154926213E+00  0.2907255153751584E+00  0.1945823633824008E+00 -0.2930215747720441E+00
 -0.6598907263839052E+00  0.3910734265485866E+00  0.5133295532618544E+00  0.4636646577536302E+00  0.3217913822315451E+00  0.1254054894647600E+00 -0.1044129134366424E+00 -0.3366881718436004E+00 -0.5599274742897514E+00 -0.7438271112523034E+00 -0.8628389290371308E+00 -0.8732107285936053E+00 -0.7501121479232301E+00 -0.5185604808660087E+00 -0.2524601783519639E+00 -0.9278699658793448E-02  0.1874964717259589E+00  0.3101509894420964E+00  0.3335691238128762E+00  0.2353303842068765E+00 -0.3724220288077532E+00
 -0.8565284325296758E+00  0.5136297738287470E+00  0.6843608889565651E+00  0.6084734300282320E+00  0.4358169844185439E+00  0.2082447103922704E+00 -0.5186919910423010E-01 -0.3130151964818536E+00 -0.5655330682466388E+00 -0.7854410527322090E+00 -0.9552538575049730E+00 -0.1031679079671602E+01 -0.9616996499085713E+00 -0.7339293008682999E+00 -0.4272914044327771E+00 -0.1404571439888507E+00  0.9273099801087471E-01  0.2572895463108492E+00  0.3169560351850950E+00  0.2186685948156403E+00 -0.3390497492618260E+00
 -0.9362500036257526E+00  0.5887180834155179E+00  0.8299042466208011E+00  0.7437077807877340E+00  0.5495048520620680E+00  0.2995127693031149E+00  0.1718950463632125E-01 -0.2648789502612781E+00 -0.5347087546360033E+00 -0.7724103467112117E+00 -0.9739391362674041E+00 -0.1116189425835461E+01 -0.1135247348822342E+01 -0.9635089555324958E+00 -0.6378424764173316E+00 -0.2945804428806053E+00 -0.1879339957920035E-01  0.1740707090545401E+00  0.2561486184326480E+00  0.1739118284531389E+00 -0.2655868669267687E+00
 -0.8785444854508985E+00  0.6063432213751020E+00  0.9404851786744074E+00  0.8661276155041351E+00  0.6598581953977773E+00  0.3935256429586871E+00  0.9179570204577377E-01 -0.2116363392546258E+00 -0.4969316259721341E+00 -0.7401637435078032E+00 -0.9444477473788681E+00 -0.1120916095400737E+01 -0.1231554779196034E+01 -0.1169501227325347E+01 -0.8868909698207537E+00 -0.5019106988399586E+00 -0.1650937757973989E+00  0.6812148209609732E-01  0.1770581690833698E+00  0.1287217446353154E+00 -0.2091070648225765E+00
 -0.7141790476553866E+00  0.5736641146933343E+00  0.1006813296424616E+01  0.9712883116667879E+00  0.7653522189930626E+00  0.4910002851687406E+00  0.1757177806212877E+00 -0.1477999760222714E+00 -0.4521422727448798E+00 -0.7029620317475219E+00 -0.8952674886363144E+00 -0.1066330751069997E+01 -0.1233914320298476E+01 -0.1298255315320649E+01 -0.1126817891779705E+01 -0.7577619439454487E+00 -0.3670547248347172E+00 -0.7085056817500496E-01  0.8988652594482870E-01  0.9245251721880038E-01 -0.1874710257115724E+00
 -0.5117783131746765E+00  0.5096365369210049E+00  0.1017131297588338E+01  0.1047500690641522E+01  0.8594874396349971E+00  0.5863968229935471E+00  0.2657889646219576E+00 -0.7185746614346021E-01 -0.3949126128496948E+00 -0.6598706567654985E+00 -0.8427728379569017E+00 -0.9833834271728059E+00 -0.1158865768490294E+01 -0.1325510255327186E+01 -0.1302372086964630E+01 -0.1017207183741569E+01 -0.6130692248178945E+00 -0.2539397441262019E+00 -0.1850601530848385E-01  0.5282301966450245E-01 -0.1769750743019912E+00
 -0.3186351259364697E+00  0.4258945777753299E+00  0.9590486073895199E+00  0.1073007435118098E+01  0.9261879956653505E+00  0.6676737305688835E+00  0.3526596624786466E+00  0.1272774741900863E-01 -0.3195579295256353E+00 -0.5976962710741152E+00 -0.7803287242514286E+00 -0.8873973712882189E+00 -0.1031176697374730E+01 -0.1253129471790331E+01 -0.1379962921124869E+01 -0.1233741643547731E+01 -0.8722144205312343E+00 -0.4764029613856205E+00 -0.1619596673848258E+00 -0.6983795389998597E-02 -0.1410082812148300E+00
 -0.1537179238678748E+00  0.3284207595655728E+00  0.8315443548288435E+00  0.1029538684118193E+01  0.9486505084879100E+00  0.7223628683657831E+00  0.4247881754286792E+00  0.9548420163070739E-01 -0.2314379336685261E+00 -0.5114425988221916E+00 -0.6955514640947583E+00 -0.7786084684605260E+00 -0.8726883895826030E+00 -0.1098440421077705E+01 -0.1345667105960775E+01 -0.1370362472450867E+01 -0.1111122814480533E+01 -0.7230028042815537E+00 -0.3458770996611986E+00 -0.9257673825589216E-01 -0.6814688489352211E-01
 -0.2285423751661741E-01  0.2231375675608038E+00  0.6465584651657941E+00  0.9032260008207500E+00  0.9032828088687535E+00  0.7319235879486532E+00  0.4694762038765346E+00  0.1661528647361601E+00 -0.1394732532243784E+00 -0.4048406312778030E+00 -0.5818946881595122E+00 -0.6499944138142552E+00 -0.6969842574551920E+00 -0.8867584786475518E+00 -0.1202611288117444E+01 -0.1399894957960887E+01 -0.1296022789201326E+01 -0.9691677094205245E+00 -0.5639156386385685E+00 -0.2019373332675508E+00  0.4189636116408380E-01
  0.7491817680721730E-01  0.1208512923544765E+00  0.4374720538706467E+00  0.7083010723997777E+00  0.7836746622183122E+00  0.6841047565129124E+00  0.4760627440807629E+00  0.2155870883554152E+00 -0.5288475864627089E-01 -0.2870814752452354E+00 -0.4438854263352887E+00 -0.5001615269311095E+00 -0.5139885431583346E+00 -0.6470167122701648E+00 -0.9695117415476194E+00 -0.1304243975229927E+01 -0.1391021912445568E+01 -0.1182835158963477E+01 -0.7979842219709509E+00 -0.3304608031257674E+00  0.1933981874063514E+00
  0.1342701500753850E+00  0.3489024328912382E-01  0.2389408799427565E+00  0.4699580001046599E+00  0.5882543770458580E+00  0.5627380989159069E+00  0.4273567403140655E+00  0.2302687316247070E+00  0.1705022721520014E-01 -0.1706965475338046E+00 -0.2956526413773147E+00 -0.3398484651883557E+00 -0.3371293747652372E+00 -0.4114558796171702E+00 -0.6816361288821959E+00 -0.1081800687306718E+01 -0.1358073505538727E+01 -0.1322291860530477E+01 -0.1017701899172833E+01 -0.4721982532412971E+00  0.3988928605510578E+00
  0.1221815493304058E+00 -0.9035745261766988E-02  0.9507431354510487E-01  0.2485602121644846E+00  0.3609098725153863E+00  0.3841310206226071E+00  0.3205969606469510E+00  0.1985570743087498E+00  0.5451486122830906E-01 -0.7560182635047034E-01 -0.1621059102692649E+00 -0.1933747510348090E+00 -0.1868206888373594E+00 -0.2140518376059947E+00 -0.3900115293507992E+00 -0.7572808227852345E+00 -0.1168459023601124E+01 -0.1337055429683043E+01 -0.1180988814512910E+01 -0.6206266551207028E+00  0.6808911508491984E+00
  0.2745603918356445E-01 -0.6777151266018506E-02  0.7124585385508933E-02  0.7230319507987096E-01  0.1467142373408017E+00  0.1858012921378246E+00  0.1739754666630746E+00  0.1200043174682312E+00  0.4546966663358945E-01 -0.2521341993685191E-01 -0.7260076152092253E-01 -0.8950093490835603E-01 -0.8330949183905970E-01 -0.8193896882277094E-01 -0.1548935071122064E+00 -0.3937353895153561E+00 -0.8247496726599842E+00 -0.1175347844455721E+01 -0.1224658534381022E+01 -0.7677727441072930E+00  0.1078659697940857E+01
 -0.1672606690827265E+00  0.4575674165698707E-01 -0.2999044411176527E-01 -0.3553752027258044E-01 -0.8863767930480622E-03  0.3252093962865926E-01  0.4528751664989619E-01  0.3551523469135866E-01  0.1171200673829389E-01 -0.1383640622108438E-01 -0.3099709739214157E-01 -0.3492853701431059E-01 -0.2868211978098189E-01 -0.1751190956367389E-01 -0.2283919797152073E-01 -0.9408401678948206E-01 -0.4058950081317909E+00 -0.8207096055393270E+00 -0.1049825322974092E+01 -0.8466202705327635E+00  0.1490035488624199E+01
  0.4136544884325043E+00 -0.2191885758691582E+00 -0.2439112391749703E+00 -0.1775578564032732E+00 -0.1113923602168347E+00 -0.6302512928604148E-01 -0.3300262530508799E-01 -0.1821240654826183E-01 -0.1367389489149085E-01 -0.1334678701062825E-01 -0.1230539424675397E-01 -0.7449893712404429E-02 -0.2873656523167931E-03  0.9260215361892083E-02  0.1164268923988254E-01  0.9813856280665495E-02 -0.1331559594968727E+00 -0.3908585618369819E+00 -0.5669574567891130E+00 -0.5442292566682365E+00  0.1065730313215596E+01
  0.0000000000000000E+00  0.0000000000000000E+00  0.0000000000000000E+00  0.0000000000000000E+00  0.0000000000000000E+00  0.0000000000000000E+00  0.0000000000000000E+00  0.0000000000000000E+00  0.0000000000000000E+00  0.0000000000000000E+00  0.0000000000000000E+00  0.0000000000000000E+00  0.0000000000000000E+00  0.0000000000000000E+00  0.0000000000000000E+00  0.0000000000000000E+00  0.0000000000000000E+00  0.0000000000000000E+00  0.0000000000000000E+00  0.0000000000000000E+00  0.0000000000000000E+00
