  0.0000000000000000E+00  0.0000000000000000E+00  0.0000000000000000E+00  0.0000000000000000E+00  0.0000000000000000E+00  0.0000000000000000E+00  0.0000000000000000E+00  0.0000000000000000E+00  0.0000000000000000E+00  0.0000000000000000E+00  0.0000000000000000E+00  0.0000000000000000E+00  0.0000000000000000E+00  0.0000000000000000E+00  0.0000000000000000E+00  0.0000000000000000E+00  0.0000000000000000E+00  0.0000000000000000E+00  0.0000000000000000E+00  0.0000000000000000E+00  0.0000000000000000E+00
  0.2085269480461248E-01 -0.1637062920583401E-01 -0.2825919281288956E-01 -0.3328743130364792E-01 -0.3536564931312377E-01 -0.3681104661040250E-01 -0.3831979359834740E-01 -0.4005381366742782E-01 -0.4203852304874151E-01 -0.4420691823795968E-01 -0.4644813214770823E-01 -0.4858204804440235E-01 -0.5038398828972492E-01 -0.5159599363313289E-01 -0.5194612878572391E-01 -0.5111047976011962E-01 -0.4850345509662268E-01 -0.4286312131103188E-01 -0.3159007875904439E-01 -0.1370350513077317E-01  0.9520436633275120E-02
  0.2729618108638199E-01 -0.1958853735122656E-01 -0.3146943096729769E-01 -0.3677637229960791E-01 -0.3945211701431826E-01 -0.4195591080346159E-01 -0.4483265299528180E-01 -0.4829063370931781E-01 -0.5228168679394887E-01 -0.5671097748705987E-01 -0.6133957370808108E-01 -0.6583397328162870E-01 -0.6973496104016612E-01 -0.7252461915714252E-01 -0.7367172671187035E-01 -0.7263908701848988E-01 -0.6866332398840901E-01 -0.6014765933676496E-01 -0.4398476773029354E-01 -0.1908959746512323E-01  0.1328402466507615E-01
  0.3159123623796948E-01 -0.2292829549165106E-01 -0.3719365023698371E-01 -0.4361024705248850E-01 -0.4767461520911691E-01 -0.5188697483583201E-01 -0.5699632908623661E-01 -0.6310722499775751E-01 -0.7020502206097468E-01 -0.7806439232855558E-01 -0.8633075892637745E-01 -0.9441105133267803E-01 -0.1015305278152246E+00 -0.1067591970857588E+00 -0.1091407401195881E+00 -0.1077619758972980E+00 -0.1015212384656207E+00 -0.8832889213008324E-01 -0.6412261120033157E-01 -0.2725031177620520E-01  0.1762832412828402E-01
  0.3376027307905679E-01 -0.2472008824309296E-01 -0.4039999165022210E-01 -0.4776245684555833E-01 -0.5297705823909696E-01 -0.5894259047993863E-01 -0.6628766415086332E-01 -0.7522335813208751E-01 -0.8563442150633610E-01 -0.9729879673664896E-01 -0.1096859561581280E+00 -0.1219792151816263E+00 -0.1329794804101446E+00 -0.1412026589616547E+00 -0.1450466726404444E+00 -0.1430342602970371E+00 -0.1337695339059862E+00 -0.1149693255614368E+00 -0.8209005338956357E-01 -0.3351163525676593E-01  0.1844485238073423E-01
  0.3450832719370175E-01 -0.2565163999838465E-01 -0.4244659280145219E-01 -0.5057960379026585E-01 -0.5705611612228512E-01 -0.6474613529978605E-01 -0.7448349746283553E-01 -0.8640652832347387E-01 -0.1005336862093032E+00 -0.1165887833111316E+00 -0.1340067366693340E+00 -0.1516809513056915E+00 -0.1679001541591211E+00 -0.1803038428943767E+00 -0.1861668447935829E+00 -0.1829988072444090E+00 -0.1689948144138693E+00 -0.1422408859049850E+00 -0.9856426005775530E-01 -0.3776644174526889E-01  0.1473506517805138E-01
  0.3411833934057890E-01 -0.2559134444990311E-01 -0.4265569400913042E-01 -0.5144049421389683E-01 -0.5897074452134132E-01 -0.6837789446988825E-01 -0.8041300391672568E-01 -0.9543808633241478E-01 -0.1135291614774381E+00 -0.1346142947475506E+00 -0.1581252294273887E+00 -0.1827939186240545E+00 -0.2062384294160572E+00 -0.2247760739975353E+00 -0.2337150954080994E+00 -0.2286422247434517E+00 -0.2072348552187105E+00 -0.1689561590302975E+00 -0.1117170200549497E+00 -0.3843687780716477E-01  0.3593613366544596E-02
  0.3176614993848047E-01 -0.2420199558177496E-01 -0.4083983680684441E-01 -0.4987378930153219E-01 -0.5835753646239041E-01 -0.6924321072599798E-01 -0.8347416901993736E-01 -0.1015021539320630E+00 -0.1237760042251003E+00 -0.1505075762224873E+00 -0.1814772601625967E+00 -0.2154096428405557E+00 -0.2492396509726791E+00 -0.2772725085634609E+00 -0.2913258987857590E+00 -0.2834041703858892E+00 -0.2503535194843990E+00 -0.1950094289558369E+00 -0.1200685162410672E+00 -0.3395503399625351E-01 -0.1820341425230668E-01
  0.2744933625419473E-01 -0.2133367940220126E-01 -0.3655170195240905E-01 -0.4553241442951865E-01 -0.5461919997379488E-01 -0.6671798270288438E-01 -0.8271648489205337E-01 -0.1034419406710776E+00 -0.1297407934900716E+00 -0.1625461533562694E+00 -0.2023653167112922E+00 -0.2484951696292149E+00 -0.2973436139919195E+00 -0.3402933066397552E+00 -0.3631586407799812E+00 -0.3514003821290158E+00 -0.3007673523520640E+00 -0.2205086401636850E+00 -0.1222885267095733E+00 -0.2280546333881394E-01 -0.5387213669313146E-01
  0.2050871541315984E-01 -0.1670143883872314E-01 -0.2959560110300957E-01 -0.3802062471966066E-01 -0.4739413375914486E-01 -0.6013552885308850E-01 -0.7724690221225695E-01 -0.9981798005592210E-01 -0.1294250957242475E+00 -0.1680285719839274E+00 -0.2176841136770336E+00 -0.2792226954483453E+00 -0.3492107076763325E+00 -0.4150445828329053E+00 -0.4527511689533361E+00 -0.4370794151174958E+00 -0.3623744230064694E+00 -0.2482436643032852E+00 -0.1198638873530209E+00 -0.5974228736977412E-02 -0.1019412011420886E+00
  0.1094466071340967E-01 -0.1022514593560472E-01 -0.1973077709340448E-01 -0.2721796237778977E-01 -0.3637634902298691E-01 -0.4908103743808905E-01 -0.6616684412612445E-01 -0.8911565286860827E-01 -0.1202261205866051E+00 -0.1630031983800951E+00 -0.2219708377247147E+00 -0.3011383773136238E+00 -0.3986311025742232E+00 -0.4970054635450883E+00 -0.5582309220352382E+00 -0.5417464986242969E+00 -0.4405441321046830E+00 -0.2867082178197939E+00 -0.1217971071533675E+00  0.8898669509635557E-02 -0.1484931156822742E+00
 -0.1666443767816677E-02 -0.1770355372487562E-02 -0.6977509885279362E-02 -0.1312235851892833E-01 -0.2166636065890915E-01 -0.3342945003404645E-01 -0.4902811722256002E-01 -0.7002902783785435E-01 -0.9944893541837714E-01 -0.1424728421502266E+00 -0.2071240594451119E+00 -0.3026399876506380E+00 -0.4311157862441919E+00 -0.5707117674444552E+00 -0.6664050104002872E+00 -0.6594920344791890E+00 -0.5405706143698004E+00 -0.3513671915550656E+00 -0.1474148003204036E+00  0.4780617916501600E-02 -0.1617566540699084E+00
 -0.1736791346062339E-01  0.8648243047033800E-02  0.8576815680478014E-02  0.3858625583404697E-02 -0.3770627253228109E-02 -0.1380475861724899E-01 -0.2622016705937292E-01 -0.4238502106866173E-01 -0.6548747685592067E-01 -0.1021720246333195E+00 -0.1644969316379619E+00 -0.2691918577436345E+00 -0.4261004574191623E+00 -0.6121054710222910E+00 -0.7562173316115804E+00 -0.7809163147008202E+00 -0.6692227746669301E+00 -0.4620316344159227E+00 -0.2221934853982169E+00 -0.3648812096168923E-01 -0.1127291225131492E+00
 -0.3670822940849791E-01  0.2109076396985114E-01  0.2656406250105552E-01  0.2296096870805891E-01  0.1604433667445326E-01  0.8177634581806762E-02  0.2357528217309044E-03 -0.8368491836909162E-02 -0.2029554916564286E-01 -0.4276602513749442E-01 -0.9176213431414328E-01 -0.1934014960405057E+00 -0.3697561718232673E+00 -0.6022888800145263E+00 -0.8100573354950730E+00 -0.8989248558458136E+00 -0.8329043141752290E+00 -0.6361135180322129E+00 -0.3665683035327322E+00 -0.1195834757456616E+00 -0.7817876295747539E-02
 -0.6052304415156694E-01  0.3566031933362084E-01  0.4645791384929557E-01  0.4280100989529871E-01  0.3568352634957474E-01  0.2952579429557232E-01  0.2623380914099934E-01  0.2622848867400158E-01  0.2807631438892978E-01  0.2505950134052487E-01 -0.1422758688858249E-02 -0.8624169065253452E-01 -0.2651204411499738E+00 -0.5299220283931002E+00 -0.8028366590524154E+00 -0.9824665144712289E+00 -0.1004899463197127E+01 -0.8593744750047669E+00 -0.5776581954967314E+00 -0.2375052933464301E+00  0.1348576845425589E+00
 -0.8962665172686812E-01  0.5215190558091762E-01  0.6682906501588476E-01  0.6099480178558985E-01  0.5189288928874139E-01  0.4601943092216385E-01  0.4588504998957206E-01  0.5265650176510985E-01  0.6611406691995006E-01  0.8112724739951002E-01  0.7973584330786841E-01  0.2419640988395291E-01 -0.1298192790430371E+00 -0.3893516929536814E+00 -0.6983929881040079E+00 -0.9685633016583959E+00 -0.1111465093125106E+01 -0.1067763948617894E+01 -0.8177116904012020E+00 -0.3810288851879589E+00  0.3253749651626746E+00
 -0.1299930365472624E+00  0.7201995773830513E-01  0.8606683666765302E-01  0.7377652179105608E-01  0.6008759609489906E-01  0.5261143096483629E-01  0.5325543443160650E-01  0.6276018617086403E-01  0.8132807313176647E-01  0.1059554183446187E+00  0.1234652833945147E+00  0.1025622439482743E+00  0.1577739205247136E-03 -0.2056591613786216E+00 -0.4941051756074912E+00 -0.8156808569134373E+00 -0.1082321111483856E+01 -0.1183371509936169E+01 -0.1030125469326206E+01 -0.5404396568133168E+00  0.5911935011137444E+00
 -0.1468930033255951E+00  0.7900508057727480E-01  0.9012223840622932E-01  0.7060439279810934E-01  0.5317113767900187E-01  0.4491854218517011E-01  0.4579064187571688E-01  0.5503062549972770E-01  0.7220054871731271E-01  0.9576469294711040E-01  0.1187272651385982E+00  0.1225576426071260E+00  0.7755592433364440E-01 -0.4070882026144495E-01 -0.2406415415228813E+00 -0.5302932541749992E+00 -0.8715038145267032E+00 -0.1125731199718665E+01 -0.1135198374628842E+01 -0.7037871823181302E+00  0.9761631723255491E+00
 -0.3345953203882814E+00  0.1399419602965498E+00  0.8523056050136814E-01  0.4036048601713391E-01  0.2140635174230827E-01  0.1766127467913824E-01  0.2190230433454038E-01  0.3107033957020182E-01  0.4412445356972303E-01  0.6033824608701905E-01  0.7716259392352709E-01  0.8753724001401984E-01  0.7918141430556318E-01  0.4012512628615795E-01 -0.3970116133181938E-01 -0.2060573774192823E+00 -0.5123148813705386E+00 -0.8448349571858756E+00 -0.1015540135542746E+01 -0.8064233011703504E+00  0.1403729767968305E+01
  0.1996965826907849E+00 -0.9629070726864504E-01 -0.8917553911515028E-01 -0.5313828393988693E-01 -0.2390492416338982E-01 -0.4994324824625761E-02  0.7887070725463087E-02  0.1835175036038016E-01  0.2825946035617753E-01  0.3818997263910041E-01  0.4744671128264408E-01  0.5352379732090104E-01  0.5211037812805552E-01  0.3888557905866633E-01  0.1393765206733109E-01 -0.4645852487580553E-01 -0.2112434312910635E+00 -0.4291568268473357E+00 -0.5615453851027437E+00 -0.5304939368588908E+00  0.1029936425473929E+01
  0.0000000000000000E+00  0.0000000000000000E+00  0.0000000000000000E+00  0.0000000000000000E+00  0.0000000000000000E+00  0.0000000000000000E+00  0.0000000000000000E+00  0.0000000000000000E+00  0.0000000000000000E+00  0.0000000000000000E+00  0.0000000000000000E+00  0.0000000000000000E+00  0.0000000000000000E+00  0.0000000000000000E+00  0.0000000000000000E+00  0.0000000000000000E+00  0.0000000000000000E+00  0.0000000000000000E+00  0.0000000000000000E+00  0.0000000000000000E+00  0.0000000000000000E+00
