  0.0000000000000000E+00  0.0000000000000000E+00  0.0000000000000000E+00  0.0000000000000000E+00  0.0000000000000000E+00  0.0000000000000000E+00  0.0000000000000000E+00  0.0000000000000000E+00  0.0000000000000000E+00  0.0000000000000000E+00  0.0000000000000000E+00  0.0000000000000000E+00  0.0000000000000000E+00  0.0000000000000000E+00  0.0000000000000000E+00  0.0000000000000000E+00  0.0000000000000000E+00  0.0000000000000000E+00  0.0000000000000000E+00  0.0000000000000000E+00  0.0000000000000000E+00
  0.3739494452102080E-01 -0.1532655849470416E-01 -0.8584730963091678E-02  0.2198208268951100E-02 -0.8975080820725009E-02 -0.3844476342804300E-01 -0.6855414952459357E-01 -0.8164891468803311E-01 -0.8118885067388072E-01 -0.7421285353692718E-01 -0.6188371597316134E-01 -0.3126383858673190E-01  0.2668988721805985E-01  0.9341939348152624E-01  0.1334684485640203E+00  0.1325347045034747E+00  0.9850015346087626E-01  0.4556657949223278E-01 -0.6130895642909134E-02 -0.2505852957716980E-01  0.6904469308860027E-01
  0.1040736203095041E-02  0.1740879113539046E-01  0.5326710960926643E-01  0.7155617587954297E-01  0.4269286483285476E-01 -0.2542773704953090E-01 -0.1164651807548615E+00 -0.2061504310732095E+00 -0.2792456402520657E+00 -0.3161593066372864E+00 -0.3026683544012954E+00 -0.2264687047957099E+00 -0.1015505791704223E+00  0.3588064374054529E-01  0.1447547069046874E+00  0.1998324267120481E+00  0.1964899460395052E+00  0.1455288456592943E+00  0.7138187307264980E-01  0.1090993848166245E-01  0.3865205762766245E-01
 -0.1548622325054214E+00  0.1093740443728327E+00  0.1732599006130766E+00  0.1814184295999208E+00  0.1171377061918855E+00  0.3743447539148347E-02 -0.1375611250057621E+00 -0.2782847172248030E+00 -0.4033415350570226E+00 -0.4868283737885700E+00 -0.5097443100640069E+00 -0.4490493426048580E+00 -0.3093143006958736E+00 -0.1245949042056471E+00  0.5592149351250481E-01  0.1934301996101361E+00  0.2643253237457788E+00  0.2592062182171005E+00  0.1925636056280137E+00  0.1029741023829171E+00 -0.1163587015207375E+00
 -0.4003242949177259E+00  0.2449163711028622E+00  0.3344248183908606E+00  0.3158230255365463E+00  0.2100485677802369E+00  0.5015615886655458E-01 -0.1421916840138584E+00 -0.3362425219278075E+00 -0.5162952772955799E+00 -0.6501676653349572E+00 -0.7136760590533290E+00 -0.6752888911031488E+00 -0.5326354206011376E+00 -0.3193466843514114E+00 -0.9129594885116497E-01  0.1096019864395837E+00  0.2544642049606097E+00  0.3164584094759263E+00  0.2906046680784083E+00  0.1945140059916837E+00 -0.2929373498966428E+00
 -0.6599550153786539E+00  0.3910700742234168E+00  0.5132552072915965E+00  0.4635197552464063E+00  0.3216216170396489E+00  0.1252706530132288E+00 -0.1044827054907291E+00 -0.3366782232454472E+00 -0.5598469189298833E+00 -0.7437029961464829E+00 -0.8626992172472121E+00 -0.8730848109379470E+00 -0.7500177398632436E+00 -0.5185074151906611E+00 -0.2524466149200325E+00 -0.9310025914748169E-02  0.1874032413942870E+00  0.3100053527314124E+00  0.3334177594030673E+00  0.2352205545971768E+00 -0.3722439043884630E+00
 -0.8564985083220769E+00  0.5135752156952329E+00  0.6842271387636218E+00  0.6082584955244228E+00  0.4355831218887712E+00  0.2080578211465462E+00 -0.5196739115794197E-01 -0.3130081791072920E+00 -0.5654274170854172E+00 -0.7852733224607368E+00 -0.9550602788520012E+00 -0.1031494884606920E+01 -0.9615482949697822E+00 -0.7338307691386184E+00 -0.4272438524526731E+00 -0.1404463904987556E+00  0.9268584779709982E-01  0.2571775352462377E+00  0.3168132009255905E+00  0.2185710168436299E+00 -0.3388998496052992E+00
 -0.9360734374455826E+00  0.5885892847361797E+00  0.8296944167629563E+00  0.7434225411727579E+00  0.5492023026552894E+00  0.2992679120886038E+00  0.1705393132317741E-01 -0.2648805425961011E+00 -0.5345801183127651E+00 -0.7721949983618197E+00 -0.9736883332283556E+00 -0.1115944408338023E+01 -0.1135029257829392E+01 -0.9633467313682273E+00 -0.6377559849962618E+00 -0.2945423034074739E+00 -0.1879745577730019E-01  0.1740071944973301E+00  0.2560506240922853E+00  0.1738523247208184E+00 -0.2655063500701700E+00
 -0.8782248680604258E+00  0.6061403726798514E+00  0.9401962499791287E+00  0.8657748418024269E+00  0.6594892353890681E+00  0.3932185690826243E+00  0.9161685829651645E-01 -0.2116537700941343E+00 -0.4967831456937767E+00 -0.7398975942380158E+00 -0.9441354403128811E+00 -0.1120616504437411E+01 -0.1231279632381723E+01 -0.1169264566460040E+01 -0.8867370394420323E+00 -0.5018304684160075E+00 -0.1650568814307243E+00  0.6811154888963124E-01  0.1770167632982587E+00  0.1286992611193533E+00 -0.2090810200598013E+00
 -0.7138271289284042E+00  0.5734241357484346E+00  0.1006445278316900E+01  0.9708726389283546E+00  0.7649209894010168E+00  0.4906307679894160E+00  0.1754875850049386E+00 -0.1478442401611490E+00 -0.4519853065557324E+00 -0.7026451416617253E+00 -0.8948814270444901E+00 -0.1065970705058751E+01 -0.1233598806534169E+01 -0.1297964381598142E+01 -0.1126590569056459E+01 -0.7576194441294730E+00 -0.3669622361286872E+00 -0.7080485765564096E-01  0.8989499301339009E-01  0.9245332553528235E-01 -0.1874649835924569E+00
 -0.5114856642241141E+00  0.5093927860288465E+00  0.1016692693862425E+01  0.1047020541142559E+01  0.8590011940350742E+00  0.5859689851826959E+00  0.2655036906958698E+00 -0.7194343830485136E-01 -0.3947705211206510E+00 -0.6595250917475691E+00 -0.8423159133356620E+00 -0.9829512921094822E+00 -0.1158513083873958E+01 -0.1325188604498242E+01 -0.1302091464646318E+01 -0.1017006477230015E+01 -0.6129196442905392E+00 -0.2538338243147513E+00 -0.1845159427643378E-01  0.5284290275368644E-01 -0.1769803025374931E+00
 -0.3184344284300342E+00  0.4256658673791672E+00  0.9585631737074674E+00  0.1072468391093950E+01  0.9256552416793651E+00  0.6672004471469068E+00  0.3523243448385608E+00  0.1259444237304053E-01 -0.3194518759939723E+00 -0.5973557542996211E+00 -0.7798298884077685E+00 -0.8868996058482695E+00 -0.1030788558269389E+01 -0.1252796078545081E+01 -0.1379653525894290E+01 -0.1233502312691951E+01 -0.8720247441456022E+00 -0.4762455881916446E+00 -0.1618596237403116E+00 -0.6942336471513376E-02 -0.1410326143257714E+00
 -0.1536055003452163E+00  0.3282205337269391E+00  0.8310561008356011E+00  0.1028957980785565E+01  0.9480811006836977E+00  0.7218593713233299E+00  0.4244188494529820E+00  0.9531076258553237E-01 -0.2313742036779791E+00 -0.5111331672744688E+00 -0.6950512622426334E+00 -0.7780750369310281E+00 -0.8722775704557647E+00 -0.1098112187128826E+01 -0.1345352507629950E+01 -0.1370103355554653E+01 -0.1110918360035035E+01 -0.7228141910379523E+00 -0.3457399989030568E+00 -0.9251438523775206E-01 -0.6819684318980068E-01
 -0.2282192096553692E-01  0.2229826679245372E+00  0.6461260828080747E+00  0.9026474399764306E+00  0.9026950525822340E+00  0.7314029552906741E+00  0.4690862725310091E+00  0.1659509153239513E+00 -0.1394479299283836E+00 -0.4045745770319618E+00 -0.5814295698636411E+00 -0.6494725361072633E+00 -0.6965808866506404E+00 -0.8864580791663860E+00 -0.1202313396784286E+01 -0.1399629740154728E+01 -0.1295819351151413E+01 -0.9689740694547997E+00 -0.5637574105088713E+00 -0.2018627011910025E+00  0.4183069306413612E-01
  0.7487674491058682E-01  0.1207579035292271E+00  0.4371504554982681E+00  0.7077860698946965E+00  0.7831051350337684E+00  0.6835859636755652E+00  0.4756672636947675E+00  0.2153692297089202E+00 -0.5289018863490834E-01 -0.2868636046325258E+00 -0.4434839103286128E+00 -0.4997016588010324E+00 -0.5136365421247375E+00 -0.6467729548574869E+00 -0.9692565910765424E+00 -0.1303984000380145E+01 -0.1390825368356370E+01 -0.1182652073419252E+01 -0.7978244031016308E+00 -0.3303804220737850E+00  0.1933168631197243E+00
  0.1341467056451957E+00  0.3487149805734110E-01  0.2387611998172190E+00  0.4695762814639651E+00  0.5877622682643429E+00  0.5622519559165711E+00  0.4269673575000277E+00  0.2300387816337891E+00  0.1701260834421978E-01 -0.1705376383176865E+00 -0.2953422643874531E+00 -0.3394971699719688E+00 -0.3368721434121761E+00 -0.4112988292659783E+00 -0.6814501070187140E+00 -0.1081561445592013E+01 -0.1357880092145292E+01 -0.1322126381805099E+01 -0.1017551623487368E+01 -0.4721192643468962E+00  0.3988061695533203E+00
  0.1219895129895453E+00 -0.8988120261278274E-02  0.9502515220571048E-01  0.2483515879850893E+00  0.3605741825155869E+00  0.3837533738114908E+00  0.3202652395719311E+00  0.1983394596882578E+00  0.5444806592840792E-01 -0.7551540458966995E-01 -0.1619123073167995E+00 -0.1931620860677529E+00 -0.1866829762675937E+00 -0.2139947942204753E+00 -0.3899178265122896E+00 -0.7570844031068509E+00 -0.1168266007434997E+01 -0.1336901422436404E+01 -0.1180855390011295E+01 -0.6205509607285254E+00  0.6807974921742814E+00
  0.2733550995692984E-01 -0.6732727664879294E-02  0.7137326962291960E-02  0.7222618387594676E-01  0.1465404711309700E+00  0.1855740162765452E+00  0.1737553497174867E+00  0.1198457868809109E+00  0.4540295464412292E-01 -0.2518861397175131E-01 -0.7251898254839659E-01 -0.8941628343357202E-01 -0.8327358676652366E-01 -0.8196117047956641E-01 -0.1548928689810951E+00 -0.3936134925962784E+00 -0.8245655677612600E+00 -0.1175198799970304E+01 -0.1224543123877559E+01 -0.7677026542381314E+00  0.1078564838836835E+01
 -0.1672341754912591E+00  0.4575707117159220E-01 -0.2996296197648248E-01 -0.3554111304427406E-01 -0.9412357460334194E-03  0.3242596214217974E-01  0.4517988315068433E-01  0.3542440068002244E-01  0.1165657829461798E-01 -0.1385363004220078E-01 -0.3099035166969492E-01 -0.3491985664557534E-01 -0.2869419847767888E-01 -0.1755539006739794E-01 -0.2289380374695631E-01 -0.9405464317729763E-01 -0.4057507217976186E+00 -0.8205708825869297E+00 -0.1049733120113553E+01 -0.8465712048295418E+00  0.1489980494375073E+01
  0.4136658163145347E+00 -0.2192048818377129E+00 -0.2439488291986042E+00 -0.1776080449520738E+00 -0.1114494886962051E+00 -0.6308708813635308E-01 -0.3306565007960234E-01 -0.1826925469073266E-01 -0.1371838244891887E-01 -0.1337701506518806E-01 -0.1232602773135966E-01 -0.7468165819511012E-02 -0.3110982229529077E-03  0.9229529789946362E-02  0.1160221009003109E-01  0.9804551312996857E-02 -0.1330835042394527E+00 -0.3907742201067073E+00 -0.5669040597773933E+00 -0.5442058593999745E+00  0.1065713518422530E+01
  0.0000000000000000E+00  0.0000000000000000E+00  0.0000000000000000E+00  0.0000000000000000E+00  0.0000000000000000E+00  0.0000000000000000E+00  0.0000000000000000E+00  0.0000000000000000E+00  0.0000000000000000E+00  0.0000000000000000E+00  0.0000000000000000E+00  0.0000000000000000E+00  0.0000000000000000E+00  0.0000000000000000E+00  0.0000000000000000E+00  0.0000000000000000E+00  0.0000000000000000E+00  0.0000000000000000E+00  0.0000000000000000E+00  0.0000000000000000E+00  0.0000000000000000E+00
