  0.0000000000000000E+00  0.0000000000000000E+00  0.0000000000000000E+00  0.0000000000000000E+00  0.0000000000000000E+00  0.0000000000000000E+00  0.0000000000000000E+00  0.0000000000000000E+00  0.0000000000000000E+00  0.0000000000000000E+00  0.0000000000000000E+00  0.0000000000000000E+00  0.0000000000000000E+00  0.0000000000000000E+00  0.0000000000000000E+00  0.0000000000000000E+00  0.0000000000000000E+00  0.0000000000000000E+00  0.0000000000000000E+00  0.0000000000000000E+00  0.0000000000000000E+00
  0.3703957743324388E-01 -0.1515828017813085E-01 -0.8435263101148675E-02  0.2250033042873085E-02 -0.8967354502078945E-02 -0.3845009924886082E-01 -0.6856686996571942E-01 -0.8166954659385259E-01 -0.8120943089248277E-01 -0.7422685599420900E-01 -0.6187855303041634E-01 -0.3121449837302075E-01  0.2681138785483949E-01  0.9360130681852288E-01  0.1336597391706465E+00  0.1326919102764343E+00  0.9859686453290048E-01  0.4557940167016093E-01 -0.6214608366790219E-02 -0.2515573980379545E-01  0.6925261104459614E-01
  0.6524721808142397E-03  0.1757467209217593E-01  0.5337648845734203E-01  0.7158989923185326E-01  0.4271951900223700E-01 -0.2540389392107004E-01 -0.1164548544507914E+00 -0.2061678199808750E+00 -0.2792876357599575E+00 -0.3162087239771187E+00 -0.3026919736879289E+00 -0.2264263576338920E+00 -0.1014216426701624E+00  0.3608733623530842E-01  0.1450062823774664E+00  0.2000883918072398E+00  0.1967057649793189E+00  0.1456554442752075E+00  0.7136888346008206E-01  0.1080624667795484E-01  0.3895014342621755E-01
 -0.1550078659912053E+00  0.1094479376147627E+00  0.1733359468530830E+00  0.1814957782764688E+00  0.1172503753414452E+00  0.3840361019494149E-02 -0.1375114792068614E+00 -0.2783025124691851E+00 -0.4034161684941737E+00 -0.4869357107840154E+00 -0.5098505471242222E+00 -0.4491123060164014E+00 -0.3093030676994313E+00 -0.1244941585235954E+00  0.5610718240192240E-01  0.1936846418744385E+00  0.2646127556050666E+00  0.2594604676315609E+00  0.1926872621159349E+00  0.1029701431160994E+00 -0.1162231672323633E+00
 -0.4002355196619707E+00  0.2449152109629436E+00  0.3345101132268600E+00  0.3159966183174069E+00  0.2102738743767578E+00  0.5034025738424295E-01 -0.1420960347184695E+00 -0.3362593342077457E+00 -0.5164088186497078E+00 -0.6503384195051289E+00 -0.7138609587142692E+00 -0.6754405494043332E+00 -0.5327267345525096E+00 -0.3193593382299173E+00 -0.9122179542264694E-01  0.1097753035079186E+00  0.2547366002916716E+00  0.3167753647691636E+00  0.2908540600737644E+00  0.1946551733898866E+00 -0.2931114600958955E+00
 -0.6598293345394219E+00  0.3910792332764965E+00  0.5134083652900674E+00  0.4638182808646480E+00  0.3219692610229169E+00  0.1255473772244372E+00 -0.1043403336089092E+00 -0.3366989193943937E+00 -0.5600130433149032E+00 -0.7439584474778571E+00 -0.8629870406281426E+00 -0.8733438311177794E+00 -0.7502110479742830E+00 -0.5186150347802764E+00 -0.2524731180829901E+00 -0.9244711250789912E-02  0.1875960592625515E+00  0.3103058991550730E+00  0.3337302628851783E+00  0.2354467800624874E+00 -0.3726100773022838E+00
 -0.8565574829903122E+00  0.5136866959472063E+00  0.6845026048513065E+00  0.6086984674297820E+00  0.4360624987745275E+00  0.2084396653529718E+00 -0.5176681345192721E-01 -0.3130240620587880E+00 -0.5656451204844187E+00 -0.7856187782657995E+00 -0.9554586595091757E+00 -0.1031873749614678E+01 -0.9618582903182423E+00 -0.7340306895275868E+00 -0.4273391372175561E+00 -0.1404666561519007E+00  0.9277995198875237E-01  0.2574093926942933E+00  0.3171079406574792E+00  0.2187722823459883E+00 -0.3392089063804858E+00
 -0.9364367516447129E+00  0.5888534970315964E+00  0.8301237394500763E+00  0.7440071086353244E+00  0.5498211377214499E+00  0.2997692299821607E+00  0.1733049522063325E-01 -0.2648781522092678E+00 -0.5348449334565256E+00 -0.7726371308149538E+00 -0.9742035196911750E+00 -0.1116447793148359E+01 -0.1135476286212910E+01 -0.9636769257825185E+00 -0.6379296521467724E+00 -0.2946178865825390E+00 -0.1878695613960621E-01  0.1741391907383460E+00  0.2562534430306094E+00  0.1739748571390494E+00 -0.2656711283865388E+00
 -0.8788758944696349E+00  0.6065546245392359E+00  0.9407879791480729E+00  0.8664964841124072E+00  0.6602448141494381E+00  0.3938465240519902E+00  0.9198232785948995E-01 -0.2116199370342664E+00 -0.4970888097595167E+00 -0.7404440746305182E+00 -0.9447760864608222E+00 -0.1121231607623136E+01 -0.1231844365898053E+01 -0.1169747825921765E+01 -0.8870485734337811E+00 -0.5019908824909125E+00 -0.1651299886091067E+00  0.6813409418411194E-01  0.1771027364766893E+00  0.1287461101714723E+00 -0.2091355940377274E+00
 -0.7145477573579655E+00  0.5739151719585673E+00  0.1007197758517737E+01  0.9717237185994670E+00  0.7658034728537401E+00  0.4913873782604059E+00  0.1759577426636840E+00 -0.1477553132977167E+00 -0.4523090531350195E+00 -0.7032954498258461E+00 -0.8956725606268559E+00 -0.1066708851915998E+01 -0.1234246478405652E+01 -0.1298560294328388E+01 -0.1127052754860158E+01 -0.7579072748812830E+00 -0.3671482246520671E+00 -0.7089660701411744E-01  0.8987917052936380E-01  0.9245184727382585E-01 -0.1874763712921138E+00
 -0.5120821946960870E+00  0.5098907935037563E+00  0.1017590185815182E+01  0.1048002887458516E+01  0.8599970597444290E+00  0.5868447576009281E+00  0.2660871930512355E+00 -0.7176964422714927E-01 -0.3950641736731462E+00 -0.6602348077750061E+00 -0.8432518686978676E+00 -0.9838359206800962E+00 -0.1159236614264439E+01 -0.1325848338926738E+01 -0.1302664467028192E+01 -0.1017413364889338E+01 -0.6132228752184630E+00 -0.2540481313174232E+00 -0.1856212007218004E-01  0.5280324212827924E-01 -0.1769718464570177E+00
 -0.3188452237365341E+00  0.4261336974119381E+00  0.9595558684992801E+00  0.1073571717105955E+01  0.9267458302593371E+00  0.6681698519828233E+00  0.3530101786355668E+00  0.1286553725053764E-01 -0.3196720519993282E+00 -0.5980554117655267E+00 -0.7808516035312353E+00 -0.8879176086146088E+00 -0.1031583363525824E+01 -0.1253480645315382E+01 -0.1380286598432087E+01 -0.1233989654770111E+01 -0.8724096111451867E+00 -0.4765659399691455E+00 -0.1620626953493503E+00 -0.7026900882027939E-02 -0.1409819927032665E+00
 -0.1538337373520789E+00  0.3286295860673636E+00  0.8320550208500118E+00  0.1030145936284744E+01  0.9492469055170767E+00  0.7228901948110645E+00  0.4251746970849066E+00  0.9566408753347024E-01 -0.2315073871759290E+00 -0.5117692042585433E+00 -0.6960757906413350E+00 -0.7791650282125798E+00 -0.8731175523239011E+00 -0.1098785532975066E+01 -0.1345997982021376E+01 -0.1370631883526107E+01 -0.1111334654572873E+01 -0.7231978848325141E+00 -0.3460199583221464E+00 -0.9264068257474443E-01 -0.6809791059791309E-01
 -0.2288802997535544E-01  0.2232994109443804E+00  0.6470102028577857E+00  0.9038311516918843E+00  0.9038976770046260E+00  0.7324687569753673E+00  0.4698839664806456E+00  0.1663629744443964E+00 -0.1395020899118427E+00 -0.4051213798746103E+00 -0.5823818915606145E+00 -0.6505384460024649E+00 -0.6974038869069156E+00 -0.8870739051502377E+00 -0.1202924858221248E+01 -0.1400172811107438E+01 -0.1296233530759719E+01 -0.9693694774982781E+00 -0.5640797539664879E+00 -0.2020154380307923E+00  0.4196656012588895E-01
  0.7496289427357045E-01  0.1209484323816098E+00  0.4378081914183998E+00  0.7088392107208379E+00  0.7842702990964877E+00  0.6846472885269699E+00  0.4764761912352993E+00  0.2158138780593684E+00 -0.5288085023500885E-01 -0.2873110331344633E+00 -0.4443056849446969E+00 -0.5006400605993025E+00 -0.5143537455289776E+00 -0.6472711798013357E+00 -0.9697812417804160E+00 -0.1304516871525099E+01 -0.1391227449964675E+01 -0.1183025488541581E+01 -0.7981518104057712E+00 -0.3305437324145810E+00  0.1934793868379718E+00
  0.1343994116453920E+00  0.3490962312793718E-01  0.2391282810292035E+00  0.4703568512420475E+00  0.5887684939252315E+00  0.5632462175915857E+00  0.4277634065752783E+00  0.2305083255929170E+00  0.1708833312101167E-01 -0.1708637580952559E+00 -0.2959768380204250E+00 -0.3402135760429226E+00 -0.3373947561233914E+00 -0.4116191132724901E+00 -0.6818321240099372E+00 -0.1082053583794973E+01 -0.1358275976099672E+01 -0.1322465861369769E+01 -0.1017858772384858E+01 -0.4722814108656607E+00  0.3989854602121237E+00
  0.1223832732274227E+00 -0.9085903628793456E-02  0.9512556234104229E-01  0.2487779037717143E+00  0.3612604968061702E+00  0.3845253327515440E+00  0.3209432487628711E+00  0.1987838188579576E+00  0.5458386238513596E-01 -0.7569257601320728E-01 -0.1623078030587667E+00 -0.1935949174671146E+00 -0.1869618440876779E+00 -0.2141095058130466E+00 -0.3901108121553278E+00 -0.7574881833106364E+00 -0.1168663175025008E+01 -0.1337217060826990E+01 -0.1181130116874138E+01 -0.6207054561332315E+00  0.6809862515255560E+00
  0.2758194754509029E-01 -0.6823611852443963E-02  0.7111111987758408E-02  0.7238362229415746E-01  0.1468956262447478E+00  0.1860386620727642E+00  0.1742052235660138E+00  0.1201696681432160E+00  0.4553910028647773E-01 -0.2523936412376283E-01 -0.7268548694784313E-01 -0.8958802483694275E-01 -0.8334479145928850E-01 -0.8191439965551610E-01 -0.1548940037686992E+00 -0.3938651303976511E+00 -0.8249437734476209E+00 -0.1175506248994269E+01 -0.1224780643477893E+01 -0.7678441560526837E+00  0.1078751824680158E+01
 -0.1672882866010680E+00  0.4575639237290652E-01 -0.3001910948234848E-01 -0.3553383752885799E-01 -0.8290637571153246E-03  0.3262009697422692E-01  0.4539995487435942E-01  0.3561009867757391E-01  0.1176995300365857E-01 -0.1381817070430915E-01 -0.3100365540752121E-01 -0.3493668630001887E-01 -0.2866849850647495E-01 -0.1746533702356228E-01 -0.2278198175890198E-01 -0.9411523985645416E-01 -0.4060482980230789E+00 -0.8208558113076390E+00 -0.1049921596572992E+01 -0.8466730632732377E+00  0.1490097593246721E+01
  0.4136428666751667E+00 -0.2191716149650474E+00 -0.2438719782199755E+00 -0.1775053669425826E+00 -0.1113326395465396E+00 -0.6296029435112584E-01 -0.3293668500116335E-01 -0.1815286406796235E-01 -0.1362723350488140E-01 -0.1331494189469399E-01 -0.1228343550055572E-01 -0.7430337790171317E-02 -0.2619761866364713E-03  0.9292672082365042E-02  0.1168539610720317E-01  0.9823169774088454E-02 -0.1332325866771287E+00 -0.3909479040574623E+00 -0.5670130300188325E+00 -0.5442531912673639E+00  0.1065746543783259E+01
  0.0000000000000000E+00  0.0000000000000000E+00  0.0000000000000000E+00  0.0000000000000000E+00  0.0000000000000000E+00  0.0000000000000000E+00  0.0000000000000000E+00  0.0000000000000000E+00  0.0000000000000000E+00  0.0000000000000000E+00  0.0000000000000000E+00  0.0000000000000000E+00  0.0000000000000000E+00  0.0000000000000000E+00  0.0000000000000000E+00  0.0000000000000000E+00  0.0000000000000000E+00  0.0000000000000000E+00  0.0000000000000000E+00  0.0000000000000000E+00  0.0000000000000000E+00
