  0.0000000000000000E+00  0.0000000000000000E+00  0.0000000000000000E+00  0.0000000000000000E+00  0.0000000000000000E+00  0.0000000000000000E+00  0.0000000000000000E+00  0.0000000000000000E+00  0.0000000000000000E+00  0.0000000000000000E+00  0.0000000000000000E+00  0.0000000000000000E+00  0.0000000000000000E+00  0.0000000000000000E+00  0.0000000000000000E+00  0.0000000000000000E+00  0.0000000000000000E+00  0.0000000000000000E+00  0.0000000000000000E+00  0.0000000000000000E+00  0.0000000000000000E+00
  0.3694991437162479E-01 -0.1511922780905871E-01 -0.8407769055551352E-02  0.2264042994001891E-02 -0.8962274307735619E-02 -0.3844657651794133E-01 -0.6856657751858476E-01 -0.8167124374844718E-01 -0.8121173853534895E-01 -0.7422782358377046E-01 -0.6187683568671476E-01 -0.3120636451951020E-01  0.2683070873297529E-01  0.9363141818179260E-01  0.1336929421137253E+00  0.1327203716204161E+00  0.9861545354699693E-01  0.4558333495026311E-01 -0.6227856295049947E-02 -0.2517215870681222E-01  0.6928861982538673E-01
  0.5907415073732533E-03  0.1760405984399467E-01  0.5340292103935727E-01  0.7159944468032460E-01  0.4273111378321760E-01 -0.2539492129951214E-01 -0.1164480016250908E+00 -0.2061682842261681E+00 -0.2792937080296208E+00 -0.3162189859583627E+00 -0.3027002471958545E+00 -0.2264254669311699E+00 -0.1014060597109994E+00  0.3611803079388945E-01  0.1450473308568159E+00  0.2001327945028722E+00  0.1967447553718700E+00  0.1456797392707823E+00  0.7136851729594117E-01  0.1078948940906471E-01  0.3900004906874704E-01
 -0.1550535854535428E+00  0.1094685891597986E+00  0.1733521820258531E+00  0.1815173628096986E+00  0.1172754921066850E+00  0.3864806455660055E-02 -0.1374975209631202E+00 -0.2783002587908363E+00 -0.4034262616688802E+00 -0.4869534121466358E+00 -0.5098715063428387E+00 -0.4491283767303664E+00 -0.3093076022819179E+00 -0.1244824504384701E+00  0.5613566815827342E-01  0.1937272291547220E+00  0.2646634260281929E+00  0.2595065608836497E+00  0.1927113973431761E+00  0.1029712346573793E+00 -0.1162023066289619E+00
 -0.4002170133468838E+00  0.2449163674864692E+00  0.3345320891125240E+00  0.3160309841394022E+00  0.2103205414658237E+00  0.5037740949944651E-01 -0.1420728702954624E+00 -0.3362580407418421E+00 -0.5164249873939095E+00 -0.6503679366372533E+00 -0.7138959430789772E+00 -0.6754731444733276E+00 -0.5327499554450930E+00 -0.3193679120894486E+00 -0.9121363726717760E-01  0.1098029218452145E+00  0.2547832660312072E+00  0.3168319636746410E+00  0.2908995945685797E+00  0.1946818727785186E+00 -0.2931460237669760E+00
 -0.6598193794670969E+00  0.3910855637351282E+00  0.5134373117382877E+00  0.4638765378958122E+00  0.3220340859237331E+00  0.1256025242828773E+00 -0.1043101268555191E+00 -0.3366961126482012E+00 -0.5600373106538242E+00 -0.7439994060678905E+00 -0.8630373889468199E+00 -0.8733928590561995E+00 -0.7502510676128986E+00 -0.5186397641953956E+00 -0.2524818978975970E+00 -0.9236280287839588E-02  0.1876287215346549E+00  0.3103585926761582E+00  0.3337867156864312E+00  0.2354870839161122E+00 -0.3726745360619054E+00
 -0.8565637722680353E+00  0.5137060973195867E+00  0.6845545196907250E+00  0.6087773691951525E+00  0.4361515486955321E+00  0.2085102152582488E+00 -0.5172630459813585E-01 -0.3130231464681714E+00 -0.5656787414243912E+00 -0.7856759611974176E+00 -0.9555264429509664E+00 -0.1031941895868678E+01 -0.9619175158003195E+00 -0.7340708994175660E+00 -0.4273597431476244E+00 -0.1404722982826313E+00  0.9279503425691131E-01  0.2574503747921288E+00  0.3171600600324961E+00  0.2188080976138203E+00 -0.3392642328089647E+00
 -0.9365049765302927E+00  0.5889011609905287E+00  0.8301985064412932E+00  0.7441126642711570E+00  0.5499320769160875E+00  0.2998620729972046E+00  0.1738217851843231E-01 -0.2648743379909704E+00 -0.5348891146597606E+00 -0.7727111133411377E+00 -0.9742905903526322E+00 -0.1116534767353964E+01 -0.1135556957641086E+01 -0.9637389152087760E+00 -0.6379629845258737E+00 -0.2946332513123944E+00 -0.1878555522102277E-01  0.1741619647787730E+00  0.2562897782229682E+00  0.1739957804992856E+00 -0.2656975632748887E+00
 -0.8789840317107678E+00  0.6066254041153331E+00  0.9408921806352315E+00  0.8666234584330531E+00  0.6603814572735269E+00  0.3939600392637610E+00  0.9204995023336265E-01 -0.2116138180765342E+00 -0.4971426764278031E+00 -0.7405397295334336E+00 -0.9448857610211644E+00 -0.1121336693959788E+01 -0.1231943301608215E+01 -0.1169834383250609E+01 -0.8871053288326055E+00 -0.5020198746203821E+00 -0.1651437215274245E+00  0.6813861514997270E-01  0.1771175239227579E+00  0.1287547110750593E+00 -0.2091466093024200E+00
 -0.7146751942964658E+00  0.5740008495993810E+00  0.1007327354501677E+01  0.9718745834853382E+00  0.7659610563032256E+00  0.4915251416944222E+00  0.1760425055499767E+00 -0.1477399557991847E+00 -0.4523692423370346E+00 -0.7034119429643619E+00 -0.8958106559523727E+00 -0.1066835044233887E+01 -0.1234357878572544E+01 -0.1298665140222182E+01 -0.1127133710611790E+01 -0.7579581498048545E+00 -0.3671803211286442E+00 -0.7091301653823620E-01  0.8987724131391597E-01  0.9245084066452888E-01 -0.1874752806796706E+00
 -0.5121816392083842E+00  0.5099758022860629E+00  0.1017745767649805E+01  0.1048174586787945E+01  0.8601755802369228E+00  0.5870024878317632E+00  0.2661927340895624E+00 -0.7174078791293950E-01 -0.3951202955476275E+00 -0.6603645228329131E+00 -0.8434173636470692E+00 -0.9839878047114703E+00 -0.1159360225372564E+01 -0.1325962515630763E+01 -0.1302764299028307E+01 -0.1017482791726094E+01 -0.6132756874810374E+00 -0.2540843646645324E+00 -0.1858190834277772E-01  0.5279699178649508E-01 -0.1769728837022630E+00
 -0.3189175044011124E+00  0.4262144092184034E+00  0.9597257232540976E+00  0.1073764417373956E+01  0.9269388076240358E+00  0.6683442184135818E+00  0.3531325875373566E+00  0.1291182054597982E-01 -0.3197160817480864E+00 -0.5981841294980352E+00 -0.7810331789341401E+00 -0.8880929474154793E+00 -0.1031717634667770E+01 -0.1253598625996053E+01 -0.1380395468107522E+01 -0.1234073227605696E+01 -0.8724744335780369E+00 -0.4766216506979344E+00 -0.1620968141822069E+00 -0.7042727027206284E-02 -0.1409686331005881E+00
 -0.1538700010367203E+00  0.3286985948339751E+00  0.8322257834652050E+00  0.1030350448796831E+01  0.9494518240171373E+00  0.7230729224265536E+00  0.4253090076062861E+00  0.9572416246524457E-01 -0.2315356258591880E+00 -0.5118864700124707E+00 -0.6962576991506050E+00 -0.7793517807754716E+00 -0.8732584730245605E+00 -0.1098899551035460E+01 -0.1346109777647179E+01 -0.1370721195831216E+01 -0.1111405814093306E+01 -0.7232624706226896E+00 -0.3460692162857106E+00 -0.9266175956574493E-01 -0.6808393758847586E-01
 -0.2290003867283319E-01  0.2233529886781552E+00  0.6471589273616325E+00  0.9040334104761295E+00  0.9041054266509655E+00  0.7326555362057384E+00  0.4700234247130596E+00  0.1664331640274390E+00 -0.1395159751768530E+00 -0.4052217340883716E+00 -0.5825495283267724E+00 -0.6507198583076449E+00 -0.6975391312838181E+00 -0.8871771954471456E+00 -0.1203029553291212E+01 -0.1400266477431496E+01 -0.1296302646501884E+01 -0.9694380242940567E+00 -0.5641340769312401E+00 -0.2020436031895665E+00  0.4199673263745951E-01
  0.7497997406975404E-01  0.1209792620733540E+00  0.4379177602898162E+00  0.7090160568899405E+00  0.7844690659073322E+00  0.6848297833924272E+00  0.4766158130508957E+00  0.2158888661602061E+00 -0.5288283072887613E-01 -0.2873921383748322E+00 -0.4444488232348035E+00 -0.5007971374891877E+00 -0.5144694877064825E+00 -0.6473514382518408E+00 -0.9698719221575537E+00 -0.1304608118667023E+01 -0.1391296962742578E+01 -0.1183088270256440E+01 -0.7982099582683084E+00 -0.3305711898623270E+00  0.1935036113186726E+00
  0.1344422545962267E+00  0.3491503286101958E-01  0.2391873531792854E+00  0.4704861198995039E+00  0.5889367955404486E+00  0.5634144201897666E+00  0.4278981763826024E+00  0.2305868229826573E+00  0.1709852415327860E-01 -0.1709222434104798E+00 -0.2960852733063258E+00 -0.3403316444808418E+00 -0.3374753566449129E+00 -0.4116684895765721E+00 -0.6818963598282665E+00 -0.1082140375171951E+01 -0.1358343400998661E+01 -0.1322525965093969E+01 -0.1017910880796042E+01 -0.4723121973440370E+00  0.3990257112360696E+00
  0.1224511372071097E+00 -0.9103518596350318E-02  0.9514058141805874E-01  0.2488466038128686E+00  0.3613735170821051E+00  0.3846532610412375E+00  0.3210559846513609E+00  0.1988568225698852E+00  0.5460444623647853E-01 -0.7572418268337315E-01 -0.1623743867935885E+00 -0.1936638280037357E+00 -0.1870021937833736E+00 -0.2141224651127746E+00 -0.3901433793621398E+00 -0.7575583591808398E+00 -0.1168734164117775E+01 -0.1337271088198975E+01 -0.1181180692585466E+01 -0.6207315282743050E+00  0.6810138922374487E+00
  0.2762221909074654E-01 -0.6838850229005710E-02  0.7105668403729407E-02  0.7240843331578416E-01  0.1469530730002888E+00  0.1861148621573708E+00  0.1742790632991432E+00  0.1202225130906401E+00  0.4556064202005294E-01 -0.2524857547637376E-01 -0.7271231314188788E-01 -0.8961396738326308E-01 -0.8335129660486325E-01 -0.8190204036519376E-01 -0.1548920182207092E+00 -0.3939106786404966E+00 -0.8250097820479244E+00 -0.1175562464644318E+01 -0.1224821138022897E+01 -0.7678731230535274E+00  0.1078798231137685E+01
 -0.1672980900188073E+00  0.4575649938899137E-01 -0.3002859185183325E-01 -0.3553351052181845E-01 -0.8113655063908712E-03  0.3265138022965419E-01  0.4543584544103737E-01  0.3564041822987001E-01  0.1178845419539756E-01 -0.1381210105387873E-01 -0.3100511034120153E-01 -0.3493755438445791E-01 -0.2866180190071228E-01 -0.1744709390184368E-01 -0.2276208101742285E-01 -0.9412556983688002E-01 -0.4061024556934512E+00 -0.8209049898979467E+00 -0.1049958786567926E+01 -0.8466919023791730E+00  0.1490116920569593E+01
  0.4136385382096639E+00 -0.2191658173550558E+00 -0.2438589138555034E+00 -0.1774879384784459E+00 -0.1113130069223057E+00 -0.6293899778856522E-01 -0.3291508101075692E-01 -0.1813330878508438E-01 -0.1361178805189477E-01 -0.1330420257677761E-01 -0.1227555687368734E-01 -0.7423091902105514E-02 -0.2524094115897472E-03  0.9304262295208806E-02  0.1170044904272897E-01  0.9825692018773525E-02 -0.1332585632225173E+00 -0.3909803562652091E+00 -0.5670316972000579E+00 -0.5442693430702112E+00  0.1065776332010576E+01
  0.0000000000000000E+00  0.0000000000000000E+00  0.0000000000000000E+00  0.0000000000000000E+00  0.0000000000000000E+00  0.0000000000000000E+00  0.0000000000000000E+00  0.0000000000000000E+00  0.0000000000000000E+00  0.0000000000000000E+00  0.0000000000000000E+00  0.0000000000000000E+00  0.0000000000000000E+00  0.0000000000000000E+00  0.0000000000000000E+00  0.0000000000000000E+00  0.0000000000000000E+00  0.0000000000000000E+00  0.0000000000000000E+00  0.0000000000000000E+00  0.0000000000000000E+00
