  0.0000000000000000E+00  0.0000000000000000E+00  0.0000000000000000E+00  0.0000000000000000E+00  0.0000000000000000E+00  0.0000000000000000E+00  0.0000000000000000E+00  0.0000000000000000E+00  0.0000000000000000E+00  0.0000000000000000E+00  0.0000000000000000E+00  0.0000000000000000E+00  0.0000000000000000E+00  0.0000000000000000E+00  0.0000000000000000E+00  0.0000000000000000E+00  0.0000000000000000E+00  0.0000000000000000E+00  0.0000000000000000E+00  0.0000000000000000E+00  0.0000000000000000E+00
  0.3583272028711906E-01 -0.1588992196616780E-01 -0.1183704561138435E-01 -0.4230503581564922E-02 -0.1715158323789102E-01 -0.4615923836362822E-01 -0.7420729610039732E-01 -0.8577950784993847E-01 -0.8502215555328620E-01 -0.7807420392850555E-01 -0.6476800630413125E-01 -0.3170621021291056E-01  0.2860145202787982E-01  0.9493296164927793E-01  0.1327526723450129E+00  0.1299515681964338E+00  0.9519014463943128E-01  0.4257007243667152E-01 -0.7953811957356624E-02 -0.2563749802141700E-01  0.6895868210689438E-01
  0.1288691206428570E-02  0.1525958315554635E-01  0.4706744067306760E-01  0.6204814669524999E-01  0.3222034980272486E-01 -0.3468693628443353E-01 -0.1228823295022769E+00 -0.2091353199113799E+00 -0.2785012347189856E+00 -0.3113677003252381E+00 -0.2937153132893724E+00 -0.2146413172765087E+00 -0.8973174466688699E-01  0.4453048472963164E-01  0.1486082204108237E+00  0.1992018456185817E+00  0.1929797772484247E+00  0.1412180362472458E+00  0.6808968019475523E-01  0.9363458531197983E-02  0.3999930460116127E-01
 -0.1486099541085329E+00  0.1038542459426320E+00  0.1629527837193630E+00  0.1686829198579990E+00  0.1045017316272632E+00 -0.7316374444956871E-02 -0.1462056141321499E+00 -0.2842223966549292E+00 -0.4060044666432397E+00 -0.4854902520609255E+00 -0.5038950013993075E+00 -0.4394422196803689E+00 -0.2983530534971479E+00 -0.1152515626822937E+00  0.6164578964541056E-01  0.1947641940234578E+00  0.2617361927062240E+00  0.2543742161144597E+00  0.1877557218480171E+00  0.9999807268617801E-01 -0.1122384962105170E+00
 -0.3896940921570269E+00  0.2372710756611129E+00  0.3221191348263117E+00  0.3030738033295995E+00  0.1988270398518271E+00  0.4099207679537811E-01 -0.1489896372858136E+00 -0.3403653282168095E+00 -0.5168681933377373E+00 -0.6461997232760307E+00 -0.7047295614417344E+00 -0.6625784265897416E+00 -0.5191665880382724E+00 -0.3080125560730766E+00 -0.8351253336097467E-01  0.1131854273564474E+00  0.2536589306101836E+00  0.3122915214445974E+00  0.2853308926769584E+00  0.1910807811979866E+00 -0.2879114509170014E+00
 -0.6498671096170795E+00  0.3836099469523261E+00  0.5009627312398987E+00  0.4518203652972455E+00  0.3114467080440689E+00  0.1162785882168262E+00 -0.1124451507172141E+00 -0.3434892562063916E+00 -0.5646320612131398E+00 -0.7448870232631954E+00 -0.8587416608022983E+00 -0.8638993754338994E+00 -0.7383547008562330E+00 -0.5080286420879021E+00 -0.2449110866861253E+00 -0.5114919983767473E-02  0.1877691435306149E+00  0.3067878031613309E+00  0.3285889835452732E+00  0.2325848633363692E+00 -0.3691656064638343E+00
 -0.8517806585385008E+00  0.5085870104620756E+00  0.6739803728477258E+00  0.5990437196173751E+00  0.4281714346521175E+00  0.2018357066044601E+00 -0.5736163078811908E-01 -0.3178090440482340E+00 -0.5693738518783102E+00 -0.7872909976832592E+00 -0.9534826823633312E+00 -0.1025082785210037E+01 -0.9517634160954632E+00 -0.7243659746315788E+00 -0.4205771865520609E+00 -0.1368283370737528E+00  0.9323043517463672E-01  0.2546961764704480E+00  0.3130495881009177E+00  0.2171920168209917E+00 -0.3385264623620574E+00
 -0.9393528634413855E+00  0.5872966069714471E+00  0.8225369574729560E+00  0.7367732015720303E+00  0.5440221298098059E+00  0.2946615626164387E+00  0.1252880826647539E-01 -0.2696340221615208E+00 -0.5396545951661103E+00 -0.7769298798700066E+00 -0.9764903468633748E+00 -0.1114628421092541E+01 -0.1129387351382951E+01 -0.9562482722909383E+00 -0.6323384657959606E+00 -0.2918527914348233E+00 -0.1860869796961698E-01  0.1721434953408842E+00  0.2535870551181491E+00  0.1733761862319999E+00 -0.2665415035778505E+00
 -0.8893060155380307E+00  0.6086253608369918E+00  0.9365700669729448E+00  0.8615676702126596E+00  0.6564144419893319E+00  0.3905823056716629E+00  0.8903425785757123E-01 -0.2145402322731891E+00 -0.5005030693202021E+00 -0.7445414139585306E+00 -0.9487925211896516E+00 -0.1122942945121377E+01 -0.1229772799168747E+01 -0.1165447486561682E+01 -0.8831860480552434E+00 -0.4999796271365218E+00 -0.1652128122172081E+00  0.6662181485632879E-01  0.1754587255553198E+00  0.1285674951961039E+00 -0.2102437600329917E+00
 -0.7283949879061755E+00  0.5783607321612427E+00  0.1006687208577553E+01  0.9691527051317230E+00  0.7637112006675310E+00  0.4895758998411900E+00  0.1740556760386752E+00 -0.1500651053738698E+00 -0.4556021700448267E+00 -0.7080305207481669E+00 -0.9015090750444189E+00 -0.1071428884243415E+01 -0.1235538172702455E+01 -0.1297268999670861E+01 -0.1125457462148451E+01 -0.7569742238813030E+00 -0.3674196503651708E+00 -0.7213579659805709E-01  0.8867817133754889E-01  0.9216791686616521E-01 -0.1878255792609467E+00
 -0.5252545398931052E+00  0.5154504137305916E+00  0.1021096701298670E+01  0.1048314369751153E+01  0.8597432166325260E+00  0.5865190979186554E+00  0.2654255896073237E+00 -0.7308137140855653E-01 -0.3977479657947678E+00 -0.6651388664986914E+00 -0.8505166971583907E+00 -0.9912293647117268E+00 -0.1163338745926841E+01 -0.1326788590621077E+01 -0.1302963603921667E+01 -0.1017837995664328E+01 -0.6139324290268642E+00 -0.2552388077964395E+00 -0.1965032048136229E-01  0.5228592268087544E-01 -0.1765080885239886E+00
 -0.3297132133115465E+00  0.4322303897580432E+00  0.9669779559625830E+00  0.1077455497981635E+01  0.9287698867867039E+00  0.6695057084039077E+00  0.3536657088272270E+00  0.1244606825919373E-01 -0.3219948631498991E+00 -0.6032955989972247E+00 -0.7895261599592549E+00 -0.8979671938500624E+00 -0.1038421177867453E+01 -0.1256168598981917E+01 -0.1381791002893595E+01 -0.1235526473705938E+01 -0.8737422775044454E+00 -0.4779536067374754E+00 -0.1632317819231901E+00 -0.7658036372631469E-02 -0.1402576728052957E+00
 -0.1620874207884746E+00  0.3348794434561556E+00  0.8425509095799921E+00  0.1037922260009219E+01  0.9540377967999510E+00  0.7259913906958247E+00  0.4270431257647397E+00  0.9603824050199498E-01 -0.2334365333309707E+00 -0.5171263281444027E+00 -0.7057301874205405E+00 -0.7914741979049588E+00 -0.8825870878981927E+00 -0.1102942535216062E+01 -0.1348033622505153E+01 -0.1372682528277755E+01 -0.1113111302407507E+01 -0.7247835399106404E+00 -0.3473087712400045E+00 -0.9330563562632740E-01 -0.6739186436102235E-01
 -0.2873031440393181E-01  0.2292016445205358E+00  0.6588746191576756E+00  0.9149387594168480E+00  0.9118220996049810E+00  0.7377265205652187E+00  0.4730776388841032E+00  0.1674472849651731E+00 -0.1411934685637596E+00 -0.4106376836814215E+00 -0.5926108499595026E+00 -0.6642561509187881E+00 -0.7089830722776743E+00 -0.8925250668457698E+00 -0.1205065583128019E+01 -0.1402109736923339E+01 -0.1298037102525894E+01 -0.9709452526327210E+00 -0.5653796215394028E+00 -0.2026651370290556E+00  0.4261578954776413E-01
  0.7126646160864847E-01  0.1258523913262148E+00  0.4488236355872930E+00  0.7215415474857464E+00  0.7948039668202035E+00  0.6920872487446277E+00  0.4810405283856991E+00  0.2175575553172714E+00 -0.5441497016991009E-01 -0.2929269918250357E+00 -0.4545931976906888E+00 -0.5145088021566693E+00 -0.5267962854572844E+00 -0.6535199712571514E+00 -0.9717916405188717E+00 -0.1305934354964024E+01 -0.1392670713794009E+01 -0.1184326228761191E+01 -0.7992752499660097E+00 -0.3311177841619829E+00  0.1940781025199390E+00
  0.1330834062602103E+00  0.3805478445160896E-01  0.2472477596150371E+00  0.4820258112263532E+00  0.6004204822401641E+00  0.5725782898639770E+00  0.4339312026047797E+00  0.2332167692548975E+00  0.1602304096518859E-01 -0.1761246467315653E+00 -0.3054820601388629E+00 -0.3526793569936938E+00 -0.3489007061584679E+00 -0.4177275862984767E+00 -0.6835197920579043E+00 -0.1082832551632608E+01 -0.1359176233801553E+01 -0.1323362714379462E+01 -0.1018685337841730E+01 -0.4727369880277054E+00  0.3995256262413858E+00
  0.1244075467831881E+00 -0.8395891085953863E-02  0.9921987352532653E-01  0.2566428663747983E+00  0.3708697263424043E+00  0.3935364357193160E+00  0.3277547831402122E+00  0.2024598198349735E+00  0.5458312936828996E-01 -0.7961141834561251E-01 -0.1697116728166369E+00 -0.2029954911776856E+00 -0.1956762196808264E+00 -0.2189177091035577E+00 -0.3912488931736625E+00 -0.7577467202701911E+00 -0.1169088161013815E+01 -0.1337736471289163E+01 -0.1181650035221527E+01 -0.6210319985501715E+00  0.6814459604289880E+00
  0.3068442787204288E-01 -0.7490323852186309E-02  0.8213456315483951E-02  0.7618746556375350E-01  0.1526568608375325E+00  0.1921966795431256E+00  0.1792969381931601E+00  0.1231393686251791E+00  0.4580887930229458E-01 -0.2772577872887243E-01 -0.7732263538272488E-01 -0.9517131907355506E-01 -0.8841115510377434E-01 -0.8471040258038531E-01 -0.1553166875411328E+00 -0.3937869573110848E+00 -0.8251393729813995E+00 -0.1175815785604116E+01 -0.1225072480486247E+01 -0.7680502386714005E+00  0.1079078235527955E+01
 -0.1669230092314949E+00  0.4555944752345863E-01 -0.3024466666111907E-01 -0.3447451896482705E-01  0.1513246673832688E-02  0.3555672831759178E-01  0.4808724493230260E-01  0.3735126973686038E-01  0.1217602462639372E-01 -0.1476678595164337E-01 -0.3296108463020939E-01 -0.3727688822987676E-01 -0.3075352514906416E-01 -0.1857572889030706E-01 -0.2266387125339199E-01 -0.9381106804728745E-01 -0.4061831279523907E+00 -0.8211126556801395E+00 -0.1050093708004201E+01 -0.8467456697254996E+00  0.1490143301172298E+01
  0.4132412022670783E+00 -0.2187013640985682E+00 -0.2428628900286264E+00 -0.1762660955194973E+00 -0.1100228792960484E+00 -0.6166454605621516E-01 -0.3179753986937435E-01 -0.1736454778731797E-01 -0.1334194965119509E-01 -0.1356115466329689E-01 -0.1293389405687163E-01 -0.8230680398001710E-02 -0.9593652097826773E-03  0.8914350579454298E-02  0.1181408318990044E-01  0.1007483776867552E-01 -0.1332677597805353E+00 -0.3910895438120929E+00 -0.5671110833175400E+00 -0.5442542153973573E+00  0.1065651562874532E+01
  0.0000000000000000E+00  0.0000000000000000E+00  0.0000000000000000E+00  0.0000000000000000E+00  0.0000000000000000E+00  0.0000000000000000E+00  0.0000000000000000E+00  0.0000000000000000E+00  0.0000000000000000E+00  0.0000000000000000E+00  0.0000000000000000E+00  0.0000000000000000E+00  0.0000000000000000E+00  0.0000000000000000E+00  0.0000000000000000E+00  0.0000000000000000E+00  0.0000000000000000E+00  0.0000000000000000E+00  0.0000000000000000E+00  0.0000000000000000E+00  0.0000000000000000E+00
