  0.0000000000000000E+00  0.0000000000000000E+00  0.0000000000000000E+00  0.0000000000000000E+00  0.0000000000000000E+00  0.0000000000000000E+00  0.0000000000000000E+00  0.0000000000000000E+00  0.0000000000000000E+00  0.0000000000000000E+00  0.0000000000000000E+00  0.0000000000000000E+00  0.0000000000000000E+00  0.0000000000000000E+00  0.0000000000000000E+00  0.0000000000000000E+00  0.0000000000000000E+00  0.0000000000000000E+00  0.0000000000000000E+00  0.0000000000000000E+00  0.0000000000000000E+00
  0.3563155648792868E-01 -0.1651334106407431E-01 -0.1390846670429425E-01 -0.7799037907233004E-02 -0.2154370326181521E-01 -0.5029694255882113E-01 -0.7728259055016026E-01 -0.8800907875349352E-01 -0.8699332562573664E-01 -0.7989367420067797E-01 -0.6583042331079866E-01 -0.3121174462278459E-01  0.3035541907909519E-01  0.9615529293338383E-01  0.1324419589210097E+00  0.1284469148196306E+00  0.9325014540758358E-01  0.4086886771372985E-01 -0.8905897075016756E-02 -0.2588952249524226E-01  0.6876267041071002E-01
  0.2162649884788544E-02  0.1379270457006190E-01  0.4354076359497425E-01  0.5688724333792074E-01  0.2641031415236793E-01 -0.4008812404526570E-01 -0.1269561996438542E+00 -0.2113745486262318E+00 -0.2785429270571668E+00 -0.3088189395133217E+00 -0.2884139049878827E+00 -0.2073718238401663E+00 -0.8235374616244537E-01  0.4996887028513852E-01  0.1510751947593955E+00  0.1989080107746905E+00  0.1909265094604548E+00  0.1386909163394041E+00  0.6619814218940778E-01  0.8493730515219988E-02  0.4071695064374782E-01
 -0.1449162466837171E+00  0.1007516661155010E+00  0.1573387516627860E+00  0.1616377455510697E+00  0.9705705217469845E-01 -0.1430007964728563E-01 -0.1520676681663528E+00 -0.2885249104988178E+00 -0.4082207772183475E+00 -0.4849649670282010E+00 -0.5001558303489522E+00 -0.4328778090062591E+00 -0.2906012469440436E+00 -0.1084795529452062E+00  0.6598295121394500E-01  0.1961666246460750E+00  0.2605337011678707E+00  0.2516518204898724E+00  0.1849625574255196E+00  0.9816432941468919E-01 -0.1095304308185480E+00
 -0.3840188381613914E+00  0.2331300087966229E+00  0.3153711882284774E+00  0.2955822859006377E+00  0.1914517590676216E+00  0.3432016321262032E-01 -0.1544836857680998E+00 -0.3442286111808124E+00 -0.5184372756887858E+00 -0.6446704764336848E+00 -0.6995632045146678E+00 -0.6542478694220925E+00 -0.5095629151729275E+00 -0.2994447925044881E+00 -0.7734766044491392E-01  0.1164397417255711E+00  0.2539226660002518E+00  0.3102314247455303E+00  0.2823704598310524E+00  0.1888771859382913E+00 -0.2842610979838213E+00
 -0.6443837631477658E+00  0.3794491868888800E+00  0.4939637975188743E+00  0.4443505856004458E+00  0.3040102279356571E+00  0.1091981787115799E+00 -0.1188888853872292E+00 -0.3489717689538254E+00 -0.5685750478707624E+00 -0.7462765416350090E+00 -0.8563935578821759E+00 -0.8573433458706411E+00 -0.7291398376212475E+00 -0.4990778848687269E+00 -0.2381704614535707E+00 -0.9897274293187409E-03  0.1891399005348747E+00  0.3056231472086438E+00  0.3260720712528977E+00  0.2308346507856222E+00 -0.3664318811039688E+00
 -0.8486224596241927E+00  0.5054384666518729E+00  0.6676929403314258E+00  0.5923745015801340E+00  0.4216794440029019E+00  0.1958350967137153E+00 -0.6264150792865215E-01 -0.3222478083335148E+00 -0.5728315250699798E+00 -0.7892617599555779E+00 -0.9528471746240151E+00 -0.1020484799453479E+01 -0.9434716696274935E+00 -0.7151769455844006E+00 -0.4134564575665829E+00 -0.1324885303283664E+00  0.9505819139956265E-01  0.2542448635953068E+00  0.3113168742967193E+00  0.2162171850829773E+00 -0.3373346809522126E+00
 -0.9397811869296073E+00  0.5857510404173472E+00  0.8174719343224341E+00  0.7309986361308450E+00  0.5382565530576076E+00  0.2891935773152291E+00  0.7648581021552280E-02 -0.2737678389965396E+00 -0.5431361520653418E+00 -0.7798008579081240E+00 -0.9781691283828303E+00 -0.1113397142012594E+01 -0.1123917931773005E+01 -0.9480035573240012E+00 -0.6248870786522916E+00 -0.2872205766522896E+00 -0.1658380331481992E-01  0.1722193403609030E+00  0.2526467693359207E+00  0.1729237584725983E+00 -0.2661245060818742E+00
 -0.8934756533684344E+00  0.6088191708984350E+00  0.9329818593268705E+00  0.8566937393424733E+00  0.6513494714742706E+00  0.3857890990407454E+00  0.8501186585574481E-01 -0.2174991145694168E+00 -0.5026028773197740E+00 -0.7463688571300703E+00 -0.9507530821964030E+00 -0.1123975110836248E+01 -0.1227670869496688E+01 -0.1159671112654168E+01 -0.8762588761870694E+00 -0.4948638169530132E+00 -0.1627262759876002E+00  0.6713347591032204E-01  0.1750085007876168E+00  0.1282673483855072E+00 -0.2097935443689047E+00
 -0.7346576807868037E+00  0.5798304685663270E+00  0.1004833724912177E+01  0.9652988554180884E+00  0.7593072839430542E+00  0.4852506548576290E+00  0.1703594626051162E+00 -0.1527005358774473E+00 -0.4571981006012263E+00 -0.7091651684200592E+00 -0.9031404781330662E+00 -0.1073507587270281E+01 -0.1236090781619303E+01 -0.1294562357173913E+01 -0.1120405279766595E+01 -0.7521177949011947E+00 -0.3644480872209722E+00 -0.7110133446552665E-01  0.8856536801527290E-01  0.9184378133194902E-01 -0.1869659759805742E+00
 -0.5316502719473548E+00  0.5176507837808448E+00  0.1021302079395180E+01  0.1045897085368676E+01  0.8562159508005892E+00  0.5828035964306471E+00  0.2621544771770656E+00 -0.7541407944712525E-01 -0.3990741406454199E+00 -0.6659176072949204E+00 -0.8517877917155573E+00 -0.9936087426411885E+00 -0.1165462952097072E+01 -0.1326579333294212E+01 -0.1300223745595403E+01 -0.1014169572628308E+01 -0.6110632647193321E+00 -0.2538494517715798E+00 -0.1943667020143645E-01  0.5205230119316780E-01 -0.1755935737809398E+00
 -0.3353121421357909E+00  0.4349122371452515E+00  0.9694245692999636E+00  0.1077051367417537E+01  0.9265826489609325E+00  0.6667364436240171E+00  0.3510481970491161E+00  0.1042640781921711E-01 -0.3233603033545999E+00 -0.6043323857402508E+00 -0.7910594370784102E+00 -0.9007386563165560E+00 -0.1041525481237698E+01 -0.1257688179236541E+01 -0.1381073922450692E+01 -0.1233401206202085E+01 -0.8715348515977304E+00 -0.4765832703543239E+00 -0.1628038543973929E+00 -0.7710932316861588E-02 -0.1396710574468082E+00
 -0.1665952378721345E+00  0.3378806187811001E+00  0.8470466184711658E+00  0.1039961181740763E+01  0.9536783867088509E+00  0.7244591244175922E+00  0.4252498997253198E+00  0.9445459670365411E-01 -0.2347828522827009E+00 -0.5185591395637357E+00 -0.7079301394284867E+00 -0.7949974060647286E+00 -0.8865179260812093E+00 -0.1105526868641199E+01 -0.1348716781968749E+01 -0.1371934074766759E+01 -0.1111787395605053E+01 -0.7237296189269011E+00 -0.3468469302182187E+00 -0.9324995848697173E-01 -0.6709705475730343E-01
 -0.3214106683378914E-01  0.2322757614237268E+00  0.6646862174373913E+00  0.9193853044181551E+00  0.9137188617891383E+00  0.7378413149386318E+00  0.4723436370807963E+00  0.1664025821101320E+00 -0.1424924409617606E+00 -0.4125009681216197E+00 -0.5956089455412712E+00 -0.6687290392434116E+00 -0.7137837181484459E+00 -0.8957921731423981E+00 -0.1206509974132310E+01 -0.1402288928447892E+01 -0.1297463976615446E+01 -0.9702890183813496E+00 -0.5650049462797890E+00 -0.2025825598882115E+00  0.4274273338484536E-01
  0.6887412305025947E-01  0.1286345151072142E+00  0.4547776683719022E+00  0.7276331426304434E+00  0.7988726787636217E+00  0.6940317243980888E+00  0.4815322601737473E+00  0.2171420962700834E+00 -0.5561628311860745E-01 -0.2951436341543880E+00 -0.4582395881546185E+00 -0.5197077756793512E+00 -0.5322594817265455E+00 -0.6571885194995092E+00 -0.9734880879839443E+00 -0.1306546816181250E+01 -0.1392585928384645E+01 -0.1183977814263153E+01 -0.7990042950498002E+00 -0.3310366083133303E+00  0.1941055298901906E+00
  0.1318681272954917E+00  0.4006348376841095E-01  0.2520585786007245E+00  0.4883100214437897E+00  0.6059671111722942E+00  0.5763312655339657E+00  0.4358740843198014E+00  0.2336564679622549E+00  0.1512585919101378E-01 -0.1784259470255589E+00 -0.3093475650340774E+00 -0.3579616674774958E+00 -0.3543912942618919E+00 -0.4214149935836314E+00 -0.6851163257370703E+00 -0.1083455480536448E+01 -0.1359289197398591E+01 -0.1323199711580811E+01 -0.1018487265606427E+01 -0.4726576564730799E+00  0.3994857038128128E+00
  0.1250279026741109E+00 -0.7687599223883143E-02  0.1019651050024615E+00  0.2613145003027820E+00  0.3760695085507742E+00  0.3979776858586396E+00  0.3308002318869455E+00  0.2039291381861217E+00  0.5444395323253046E-01 -0.8137883984605987E-01 -0.1730096660743282E+00 -0.2074013721296305E+00 -0.2002388908099734E+00 -0.2220714613765681E+00 -0.3925270836964599E+00 -0.7581587697891390E+00 -0.1169183173354558E+01 -0.1337641820059516E+01 -0.1181489113279438E+01 -0.6209478074741742E+00  0.6813543091430843E+00
  0.3232977594858910E-01 -0.7734969539752051E-02  0.9124867329332950E-02  0.7864371980431828E-01  0.1560360205403172E+00  0.1955611077572539E+00  0.1819239444094762E+00  0.1246182534484862E+00  0.4596600454638931E-01 -0.2887805809787711E-01 -0.7955330109362831E-01 -0.9803204275788135E-01 -0.9134078491181051E-01 -0.8683892432714055E-01 -0.1561618514634495E+00 -0.3939632794604165E+00 -0.8251452356746890E+00 -0.1175736162342301E+01 -0.1224933918157027E+01 -0.7679563041444714E+00  0.1078934994276387E+01
 -0.1664027753686087E+00  0.4538937905221772E-01 -0.3023463821195551E-01 -0.3362390390778727E-01  0.3064371510521633E-02  0.3733862206232993E-01  0.4962608100447980E-01  0.3831608769943400E-01  0.1241354583507532E-01 -0.1524177349788344E-01 -0.3398744291021805E-01 -0.3858647943565739E-01 -0.3208132660980983E-01 -0.1959949987564231E-01 -0.2308232594053401E-01 -0.9383562008193855E-01 -0.4061281992447567E+00 -0.8210445361025704E+00 -0.1049993110404364E+01 -0.8466560192669859E+00  0.1489974947396594E+01
  0.4132366991603580E+00 -0.2185715636872562E+00 -0.2424779919014108E+00 -0.1757309141046220E+00 -0.1094125736789094E+00 -0.6103805488329214E-01 -0.3124904296092405E-01 -0.1700192034285715E-01 -0.1324133745081226E-01 -0.1373782824859166E-01 -0.1333095268558202E-01 -0.8734668531586458E-02 -0.1451109872422667E-02  0.8534810936635917E-02  0.1168273561220942E-01  0.1012874927130393E-01 -0.1331987676219346E+00 -0.3910393643237044E+00 -0.5670617254872919E+00 -0.5442017927965633E+00  0.1065543652902398E+01
  0.0000000000000000E+00  0.0000000000000000E+00  0.0000000000000000E+00  0.0000000000000000E+00  0.0000000000000000E+00  0.0000000000000000E+00  0.0000000000000000E+00  0.0000000000000000E+00  0.0000000000000000E+00  0.0000000000000000E+00  0.0000000000000000E+00  0.0000000000000000E+00  0.0000000000000000E+00  0.0000000000000000E+00  0.0000000000000000E+00  0.0000000000000000E+00  0.0000000000000000E+00  0.0000000000000000E+00  0.0000000000000000E+00  0.0000000000000000E+00  0.0000000000000000E+00
