  0.0000000000000000E+00  0.0000000000000000E+00  0.0000000000000000E+00  0.0000000000000000E+00  0.0000000000000000E+00  0.0000000000000000E+00  0.0000000000000000E+00  0.0000000000000000E+00  0.0000000000000000E+00  0.0000000000000000E+00  0.0000000000000000E+00  0.0000000000000000E+00  0.0000000000000000E+00  0.0000000000000000E+00  0.0000000000000000E+00  0.0000000000000000E+00  0.0000000000000000E+00  0.0000000000000000E+00  0.0000000000000000E+00  0.0000000000000000E+00  0.0000000000000000E+00
  0.3817120662560332E-01 -0.2256523317412593E-01 -0.2952449289677449E-01 -0.3149399594631103E-01 -0.4876480760419911E-01 -0.7462444038167865E-01 -0.9489281005926192E-01 -0.1009621944087752E+00 -0.9859973672616194E-01 -0.8966668235643009E-01 -0.6906490717306492E-01 -0.2351622871322858E-01  0.4379701226628292E-01  0.1032470180791231E+00  0.1288584189050780E+00  0.1176279986582903E+00  0.8024625296333272E-01  0.2969954207118907E-01 -0.1544631195163376E-01 -0.2798126700005739E-01  0.6849748904853840E-01
  0.1490215659590055E-01  0.1092874765783046E-02  0.1818078089324969E-01  0.2269857015590269E-01 -0.1106879102139820E-01 -0.7421693971440382E-01 -0.1520812548716686E+00 -0.2241598563585902E+00 -0.2764231663622848E+00 -0.2891467311017401E+00 -0.2511575350508434E+00 -0.1594413229943964E+00 -0.3693245817234038E-01  0.8053030759551420E-01  0.1622463392814728E+00  0.1937147118740264E+00  0.1763466937030901E+00  0.1224048472541790E+00  0.5408078311836729E-01  0.2512226678009026E-02  0.4654410308434021E-01
 -0.1121422444385742E+00  0.7697126597996715E-01  0.1187715535013273E+00  0.1152916872181593E+00  0.4853380861108748E-01 -0.5908479671657042E-01 -0.1888332101539215E+00 -0.3140589398971529E+00 -0.4189460919748748E+00 -0.4766546128499220E+00 -0.4707944585975911E+00 -0.3866582736588761E+00 -0.2396947783142688E+00 -0.6680639664001763E-01  0.9045258846417209E-01  0.2020206029564807E+00  0.2512241290200188E+00  0.2342811595844761E+00  0.1676340208454972E+00  0.8650501862940206E-01 -0.9188103504270900E-01
 -0.3383358060158314E+00  0.2026424421894562E+00  0.2695915205525373E+00  0.2454382249666612E+00  0.1416937164953542E+00 -0.1038125046213420E-01 -0.1908703775797774E+00 -0.3686826305556926E+00 -0.5265506228697856E+00 -0.6314004936252848E+00 -0.6627426026686764E+00 -0.5985213880482370E+00 -0.4480909353672913E+00 -0.2467980807176381E+00 -0.4136607119937713E-01  0.1338022602520263E+00  0.2535525018628955E+00  0.2969435324514115E+00  0.2643184880044156E+00  0.1753627236854146E+00 -0.2617696830518282E+00
 -0.6003014777066453E+00  0.3489747336261509E+00  0.4466227231718074E+00  0.3936820276879326E+00  0.2530721225725455E+00  0.6123106293250249E-01 -0.1618875678237919E+00 -0.3839841835383163E+00 -0.5915078222545168E+00 -0.7503662177031124E+00 -0.8351927935769599E+00 -0.8100185443961863E+00 -0.6676406806772314E+00 -0.4422832465773040E+00 -0.1974791350382818E+00  0.2234696597574306E-01  0.1957427958583118E+00  0.2978523956956370E+00  0.3108757719271844E+00  0.2202243672458625E+00 -0.3497973298104031E+00
 -0.8198683518279799E+00  0.4816212343654044E+00  0.6249953512682334E+00  0.5463554753992425E+00  0.3759030682167698E+00  0.1533877856408010E+00 -0.1001911964813801E+00 -0.3531514788512542E+00 -0.5957291081569012E+00 -0.8001810252672197E+00 -0.9447736616000706E+00 -0.9860422750249361E+00 -0.8865769447986083E+00 -0.6550591940337860E+00 -0.3688012661612305E+00 -0.1066465766448320E+00  0.1051253002830755E+00  0.2510232557054725E+00  0.3008395515774909E+00  0.2102156574248060E+00 -0.3298074206969272E+00
 -0.9346177131503348E+00  0.5724093442303845E+00  0.7826103195408185E+00  0.6903557067018358E+00  0.4965559802913058E+00  0.2496132460312383E+00 -0.2767111379128584E-01 -0.3028862595274789E+00 -0.5663714630192118E+00 -0.7969427938278110E+00 -0.9854868557341527E+00 -0.1100575231092256E+01 -0.1083877581993339E+01 -0.8916426289434781E+00 -0.5759526063392507E+00 -0.2579426026500801E+00 -0.4293065312184061E-02  0.1725074001874866E+00  0.2468220777540953E+00  0.1700309712867499E+00 -0.2632708361061544E+00
 -0.9132711065894464E+00  0.6068783702666974E+00  0.9073640042106460E+00  0.8214496865050545E+00  0.6135361719435922E+00  0.3496942070419023E+00  0.5411837949342837E-01 -0.2403546143738297E+00 -0.5182633403199827E+00 -0.7581268355805139E+00 -0.9612598901379429E+00 -0.1127084307433911E+01 -0.1209912186588851E+01 -0.1118040591324555E+01 -0.8284387396412382E+00 -0.4607503144735741E+00 -0.1464407546245224E+00  0.7061322639639248E-01  0.1722716011619820E+00  0.1264765301522343E+00 -0.2071579892947209E+00
 -0.7701873771780561E+00  0.5866784348174943E+00  0.9898479272744267E+00  0.9360474185565805E+00  0.7250377127073080E+00  0.4512398006308143E+00  0.1406833085453500E+00 -0.1741623014599305E+00 -0.4698775250811654E+00 -0.7161912976866479E+00 -0.9109078212599454E+00 -0.1083221463741373E+01 -0.1236263001469225E+01 -0.1273125008905655E+01 -0.1083291634859851E+01 -0.7178074819806887E+00 -0.3439183144086336E+00 -0.6370013963970698E-01  0.8831888636812743E-01  0.9031715488528061E-01 -0.1826325782877144E+00
 -0.5700541200157954E+00  0.5296688924042442E+00  0.1018952557196937E+01  0.1025150286952059E+01  0.8269076569744620E+00  0.5518920058851716E+00  0.2342349418638280E+00 -0.9625371944812121E-01 -0.4114167633620006E+00 -0.6714486697869059E+00 -0.8567754620869293E+00 -0.1004114604707159E+01 -0.1175719760461927E+01 -0.1322304082518768E+01 -0.1278106731394930E+01 -0.9861774694093748E+00 -0.5899454028912334E+00 -0.2434116031306542E+00 -0.1715816003463362E-01  0.5134734074673396E-01 -0.1712001822748355E+00
 -0.3698680824361834E+00  0.4503364334824404E+00  0.9811412180111377E+00  0.1068587870915191E+01  0.9053464293044227E+00  0.6413243255183142E+00  0.3266316358336090E+00 -0.9391858016058640E-02 -0.3371222199714669E+00 -0.6124451348336726E+00 -0.7975125977064196E+00 -0.9121197097077072E+00 -0.1056960333483415E+01 -0.1265349296930290E+01 -0.1373073221981331E+01 -0.1215049302557466E+01 -0.8537113000337859E+00 -0.4654528705327001E+00 -0.1586949581129226E+00 -0.7260902392550585E-02 -0.1369122509352708E+00
 -0.1950299171048817E+00  0.3557069225710019E+00  0.8720908506081242E+00  0.1046811039278291E+01  0.9437678839756117E+00  0.7066467765775744E+00  0.4058117644315189E+00  0.7691805325994032E-01 -0.2492646220704759E+00 -0.5302253182786107E+00 -0.7190266851411738E+00 -0.8099172525193504E+00 -0.9054719312250892E+00 -0.1120166795109549E+01 -0.1351303847947283E+01 -0.1363254371026976E+01 -0.1099435067684230E+01 -0.7141785402456646E+00 -0.3421690774447249E+00 -0.9211260628759364E-01 -0.6583125858194400E-01
 -0.5423904741694596E-01  0.2510724009859851E+00  0.6989781555410094E+00  0.9418963876678670E+00  0.9180796699378823E+00  0.7302570322144540E+00  0.4594242889492182E+00  0.1520901571125822E+00 -0.1569475879212033E+00 -0.4273263064284211E+00 -0.6121732102245517E+00 -0.6891919588441495E+00 -0.7367303830620900E+00 -0.9142983857228599E+00 -0.1215406830739316E+01 -0.1401152109599676E+01 -0.1290542759878723E+01 -0.9633989836898218E+00 -0.5607842910825562E+00 -0.2012761930654819E+00  0.4304428811388950E-01
  0.5257957100673416E-01  0.1462422168781060E+00  0.4913062216410523E+00  0.7616807903938978E+00  0.8174929623812781E+00  0.6981680164014841E+00  0.4764627818020963E+00  0.2069874094363825E+00 -0.6920463231090472E-01 -0.3120513315477856E+00 -0.4791151259795328E+00 -0.5450574110423769E+00 -0.5588315065709130E+00 -0.6776927762181716E+00 -0.9849817037504016E+00 -0.1310021551425786E+01 -0.1390032520547859E+01 -0.1179718740208102E+01 -0.7957154699033530E+00 -0.3298252977998273E+00  0.1937604234961291E+00
  0.1219839028177278E+00  0.5360713507032019E-01  0.2828053080286884E+00  0.5254070859241857E+00  0.6351952786820539E+00  0.5924096019255649E+00  0.4401390674892398E+00  0.2291299537296737E+00  0.3880951829302235E-02 -0.1954757908299580E+00 -0.3318427058907144E+00 -0.3849940392988633E+00 -0.3819448961172231E+00 -0.4419671577286850E+00 -0.6964727325121711E+00 -0.1088548011489823E+01 -0.1359442025358774E+01 -0.1321038816236059E+01 -0.1016175852312061E+01 -0.4716293006526704E+00  0.3987120496459502E+00
  0.1254103585193034E+00 -0.1521744283934370E-02  0.1208451256675003E+00  0.2903945605439252E+00  0.4056584002497117E+00  0.4205490683151190E+00  0.3435566899982216E+00  0.2069913796439016E+00  0.4879146192437820E-01 -0.9469496251442430E-01 -0.1925934877317366E+00 -0.2309730772938376E+00 -0.2240819739949364E+00 -0.2399575884829745E+00 -0.4020247527592053E+00 -0.7628378167661678E+00 -0.1170509240729112E+01 -0.1336843309040779E+01 -0.1179992189872559E+01 -0.6200917816796373E+00  0.6802831551663524E+00
  0.4046625999539406E-01 -0.7983490315652212E-02  0.1651578904843742E-01  0.9487061123879884E-01  0.1762512030384359E+00  0.2138959557179836E+00  0.1945368460228104E+00  0.1298888511210958E+00  0.4375733479009794E-01 -0.3770659261059552E-01 -0.9323585924690088E-01 -0.1141413990998017E+00 -0.1074492654364717E+00 -0.9940989717973353E-01 -0.1628808153069420E+00 -0.3973663817511345E+00 -0.8267110554014486E+00 -0.1175751359294120E+01 -0.1224061482128749E+01 -0.7672475283486796E+00  0.1077681102917290E+01
 -0.1633780565776969E+00  0.4490897277756483E-01 -0.2865113824500247E-01 -0.2690162163452819E-01  0.1332209674733903E-01  0.4796736653699030E-01  0.5786994169864727E-01  0.4257011625659640E-01  0.1224973026099275E-01 -0.1929250450726865E-01 -0.4071709054367723E-01 -0.4647021859742893E-01 -0.3986456272981129E-01 -0.2603673688351426E-01 -0.2684986915393491E-01 -0.9607729111643748E-01 -0.4076093486714775E+00 -0.8214789053730789E+00 -0.1049621571975058E+01 -0.8461474258922657E+00  0.1488820705701739E+01
  0.4129848985720675E+00 -0.2177424361100725E+00 -0.2402424097581498E+00 -0.1727040220631433E+00 -0.1060090691835329E+00 -0.5767986835483933E-01 -0.2856995114701426E-01 -0.1561285595572865E-01 -0.1346733019316645E-01 -0.1551475920399461E-01 -0.1621739312813261E-01 -0.1208296602735424E-01 -0.4673695338957414E-02  0.5795149195813352E-02  0.9985049412606327E-02  0.8906711148444104E-02 -0.1341894546281035E+00 -0.3914404906243695E+00 -0.5669599267751314E+00 -0.5439844663095216E+00  0.1064993472153433E+01
  0.0000000000000000E+00  0.0000000000000000E+00  0.0000000000000000E+00  0.0000000000000000E+00  0.0000000000000000E+00  0.0000000000000000E+00  0.0000000000000000E+00  0.0000000000000000E+00  0.0000000000000000E+00  0.0000000000000000E+00  0.0000000000000000E+00  0.0000000000000000E+00  0.0000000000000000E+00  0.0000000000000000E+00  0.0000000000000000E+00  0.0000000000000000E+00  0.0000000000000000E+00  0.0000000000000000E+00  0.0000000000000000E+00  0.0000000000000000E+00  0.0000000000000000E+00
