  0.0000000000000000E+00  0.0000000000000000E+00  0.0000000000000000E+00  0.0000000000000000E+00  0.0000000000000000E+00  0.0000000000000000E+00  0.0000000000000000E+00  0.0000000000000000E+00  0.0000000000000000E+00  0.0000000000000000E+00  0.0000000000000000E+00  0.0000000000000000E+00  0.0000000000000000E+00  0.0000000000000000E+00  0.0000000000000000E+00  0.0000000000000000E+00  0.0000000000000000E+00  0.0000000000000000E+00  0.0000000000000000E+00  0.0000000000000000E+00  0.0000000000000000E+00
  0.3741207703958639E-01 -0.1533447209574322E-01 -0.8591339247643277E-02  0.2195887424496061E-02 -0.8975297615797011E-02 -0.3844450316535689E-01 -0.6855351682738316E-01 -0.8164797172855939E-01 -0.8118787605650817E-01 -0.7421218643107969E-01 -0.6188388825941068E-01 -0.3126598443404031E-01  0.2668451506400300E-01  0.9341132590952136E-01  0.1334599430927157E+00  0.1325277129205671E+00  0.9849584273725265E-01  0.4556600233846353E-01 -0.6127189579874511E-02 -0.2505422398451019E-01  0.6903548237365606E-01
  0.1057603486752538E-02  0.1740150841297552E-01  0.5326212872567909E-01  0.7155495280470764E-01  0.4269168083376635E-01 -0.2542867047657284E-01 -0.1164656769271920E+00 -0.2061496343940411E+00 -0.2792438202750822E+00 -0.3161571278168666E+00 -0.3026673332598895E+00 -0.2264706087342542E+00 -0.1015563185965213E+00  0.3587143675128727E-01  0.1447435138593934E+00  0.1998210266283488E+00  0.1964803383241555E+00  0.1455231932264898E+00  0.7138242938887036E-01  0.1091450876094108E-01  0.3863890310604711E-01
 -0.1548550295372591E+00  0.1093706375459671E+00  0.1732568831006421E+00  0.1814150244052197E+00  0.1171329103772028E+00  0.3739106955981004E-02 -0.1375632398831826E+00 -0.2782839740683056E+00 -0.4033381832798145E+00 -0.4868236262588453E+00 -0.5097395613561573E+00 -0.4490465110838171E+00 -0.3093147559082840E+00 -0.1245993315447416E+00  0.5591324987798735E-01  0.1934189016074693E+00  0.2643125249605682E+00  0.2591949040388265E+00  0.1925580648981629E+00  0.1029742365001285E+00 -0.1163646446022228E+00
 -0.4003291751391456E+00  0.2449167640640874E+00  0.3344211170531166E+00  0.3158155559365273E+00  0.2100385154847603E+00  0.5014809717264126E-01 -0.1421960198671962E+00 -0.3362417388198385E+00 -0.5162903118785050E+00 -0.6501600849893190E+00 -0.7136678802746623E+00 -0.6752821297833586E+00 -0.5326313033008028E+00 -0.3193460682605281E+00 -0.9129919466659280E-01  0.1095942793202036E+00  0.2544521038927525E+00  0.3164442861309403E+00  0.2905935570286009E+00  0.1945076498490350E+00 -0.2929293925185041E+00
 -0.6599607510627351E+00  0.3910697997643270E+00  0.5132486482302460E+00  0.4635064870233969E+00  0.3216063096495635E+00  0.1252582814191253E+00 -0.1044889488665422E+00 -0.3366773606969150E+00 -0.5598394828373201E+00 -0.7436916759116307E+00 -0.8626863933394485E+00 -0.8730732628257960E+00 -0.7500090500974607E+00 -0.5185025094275026E+00 -0.2524453780943585E+00 -0.9312889015591725E-02  0.1873946495941125E+00  0.3099919918787263E+00  0.3334038080342264E+00  0.2352104428127971E+00 -0.3722275204041648E+00
 -0.8564964781846535E+00  0.5135704748639955E+00  0.6842149464073332E+00  0.6082390632710801E+00  0.4355617329191204E+00  0.2080409093089855E+00 -0.5197639497257806E-01 -0.3130074255803407E+00 -0.5654177871258180E+00 -0.7852579340747869E+00 -0.9550425967468167E+00 -0.1031478002209063E+01 -0.9615344117069049E+00 -0.7338217279227306E+00 -0.4272394787208389E+00 -0.1404454596171479E+00  0.9268168925052168E-01  0.2571671837428147E+00  0.3168000761866950E+00  0.2185619567323795E+00 -0.3388857940104434E+00
 -0.9360574020354508E+00  0.5885776151747452E+00  0.8296754434887845E+00  0.7433964967889670E+00  0.5491748257390875E+00  0.2992455224998604E+00  0.1704167567276282E-01 -0.2648806983541661E+00 -0.5345682713672518E+00 -0.7721753313202241E+00 -0.9736653793958236E+00 -0.1115922023652234E+01 -0.1135009295533311E+01 -0.9633318616237482E+00 -0.6377480904385671E+00 -0.2945388248715834E+00 -0.1879792987025379E-01  0.1740013305992412E+00  0.2560415144675378E+00  0.1738468002492291E+00 -0.2654988862801495E+00
 -0.8781962864165973E+00  0.6061220657582361E+00  0.9401699108581110E+00  0.8657427705716318E+00  0.6594555286374161E+00  0.3931906393416253E+00  0.9160051248866333E-01 -0.2116552489362175E+00 -0.4967695606732812E+00 -0.7398731987609087E+00 -0.9441069086452709E+00 -0.1120589121891798E+01 -0.1231254495012105E+01 -0.1169242936052060E+01 -0.8867229520153340E+00 -0.5018232048784323E+00 -0.1650535486148425E+00  0.6811048688943007E-01  0.1770129004739195E+00  0.1286970157420836E+00 -0.2090781467523314E+00
 -0.7137952050828198E+00  0.5734023419574192E+00  0.1006411820789438E+01  0.9708346962566721E+00  0.7648817066928432E+00  0.4905970015704048E+00  0.1754666513684136E+00 -0.1478482677608310E+00 -0.4519708631654298E+00 -0.7026161503457657E+00 -0.8948461074921168E+00 -0.1065937825505706E+01 -0.1233570003186979E+01 -0.1297937809434077E+01 -0.1126569839091406E+01 -0.7576064356282842E+00 -0.3669539150984997E+00 -0.7080074358120718E-01  0.8989556673996096E-01  0.9245330470768984E-01 -0.1874643473831085E+00
 -0.5114594818319289E+00  0.5093707217796187E+00  0.1016652683506927E+01  0.1046976793524620E+01  0.8589567795005121E+00  0.5859299744497365E+00  0.2654776279658941E+00 -0.7195120962521863E-01 -0.3947574962019264E+00 -0.6594934344969430E+00 -0.8422741318157912E+00 -0.9829118167845478E+00 -0.1158480900327098E+01 -0.1325159276438105E+01 -0.1302065852737701E+01 -0.1016988239864205E+01 -0.6129060201305341E+00 -0.2538243348162177E+00 -0.1844669963448365E-01  0.5284447458692781E-01 -0.1769801233952671E+00
 -0.3184163274020267E+00  0.4256450989920296E+00  0.9585189695740620E+00  0.1072419179528855E+01  0.9256066467820879E+00  0.6671572068731019E+00  0.3522937655550377E+00  0.1258228437186067E-01 -0.3194421149218702E+00 -0.5973245871834292E+00 -0.7797842689841907E+00 -0.8868541315132188E+00 -0.1030753165725498E+01 -0.1252765675178339E+01 -0.1379625358571790E+01 -0.1233480498331848E+01 -0.8720075775177001E+00 -0.4762312662654358E+00 -0.1618507179012462E+00 -0.6938641845099405E-02 -0.1410347923659480E+00
 -0.1535957005545394E+00  0.3282024192579372E+00  0.8310115572192722E+00  0.1028905029611138E+01  0.9480290958987466E+00  0.7218134198790900E+00  0.4243851143562314E+00  0.9529496155119105E-01 -0.2313683401925477E+00 -0.5111048476920440E+00 -0.6950055232463118E+00 -0.7780263299674260E+00 -0.8722400879590815E+00 -0.1098082316423059E+01 -0.1345323833291250E+01 -0.1370079829171460E+01 -0.1110899743819518E+01 -0.7227971655890766E+00 -0.3457275226266694E+00 -0.9250896411229595E-01 -0.6820063028978152E-01
 -0.2281912714012146E-01  0.2229686164148881E+00  0.6460867221045430E+00  0.9025946288050497E+00  0.9026414243891818E+00  0.7313554028806080E+00  0.4690506813384177E+00  0.1659324888169160E+00 -0.1394455851532558E+00 -0.4045502267047697E+00 -0.5813870740682576E+00 -0.6494248718114805E+00 -0.6965441416067526E+00 -0.8864307044478381E+00 -0.1202286331194234E+01 -0.1399605583149957E+01 -0.1295800936823972E+01 -0.9689564151258927E+00 -0.5637431818590094E+00 -0.2018559902762650E+00  0.4182478896978570E-01
  0.7487259644835770E-01  0.1207495174456025E+00  0.4371211487851652E+00  0.7077391298519053E+00  0.7830531383233191E+00  0.6835386129964646E+00  0.4756311509841081E+00  0.2153493471298568E+00 -0.5289065249034924E-01 -0.2868436964270349E+00 -0.4434472151985799E+00 -0.4996597166986184E+00 -0.5136044492922214E+00 -0.6467508389179544E+00 -0.9692333391116221E+00 -0.1303960405723212E+01 -0.1390807453672839E+01 -0.1182635507685125E+01 -0.7978097938161516E+00 -0.3303733353272463E+00  0.1933102121655873E+00
  0.1341353338367836E+00  0.3486985837754376E-01  0.2387449089694149E+00  0.4695414728568076E+00  0.5877173946648832E+00  0.5622075769744727E+00  0.4269318173419536E+00  0.2300177997601209E+00  0.1700917591882697E-01 -0.1705231008112839E+00 -0.2953139524803903E+00 -0.3394651163280278E+00 -0.3368487760509270E+00 -0.4112845463792771E+00 -0.6814332757738837E+00 -0.1081539613219783E+01 -0.1357862549638590E+01 -0.1322111239396029E+01 -0.1017537988309132E+01 -0.4721122689737698E+00  0.3987988186121780E+00
  0.1219717442998436E+00 -0.8983674758357159E-02  0.9502072002477212E-01  0.2483326252155892E+00  0.3605435670392991E+00  0.3837189351974442E+00  0.3202349693871860E+00  0.1983196009358314E+00  0.5444198698199052E-01 -0.7550752990360399E-01 -0.1618946332273463E+00 -0.1931427472073212E+00 -0.1866704589472972E+00 -0.2139897324535955E+00 -0.3899092897744468E+00 -0.7570666100594110E+00 -0.1168248327217573E+01 -0.1336887332186331E+01 -0.1180843193789800E+01 -0.6205442960598391E+00  0.6807896943897174E+00
  0.2732444839547885E-01 -0.6728629999541005E-02  0.7138558396855831E-02  0.7221919296633551E-01  0.1465246633366100E+00  0.1855532919293467E+00  0.1737352796259342E+00  0.1198313292309748E+00  0.4539686156167465E-01 -0.2518634561643076E-01 -0.7251155936050742E-01 -0.8940858374229879E-01 -0.8327040939722827E-01 -0.8196324067932324E-01 -0.1548929470026294E+00 -0.3936023100956794E+00 -0.8245487957962713E+00 -0.1175185146710644E+01 -0.1224532820873211E+01 -0.7676970788581594E+00  0.1078558415701268E+01
 -0.1672318722833545E+00  0.4575714841544656E-01 -0.2996042703701484E-01 -0.3554139821161054E-01 -0.9462201822630249E-03  0.3241732079484217E-01  0.4517007092938658E-01  0.3541611561289611E-01  0.1165152304928684E-01 -0.1385522017818006E-01 -0.3098974481725549E-01 -0.3491911489054242E-01 -0.2869532634765406E-01 -0.1755944627377116E-01 -0.2289880094834340E-01 -0.9405207572308660E-01 -0.4057374362989763E+00 -0.8205585092796785E+00 -0.1049724851648064E+01 -0.8465662963739724E+00  0.1489974037473853E+01
  0.4136668034364646E+00 -0.2192063484312325E+00 -0.2439522418572331E+00 -0.1776126198526069E+00 -0.1114546898236362E+00 -0.6309274140604493E-01 -0.3307139753844081E-01 -0.1827444443033316E-01 -0.1372244765506799E-01 -0.1337977909226496E-01 -0.1232792890456866E-01 -0.7469845378283609E-02 -0.3132997582067885E-03  0.9226715460656865E-02  0.1159845620484109E-01  0.9803728429633425E-02 -0.1330769780080165E+00 -0.3907664812075420E+00 -0.5668994821636448E+00 -0.5442042595465530E+00  0.1065713296476014E+01
  0.0000000000000000E+00  0.0000000000000000E+00  0.0000000000000000E+00  0.0000000000000000E+00  0.0000000000000000E+00  0.0000000000000000E+00  0.0000000000000000E+00  0.0000000000000000E+00  0.0000000000000000E+00  0.0000000000000000E+00  0.0000000000000000E+00  0.0000000000000000E+00  0.0000000000000000E+00  0.0000000000000000E+00  0.0000000000000000E+00  0.0000000000000000E+00  0.0000000000000000E+00  0.0000000000000000E+00  0.0000000000000000E+00  0.0000000000000000E+00  0.0000000000000000E+00
