  0.0000000000000000E+00  0.0000000000000000E+00  0.0000000000000000E+00  0.0000000000000000E+00  0.0000000000000000E+00  0.0000000000000000E+00  0.0000000000000000E+00  0.0000000000000000E+00  0.0000000000000000E+00  0.0000000000000000E+00  0.0000000000000000E+00  0.0000000000000000E+00  0.0000000000000000E+00  0.0000000000000000E+00  0.0000000000000000E+00  0.0000000000000000E+00  0.0000000000000000E+00  0.0000000000000000E+00  0.0000000000000000E+00  0.0000000000000000E+00  0.0000000000000000E+00
  0.3670271969592941E-01 -0.1501508009893347E-01 -0.8342520600870991E-02  0.2226477920354966E-02 -0.9021879411211776E-02 -0.3849873623526543E-01 -0.6862082272209473E-01 -0.8175180005795857E-01 -0.8130822224750359E-01 -0.7433167287985500E-01 -0.6197672246447320E-01 -0.3128719533483078E-01  0.2680197983490507E-01  0.9367643175640884E-01  0.1337870770506013E+00  0.1328224349261826E+00  0.9869327140237481E-01  0.4561381899475402E-01 -0.6256240572443862E-02 -0.2521771936400124E-01  0.6939691751955984E-01
  0.3661302087733520E-03  0.1766669465489198E-01  0.5336621417344928E-01  0.7151808538816370E-01  0.4270814296961845E-01 -0.2534030280388563E-01 -0.1163401765482259E+00 -0.2060505284523219E+00 -0.2791922006902480E+00 -0.3161591421124779E+00 -0.3026851169896476E+00 -0.2264323510323717E+00 -0.1013923722072499E+00  0.3618861128727822E-01  0.1451735090309237E+00  0.2002846013365159E+00  0.1968850826247170E+00  0.1457733496851099E+00  0.7138703666132845E-01  0.1075410709469730E-01  0.3912471537723654E-01
 -0.1548705636885511E+00  0.1093606440196590E+00  0.1732113683704260E+00  0.1814407191840376E+00  0.1173439846491315E+00  0.4014630175883016E-02 -0.1373148490206574E+00 -0.2781471950324655E+00 -0.4033201513521394E+00 -0.4869254553344496E+00 -0.5099364879417501E+00 -0.4492745794641074E+00 -0.3094757081506930E+00 -0.1245891857658657E+00  0.5612706855131264E-01  0.1938050920807281E+00  0.2647934110538300E+00  0.2596428343586122E+00  0.1927978310357326E+00  0.1030054007678629E+00 -0.1162183712678559E+00
 -0.3997434954803490E+00  0.2446974516687160E+00  0.3343488595257990E+00  0.3160620486499820E+00  0.2105487433983168E+00  0.5069224094863078E-01 -0.1417482266317825E+00 -0.3359851937950488E+00 -0.5162186078080681E+00 -0.6502496955426159E+00 -0.7139008754627216E+00 -0.6756153315376084E+00 -0.5329833700740123E+00 -0.3195771515920768E+00 -0.9132590082807567E-01  0.1097929982458914E+00  0.2548622932884066E+00  0.3169660618483037E+00  0.2910342964988790E+00  0.1947943130921872E+00 -0.2933486427776825E+00
 -0.6593074349098684E+00  0.3908720786879691E+00  0.5133088011540388E+00  0.4640379148121869E+00  0.3224031241297504E+00  0.1260107015289796E+00 -0.1039559896853529E+00 -0.3364648088864355E+00 -0.5599154294756815E+00 -0.7439672704322122E+00 -0.8631168743468002E+00 -0.8736251001613995E+00 -0.7506187120954041E+00 -0.5189998338425161E+00 -0.2527183570936896E+00 -0.9346281531869324E-02  0.1876286008739947E+00  0.3104504538573991E+00  0.3339293366156988E+00  0.2356321043924881E+00 -0.3729669765617655E+00
 -0.8563743048452670E+00  0.5136480030786046E+00  0.6845697043905468E+00  0.6091242088449201E+00  0.4367062703485053E+00  0.2090776227037240E+00 -0.5128913447037736E-01 -0.3127913935191359E+00 -0.5656268024362417E+00 -0.7857145190724739E+00 -0.9556346596240705E+00 -0.1032185887192846E+01 -0.9623603666250635E+00 -0.7345810023098073E+00 -0.4277379524394905E+00 -0.1406907636951778E+00  0.9270789104371267E-01  0.2574778098977812E+00  0.3172722623553015E+00  0.2189254902634529E+00 -0.3395042084350572E+00
 -0.9367970237534788E+00  0.5890742813150470E+00  0.8304258201916623E+00  0.7446557146613932E+00  0.5506892669463890E+00  0.3005826741880286E+00  0.1787003761335529E-01 -0.2647309020673815E+00 -0.5350501002208601E+00 -0.7730027823765455E+00 -0.9745706367673976E+00 -0.1116830602447421E+01 -0.1136034205146079E+01 -0.9643779843462582E+00 -0.6385127112239405E+00 -0.2949852108669309E+00 -0.1897132256366389E-01  0.1741159343797169E+00  0.2563444248538713E+00  0.1740690340600987E+00 -0.2658626773264248E+00
 -0.8797764303213222E+00  0.6070433015236382E+00  0.9413534742495924E+00  0.8673698358822430E+00  0.6613538193016048E+00  0.3948828897874151E+00  0.9265017815762916E-01 -0.2114965325842544E+00 -0.4974996101384810E+00 -0.7411429181662932E+00 -0.9454451644101012E+00 -0.1121738474379955E+01 -0.1232399198891045E+01 -0.1170512487032975E+01 -0.8878016263330287E+00 -0.5025312129415037E+00 -0.1654585321201802E+00  0.6799943988805809E-01  0.1771081414102349E+00  0.1287882006601720E+00 -0.2092564605702811E+00
 -0.7156198360019561E+00  0.5745513462132302E+00  0.1008034202637735E+01  0.9728100887679973E+00  0.7671360204028962E+00  0.4926512000083599E+00  0.1767839220850846E+00 -0.1476088152907155E+00 -0.4528849134392138E+00 -0.7043578829295351E+00 -0.8967760932114770E+00 -0.1067483632837691E+01 -0.1234820150915606E+01 -0.1299289896737674E+01 -0.1127880506424211E+01 -0.7585860581130860E+00 -0.3676323604322216E+00 -0.7116819596702270E-01  0.8978794863849569E-01  0.9244737266009179E-01 -0.1875541693417797E+00
 -0.5129839702053234E+00  0.5105513716049791E+00  0.1018670144609614E+01  0.1049290862030831E+01  0.8615053459029400E+00  0.5883013924915148E+00  0.2670905901332564E+00 -0.7150908898113549E-01 -0.3956510671542195E+00 -0.6615106854339228E+00 -0.8447558026529620E+00 -0.9849751674992689E+00 -0.1159910739249960E+01 -0.1326509741520846E+01 -0.1303467467196434E+01 -0.1018144684316140E+01 -0.6138097500113285E+00 -0.2544523730896749E+00 -0.1875928321486999E-01  0.5274319628776408E-01 -0.1769888720781622E+00
 -0.3194645504283723E+00  0.4267519886409887E+00  0.9607914154945939E+00  0.1075022634469256E+01  0.9283608725660620E+00  0.6697359680288464E+00  0.3541471056362427E+00  0.1326055417960050E-01 -0.3201633065640740E+00 -0.5993574579927576E+00 -0.7825820911632965E+00 -0.8893850559366862E+00 -0.1032412163207902E+01 -0.1254083052322397E+01 -0.1381005158396779E+01 -0.1234691485607409E+01 -0.8730181461446175E+00 -0.4770587679284449E+00 -0.1623588251007129E+00 -0.7143680440821096E-02 -0.1409277837782496E+00
 -0.1541812035961795E+00  0.3291582445075557E+00  0.8332935299264876E+00  0.1031676437152507E+01  0.9508971792500418E+00  0.7244714197031902E+00  0.4263612104223624E+00  0.9615772579393801E-01 -0.2318640885342679E+00 -0.5129561187231687E+00 -0.6978108850130375E+00 -0.7807929714946085E+00 -0.8740690471846019E+00 -0.1099339038512315E+01 -0.1346608102737198E+01 -0.1371256022039093E+01 -0.1111888713991759E+01 -0.7237085466376623E+00 -0.3463803723598541E+00 -0.9279824998411733E-01 -0.6798562240750217E-01
 -0.2300392940094165E-01  0.2236901341681246E+00  0.6480664731034320E+00  0.9052926284571353E+00  0.9054974844037512E+00  0.7339888804856004E+00  0.4710461837083373E+00  0.1669026515051107E+00 -0.1397351928427265E+00 -0.4061307596526689E+00 -0.5839503954355726E+00 -0.6521061280283725E+00 -0.6983548889566642E+00 -0.8875507766760952E+00 -0.1203418913703378E+01 -0.1400709043618405E+01 -0.1296700355909101E+01 -0.9698339551604046E+00 -0.5644564849942845E+00 -0.2021900916138941E+00  0.4211378984739766E-01
  0.7504947911515741E-01  0.1211607088212724E+00  0.4385316055789745E+00  0.7100503501045814E+00  0.7857024849620869E+00  0.6860341184195737E+00  0.4775538737316002E+00  0.2163511496049082E+00 -0.5301490561189242E-01 -0.2881201646666348E+00 -0.4455995989278855E+00 -0.5019548042444114E+00 -0.5151436085157435E+00 -0.6476045673822937E+00 -0.9701429248615546E+00 -0.1304975485933936E+01 -0.1391612601358648E+01 -0.1183413451214976E+01 -0.7985015848507423E+00 -0.3307179046665636E+00  0.1936521291489485E+00
  0.1346932513834891E+00  0.3492453040721843E-01  0.2394668426051443E+00  0.4711619357852569E+00  0.5898872010073652E+00  0.5644161333328669E+00  0.4287170685453023E+00  0.2310245509146265E+00  0.1705065010130393E-01 -0.1714491165829670E+00 -0.2969259876439510E+00 -0.3411469050908376E+00 -0.3378970035824378E+00 -0.4117390794823641E+00 -0.6820318832951952E+00 -0.1082444310276369E+01 -0.1358618193568321E+01 -0.1322781039205924E+01 -0.1018161878357376E+01 -0.4724428777774523E+00  0.3991667549749809E+00
  0.1228424296428957E+00 -0.9229283571821005E-02  0.9515457892743263E-01  0.2491413597291675E+00  0.3619274982103469E+00  0.3853232141620487E+00  0.3216519745314047E+00  0.1992067827167483E+00  0.5461434804317145E-01 -0.7604505223525403E-01 -0.1628804841158918E+00 -0.1941086608273339E+00 -0.1871456114837126E+00 -0.2140028588822171E+00 -0.3901189828368445E+00 -0.7577928759256938E+00 -0.1169000403432057E+01 -0.1337493233307778E+01 -0.1181383764900048E+01 -0.6208519139817817E+00  0.6811719770452971E+00
  0.2785063914856467E-01 -0.6938027520852657E-02  0.7036556586006699E-02  0.7247721299449709E-01  0.1471952369515682E+00  0.1864661061829557E+00  0.1746233802983396E+00  0.1204424116385370E+00  0.4559277295710518E-01 -0.2538971471086299E-01 -0.7292769505763426E-01 -0.8976246793144710E-01 -0.8330694573889359E-01 -0.8167112444361652E-01 -0.1547276379123075E+00 -0.3940311635237375E+00 -0.8252757381622988E+00 -0.1175777355983549E+01 -0.1224992994506366E+01 -0.7679732888777601E+00  0.1078926872126915E+01
 -0.1673834418826388E+00  0.4576100653312277E-01 -0.3010042228327042E-01 -0.3557430686653859E-01 -0.7706375169073522E-03  0.3276619083778602E-01  0.4557902292330652E-01  0.3575549771387274E-01  0.1184039220984686E-01 -0.1382223444396046E-01 -0.3103750518706749E-01 -0.3493808519341700E-01 -0.2857788609188460E-01 -0.1726107458052771E-01 -0.2255327757960671E-01 -0.9410422402408253E-01 -0.4063115298998499E+00 -0.8211175905033935E+00 -0.1050091879264251E+01 -0.8467622071085674E+00  0.1490194742061451E+01
  0.4135844783098268E+00 -0.2191166226127997E+00 -0.2437653895285722E+00 -0.1773785287853784E+00 -0.1112011216803809E+00 -0.6282717747752894E-01 -0.3280728387257123E-01 -0.1804091684561868E-01 -0.1354377798196300E-01 -0.1325964163398146E-01 -0.1224007181866422E-01 -0.7378377864042450E-02 -0.1830535517541549E-03  0.9401661050859666E-02  0.1181860169496602E-01  0.9882242695559935E-02 -0.1333581318523830E+00 -0.3911090286616879E+00 -0.5671136674784033E+00 -0.5442930760366917E+00  0.1065765560631672E+01
  0.0000000000000000E+00  0.0000000000000000E+00  0.0000000000000000E+00  0.0000000000000000E+00  0.0000000000000000E+00  0.0000000000000000E+00  0.0000000000000000E+00  0.0000000000000000E+00  0.0000000000000000E+00  0.0000000000000000E+00  0.0000000000000000E+00  0.0000000000000000E+00  0.0000000000000000E+00  0.0000000000000000E+00  0.0000000000000000E+00  0.0000000000000000E+00  0.0000000000000000E+00  0.0000000000000000E+00  0.0000000000000000E+00  0.0000000000000000E+00  0.0000000000000000E+00
