  0.0000000000000000E+00  0.0000000000000000E+00  0.0000000000000000E+00  0.0000000000000000E+00  0.0000000000000000E+00  0.0000000000000000E+00  0.0000000000000000E+00  0.0000000000000000E+00  0.0000000000000000E+00  0.0000000000000000E+00  0.0000000000000000E+00  0.0000000000000000E+00  0.0000000000000000E+00  0.0000000000000000E+00  0.0000000000000000E+00  0.0000000000000000E+00  0.0000000000000000E+00  0.0000000000000000E+00  0.0000000000000000E+00  0.0000000000000000E+00  0.0000000000000000E+00
  0.3675912851020721E-01 -0.1502681318194219E-01 -0.8321311035619351E-02  0.2299929038765725E-02 -0.8936381490691630E-02 -0.3842396978138661E-01 -0.6856031801492597E-01 -0.8168823504579756E-01 -0.8123666620598162E-01 -0.7425268990409437E-01 -0.6189920274055418E-01 -0.3122240502701145E-01  0.2684170497821420E-01  0.9369120939965465E-01  0.1337887289081256E+00  0.1328213315588372E+00  0.9869438302133896E-01  0.4561827399758767E-01 -0.6250294834338901E-02 -0.2521338059134349E-01  0.6938984693969155E-01
  0.3919325105728663E-03  0.1768654524898271E-01  0.5345156825752100E-01  0.7162909853506069E-01  0.4279018387849814E-01 -0.2531058074565840E-01 -0.1163614691682837E+00 -0.2061052034107938E+00 -0.2792655891175161E+00 -0.3162340226070589E+00 -0.3027514029589634E+00 -0.2264848730201947E+00 -0.1014331919533064E+00  0.3615440652441976E-01  0.1451469704473879E+00  0.2002701692126301E+00  0.1968830151499008E+00  0.1457790774338181E+00  0.7139323048203051E-01  0.1075677536024952E-01  0.3912290440128197E-01
 -0.1550455393584007E+00  0.1094714133959806E+00  0.1733687008295410E+00  0.1815760731896042E+00  0.1174049556698377E+00  0.4015658164030832E-02 -0.1373582596525975E+00 -0.2782061730036557E+00 -0.4033846561656730E+00 -0.4869758226776793E+00 -0.5099578339588485E+00 -0.4492577561474587E+00 -0.3094327621152357E+00 -0.1245481600539513E+00  0.5615368019503503E-01  0.1938236422814321E+00  0.2648118084338248E+00  0.2596609605368523E+00  0.1928100536924230E+00  0.1030031577055131E+00 -0.1161994194241162E+00
 -0.4000432555515202E+00  0.2448610298275725E+00  0.3345398339311975E+00  0.3161561702557497E+00  0.2105348263964801E+00  0.5060727670201289E-01 -0.1418734566048948E+00 -0.3361240430788160E+00 -0.5163634856125128E+00 -0.6503840942676677E+00 -0.7139951918903839E+00 -0.6756403747096034E+00 -0.5329401312744648E+00 -0.3195128726045168E+00 -0.9127604193572726E-01  0.1098310336284938E+00  0.2548978015647924E+00  0.3169992345124673E+00  0.2910552254471894E+00  0.1947881948494323E+00 -0.2933093591011073E+00
 -0.6596117348371003E+00  0.3910309074511403E+00  0.5134809875163208E+00  0.4640790508459073E+00  0.3223305402775622E+00  0.1258930347721318E+00 -0.1040806805619989E+00 -0.3365664944917134E+00 -0.5600018202760139E+00 -0.7440445741319713E+00 -0.8631660624700065E+00 -0.8736048756541577E+00 -0.7505110958745017E+00 -0.5188630801675421E+00 -0.2526169545304051E+00 -0.9279197072771179E-02  0.1876843187278279E+00  0.3104998165363823E+00  0.3339606590861650E+00  0.2356249159087895E+00 -0.3729140886402034E+00
 -0.8565108623474932E+00  0.5137290212812913E+00  0.6846762014963806E+00  0.6090789014881167E+00  0.4365445140137991E+00  0.2088798666767960E+00 -0.5146203985359890E-01 -0.3129058804893062E+00 -0.5656942898840378E+00 -0.7857725225212924E+00 -0.9556851400445849E+00 -0.1032176799427521E+01 -0.9622294298971383E+00 -0.7343720382494215E+00 -0.4275624066226533E+00 -0.1405770114953807E+00  0.9278873736043908E-01  0.2575434712533299E+00  0.3173109543310262E+00  0.2189199896531117E+00 -0.3394490146283089E+00
 -0.9366967981290657E+00  0.5890429892857586E+00  0.8304321697282100E+00  0.7445206238694630E+00  0.5504363621488824E+00  0.3003205082430221E+00  0.1768259034622068E-01 -0.2647929511356411E+00 -0.5350049988751227E+00 -0.7729280580547410E+00 -0.9745302873085402E+00 -0.1116799279083658E+01 -0.1135900357128774E+01 -0.9641150695125799E+00 -0.6382458828052615E+00 -0.2947987937268386E+00 -0.1885144543573030E-01  0.1741949114520009E+00  0.2563844421489315E+00  0.1740624248509359E+00 -0.2658028324038763E+00
 -0.8794306988371511E+00  0.6068933641344483E+00  0.9412493935661937E+00  0.8671417379322820E+00  0.6610046063822287E+00  0.3945296489328399E+00  0.9241039171745825E-01 -0.2115500467224683E+00 -0.4973668403102862E+00 -0.7409221138229071E+00 -0.9452688160950501E+00 -0.1121657989025589E+01 -0.1232292548574602E+01 -0.1170255039243994E+01 -0.8874739888813961E+00 -0.5022645509570017E+00 -0.1652806478726218E+00  0.6810203034925942E-01  0.1771484287501397E+00  0.1287818167098074E+00 -0.2091970213792826E+00
 -0.7151938198006484E+00  0.5743356157928409E+00  0.1007813027577874E+01  0.9724962863045556E+00  0.7666975062216841E+00  0.4922100595779090E+00  0.1764847775878119E+00 -0.1476636427041875E+00 -0.4526740874652597E+00 -0.7039705254503126E+00 -0.8963970130836248E+00 -0.1067275279710307E+01 -0.1234716782851158E+01 -0.1299085051433017E+01 -0.1127554720856095E+01 -0.7582760805853395E+00 -0.3673993787318983E+00 -0.7102756395855911E-01  0.8984578254070151E-01  0.9245031570989198E-01 -0.1875051645889744E+00
 -0.5126135981232032E+00  0.5103190709335153E+00  0.1018343614677343E+01  0.1048894339377447E+01  0.8610004850805172E+00  0.5877870520675165E+00  0.2667255322957994E+00 -0.7160765899985516E-01 -0.3954340294126259E+00 -0.6610313089917421E+00 -0.8441961080462740E+00 -0.9845924338748593E+00 -0.1159759667081387E+01 -0.1326361138247833E+01 -0.1303193759043557E+01 -0.1017840203326016E+01 -0.6135552940283272E+00 -0.2542762754420560E+00 -0.1867423700207591E-01  0.5276766235737141E-01 -0.1769772240741901E+00
 -0.3192044347925629E+00  0.4265318182548352E+00  0.9603910199719425E+00  0.1074559009019925E+01  0.9278166204289592E+00  0.6691850700789267E+00  0.3537358882514795E+00  0.1311534595496214E-01 -0.3199797692973814E+00 -0.5988635275899007E+00 -0.7819202173908856E+00 -0.8888443654356336E+00 -0.1032176416794435E+01 -0.1253970159699433E+01 -0.1380803215601972E+01 -0.1234432212613795E+01 -0.8727762054608079E+00 -0.4768678134621541E+00 -0.1622466841682266E+00 -0.7101547770232414E-02 -0.1409420408575293E+00
 -0.1540218843169026E+00  0.3289670467435016E+00  0.8328792559136022E+00  0.1031175866098313E+01  0.9503431713649385E+00  0.7239218095140161E+00  0.4259400347179745E+00  0.9598222127834925E-01 -0.2317271445382209E+00 -0.5125052941110400E+00 -0.6971436464126893E+00 -0.7801702673529827E+00 -0.8737563159471442E+00 -0.1099238778505026E+01 -0.1346477331068032E+01 -0.1371059909215461E+01 -0.1111690187267132E+01 -0.7235280739882773E+00 -0.3462580221962474E+00 -0.9274536817537818E-01 -0.6802191767011284E-01
 -0.2293343786570745E-01  0.2235469342049912E+00  0.6477073647492660E+00  0.9048106552675593E+00  0.9049637412831461E+00  0.7334703127538562E+00  0.4706436331573310E+00  0.1667190715370308E+00 -0.1396382913776211E+00 -0.4057445158927199E+00 -0.5833467184831730E+00 -0.6514982076691679E+00 -0.6980157495165242E+00 -0.8874606105169086E+00 -0.1203344624535969E+01 -0.1400577860064237E+01 -0.1296554491117362E+01 -0.9696872076410171E+00 -0.5643386449273924E+00 -0.2021381103012781E+00  0.4207568597644185E-01
  0.7504886510590220E-01  0.1210790621072419E+00  0.4382860514276279E+00  0.7096529565970364E+00  0.7852318706970253E+00  0.6855717363786749E+00  0.4771924551426056E+00  0.2161774150143436E+00 -0.5294790318771683E-01 -0.2878053694185873E+00 -0.4451005359554518E+00 -0.5014416279335320E+00 -0.5148485704092696E+00 -0.6475421878727757E+00 -0.9701145665019540E+00 -0.1304893949228506E+01 -0.1391518087297026E+01 -0.1183305918402514E+01 -0.7984047680328908E+00 -0.3306691001823268E+00  0.1936025325140897E+00
  0.1346185436520616E+00  0.3491157479448653E-01  0.2393532680355212E+00  0.4709037172754703E+00  0.5895278458058558E+00  0.5640372423446732E+00  0.4284084454499923E+00  0.2308664291032568E+00  0.1708829870426580E-01 -0.1712138332412273E+00 -0.2965555558692742E+00 -0.3407794524278706E+00 -0.3377008760695601E+00 -0.4117318246509311E+00 -0.6820436228750333E+00 -0.1082395718003304E+01 -0.1358553797702058E+01 -0.1322710387562017E+01 -0.1018086419129697E+01 -0.4724041343642801E+00  0.3991259839631434E+00
  0.1227048192075920E+00 -0.9185722684546930E-02  0.9514765115395117E-01  0.2490322805886261E+00  0.3617237035091749E+00  0.3850767966504598E+00  0.3214351506330906E+00  0.1990874336903476E+00  0.5463170265008689E-01 -0.7589221213349348E-01 -0.1626489719352605E+00 -0.1938994629937348E+00 -0.1870658164499033E+00 -0.2140587040211543E+00 -0.3901738145017132E+00 -0.7577646632833663E+00 -0.1168947826506990E+01 -0.1337440413186212E+01 -0.1181330911374508E+01 -0.6208182512439915E+00  0.6811238423574666E+00
  0.2776364101409066E-01 -0.6900306326994300E-02  0.7062722033107758E-02  0.7245386586787550E-01  0.1471096034855694E+00  0.1863420060856533E+00  0.1745044866176044E+00  0.1203742069380535E+00  0.4560050415873206E-01 -0.2531145055770373E-01 -0.7281861923963491E-01 -0.8968153355737561E-01 -0.8330910068274421E-01 -0.8176439784751754E-01 -0.1548159709312646E+00 -0.3940291818079246E+00 -0.8252212860223229E+00 -0.1175730223388977E+01 -0.1224951325889963E+01 -0.7679488186263171E+00  0.1078895129988988E+01
 -0.1673499474188119E+00  0.4575911477999598E-01 -0.3007260307882397E-01 -0.3555625585179197E-01 -0.7810365241445296E-03  0.3272986513837840E-01  0.4553388044969000E-01  0.3572294342277309E-01  0.1183386430201407E-01 -0.1380362231755807E-01 -0.3101016945471692E-01 -0.3492512251968834E-01 -0.2860191879757054E-01 -0.1733277878373244E-01 -0.2264198574333741E-01 -0.9413341534194772E-01 -0.4062685767432352E+00 -0.8210674963020679E+00 -0.1050061531051498E+01 -0.8467461911891112E+00  0.1490177042515835E+01
  0.4136125609813024E+00 -0.2191394474814061E+00 -0.2438057814629158E+00 -0.1774228417513279E+00 -0.1112438101170677E+00 -0.6286746189836120E-01 -0.3284403584603254E-01 -0.1807013027968737E-01 -0.1356233057965125E-01 -0.1326845456196387E-01 -0.1224528067750659E-01 -0.7388249378359184E-02 -0.2040777478229176E-03  0.9366369037349933E-02  0.1177301093229395E-01  0.9854260519815449E-02 -0.1333392108560832E+00 -0.3910792325070551E+00 -0.5670936274113877E+00 -0.5442906661332514E+00  0.1065778370988367E+01
  0.0000000000000000E+00  0.0000000000000000E+00  0.0000000000000000E+00  0.0000000000000000E+00  0.0000000000000000E+00  0.0000000000000000E+00  0.0000000000000000E+00  0.0000000000000000E+00  0.0000000000000000E+00  0.0000000000000000E+00  0.0000000000000000E+00  0.0000000000000000E+00  0.0000000000000000E+00  0.0000000000000000E+00  0.0000000000000000E+00  0.0000000000000000E+00  0.0000000000000000E+00  0.0000000000000000E+00  0.0000000000000000E+00  0.0000000000000000E+00  0.0000000000000000E+00
