  0.0000000000000000E+00  0.0000000000000000E+00  0.0000000000000000E+00  0.0000000000000000E+00  0.0000000000000000E+00  0.0000000000000000E+00  0.0000000000000000E+00  0.0000000000000000E+00  0.0000000000000000E+00  0.0000000000000000E+00  0.0000000000000000E+00  0.0000000000000000E+00  0.0000000000000000E+00  0.0000000000000000E+00  0.0000000000000000E+00  0.0000000000000000E+00  0.0000000000000000E+00  0.0000000000000000E+00  0.0000000000000000E+00  0.0000000000000000E+00  0.0000000000000000E+00
  0.3720482304185474E-01 -0.1522916154348842E-01 -0.8482661588610507E-02  0.2228624819264035E-02 -0.8971208044297891E-02 -0.3845110905198189E-01 -0.6856385089465480E-01 -0.8166446942706469E-01 -0.8120378578077114E-01 -0.7422356580895978E-01 -0.6188086164472982E-01 -0.3123032904391677E-01  0.2677366782327893E-01  0.9354489917110456E-01  0.1336002770816171E+00  0.1326429287933750E+00  0.9856649486476016E-01  0.4557522748650850E-01 -0.6188829687782515E-02 -0.2512543199057909E-01  0.6918746628395474E-01
  0.7660190313567086E-03  0.1752175844112701E-01  0.5333129435473775E-01  0.7157742746045090E-01  0.4270586292941041E-01 -0.2541273207917607E-01 -0.1164604815230487E+00 -0.2061627483222714E+00 -0.2792751905312423E+00 -0.3161926980540176E+00 -0.3026838757205011E+00 -0.2264380477361226E+00 -0.1014603756109654E+00  0.3602422305103387E-01  0.1449287974105763E+00  0.2000089421107490E+00  0.1966386828783299E+00  0.1456156858166296E+00  0.7137289702908747E-01  0.1083830638822367E-01  0.3885797786441647E-01
 -0.1549228034061620E+00  0.1094109556097928E+00  0.1733100634232165E+00  0.1814634110241986E+00  0.1172134762982688E+00  0.3805938121504176E-02 -0.1375279963654492E+00 -0.2782991247533279E+00 -0.4033933934346368E+00 -0.4869030522396139E+00 -0.5098171471184366E+00 -0.4490923464056644E+00 -0.3093058227105376E+00 -0.1245248343616256E+00  0.5604988059161093E-01  0.1936059350758896E+00  0.2645232045213197E+00  0.2593814545502708E+00  0.1926483604434928E+00  0.1029716515543313E+00 -0.1162665942195012E+00
 -0.4002673038193447E+00  0.2449136719306639E+00  0.3344737119726471E+00  0.3159409161497936E+00  0.2101983750942399E+00  0.5028214398533383E-01 -0.1421285503992345E+00 -0.3362544324173364E+00 -0.5163746169031733E+00 -0.6502848550844871E+00 -0.7138030807919000E+00 -0.6753923555444274E+00 -0.5326976338962619E+00 -0.3193549170777003E+00 -0.9124428367382185E-01  0.1097215691852542E+00  0.2546523066879787E+00  0.3166764550897715E+00  0.2907767522318545E+00  0.1946110811743953E+00 -0.2930564912913313E+00
 -0.6598420797932867E+00  0.3910670748959061E+00  0.5133591448944317E+00  0.4637191435871419E+00  0.3218604381443167E+00  0.1254576578000774E+00 -0.1043853211424896E+00 -0.3366948858630831E+00 -0.5599621409016148E+00 -0.7438802542514160E+00 -0.8628975703303480E+00 -0.8732632285296842E+00 -0.7501508134154344E+00 -0.5185815647764264E+00 -0.2524650405773279E+00 -0.9264544261614865E-02  0.1875359443742670E+00  0.3102129046920956E+00  0.3336326925728571E+00  0.2353773447403574E+00 -0.3724993416482151E+00
 -0.8565429865716254E+00  0.5136512120167104E+00  0.6844106494785058E+00  0.6085614250645400E+00  0.4359097727059297E+00  0.2083209473716759E+00 -0.5183149752301409E-01 -0.3130194198599170E+00 -0.5655790662779994E+00 -0.7855118642984587E+00 -0.9553354486030260E+00 -0.1031755940085269E+01 -0.9617620305354606E+00 -0.7339693333188619E+00 -0.4273098061529117E+00 -0.1404608484831491E+00  0.9275122703921594E-01  0.2573369013839344E+00  0.3170171005605506E+00  0.2187097964828748E+00 -0.3391122888880736E+00
 -0.9363081595662862E+00  0.5887661774746022E+00  0.8299903728575205E+00  0.7438218103193305E+00  0.5496292824261483E+00  0.2996110786038469E+00  0.1724458710102562E-01 -0.2648806175723438E+00 -0.5347632434664592E+00 -0.7725013243410505E+00 -0.9740442891959108E+00 -0.1116291836642408E+01 -0.1135337911257175E+01 -0.9635751101579114E+00 -0.6378773083467768E+00 -0.2945945823705907E+00 -0.1879090902826556E-01  0.1740989624250258E+00  0.2561901537146739E+00  0.1739384607200139E+00 -0.2656252284453678E+00
 -0.8786784502090846E+00  0.6064264934317140E+00  0.9406010300860571E+00  0.8662731429660344E+00  0.6600079419206691E+00  0.3936520171486477E+00  0.9186738352832353E-01 -0.2116300876973352E+00 -0.4969948860828634E+00 -0.7402750757032374E+00 -0.9445784383815508E+00 -0.1121041367009380E+01 -0.1231669059459615E+01 -0.1169599099258064E+01 -0.8869530520530574E+00 -0.5019429197681875E+00 -0.1651070339200821E+00  0.6812644659750522E-01  0.1770775499285376E+00  0.1287317600929309E+00 -0.2091177303502550E+00
 -0.7143144164863697E+00  0.5737599454741809E+00  0.1006965419936173E+01  0.9714576706252892E+00  0.7655303440397846E+00  0.4911510131333630E+00  0.1758123856874650E+00 -0.1477834179209841E+00 -0.4522081348838217E+00 -0.7030945071895461E+00 -0.8954284022717076E+00 -0.1066480770449947E+01 -0.1234046033717036E+01 -0.1298375371687047E+01 -0.1126911559772368E+01 -0.7578188323616921E+00 -0.3670921380493295E+00 -0.7086711418938652E-01  0.8988379999689379E-01  0.9245470584238040E-01 -0.1874803175302474E+00
 -0.5119004740736655E+00  0.5097370504396341E+00  0.1017310677245237E+01  0.1047699454066064E+01  0.8596867985732135E+00  0.5865736261545537E+00  0.2659054200558509E+00 -0.7182251072712573E-01 -0.3949727309178588E+00 -0.6600145596866674E+00 -0.8429628636418672E+00 -0.9835634332087689E+00 -0.1159012262700534E+01 -0.1325644244714910E+01 -0.1302487008199977E+01 -0.1017289672212979E+01 -0.6131286906731110E+00 -0.2539828457332925E+00 -0.1852575193057456E-01  0.5281558023658864E-01 -0.1769724926403405E+00
 -0.3187108500709568E+00  0.4259869127219049E+00  0.9592498880947578E+00  0.1073229176247784E+01  0.9264086745588535E+00  0.6678683517164987E+00  0.3527982401279637E+00  0.1278178279538361E-01 -0.3196024601220996E+00 -0.5978381401810774E+00 -0.7805360932170746E+00 -0.8876039175609668E+00 -0.1031338502346395E+01 -0.1253267337336507E+01 -0.1380091446570984E+01 -0.1233838622594687E+01 -0.8722923718876329E+00 -0.4764652065547508E+00 -0.1620003804094837E+00 -0.6997468334179852E-02 -0.1410079754069441E+00
 -0.1537646922852737E+00  0.3285034153475750E+00  0.8317455537574515E+00  0.1029779700349873E+01  0.9488854167108817E+00  0.7225715344441025E+00  0.4249402470304022E+00  0.9555578178154546E-01 -0.2314651148791354E+00 -0.5115713835243793E+00 -0.6957590976736401E+00 -0.7788301930038631E+00 -0.8728584915968318E+00 -0.1098577335473100E+01 -0.1345796300696800E+01 -0.1370469770914738E+01 -0.1111204577714344E+01 -0.7230803963259327E+00 -0.3459302889490299E+00 -0.9260170290051199E-01 -0.6812518024749392E-01
 -0.2286251819563456E-01  0.2232002000275841E+00  0.6467380818871177E+00  0.9034652875871755E+00  0.9035268679479850E+00  0.7321387659885660E+00  0.4696378882209705E+00  0.1662359801173350E+00 -0.1394840370037549E+00 -0.4049513283371245E+00 -0.5820880201457943E+00 -0.6502106169879381E+00 -0.6971520660211631E+00 -0.8868822881740953E+00 -0.1202735386708142E+01 -0.1400002571830121E+01 -0.1296106777396817E+01 -0.9692442208724500E+00 -0.5639806590649719E+00 -0.2019632541297439E+00  0.4190910332425979E-01
  0.7493561249889735E-01  0.1208897354440028E+00  0.4376048188309059E+00  0.7085152658209406E+00  0.7839106349026077E+00  0.6843202846371743E+00  0.4762264003520429E+00  0.2156774460181939E+00 -0.5288282839083452E-01 -0.2871721370096454E+00 -0.4440519676013484E+00 -0.5003526652712375E+00 -0.5141338126093983E+00 -0.6471182642925872E+00 -0.9696160505476129E+00 -0.1304352005224748E+01 -0.1391099877808981E+01 -0.1182910792105070E+01 -0.7980457006691559E+00 -0.3304932922578417E+00  0.1934341761043692E+00
  0.1343247812896693E+00  0.3489692745791497E-01  0.2390155636634142E+00  0.4701162504153910E+00  0.5884591782003502E+00  0.5629398070045337E+00  0.4275186258796060E+00  0.2303640098402947E+00  0.1706579881355115E-01 -0.1707625377432006E+00 -0.2957817028644228E+00 -0.3399937650912612E+00 -0.3372363098667074E+00 -0.4115197370477834E+00 -0.6817135947528882E+00 -0.1081897432427729E+01 -0.1358153736087817E+01 -0.1322355817780348E+01 -0.1017764133069760E+01 -0.4722232561604464E+00  0.3989056354115788E+00
  0.1222617718450848E+00 -0.9055885223873910E-02  0.9509411617346308E-01  0.2486470931856728E+00  0.3610492728830203E+00  0.3842882779107089E+00  0.3207347779493332E+00  0.1986476520538553E+00  0.5454264929179802E-01 -0.7563775063769691E-01 -0.1621860096108125E+00 -0.1934631557551948E+00 -0.1868768492170450E+00 -0.2140755020935999E+00 -0.3900485494849478E+00 -0.7573624940793193E+00 -0.1168535472231039E+01 -0.1337119581371630E+01 -0.1181037603381173E+01 -0.6206576117857631E+00  0.6809352319761166E+00
  0.2750815793907668E-01 -0.6796345595018047E-02  0.7119121154022542E-02  0.7233488627225490E-01  0.1467866422017996E+00  0.1858957582848777E+00  0.1740671799945518E+00  0.1200702856787162E+00  0.4549749147217000E-01 -0.2522352191320668E-01 -0.7263473087218655E-01 -0.8953547477025184E-01 -0.8332431508514335E-01 -0.8192833317543846E-01 -0.1548936179029504E+00 -0.3937836514978129E+00 -0.8248262310782830E+00 -0.1175404590941552E+01 -0.1224707160849994E+01 -0.7677868652413979E+00  0.1078653434874200E+01
 -0.1672715318661250E+00  0.4575641647920546E-01 -0.3000228242850857E-01 -0.3553609114570580E-01 -0.8637198710921921E-03  0.3256052097052616E-01  0.4533228296880676E-01  0.3555310201289885E-01  0.1173517390269807E-01 -0.1382917818387374E-01 -0.3099955592199553E-01 -0.3493204976479194E-01 -0.2867629210016490E-01 -0.1749365016061973E-01 -0.2281491209667861E-01 -0.9409599890289679E-01 -0.4059522240634943E+00 -0.8207670646035851E+00 -0.1049853882525823E+01 -0.8466442497348305E+00  0.1490078866678669E+01
  0.4136505695028129E+00 -0.2191820752838964E+00 -0.2438956563488763E+00 -0.1775371149177095E+00 -0.1113686122328365E+00 -0.6299939979930570E-01 -0.3297638093501669E-01 -0.1818871476074774E-01 -0.1365534600802051E-01 -0.1333406443105455E-01 -0.1229675877272414E-01 -0.7441963943850185E-02 -0.2774070027054328E-03  0.9273622352978822E-02  0.1165969700172973E-01  0.9818918809179738E-02 -0.1331860070691114E+00 -0.3908904037598097E+00 -0.5669791811946987E+00 -0.5442188381423794E+00  0.1065677333232439E+01
  0.0000000000000000E+00  0.0000000000000000E+00  0.0000000000000000E+00  0.0000000000000000E+00  0.0000000000000000E+00  0.0000000000000000E+00  0.0000000000000000E+00  0.0000000000000000E+00  0.0000000000000000E+00  0.0000000000000000E+00  0.0000000000000000E+00  0.0000000000000000E+00  0.0000000000000000E+00  0.0000000000000000E+00  0.0000000000000000E+00  0.0000000000000000E+00  0.0000000000000000E+00  0.0000000000000000E+00  0.0000000000000000E+00  0.0000000000000000E+00  0.0000000000000000E+00
