  0.0000000000000000E+00  0.0000000000000000E+00  0.0000000000000000E+00  0.0000000000000000E+00  0.0000000000000000E+00  0.0000000000000000E+00  0.0000000000000000E+00  0.0000000000000000E+00  0.0000000000000000E+00  0.0000000000000000E+00  0.0000000000000000E+00  0.0000000000000000E+00  0.0000000000000000E+00  0.0000000000000000E+00  0.0000000000000000E+00  0.0000000000000000E+00  0.0000000000000000E+00  0.0000000000000000E+00  0.0000000000000000E+00  0.0000000000000000E+00  0.0000000000000000E+00
  0.3735166131136444E-01 -0.1530985077026294E-01 -0.8577890999424364E-02  0.2202559368138210E-02 -0.8974817300393472E-02 -0.3844433277206044E-01 -0.6855480280710090E-01 -0.8164957917324694E-01 -0.8118986718055073E-01 -0.7421340114149022E-01 -0.6188354119818799E-01 -0.3126155770784892E-01  0.2669546684096605E-01  0.9342776523511362E-01  0.1334772798684108E+00  0.1325419144508653E+00  0.9850462286573494E-01  0.4556709961123407E-01 -0.6134753041742287E-02 -0.2506309310222076E-01  0.6905452626491999E-01
  0.1028198944265278E-02  0.1741623072763122E-01  0.5327689112715895E-01  0.7155756015640326E-01  0.4269595590850121E-01 -0.2542674160291859E-01 -0.1164638217689187E+00 -0.2061512509653383E+00 -0.2792471249801681E+00 -0.3161615682113412E+00 -0.3026692382236306E+00 -0.2264667257317652E+00 -0.1015445820311536E+00  0.3589020379545984E-01  0.1447662680942711E+00  0.1998442558441431E+00  0.1964997895053808E+00  0.1455346974815262E+00  0.7138111951268075E-01  0.1090517468189750E-01  0.3866559546698826E-01
 -0.1548869143126888E+00  0.1093833719934275E+00  0.1732632016675936E+00  0.1814250635301596E+00  0.1171427408578791E+00  0.3749493829425708E-02 -0.1375589029362427E+00 -0.2782847108020668E+00 -0.4033450076895102E+00 -0.4868329341763278E+00 -0.5097492413582209E+00 -0.4490521580022364E+00 -0.3093138325970236E+00 -0.1245903469622730E+00  0.5593004171430974E-01  0.1934417716155521E+00  0.2643385941777233E+00  0.2592177243569421E+00  0.1925693301018911E+00  0.1029736765694590E+00 -0.1163516996064859E+00
 -0.4003157952137828E+00  0.2449160706902578E+00  0.3344324168569908E+00  0.3158308565652834E+00  0.2100612107657648E+00  0.5016457896910195E-01 -0.1421859629059107E+00 -0.3362433158249387E+00 -0.5162998018705243E+00 -0.6501755348379452E+00 -0.7136842862864652E+00 -0.6752959185413265E+00 -0.5326396771640884E+00 -0.3193473393506543E+00 -0.9129273977962762E-01  0.1096099654479740E+00  0.2544764809098596E+00  0.3164730448000240E+00  0.2906158333474905E+00  0.1945205677190063E+00 -0.2929458698095285E+00
 -0.6599597931262381E+00  0.3910739620957526E+00  0.5132620931610196E+00  0.4635361369379851E+00  0.3216375794429967E+00  0.1252851229711257E+00 -0.1044761890312078E+00 -0.3366781977658744E+00 -0.5598546349486078E+00 -0.7437143066124113E+00 -0.8627125434986734E+00 -0.8730966890215471E+00 -0.7500267810166696E+00 -0.5185126403608011E+00 -0.2524479279613447E+00 -0.9307369451610087E-02  0.1874121259735760E+00  0.3100187824737164E+00  0.3334322027786282E+00  0.2352305407100888E+00 -0.3722594193516383E+00
 -0.8564981254188984E+00  0.5135801883769607E+00  0.6842424397119837E+00  0.6082787473000661E+00  0.4356072230699985E+00  0.2080754313339841E+00 -0.5195685315681763E-01 -0.3130089438393764E+00 -0.5654367725649623E+00 -0.7852893097162305E+00 -0.9550784023087676E+00 -0.1031512436802545E+01 -0.9615627812888459E+00 -0.7338401881902041E+00 -0.4272487075489710E+00 -0.1404474011192794E+00  0.9268966638020767E-01  0.2571882326931558E+00  0.3168262110041458E+00  0.2185803669273159E+00 -0.3389148897778020E+00
 -0.9360972179322846E+00  0.5886038015961510E+00  0.8297141868561684E+00  0.7434515515372844E+00  0.5492308930970180E+00  0.2992925391113528E+00  0.1706668928032432E-01 -0.2648795486833322E+00 -0.5345924201977776E+00 -0.7722150413255181E+00 -0.9737121924374208E+00 -0.1115967638023394E+01 -0.1135050022127574E+01 -0.9633624537517765E+00 -0.6377642289080878E+00 -0.2945464425139353E+00 -0.1879702389480034E-01  0.1740125744211778E+00  0.2560600156481675E+00  0.1738572517776888E+00 -0.2655117396848989E+00
 -0.8782528394147152E+00  0.6061594362757796E+00  0.9402254694126236E+00  0.8658082049615723E+00  0.6595256948669814E+00  0.3932476152164943E+00  0.9163480848618588E-01 -0.2116522212719012E+00 -0.4967967317739170E+00 -0.7399229450477514E+00 -0.9441649481676786E+00 -0.1120644977896487E+01 -0.1231305959813201E+01 -0.1169287078660293E+01 -0.8867521905117397E+00 -0.5018380757078462E+00 -0.1650611153054560E+00  0.6811257255563502E-01  0.1770198298531621E+00  0.1287015078970627E+00 -0.2090846938380259E+00
 -0.7138652130058663E+00  0.5734484307884467E+00  0.1006480079359474E+01  0.9709134685145321E+00  0.7649618308690821E+00  0.4906668872223278E+00  0.1755093491838126E+00 -0.1478394182164875E+00 -0.4520003121045550E+00 -0.7026750137119151E+00 -0.8949181409345242E+00 -0.1066004990189654E+01 -0.1233628770876267E+01 -0.1297992461450374E+01 -0.1126612164704522E+01 -0.7576337512413939E+00 -0.3669709638223114E+00 -0.7081018462258608E-01  0.8989429756629656E-01  0.9245214620646150E-01 -0.1874621410530879E+00
 -0.5115116866391207E+00  0.5094157486994589E+00  0.1016735559459256E+01  0.1047066020207222E+01  0.8590483786060220E+00  0.5860095314213217E+00  0.2655314747481449E+00 -0.7193536108471438E-01 -0.3947837058866077E+00 -0.6595579936768393E+00 -0.8423593441367968E+00 -0.9829923396538824E+00 -0.1158546919811718E+01 -0.1325219131675815E+01 -0.1302118843168994E+01 -0.1017025506555340E+01 -0.6129349130453823E+00 -0.2538437906094179E+00 -0.1845805386992735E-01  0.5284115418425313E-01 -0.1769815164226868E+00
 -0.3184566266370008E+00  0.4256885844611608E+00  0.9586091267464814E+00  0.1072520503856718E+01  0.9257057453677114E+00  0.6672461020761471E+00  0.3523561198900689E+00  0.1260749495210710E-01 -0.3194620252827596E+00 -0.5973880556265694E+00 -0.7798773104112722E+00 -0.8869471476315691E+00 -0.1030825382681767E+01 -0.1252828364802555E+01 -0.1379682869260219E+01 -0.1233526091822186E+01 -0.8720426901826775E+00 -0.4762619632041145E+00 -0.1618690096923277E+00 -0.6947908586685339E-02 -0.1410252839322717E+00
 -0.1536148820062769E+00  0.3282393827710972E+00  0.8311032663070147E+00  0.1029013010920524E+01  0.9481358432233916E+00  0.7219071186353123E+00  0.4244543630749000E+00  0.9532717361176030E-01 -0.2313801288333454E+00 -0.5111626093975981E+00 -0.6950989620115203E+00 -0.7781256846030986E+00 -0.8723170976914080E+00 -0.1098143295590727E+01 -0.1345383341381483E+01 -0.1370127906550978E+01 -0.1110939235954922E+01 -0.7228320222358280E+00 -0.3457549171256906E+00 -0.9252016905796184E-01 -0.6819440995180509E-01
 -0.2282709668943228E-01  0.2229980309053034E+00  0.6461669960264779E+00  0.9027029676671037E+00  0.9027507776875086E+00  0.7314528361492559E+00  0.4691232474300978E+00  0.1659702919482387E+00 -0.1394503809675792E+00 -0.4045999431762862E+00 -0.5814737537685369E+00 -0.6495224970991699E+00 -0.6966191269333539E+00 -0.8864874198114998E+00 -0.1202341616395042E+01 -0.1399656298247808E+01 -0.1295838625530054E+01 -0.9689944756042487E+00 -0.5637723661231226E+00 -0.2018721820665635E+00  0.4184418007656798E-01
  0.7488157579888816E-01  0.1207666366174775E+00  0.4371814856513205E+00  0.7078348501793632E+00  0.7831596150746645E+00  0.6836351592733833E+00  0.4757050547057290E+00  0.2153898764662691E+00 -0.5288967902579529E-01 -0.2868843129416740E+00 -0.4435223230680327E+00 -0.4997452840187543E+00 -0.5136705927232653E+00 -0.6467960170363426E+00 -0.9692820124013459E+00 -0.1304008643249429E+01 -0.1390845978550479E+01 -0.1182669470620504E+01 -0.7978423475302401E+00 -0.3303879676603323E+00  0.1933215554507570E+00
  0.1341570876723791E+00  0.3487368420312038E-01  0.2387781402817402E+00  0.4696128611892954E+00  0.5878088955845743E+00  0.5622983473386537E+00  0.4270042769371366E+00  0.2300606786216091E+00  0.1701615737412423E-01 -0.1705528936249428E+00 -0.2953717148012382E+00 -0.3395309689183999E+00 -0.3368964867020259E+00 -0.4113146551856106E+00 -0.6814677004403082E+00 -0.1081585849348207E+01 -0.1357898501562184E+01 -0.1322144832834951E+01 -0.1017565940460313E+01 -0.4721302690896735E+00  0.3988248668087073E+00
  0.1220082931747574E+00 -0.8992729619378678E-02  0.9503010431662134E-01  0.2483712986166295E+00  0.3606062589084422E+00  0.3837891546245426E+00  0.3202968272827528E+00  0.1983600825749590E+00  0.5445433775381914E-01 -0.7552360941747863E-01 -0.1619309715269556E+00 -0.1931822239797635E+00 -0.1866966647577625E+00 -0.2140001320045726E+00 -0.3899279879970266E+00 -0.7571030355427391E+00 -0.1168286669259050E+01 -0.1336916135150577E+01 -0.1180871924058251E+01 -0.6205581073905306E+00  0.6808023981133409E+00
  0.2734621258287987E-01 -0.6736719660309361E-02  0.7136053601951785E-02  0.7223367254113222E-01  0.1465568993942198E+00  0.1855956944745840E+00  0.1737761988837818E+00  0.1198608337174945E+00  0.4540927228270382E-01 -0.2519111787800296E-01 -0.7252672286032393E-01 -0.8942469006463506E-01 -0.8327693889347001E-01 -0.8195985035302271E-01 -0.1548928774695364E+00 -0.3936267104745947E+00 -0.8245830635764314E+00 -0.1175216164103493E+01 -0.1224554176080111E+01 -0.7677147704452074E+00  0.1078590135255511E+01
 -0.1672364318857306E+00  0.4575699930956545E-01 -0.2996543395703431E-01 -0.3554081328505487E-01 -0.9359344713009968E-03  0.3243494057172235E-01  0.4519013274603032E-01  0.3543300302884249E-01  0.1166178586486391E-01 -0.1385199210538039E-01 -0.3099117569125526E-01 -0.3492065493994967E-01 -0.2869346231562147E-01 -0.1755122222911172E-01 -0.2288949797212369E-01 -0.9405738217145136E-01 -0.4057664430383647E+00 -0.8205839823557295E+00 -0.1049746628243342E+01 -0.8465768832022400E+00  0.1489984021363378E+01
  0.4136645429300065E+00 -0.2192032744801808E+00 -0.2439452805105357E+00 -0.1776032206282118E+00 -0.1114440842549072E+00 -0.6308116994566566E-01 -0.3305968063183602E-01 -0.1826385983024640E-01 -0.1371416428859077E-01 -0.1337420231316486E-01 -0.1232406348973645E-01 -0.7466578204121892E-02 -0.3088300917188727E-03  0.9232118648035050E-02  0.1160607790314902E-01  0.9804679614435213E-02 -0.1330903452178697E+00 -0.3907843681174086E+00 -0.5669091729845402E+00 -0.5442165922953760E+00  0.1065740603901588E+01
  0.0000000000000000E+00  0.0000000000000000E+00  0.0000000000000000E+00  0.0000000000000000E+00  0.0000000000000000E+00  0.0000000000000000E+00  0.0000000000000000E+00  0.0000000000000000E+00  0.0000000000000000E+00  0.0000000000000000E+00  0.0000000000000000E+00  0.0000000000000000E+00  0.0000000000000000E+00  0.0000000000000000E+00  0.0000000000000000E+00  0.0000000000000000E+00  0.0000000000000000E+00  0.0000000000000000E+00  0.0000000000000000E+00  0.0000000000000000E+00  0.0000000000000000E+00
