  0.0000000000000000E+00  0.0000000000000000E+00  0.0000000000000000E+00  0.0000000000000000E+00  0.0000000000000000E+00  0.0000000000000000E+00  0.0000000000000000E+00  0.0000000000000000E+00  0.0000000000000000E+00  0.0000000000000000E+00  0.0000000000000000E+00  0.0000000000000000E+00  0.0000000000000000E+00  0.0000000000000000E+00  0.0000000000000000E+00  0.0000000000000000E+00  0.0000000000000000E+00  0.0000000000000000E+00  0.0000000000000000E+00  0.0000000000000000E+00  0.0000000000000000E+00
  0.3733163845554852E-01 -0.1529824583068682E-01 -0.8563099036511947E-02  0.2206443264894455E-02 -0.8974113082840308E-02 -0.3844531400009304E-01 -0.6855606439061614E-01 -0.8165182439266283E-01 -0.8119191502726705E-01 -0.7421494116522766E-01 -0.6188311502670829E-01 -0.3125683678623899E-01  0.2670729208556718E-01  0.9344554474931127E-01  0.1334959655231909E+00  0.1325573082841927E+00  0.9851406132340347E-01  0.4556838273924346E-01 -0.6142951576586244E-02 -0.2507254824380410E-01  0.6907469315482605E-01
  0.9859135173820865E-03  0.1743299943570648E-01  0.5328491182450153E-01  0.7156095079432030E-01  0.4269749777832219E-01 -0.2542430761419157E-01 -0.1164632410627767E+00 -0.2061528107479249E+00 -0.2792513527066308E+00 -0.3161662587860697E+00 -0.3026715197448915E+00 -0.2264624837152752E+00 -0.1015318989559195E+00  0.3591045975794138E-01  0.1447909401496172E+00  0.1998692833300977E+00  0.1965209473458961E+00  0.1455470467726429E+00  0.7137992332698684E-01  0.1089502633419921E-01  0.3869484432438922E-01
 -0.1548913605145417E+00  0.1093873693407034E+00  0.1732707475075687E+00  0.1814309453813882E+00  0.1171539441708787E+00  0.3758177605409876E-02 -0.1375538523812927E+00 -0.2782868008679569E+00 -0.4033521590980262E+00 -0.4868435633073221E+00 -0.5097595703272023E+00 -0.4490583807417405E+00 -0.3093127902524619E+00 -0.1245805248429639E+00  0.5594813582288526E-01  0.1934666965830038E+00  0.2643666424738370E+00  0.2592426598382880E+00  0.1925813768076587E+00  0.1029734338706593E+00 -0.1163389248043192E+00
 -0.4003094748005989E+00  0.2449160848676669E+00  0.3344387798024018E+00  0.3158480635448573E+00  0.2100822021227027E+00  0.5018292203912207E-01 -0.1421770871785611E+00 -0.3362446526842053E+00 -0.5163110637858975E+00 -0.6501919890239600E+00 -0.7137023706568646E+00 -0.6753106832587604E+00 -0.5326486669577948E+00 -0.3193486939145035E+00 -0.9128549296134489E-01  0.1096268221416390E+00  0.2545031964999603E+00  0.3165039490572863E+00  0.2906403514171945E+00  0.1945343458341768E+00 -0.2929626860853359E+00
 -0.6599419563840263E+00  0.3910730617329252E+00  0.5132772288147494E+00  0.4635641364984980E+00  0.3216719591089018E+00  0.1253115429023751E+00 -0.1044619263797083E+00 -0.3366805687875830E+00 -0.5598706633010093E+00 -0.7437394337155873E+00 -0.8627405742657454E+00 -0.8731221036135643E+00 -0.7500458348508030E+00 -0.5185233211687394E+00 -0.2524507150423127E+00 -0.9300937865532117E-02  0.1874308590795385E+00  0.3100483045673594E+00  0.3334626651726725E+00  0.2352529062662484E+00 -0.3722960536260727E+00
 -0.8565057975100546E+00  0.5135913303763344E+00  0.6842681936189486E+00  0.6083221715235172E+00  0.4356534588290641E+00  0.2081132453078370E+00 -0.5193759014174800E-01 -0.3130101604819321E+00 -0.5654582649575234E+00 -0.7853228987212639E+00 -0.9551174126562775E+00 -0.1031549449133211E+01 -0.9615932498414522E+00 -0.7338600829224523E+00 -0.4272581720855422E+00 -0.1404495965193335E+00  0.9269899050753780E-01  0.2572107601875543E+00  0.3168552673054119E+00  0.2186000063604762E+00 -0.3389447517760166E+00
 -0.9361295498367799E+00  0.5886286972946362E+00  0.8297565420471287E+00  0.7435081058221135E+00  0.5492919506524080E+00  0.2993412395095312E+00  0.1709415857667753E-01 -0.2648795551286707E+00 -0.5346181390128931E+00 -0.7722584786288721E+00 -0.9737625101008435E+00 -0.1116016895714507E+01 -0.1135093881010847E+01 -0.9633950144165747E+00 -0.6377816887928204E+00 -0.2945538809034058E+00 -0.1879621808284171E-01  0.1740257162480177E+00  0.2560797357121827E+00  0.1738696370883963E+00 -0.2655291755530063E+00
 -0.8783183295129815E+00  0.6062003785405984E+00  0.9402828061088138E+00  0.8658793284211606E+00  0.6595993444244356E+00  0.3933095809282961E+00  0.9167041433743460E-01 -0.2116485636491403E+00 -0.4968268077378210E+00 -0.7399763704894367E+00 -0.9442277716700116E+00 -0.1120705125801798E+01 -0.1231361175359513E+01 -0.1169334689735616E+01 -0.8867829489187351E+00 -0.5018542477203750E+00 -0.1650681512530637E+00  0.6811457898215535E-01  0.1770286624915207E+00  0.1287060503296169E+00 -0.2090894884973298E+00
 -0.7139338724101956E+00  0.5734960346247845E+00  0.1006554231464158E+01  0.9709965260585974E+00  0.7650487512000810E+00  0.4907408483679216E+00  0.1755558244998863E+00 -0.1478307523047902E+00 -0.4520317916845822E+00 -0.7027388543307824E+00 -0.8949957086548963E+00 -0.1066077280063264E+01 -0.1233692131215325E+01 -0.1298050732379527E+01 -0.1126657890587627E+01 -0.7576620379485153E+00 -0.3669895678470260E+00 -0.7081882190151854E-01  0.8989262111383500E-01  0.9245262184928947E-01 -0.1874652444340334E+00
 -0.5115714078155558E+00  0.5094648834475443E+00  0.1016823242527077E+01  0.1047162737583031E+01  0.8591458198543988E+00  0.5860957658991841E+00  0.2655886330186099E+00 -0.7191794805113860E-01 -0.3948124222963833E+00 -0.6596274566834264E+00 -0.8424512204048381E+00 -0.9830791619404533E+00 -0.1158617579106685E+01 -0.1325283733224322E+01 -0.1302174888214845E+01 -0.1017065851384122E+01 -0.6129644203823874E+00 -0.2538650665991401E+00 -0.1846825418417207E-01  0.5283718462961648E-01 -0.1769798080730215E+00
 -0.3184955570471953E+00  0.4257341391199028E+00  0.9587068603125130E+00  0.1072628549317624E+01  0.9258130492975886E+00  0.6673410805085758E+00  0.3524237088000060E+00  0.1263418569762722E-01 -0.3194832936576888E+00 -0.5974565767461003E+00 -0.7799776114109092E+00 -0.8870470662586182E+00 -0.1030903326389934E+01 -0.1252894990088967E+01 -0.1379745002674737E+01 -0.1233573637126638E+01 -0.8720807840194500E+00 -0.4762928074270459E+00 -0.1618890818750795E+00 -0.6955326835494379E-02 -0.1410231013685964E+00
 -0.1536381401526443E+00  0.3282797384207924E+00  0.8312010751097330E+00  0.1029129901370027E+01  0.9482501294147418E+00  0.7220085210278996E+00  0.4245285332837447E+00  0.9536214856834435E-01 -0.2313929815233795E+00 -0.5112248207611712E+00 -0.6951994642891483E+00 -0.7782329030008119E+00 -0.8723993379441563E+00 -0.1098209176032011E+01 -0.1345446014712607E+01 -0.1370179912904564E+01 -0.1110979534323746E+01 -0.7228698827152654E+00 -0.3457814113953781E+00 -0.9253265252251766E-01 -0.6818345382782509E-01
 -0.2283261230607359E-01  0.2230288728658463E+00  0.6462540062914655E+00  0.9028190433288874E+00  0.9028690760677688E+00  0.7315574119941803E+00  0.4692017673926767E+00  0.1660108731874525E+00 -0.1394554306237711E+00 -0.4046533893833683E+00 -0.5815672704480652E+00 -0.6496271799486241E+00 -0.6967001341104596E+00 -0.8865472722129367E+00 -0.1202401392944856E+01 -0.1399708839048935E+01 -0.1295879433244179E+01 -0.9690322990995240E+00 -0.5638040835491412E+00 -0.2018858870876281E+00  0.4185357771374298E-01
  0.7488943714219520E-01  0.1207854789450196E+00  0.4372458739772539E+00  0.7079384539532667E+00  0.7832739665346738E+00  0.6837395643705368E+00  0.4757845339236232E+00  0.2154337455960118E+00 -0.5288854701546934E-01 -0.2869281047852615E+00 -0.4436028858647554E+00 -0.4998376924289285E+00 -0.5137409243534442E+00 -0.6468449103075209E+00 -0.9693325856955947E+00 -0.1304060807937554E+01 -0.1390884445660949E+01 -0.1182706142636638E+01 -0.7978729135389937E+00 -0.3304039661216322E+00  0.1933389848259028E+00
  0.1341825517350657E+00  0.3487724761836016E-01  0.2388142945901462E+00  0.4696894021273103E+00  0.5879078752563731E+00  0.5623959980628825E+00  0.4270826213196677E+00  0.2301069252112728E+00  0.1702375069322499E-01 -0.1705847277386873E+00 -0.2954340873929776E+00 -0.3396012878842740E+00 -0.3369481026898041E+00 -0.4113456246502023E+00 -0.6815050042655901E+00 -0.1081633000894464E+01 -0.1357937241220042E+01 -0.1322176574550079E+01 -0.1017595846113215E+01 -0.4721443321490029E+00  0.3988371503337935E+00
  0.1220465868001518E+00 -0.9002255025919243E-02  0.9503982172239407E-01  0.2484132556991968E+00  0.3606736125974223E+00  0.3838651001188927E+00  0.3203634776257869E+00  0.1984038566854692E+00  0.5446782524175355E-01 -0.7554096228760086E-01 -0.1619696958688739E+00 -0.1932249143595156E+00 -0.1867239197932954E+00 -0.2140115025531123E+00 -0.3899460588954080E+00 -0.7571424188314871E+00 -0.1168324143066233E+01 -0.1336946749262802E+01 -0.1180896641531524E+01 -0.6205728300680693E+00  0.6808218486726840E+00
  0.2737075878326768E-01 -0.6745745986941421E-02  0.7133520822443415E-02  0.7224904211090838E-01  0.1465918419869470E+00  0.1856413122278913E+00  0.1738204622764221E+00  0.1198927086326213E+00  0.4542270079879566E-01 -0.2519599850840205E-01 -0.7254312618344262E-01 -0.8944144987280252E-01 -0.8328408554924251E-01 -0.8195488048735824E-01 -0.1548929277342775E+00 -0.3936502339242696E+00 -0.8246198957652597E+00 -0.1175244430049361E+01 -0.1224576650948177E+01 -0.7677263971021637E+00  0.1078602540358314E+01
 -0.1672419046920083E+00  0.4575696121315248E-01 -0.2997102105255083E-01 -0.3554007429529034E-01 -0.9249659437193137E-03  0.3245404366169981E-01  0.4521174795827680E-01  0.3545127543834835E-01  0.1167296708159550E-01 -0.1384851025927486E-01 -0.3099240787150133E-01 -0.3492236605077108E-01 -0.2869077271603871E-01 -0.1754243087374319E-01 -0.2287799526175740E-01 -0.9406322945689155E-01 -0.4057943178409647E+00 -0.8206115437808265E+00 -0.1049762649630448E+01 -0.8465848882496274E+00  0.1489992015118434E+01
  0.4136623386881099E+00 -0.2192000172762806E+00 -0.2439377131407319E+00 -0.1775931612312095E+00 -0.1114325866352604E+00 -0.6306873327830230E-01 -0.3304700001984057E-01 -0.1825242905129237E-01 -0.1370521020130779E-01 -0.1336808889741533E-01 -0.1231990005977677E-01 -0.7462813282292707E-02 -0.3040369214803802E-03  0.9238481645383550E-02  0.1161424129362560E-01  0.9806997328710857E-02 -0.1331048549396419E+00 -0.3908001544477205E+00 -0.5669194725684573E+00 -0.5442170633664998E+00  0.1065731717531042E+01
  0.0000000000000000E+00  0.0000000000000000E+00  0.0000000000000000E+00  0.0000000000000000E+00  0.0000000000000000E+00  0.0000000000000000E+00  0.0000000000000000E+00  0.0000000000000000E+00  0.0000000000000000E+00  0.0000000000000000E+00  0.0000000000000000E+00  0.0000000000000000E+00  0.0000000000000000E+00  0.0000000000000000E+00  0.0000000000000000E+00  0.0000000000000000E+00  0.0000000000000000E+00  0.0000000000000000E+00  0.0000000000000000E+00  0.0000000000000000E+00  0.0000000000000000E+00
