  0.0000000000000000E+00  0.0000000000000000E+00  0.0000000000000000E+00  0.0000000000000000E+00  0.0000000000000000E+00  0.0000000000000000E+00  0.0000000000000000E+00  0.0000000000000000E+00  0.0000000000000000E+00  0.0000000000000000E+00  0.0000000000000000E+00  0.0000000000000000E+00  0.0000000000000000E+00  0.0000000000000000E+00  0.0000000000000000E+00  0.0000000000000000E+00  0.0000000000000000E+00  0.0000000000000000E+00  0.0000000000000000E+00  0.0000000000000000E+00  0.0000000000000000E+00
  0.4439893097520664E-01 -0.2901314297879752E-01 -0.4264049796118592E-01 -0.4702567181018905E-01 -0.6325352961791354E-01 -0.8616305041186860E-01 -0.1041562864440488E+00 -0.1098360946540235E+00 -0.1077220844198439E+00 -0.9705421648934499E-01 -0.7136915471308335E-01 -0.1922029875397096E-01  0.4995090878851156E-01  0.1054868719318498E+00  0.1263375519753881E+00  0.1124812805001674E+00  0.7481180015755343E-01  0.2571382453273555E-01 -0.1697469881846442E-01 -0.2782013304155121E-01  0.6648570030618919E-01
  0.3312336488849758E-01 -0.1187168723185519E-01 -0.2491696807067990E-02  0.7992165131044233E-03 -0.3075078406224867E-01 -0.8951967096485770E-01 -0.1617740102855975E+00 -0.2272471204259680E+00 -0.2717200493505315E+00 -0.2752517270400735E+00 -0.2290718768018847E+00 -0.1338539496514358E+00 -0.1491591153661675E-01  0.9385670181557798E-01  0.1661188774241779E+00  0.1905855439942654E+00  0.1699321951706702E+00  0.1162237858159205E+00  0.5048148510929579E-01  0.1657579864634780E-02  0.4550874551539145E-01
 -0.7555269364270041E-01  0.5524496563343580E-01  0.9018220325760699E-01  0.8790828899257230E-01  0.2426384480431596E-01 -0.7932071943507782E-01 -0.2044477293601919E+00 -0.3238114760560487E+00 -0.4212968783692081E+00 -0.4693306175421365E+00 -0.4535823409142074E+00 -0.3622560577914029E+00 -0.2145834551113713E+00 -0.4727201514073340E-01  0.1013735504837819E+00  0.2044090718808560E+00  0.2473625664554392E+00  0.2277991793121494E+00  0.1621382279197110E+00  0.8359147621770117E-01 -0.8863620073339248E-01
 -0.2910867653377227E+00  0.1762155654180844E+00  0.2375599309165307E+00  0.2167890482721632E+00  0.1167396554971696E+00 -0.3099253624175149E-01 -0.2063955654901779E+00 -0.3772427588482402E+00 -0.5264315295064429E+00 -0.6202583490116518E+00 -0.6408499052085936E+00 -0.5687746120252943E+00 -0.4169803220653667E+00 -0.2206496738982645E+00 -0.2341016720216758E-01  0.1429292351686185E+00  0.2547946874393338E+00  0.2930448636203205E+00  0.2590862534896838E+00  0.1716924974263107E+00 -0.2559912387892483E+00
 -0.5539206552468111E+00  0.3229153714906677E+00  0.4148254592251921E+00  0.3650850839624483E+00  0.2266348718658655E+00  0.3739901452357919E-01 -0.1827152804340710E+00 -0.3997314023542057E+00 -0.6002642312956802E+00 -0.7483327656127028E+00 -0.8203403419876146E+00 -0.7829234505360324E+00 -0.6347982105063867E+00 -0.4122840554995929E+00 -0.1752351193524985E+00  0.3625525950897707E-01  0.2018168687567595E+00  0.2976502131719727E+00  0.3076368321713285E+00  0.2178058333654662E+00 -0.3457806679250699E+00
 -0.7847173057170443E+00  0.4606726748529552E+00  0.5973007188418212E+00  0.5205970910164659E+00  0.3514651582744804E+00  0.1311265199768563E+00 -0.1200560128065417E+00 -0.3690034705560998E+00 -0.6069087662938287E+00 -0.8037624029043369E+00 -0.9375737496181805E+00 -0.9649365867312651E+00 -0.8544405702459593E+00 -0.6215563451030959E+00 -0.3427756382357245E+00 -0.8970839383477472E-01  0.1144076463004611E+00  0.2540759793499202E+00  0.3003461586261339E+00  0.2098650690555050E+00 -0.3292490485403811E+00
 -0.9171544785738286E+00  0.5593588690038718E+00  0.7609221284377867E+00  0.6679664460502514E+00  0.4740153361731690E+00  0.2281989751441871E+00 -0.4747872398315866E-01 -0.3192816712114456E+00 -0.5795265239316599E+00 -0.8057538625717667E+00 -0.9877789886958143E+00 -0.1090915416296694E+01 -0.1059048308176061E+01 -0.8577877899267535E+00 -0.5456868063011963E+00 -0.2377149357601670E+00  0.7218138082945913E-02  0.1779239845258639E+00  0.2487008474246921E+00  0.1709435556450790E+00 -0.2641298195105449E+00
 -0.9153612783548405E+00  0.6025126545849852E+00  0.8921766854001149E+00  0.8023329786606873E+00  0.5928802318829335E+00  0.3294819105682719E+00  0.3553608873938010E-01 -0.2548731283020796E+00 -0.5290099817861740E+00 -0.7660465400021049E+00 -0.9674393452162661E+00 -0.1127788072107229E+01 -0.1197408055491586E+01 -0.1090500014843295E+01 -0.7963055033788740E+00 -0.4360399954804873E+00 -0.1318105672525304E+00  0.7789270683204336E-01  0.1753194528444849E+00  0.1274630597653129E+00 -0.2070697264514540E+00
 -0.7863819424684272E+00  0.5892936252115718E+00  0.9814989331662881E+00  0.9202288509491342E+00  0.7059721754606025E+00  0.4315404536892966E+00  0.1220246509345864E+00 -0.1885756011548905E+00 -0.4792249443145397E+00 -0.7215526124238296E+00 -0.9159243242042677E+00 -0.1088800589040973E+01 -0.1235373978372015E+01 -0.1257383467354888E+01 -0.1055785108594955E+01 -0.6910290847872173E+00 -0.3256639332489222E+00 -0.5400431576785888E-01  0.9215706634096794E-01  0.9087048014872724E-01 -0.1804543741052138E+00
 -0.5905747036496081E+00  0.5362836327870154E+00  0.1018276194711438E+01  0.1013819411106304E+01  0.8100375629241647E+00  0.5331179180611890E+00  0.2155785492691492E+00 -0.1113892827742352E+00 -0.4211193348605930E+00 -0.6756549016102863E+00 -0.8591961173815145E+00 -0.1009524703921223E+01 -0.1181478231492881E+01 -0.1318138787557572E+01 -0.1259917384702288E+01 -0.9622444046900969E+00 -0.5703608821402109E+00 -0.2314925208637412E+00 -0.1208165806641065E-01  0.5208621255458633E-01 -0.1683402957301696E+00
 -0.3890578393721411E+00  0.4592917048356631E+00  0.9888172751348483E+00  0.1063932624931997E+01  0.8924083499538613E+00  0.6248346290124650E+00  0.3090813807007809E+00 -0.2488163897745995E-01 -0.3481953226246425E+00 -0.6179050182114262E+00 -0.7993976106703582E+00 -0.9160930482686870E+00 -0.1065058745002458E+01 -0.1269522697122649E+01 -0.1365010394801877E+01 -0.1197460459039137E+01 -0.8359073370033044E+00 -0.4528633196134139E+00 -0.1524302069272775E+00 -0.5703433512349466E-02 -0.1353199063902291E+00
 -0.2108963705359599E+00  0.3661667529989290E+00  0.8876038884608273E+00  0.1050761323088108E+01  0.9368345125713974E+00  0.6939409435522592E+00  0.3906695687751794E+00  0.6226835481737473E-01 -0.2611538692565143E+00 -0.5377911517891528E+00 -0.7227183580434371E+00 -0.8138432685321154E+00 -0.9137866440132030E+00 -0.1128838746123372E+01 -0.1351601078878570E+01 -0.1353155321745613E+01 -0.1085610107229585E+01 -0.7027689241318914E+00 -0.3354815183396411E+00 -0.8992122061550825E-01 -0.6571785649311629E-01
 -0.6639936178662365E-01  0.2620920618247477E+00  0.7198768236876194E+00  0.9548770081002920E+00  0.9191381694215374E+00  0.7231213767372917E+00  0.4479391455537747E+00  0.1393548843037944E+00 -0.1687181541882493E+00 -0.4365939065756247E+00 -0.6186377203546130E+00 -0.6949950970133582E+00 -0.7453170770858053E+00 -0.9245751557986501E+00 -0.1221067839177207E+01 -0.1397806190672729E+01 -0.1281402576873090E+01 -0.9544089442817534E+00 -0.5546274169708466E+00 -0.1989433858674923E+00  0.4220274063163021E-01
  0.4390201246629366E-01  0.1565333416392074E+00  0.5135020373839159E+00  0.7815299561750800E+00  0.8269590896612904E+00  0.6979961286140896E+00  0.4699536313714857E+00  0.1972749523012331E+00 -0.7987883761451238E-01 -0.3221296542115208E+00 -0.4879412370770455E+00 -0.5533794259170363E+00 -0.5682689762985467E+00 -0.6879801310415451E+00 -0.9929109675003456E+00 -0.1311600647633842E+01 -0.1385294011561427E+01 -0.1173461134893680E+01 -0.7906890921421584E+00 -0.3276799349056916E+00  0.1923507125749163E+00
  0.1170437277421154E+00  0.6155009907275723E-01  0.3016940249603871E+00  0.5474463845102633E+00  0.6512380027564095E+00  0.5994897717713733E+00  0.4395005737452937E+00  0.2233433960100926E+00 -0.4739629310713092E-02 -0.2051986173252084E+00 -0.3417218133474652E+00 -0.3949046710018387E+00 -0.3919638948903238E+00 -0.4513750285820807E+00 -0.7041760175495336E+00 -0.1092638033492628E+01 -0.1358190398901805E+01 -0.1317328480075557E+01 -0.1012473868663041E+01 -0.4698141518810690E+00  0.3969685869801665E+00
  0.1261524570748631E+00  0.2263652389322286E-02  0.1329434142428299E+00  0.3084468017451028E+00  0.4230534008041295E+00  0.4326405367061943E+00  0.3490321418055941E+00  0.2066724482964667E+00  0.4421975047223062E-01 -0.1019555809559008E+00 -0.2012870665663188E+00 -0.2402290773981516E+00 -0.2331372474877184E+00 -0.2476386657314205E+00 -0.4079498514841014E+00 -0.7672054067890282E+00 -0.1171433118561103E+01 -0.1335184744739429E+01 -0.1177544507609528E+01 -0.6186252423518095E+00  0.6783312194459001E+00
  0.4573837542459090E-01 -0.8014660688181534E-02  0.2169439336004630E-01  0.1054951962465754E+00  0.1888363558912607E+00  0.2246784041670010E+00  0.2013596962347630E+00  0.1322682734054890E+00  0.4225208557340378E-01 -0.4203121864043437E-01 -0.9917663853722659E-01 -0.1206440974219672E+00 -0.1137210400764883E+00 -0.1045475884216595E+00 -0.1664524274861914E+00 -0.4005439936530452E+00 -0.8285090862451860E+00 -0.1175536965641830E+01 -0.1222677638502780E+01 -0.7661041469336592E+00  0.1075634802298197E+01
 -0.1624039624782520E+00  0.4518916772692876E-01 -0.2683645929746571E-01 -0.2185894318621039E-01  0.2032272910604705E-01  0.5483984263762387E-01  0.6297964518556334E-01  0.4517604946208339E-01  0.1241222527185543E-01 -0.2099612756525764E-01 -0.4348979394319767E-01 -0.4959453218321638E-01 -0.4282059147260438E-01 -0.2849088943354772E-01 -0.2834276795719556E-01 -0.9768447576963774E-01 -0.4092977367456645E+00 -0.8220249487978872E+00 -0.1049069416840469E+01 -0.8454097418099050E+00  0.1487159808589246E+01
  0.4124604824380084E+00 -0.2169546363097943E+00 -0.2384034264913745E+00 -0.1703833016787656E+00 -0.1035087817386450E+00 -0.5527713718808509E-01 -0.2665053232573766E-01 -0.1448943495256593E-01 -0.1323447537485113E-01 -0.1604773403279837E-01 -0.1722498876264347E-01 -0.1326636237769550E-01 -0.5754415254077045E-02  0.4887335658972614E-02  0.9587334451599113E-02  0.8378825370974789E-02 -0.1351415851992916E+00 -0.3919779681260497E+00 -0.5668414897664005E+00 -0.5436992622772930E+00  0.1064256297065479E+01
  0.0000000000000000E+00  0.0000000000000000E+00  0.0000000000000000E+00  0.0000000000000000E+00  0.0000000000000000E+00  0.0000000000000000E+00  0.0000000000000000E+00  0.0000000000000000E+00  0.0000000000000000E+00  0.0000000000000000E+00  0.0000000000000000E+00  0.0000000000000000E+00  0.0000000000000000E+00  0.0000000000000000E+00  0.0000000000000000E+00  0.0000000000000000E+00  0.0000000000000000E+00  0.0000000000000000E+00  0.0000000000000000E+00  0.0000000000000000E+00  0.0000000000000000E+00
