  0.0000000000000000E+00  0.0000000000000000E+00  0.0000000000000000E+00  0.0000000000000000E+00  0.0000000000000000E+00  0.0000000000000000E+00  0.0000000000000000E+00  0.0000000000000000E+00  0.0000000000000000E+00  0.0000000000000000E+00  0.0000000000000000E+00  0.0000000000000000E+00  0.0000000000000000E+00  0.0000000000000000E+00  0.0000000000000000E+00  0.0000000000000000E+00  0.0000000000000000E+00  0.0000000000000000E+00  0.0000000000000000E+00  0.0000000000000000E+00  0.0000000000000000E+00
  0.3728315109752119E-01 -0.1527415845087487E-01 -0.8539324255103427E-02  0.2213868438002082E-02 -0.8973124106935453E-02 -0.3844665925834109E-01 -0.6855828235799726E-01 -0.8165540962868821E-01 -0.8119540918519469E-01 -0.7421743653738196E-01 -0.6188247512792425E-01 -0.3124903821841809E-01  0.2672682898254522E-01  0.9347486897034071E-01  0.1335268131040576E+00  0.1325826504155812E+00  0.9852962069889093E-01  0.4557042269546602E-01 -0.6156491112945737E-02 -0.2508822472497984E-01  0.6910818306199377E-01
  0.9229496086285774E-03  0.1745923032136435E-01  0.5330064057272162E-01  0.7156608215729092E-01  0.4270087657339790E-01 -0.2542061278050162E-01 -0.1164619058980202E+00 -0.2061555660999310E+00 -0.2792581444198218E+00 -0.3161740578300762E+00 -0.3026751811638718E+00 -0.2264554271350414E+00 -0.1015109168796553E+00  0.3594395412858128E-01  0.1448316200504314E+00  0.1999105877998915E+00  0.1965557595753190E+00  0.1455673966384922E+00  0.7137781853806795E-01  0.1087827209120250E-01  0.3874300226446045E-01
 -0.1549079203096713E+00  0.1093968546072899E+00  0.1732826435121983E+00  0.1814420006107043E+00  0.1171719257736081E+00  0.3773195139493238E-02 -0.1375458641222949E+00 -0.2782899200347953E+00 -0.4033641589468938E+00 -0.4868609564648683E+00 -0.5097766646602016E+00 -0.4490685776687016E+00 -0.3093110134185876E+00 -0.1245643184604969E+00  0.5597804021433164E-01  0.1935077324675953E+00  0.2644129231855004E+00  0.2592836466610126E+00  0.1926012242425580E+00  0.1029728371801122E+00 -0.1163172872977787E+00
 -0.4002958558098467E+00  0.2449155591434932E+00  0.3344508216206329E+00  0.3158758996635483E+00  0.2101177948398614E+00  0.5021272049180595E-01 -0.1421619145053420E+00 -0.3362471842113478E+00 -0.5163293955206523E+00 -0.6502193079654218E+00 -0.7137320943538980E+00 -0.6753350482957918E+00 -0.5326634621324591E+00 -0.3193508720656703E+00 -0.9127360856825688E-01  0.1096546689259018E+00  0.2545471096665085E+00  0.3165549395847674E+00  0.2906805747646911E+00  0.1945570593041741E+00 -0.2929906031478312E+00
 -0.6599171384989969E+00  0.3910729501646146E+00  0.5133017119948468E+00  0.4636113828159850E+00  0.3217281834830050E+00  0.1253558057185514E+00 -0.1044388223370592E+00 -0.3366841352215501E+00 -0.5598974251338233E+00 -0.7437807614274853E+00 -0.8627869817336330E+00 -0.8731639944775595E+00 -0.7500772596066662E+00 -0.5185409939930969E+00 -0.2524552782171046E+00 -0.9290500601820104E-02  0.1874617886607528E+00  0.3100967536496438E+00  0.3335129219602327E+00  0.2352895104146666E+00 -0.3723556092837669E+00
 -0.8565159826311771E+00  0.5136092222908122E+00  0.6843116842412594E+00  0.6083933710187026E+00  0.4357304825499668E+00  0.2081751905758000E+00 -0.5190535759443345E-01 -0.3130125386387767E+00 -0.5654935248838220E+00 -0.7853785943475978E+00 -0.9551817485349090E+00 -0.1031610634618946E+01 -0.9616435567056048E+00 -0.7338928827655744E+00 -0.4272739531673661E+00 -0.1404532033037738E+00  0.9271408275973694E-01  0.2572479405650933E+00  0.3169028424505826E+00  0.2186324134375002E+00 -0.3389943978619179E+00
 -0.9361858059759223E+00  0.5886706134760744E+00  0.8298260344523010E+00  0.7436021292766939E+00  0.5493922740667961E+00  0.2994220832373564E+00  0.1713909159577461E-01 -0.2648792937344066E+00 -0.5346608879986428E+00 -0.7723300877341538E+00 -0.9738457779478631E+00 -0.1116098251916302E+01 -0.1135166328761912E+01 -0.9634488833591355E+00 -0.6378104788528841E+00 -0.2945664591367404E+00 -0.1879488599441796E-01  0.1740469742865196E+00  0.2561122789471132E+00  0.1738896132124068E+00 -0.2655565606901070E+00
 -0.8784245655240299E+00  0.6062675414702672E+00  0.9403780588867716E+00  0.8659963149772034E+00  0.6597213454852934E+00  0.3934114405710484E+00  0.9172946732241290E-01 -0.2116428439985309E+00 -0.4968762923333212E+00 -0.7400647708663005E+00 -0.9443314979270230E+00 -0.1120804579772667E+01 -0.1231452473041166E+01 -0.1169413306954381E+01 -0.8868339939158636E+00 -0.5018809326126489E+00 -0.1650802300165644E+00  0.6811788229042487E-01  0.1770426579899688E+00  0.1287135445439549E+00 -0.2090979756418957E+00
 -0.7140489720551637E+00  0.5735750806321565E+00  0.1006676269841306E+01  0.9711340207674745E+00  0.7651918215625521E+00  0.4908631756397819E+00  0.1756321810903066E+00 -0.1478162879330944E+00 -0.4520839712621112E+00 -0.7028441790564772E+00 -0.8951239076626718E+00 -0.1066196769776461E+01 -0.1233796859694686E+01 -0.1298147207195392E+01 -0.1126733403227864E+01 -0.7577091943438720E+00 -0.3670202921249506E+00 -0.7083373473275517E-01  0.8988983626578161E-01  0.9245268216592614E-01 -0.1874682102319968E+00
 -0.5116686253945200E+00  0.5095456632444063E+00  0.1016968364338699E+01  0.1047322033481509E+01  0.8593068823985619E+00  0.5862377396175856E+00  0.2656830954862001E+00 -0.7188946752664813E-01 -0.3948597529060565E+00 -0.6597422460344402E+00 -0.8426029520499975E+00 -0.9832226275652681E+00 -0.1158734531765124E+01 -0.1325390496903130E+01 -0.1302267867660912E+01 -0.1017132513094660E+01 -0.6130138191206450E+00 -0.2539002237339992E+00 -0.1848596033484425E-01  0.5283062306437758E-01 -0.1769778295279770E+00
 -0.3185609441444731E+00  0.4258096126700900E+00  0.9588678938657970E+00  0.1072807131174287E+01  0.9259898391828577E+00  0.6674979465454546E+00  0.3525349786110450E+00  0.1267827179854072E-01 -0.3195185623319314E+00 -0.5975697083934264E+00 -0.7801432651799027E+00 -0.8872122514577040E+00 -0.1031032150958917E+01 -0.1253005452148414E+01 -0.1379847705220680E+01 -0.1233652818543816E+01 -0.8721437670510443E+00 -0.4763446746700101E+00 -0.1619222664375553E+00 -0.6968618204433566E-02 -0.1410164118242546E+00
 -0.1536754671802396E+00  0.3283460917766680E+00  0.8313628081497643E+00  0.1029322581294584E+01  0.9484388899786423E+00  0.7221756172935671E+00  0.4246509648007207E+00  0.9541967864003335E-01 -0.2314142416805429E+00 -0.5113275975716218E+00 -0.6953655201145793E+00 -0.7784100014612766E+00 -0.8725355441480012E+00 -0.1098318095459752E+01 -0.1345550157086729E+01 -0.1370265938206724E+01 -0.1111047023864043E+01 -0.7229324905049677E+00 -0.3458264155254544E+00 -0.9255330161988864E-01 -0.6816651066578844E-01
 -0.2284251429072159E-01  0.2230799814903593E+00  0.6463974301803564E+00  0.9030108305274048E+00  0.9030641175856843E+00  0.7317300572207277E+00  0.4693311682908434E+00  0.1660777998490020E+00 -0.1394638809148508E+00 -0.4047417447680112E+00 -0.5817217045073695E+00 -0.6498003235612694E+00 -0.6968340109571657E+00 -0.8866467212950517E+00 -0.1202500248355759E+01 -0.1399796497214319E+01 -0.1295946976494897E+01 -0.9690960431681426E+00 -0.5638565657132226E+00 -0.2019099624440335E+00  0.4187332161887802E-01
  0.7490320818383789E-01  0.1208163897187925E+00  0.4373523773402155E+00  0.7081093140386089E+00  0.7834628229996115E+00  0.6839117249416719E+00  0.4759156917401892E+00  0.2155060268453164E+00 -0.5288680005834728E-01 -0.2870004580564331E+00 -0.4437361247658950E+00 -0.4999903421895743E+00 -0.5138575652186406E+00 -0.6469257806740204E+00 -0.9694169257785487E+00 -0.1304147091297839E+01 -0.1390949161954567E+01 -0.1182766873705724E+01 -0.7979252505174843E+00 -0.3304305595830630E+00  0.1933664282317047E+00
  0.1342240434244151E+00  0.3488326879844882E-01  0.2388738498197616E+00  0.4698159133938910E+00  0.5880711492921276E+00  0.5625572305047466E+00  0.4272118287302466E+00  0.2301831832118129E+00  0.1703620843695463E-01 -0.1706374706476146E+00 -0.2955371203975327E+00 -0.3397177640062827E+00 -0.3370334530081744E+00 -0.4113974640476891E+00 -0.6815667122958589E+00 -0.1081711950979396E+01 -0.1358001389958554E+01 -0.1322230777234856E+01 -0.1017645637209066E+01 -0.4721694730472286E+00  0.3988627819326200E+00
  0.1221103524990454E+00 -0.9018122608208574E-02  0.9505598467441972E-01  0.2484824305302770E+00  0.3607848985092871E+00  0.3839903929315549E+00  0.3204734971861883E+00  0.1984760519968680E+00  0.5448997102095127E-01 -0.7556966435288673E-01 -0.1620338910517247E+00 -0.1932954865386070E+00 -0.1867694251256206E+00 -0.2140303954774655E+00 -0.3899768031139900E+00 -0.7572075608173434E+00 -0.1168387613988277E+01 -0.1336997736209513E+01 -0.1180939823582703E+01 -0.6205981446911081E+00  0.6808546104906210E+00
  0.2741103122706883E-01 -0.6760595631459270E-02  0.7129244332691020E-02  0.7227449619438980E-01  0.1466494661140389E+00  0.1857166645073262E+00  0.1738934831254332E+00  0.1199452862557317E+00  0.4544482093306486E-01 -0.2520421135273582E-01 -0.7257026996335840E-01 -0.8946943248159143E-01 -0.8329597780576879E-01 -0.8194726451433515E-01 -0.1548930989880794E+00 -0.3936902902969842E+00 -0.8246808895043269E+00 -0.1175293002673110E+01 -0.1224615524607173E+01 -0.7677470932328535E+00  0.1078625755091388E+01
 -0.1672507108686377E+00  0.4575683331047451E-01 -0.2998021093721421E-01 -0.3553891449558306E-01 -0.9068185893326991E-03  0.3248553519412591E-01  0.4524743396265730E-01  0.3548140148974448E-01  0.1169136173214564E-01 -0.1384280366433159E-01 -0.3099459572995699E-01 -0.3492524342650877E-01 -0.2868663214562342E-01 -0.1752797899920891E-01 -0.2285962530972553E-01 -0.9407293157921723E-01 -0.4058417447231054E+00 -0.8206577714267435E+00 -0.1049791368667380E+01 -0.8466025095447405E+00  0.1490016159966842E+01
  0.4136587295054293E+00 -0.2191946579887208E+00 -0.2439252444607331E+00 -0.1775765322912424E+00 -0.1114136390542381E+00 -0.6304818716210400E-01 -0.3302609455925572E-01 -0.1823356601212301E-01 -0.1369045405078182E-01 -0.1335803922819134E-01 -0.1231305656721331E-01 -0.7456697890810688E-02 -0.2961581846686440E-03  0.9248768139683708E-02  0.1162768570514558E-01  0.9810284064404188E-02 -0.1331289399473884E+00 -0.3908275715255485E+00 -0.5669374445453207E+00 -0.5442218162385781E+00  0.1065728004170414E+01
  0.0000000000000000E+00  0.0000000000000000E+00  0.0000000000000000E+00  0.0000000000000000E+00  0.0000000000000000E+00  0.0000000000000000E+00  0.0000000000000000E+00  0.0000000000000000E+00  0.0000000000000000E+00  0.0000000000000000E+00  0.0000000000000000E+00  0.0000000000000000E+00  0.0000000000000000E+00  0.0000000000000000E+00  0.0000000000000000E+00  0.0000000000000000E+00  0.0000000000000000E+00  0.0000000000000000E+00  0.0000000000000000E+00  0.0000000000000000E+00  0.0000000000000000E+00
