  0.0000000000000000E+00  0.0000000000000000E+00  0.0000000000000000E+00  0.0000000000000000E+00  0.0000000000000000E+00  0.0000000000000000E+00  0.0000000000000000E+00  0.0000000000000000E+00  0.0000000000000000E+00  0.0000000000000000E+00  0.0000000000000000E+00  0.0000000000000000E+00  0.0000000000000000E+00  0.0000000000000000E+00  0.0000000000000000E+00  0.0000000000000000E+00  0.0000000000000000E+00  0.0000000000000000E+00  0.0000000000000000E+00  0.0000000000000000E+00  0.0000000000000000E+00
  0.2972666274165042E-01 -0.2517393501284409E-01 -0.4579514229688184E-01 -0.6074351799602078E-01 -0.7365242216675512E-01 -0.8750570149520849E-01 -0.1010333159831607E+00 -0.1110055707009178E+00 -0.1137346458466193E+00 -0.1067994759290008E+00 -0.8989125634551400E-01 -0.6496788806770883E-01 -0.3640917835621452E-01 -0.1035959501402798E-01  0.7780843909134046E-02  0.1564179347533054E-01  0.1499774860393596E-01  0.9332199408856981E-02  0.4403733341012651E-02 -0.6332175502081338E-03  0.6303385991637053E-02
  0.3758130519686313E-01 -0.2948857879726012E-01 -0.5088443119491724E-01 -0.7138411671554136E-01 -0.9387370859298338E-01 -0.1213833459113688E+00 -0.1509546561651415E+00 -0.1761747714864898E+00 -0.1882394896052400E+00 -0.1802886659580842E+00 -0.1508542650525301E+00 -0.1049850720395666E+00 -0.5236410970761349E-01 -0.3937893957725293E-02  0.3190562990613141E-01  0.5140301484028052E-01  0.5638976342408829E-01  0.5149365302222945E-01  0.4366977478043234E-01  0.2707629643573081E-01 -0.3755911452676010E-01
  0.3640611256274155E-01 -0.3141375097593777E-01 -0.5783514036507177E-01 -0.8809976556452828E-01 -0.1256636479275412E+00 -0.1732273993619372E+00 -0.2258441252090458E+00 -0.2726010664417758E+00 -0.2990319534808043E+00 -0.2940361920179499E+00 -0.2551443053566038E+00 -0.1890489029237343E+00 -0.1088214230224914E+00 -0.2977802473194361E-01  0.3513812495803458E-01  0.7826899038424488E-01  0.9931311041221481E-01  0.1030302080644965E+00  0.9758920075859943E-01  0.7296350233650167E-01 -0.1213013062509056E+00
  0.1724185731980516E-01 -0.2246793878630857E-01 -0.5016195903912055E-01 -0.8909702146701332E-01 -0.1415747904017624E+00 -0.2107130336246169E+00 -0.2887325400347359E+00 -0.3596711887150218E+00 -0.4025346958789254E+00 -0.4026112173900789E+00 -0.3568703435673881E+00 -0.2735475820722653E+00 -0.1685527132475841E+00 -0.6086402988947866E-01  0.3256975315811182E-01  0.1002834126523310E+00  0.1392411002784829E+00  0.1538488001272526E+00  0.1527079336041244E+00  0.1199347957994699E+00 -0.2070964537942853E+00
 -0.2483301785765939E-01 -0.6008618354384570E-03 -0.2663560336397476E-01 -0.7215805139140544E-01 -0.1381992336403970E+00 -0.2281013674105419E+00 -0.3319991629204349E+00 -0.4292345241376590E+00 -0.4937475071376070E+00 -0.5077079625533780E+00 -0.4659236695399974E+00 -0.3750565894631566E+00 -0.2518674912431163E+00 -0.1182751401265099E+00  0.4756852777151143E-02  0.1010775619481905E+00  0.1631909710885590E+00  0.1933272221165789E+00  0.1987010493903474E+00  0.1557527547522665E+00 -0.2685572148664520E+00
 -0.9594462047301408E-01  0.3829088606615733E-01  0.1892803772545792E-01 -0.2730239720374738E-01 -0.9905905915738857E-01 -0.2019353666725009E+00 -0.3269542407426995E+00 -0.4529869895048698E+00 -0.5498473249472909E+00 -0.5946246489279284E+00 -0.5751350927006206E+00 -0.4926311538651753E+00 -0.3631594779329124E+00 -0.2112351829817615E+00 -0.6161382252197660E-01  0.6516915144089680E-01  0.1562242633932932E+00  0.2089985647115120E+00  0.2249790782705021E+00  0.1716314119929335E+00 -0.2899151577082985E+00
 -0.1985611063664201E+00  0.9587864728998319E-01  0.8907483550352945E-01  0.5158183097039234E-01 -0.1459577081926092E-01 -0.1215584539512042E+00 -0.2678771039327255E+00 -0.4327320613103743E+00 -0.5782090089736178E+00 -0.6724958646864111E+00 -0.6937772333388139E+00 -0.6355740215455842E+00 -0.5113297902091258E+00 -0.3475690060301085E+00 -0.1740052255330097E+00 -0.1629632632415300E-01  0.1079782326388731E+00  0.1901335126046233E+00  0.2220507435313120E+00  0.1633752367165711E+00 -0.2680749666184014E+00
 -0.3231475103918727E+00  0.1680562573315953E+00  0.1810212616029133E+00  0.1618458599884472E+00  0.1112257313494083E+00  0.4777593517536905E-02 -0.1650946938125825E+00 -0.3733005942007307E+00 -0.5728300321168308E+00 -0.7270091405053920E+00 -0.8059624243751899E+00 -0.7929360067982377E+00 -0.6919027521205913E+00 -0.5262137172962380E+00 -0.3312614202820639E+00 -0.1417451882444761E+00  0.1792945405423429E-01  0.1329175274752534E+00  0.1855433500185530E+00  0.1339351698448616E+00 -0.2162621595160318E+00
 -0.4469482016568119E+00  0.2433794735088323E+00  0.2831902188696849E+00  0.2881247841338581E+00  0.2575406242863909E+00  0.1546050175648972E+00 -0.3408261333471675E-01 -0.2767944011683571E+00 -0.5234360354922583E+00 -0.7376314965285649E+00 -0.8857981199058371E+00 -0.9414561391490390E+00 -0.8920220449169298E+00 -0.7462421239496538E+00 -0.5377544541139913E+00 -0.3134888978082273E+00 -0.1130922534816236E+00  0.3868138465566748E-01  0.1190291779087746E+00  0.9245863315724107E-01 -0.1583467215629486E+00
 -0.5375688830308423E+00  0.3051618381310460E+00  0.3779166313622958E+00  0.4069435084566361E+00  0.3965782735690586E+00  0.3019439650151233E+00  0.1066973033536917E+00 -0.1533287628999498E+00 -0.4282215654081289E+00 -0.6846042479605536E+00 -0.8941328617414772E+00 -0.1030938548134693E+01 -0.1067701862405549E+01 -0.9857681732766482E+00 -0.7959842950486659E+00 -0.5461080411836917E+00 -0.2972815383608284E+00 -0.9479163921091191E-01  0.3021557857078261E-01  0.4882249348157391E-01 -0.1162519018739391E+00
 -0.5689295267679042E+00  0.3386176739771123E+00  0.4469234951634328E+00  0.4954176549669025E+00  0.5020310777832367E+00  0.4210454290090720E+00  0.2328831026432644E+00 -0.2599289540033000E-01 -0.3052817083556703E+00 -0.5728068579281168E+00 -0.8106747065093657E+00 -0.1008241391894345E+01 -0.1142586000314099E+01 -0.1171804333549413E+01 -0.1062574820600664E+01 -0.8320154570208738E+00 -0.5479768361270011E+00 -0.2822663397871644E+00 -0.8605642448321858E-01  0.1306318786127489E-02 -0.8997538084160105E-01
 -0.5357910126145404E+00  0.3379051864751432E+00  0.4779245468108890E+00  0.5386476191436363E+00  0.5566595851799321E+00  0.4928156675062123E+00  0.3232934446853129E+00  0.7951347240489511E-01 -0.1878545980330188E+00 -0.4427503975475918E+00 -0.6707476319015059E+00 -0.8796095798862807E+00 -0.1074478970884849E+01 -0.1221150214841705E+01 -0.1247911484071571E+01 -0.1109302169334995E+01 -0.8421522690251975E+00 -0.5314782283926434E+00 -0.2506017193123717E+00 -0.6795741318363475E-01 -0.4672947976146741E-01
 -0.4553638896162331E+00  0.3070586961820497E+00  0.4658121989299159E+00  0.5310910226727505E+00  0.5539318036473106E+00  0.5085663348422539E+00  0.3681433120473451E+00  0.1528915349656047E+00 -0.9116308227637396E-01 -0.3239137819181794E+00 -0.5250534559740063E+00 -0.7055798046460828E+00 -0.8990427828825744E+00 -0.1113627744903984E+01 -0.1281820255798893E+01 -0.1296294947663150E+01 -0.1120172487104846E+01 -0.8195125834239670E+00 -0.4727793762345055E+00 -0.1718089433511249E+00  0.4264745381886914E-01
 -0.3561563260434317E+00  0.2578383350226970E+00  0.4173586790246593E+00  0.4803670219908457E+00  0.5015005698055084E+00  0.4709708695514769E+00  0.3650665258827477E+00  0.1913940998399547E+00 -0.1526562223107985E-01 -0.2176719092696960E+00 -0.3909004643163578E+00 -0.5347560273715776E+00 -0.6846787487491729E+00 -0.8929921950770605E+00 -0.1149053359716911E+01 -0.1330822878950763E+01 -0.1310038611635177E+01 -0.1090277572205925E+01 -0.7297347611309178E+00 -0.3044597687988010E+00  0.1836445452654852E+00
 -0.2558972567386588E+00  0.1973529900056447E+00  0.3361617132782752E+00  0.3907992314601261E+00  0.4073609782214979E+00  0.3873858411785855E+00  0.3149938184907863E+00  0.1897769251087153E+00  0.3279278243536505E-01 -0.1277849852553415E+00 -0.2696031876260210E+00 -0.3836553755478477E+00 -0.4848492317410486E+00 -0.6318633421272420E+00 -0.8869018291710801E+00 -0.1190819694844067E+01 -0.1356517034500005E+01 -0.1282265238387181E+01 -0.9771060679392928E+00 -0.4538698269722851E+00  0.3845034129775625E+00
 -0.1807037201506763E+00  0.1434940763176800E+00  0.2497785088023637E+00  0.2902818684979666E+00  0.2997367905142352E+00  0.2845633156878619E+00  0.2368350726236901E+00  0.1540338871484010E+00  0.4672651207452012E-01 -0.6729909184841637E-01 -0.1717454211818623E+00 -0.2570886080425945E+00 -0.3223357032225653E+00 -0.3972491574195426E+00 -0.5696684774029077E+00 -0.8927253309661690E+00 -0.1221142299502580E+01 -0.1339212626520520E+01 -0.1165638191863033E+01 -0.6103517403556480E+00  0.6654170292039114E+00
 -0.9681946918343853E-01  0.7558622473786181E-01  0.1299392050301469E+00  0.1556442133757794E+00  0.1663306636503113E+00  0.1622028399590249E+00  0.1380629542136973E+00  0.9168731214207793E-01  0.2816399866687654E-01 -0.4212164385586917E-01 -0.1078619426143184E+00 -0.1611177389090774E+00 -0.1977110909386436E+00 -0.2232790879462338E+00 -0.2895057099306882E+00 -0.5129852588351711E+00 -0.9001119226997792E+00 -0.1204042722941747E+01 -0.1227609938259416E+01 -0.7643344402264860E+00  0.1065393382420041E+01
 -0.1987151318034746E+00  0.9014231433373579E-01  0.7171181119773277E-01  0.5949993389326397E-01  0.5921730184978113E-01  0.5827562413313066E-01  0.4878283292319741E-01  0.2785085581889292E-01 -0.2391235151583395E-02 -0.3648301264397068E-01 -0.6761232464132814E-01 -0.9074996499667187E-01 -0.1030013561848884E+00 -0.1053164002813730E+00 -0.1075178091322760E+00 -0.1817989802051573E+00 -0.4801783683346844E+00 -0.8589598284283546E+00 -0.1061417534143165E+01 -0.8485758744981754E+00  0.1484310089351361E+01
  0.3851958365509846E+00 -0.2060369898787097E+00 -0.2329151330851445E+00 -0.1758136736388978E+00 -0.1167321313757363E+00 -0.7291167345771207E-01 -0.4540193924221194E-01 -0.3198141862979968E-01 -0.2918759898790526E-01 -0.3292235251291600E-01 -0.3841906379404723E-01 -0.4211311418341463E-01 -0.4149562210955838E-01 -0.3718400936573678E-01 -0.3269759131237659E-01 -0.4253779980807734E-01 -0.1833677833509076E+00 -0.4191839069653103E+00 -0.5757497193936939E+00 -0.5472691862680745E+00  0.1066057839410530E+01
  0.0000000000000000E+00  0.0000000000000000E+00  0.0000000000000000E+00  0.0000000000000000E+00  0.0000000000000000E+00  0.0000000000000000E+00  0.0000000000000000E+00  0.0000000000000000E+00  0.0000000000000000E+00  0.0000000000000000E+00  0.0000000000000000E+00  0.0000000000000000E+00  0.0000000000000000E+00  0.0000000000000000E+00  0.0000000000000000E+00  0.0000000000000000E+00  0.0000000000000000E+00  0.0000000000000000E+00  0.0000000000000000E+00  0.0000000000000000E+00  0.0000000000000000E+00
