  0.0000000000000000E+00  0.0000000000000000E+00  0.0000000000000000E+00  0.0000000000000000E+00  0.0000000000000000E+00  0.0000000000000000E+00  0.0000000000000000E+00  0.0000000000000000E+00  0.0000000000000000E+00  0.0000000000000000E+00  0.0000000000000000E+00  0.0000000000000000E+00  0.0000000000000000E+00  0.0000000000000000E+00  0.0000000000000000E+00  0.0000000000000000E+00  0.0000000000000000E+00  0.0000000000000000E+00  0.0000000000000000E+00  0.0000000000000000E+00  0.0000000000000000E+00
  0.3680398200037983E-01 -0.1504490467907143E-01 -0.8330732036834460E-02  0.2300621835329752E-02 -0.8934317851927264E-02 -0.3842350175226709E-01 -0.6855656891231419E-01 -0.8167841109702327E-01 -0.8122378636005054E-01 -0.7423895531670470E-01 -0.6188490956764975E-01 -0.3120791884722762E-01  0.2685154852376765E-01  0.9368947903904426E-01  0.1337764014294522E+00  0.1328047988598307E+00  0.9867960088362063E-01  0.4560958579926933E-01 -0.6250582110900867E-02 -0.2520946896690564E-01  0.6937782478981605E-01
  0.4151064335628160E-03  0.1767927017247496E-01  0.5345291695098769E-01  0.7163446463665391E-01  0.4278259785225055E-01 -0.2532908734282528E-01 -0.1163866559661421E+00 -0.2061285469727485E+00 -0.2792832680986683E+00 -0.3162407007520898E+00 -0.3027460230383629E+00 -0.2264716448877196E+00 -0.1014219455626942E+00  0.3615436999790361E-01  0.1451339034478210E+00  0.2002487864379950E+00  0.1968603164995559E+00  0.1457614628523586E+00  0.7138561774832175E-01  0.1075751623607395E-01  0.3911306904009990E-01
 -0.1550680802153289E+00  0.1094846611484830E+00  0.1733859032301200E+00  0.1815771295268174E+00  0.1173843133469809E+00  0.3982043168084363E-02 -0.1373950943886891E+00 -0.2782375977481318E+00 -0.4034061457396809E+00 -0.4869816405232614E+00 -0.5099437890785874E+00 -0.4492262477523108E+00 -0.3093953406234546E+00 -0.1245210503257066E+00  0.5616281149422860E-01  0.1938162747496963E+00  0.2647933827158600E+00  0.2596392149989108E+00  0.1927931028527166E+00  0.1029934437760837E+00 -0.1161872284755346E+00
 -0.4001189055943067E+00  0.2448932969901262E+00  0.3345609853760717E+00  0.3161444022910733E+00  0.2104918227803699E+00  0.5055204056344826E-01 -0.1419315843416033E+00 -0.3361736455170987E+00 -0.5164018901795896E+00 -0.6504049450687468E+00 -0.7139918728367077E+00 -0.6756109559737227E+00 -0.5328948995850543E+00 -0.3194725411041151E+00 -0.9125265510653173E-01  0.1098367416751972E+00  0.2548883815523127E+00  0.3169794534868634E+00  0.2910330187525951E+00  0.1947686178691648E+00 -0.2932728348548994E+00
 -0.6596863854083717E+00  0.3910614355824333E+00  0.5134979213389284E+00  0.4640499147923826E+00  0.3222715759941211E+00  0.1258256393157594E+00 -0.1041413331289213E+00 -0.3366109638698211E+00 -0.5600297588414230E+00 -0.7440571316122588E+00 -0.8631563905594019E+00 -0.8735661388762206E+00 -0.7504485745332693E+00 -0.5188025606877472E+00 -0.2525776020190047E+00 -0.9260350172703061E-02  0.1876857542853048E+00  0.3104868760661399E+00  0.3339385296801949E+00  0.2356032380954649E+00 -0.3728711846061999E+00
 -0.8565492857256928E+00  0.5137408428646478E+00  0.6846732428682508E+00  0.6090271418051286E+00  0.4364600301664132E+00  0.2087921201688724E+00 -0.5153367388928751E-01 -0.3129483126637913E+00 -0.5657119856392202E+00 -0.7857764096742748E+00 -0.9556757214227635E+00 -0.1032141231430640E+01 -0.9621593548857856E+00 -0.7342913326809680E+00 -0.4275034427915876E+00 -0.1405440559621820E+00  0.9280172223638378E-01  0.2575391522628720E+00  0.3172943239007051E+00  0.2189032244989578E+00 -0.3394153495961683E+00
 -0.9366631657871816E+00  0.5890217322683687E+00  0.8304020310179245E+00  0.7444412869472941E+00  0.5503249424583198E+00  0.3002111538575916E+00  0.1760657291739524E-01 -0.2648198445438190E+00 -0.5349883927025183E+00 -0.7728944413310963E+00 -0.9744980200344667E+00 -0.1116760972009387E+01 -0.1135830081847016E+01 -0.9640183386755239E+00 -0.6381632271124504E+00 -0.2947467302788798E+00 -0.1882525052687873E-01  0.1742009069594602E+00  0.2563757854591108E+00  0.1740524277539753E+00 -0.2657814978028152E+00
 -0.8793302560196310E+00  0.6068387120579335E+00  0.9411858801541695E+00  0.8670348788893624E+00  0.6608613243159770E+00  0.3943920425159306E+00  0.9231913139436564E-01 -0.2115694605194856E+00 -0.4973180826805026E+00 -0.7408399640369182E+00 -0.9451957756684862E+00 -0.1121607021154241E+01 -0.1232229468282130E+01 -0.1170156500992637E+01 -0.8873721579793027E+00 -0.5021905613890070E+00 -0.1652357724932530E+00  0.6812062780598634E-01  0.1771491080953247E+00  0.1287767592684873E+00 -0.2091811697101372E+00
 -0.7150665270519263E+00  0.5742608618018921E+00  0.1007716058353750E+01  0.9723617285673408E+00  0.7665253667328027E+00  0.4920423884235479E+00  0.1763748187522618E+00 -0.1476826343349614E+00 -0.4525981629108491E+00 -0.7038352645038732E+00 -0.8962635409079915E+00 -0.1067189917523597E+01 -0.1234655867613429E+01 -0.1298997000892699E+01 -0.1127448459150184E+01 -0.7581867068960328E+00 -0.3673360304912465E+00 -0.7099223242186242E-01  0.8985716489547463E-01  0.9245100430692525E-01 -0.1874958480253011E+00
 -0.5125086407948176E+00  0.5102414378641584E+00  0.1018215672797658E+01  0.1048735277091656E+01  0.8608056235702759E+00  0.5875952788087915E+00  0.2665935635690953E+00 -0.7163888180245816E-01 -0.3953533611355444E+00 -0.6608639776288319E+00 -0.8440070161845569E+00 -0.9844590872485539E+00 -0.1159688507221027E+01 -0.1326287037450577E+01 -0.1303095371082980E+01 -0.1017748111400479E+01 -0.6134808814202405E+00 -0.2542261964972466E+00 -0.1865004457295938E-01  0.5277464063882543E-01 -0.1769739664894357E+00
 -0.3191323140753544E+00  0.4264591130916260E+00  0.9602450251995236E+00  0.1074380763106709E+01  0.9276104277424855E+00  0.6689807496558450E+00  0.3535886496445158E+00  0.1306816222988249E-01 -0.3199096600906280E+00 -0.5986909104585113E+00 -0.7816998167066719E+00 -0.8886677877275081E+00 -0.1032087265719229E+01 -0.1253907284928052E+01 -0.1380720359660617E+01 -0.1234347159562940E+01 -0.8727021288596639E+00 -0.4768080132040006E+00 -0.1622118885980707E+00 -0.7087503844724145E-02 -0.1409493770638982E+00
 -0.1539845673248706E+00  0.3289064344111049E+00  0.8327347359084440E+00  0.1030991536405464E+01  0.9501361474530035E+00  0.7237192404634033E+00  0.4257885751114018E+00  0.9592366997230642E-01 -0.2316742419325278E+00 -0.5123478773868593E+00 -0.6969230531051649E+00 -0.7799737028621151E+00 -0.8736527309211964E+00 -0.1099185164063287E+01 -0.1346411477486714E+01 -0.1370988347625539E+01 -0.1111624812293864E+01 -0.7234684942335275E+00 -0.3462159634998674E+00 -0.9272768003759353E-01 -0.6803292338708683E-01
 -0.2292264983317982E-01  0.2235037406653411E+00  0.6475885721628436E+00  0.9046395735885525E+00  0.9047690345956925E+00  0.7332803424544593E+00  0.4704986672098902E+00  0.1666555810812355E+00 -0.1396019311482718E+00 -0.4056118153848792E+00 -0.5831498447375836E+00 -0.6513110388355019E+00 -0.6979140243806062E+00 -0.8874182330449708E+00 -0.1203296253074004E+01 -0.1400519482804522E+01 -0.1296502502538122E+01 -0.9696340499018975E+00 -0.5642964280546590E+00 -0.2021179617666446E+00  0.4205745724527488E-01
  0.7503494666590560E-01  0.1210584037016881E+00  0.4382101577709699E+00  0.7095184134919372E+00  0.7850647211984738E+00  0.6854048474419989E+00  0.4770618995869935E+00  0.2161153155764577E+00 -0.5292553577504169E-01 -0.2877010257829384E+00 -0.4449416701506667E+00 -0.5012889512458770E+00 -0.5147681401535529E+00 -0.6475189628701149E+00 -0.9700833932511109E+00 -0.1304847483837363E+01 -0.1391476990889871E+01 -0.1183264020216643E+01 -0.7983656106565337E+00 -0.3306502889125250E+00  0.1935852560810414E+00
  0.1345820707993960E+00  0.3491400370289316E-01  0.2393240819080755E+00  0.4708216599151631E+00  0.5894056960624177E+00  0.5639040321403876E+00  0.4282984339749940E+00  0.2308087797110193E+00  0.1709766829003582E-01 -0.1711400802892988E+00 -0.2964427665895412E+00 -0.3406757142008447E+00 -0.3376564223127332E+00 -0.4117341305889670E+00 -0.6820325773879984E+00 -0.1082357535352746E+01 -0.1358519476893814E+01 -0.1322676939993089E+01 -0.1018054278687912E+01 -0.4723857178083736E+00  0.3991028747372090E+00
  0.1226505040418775E+00 -0.9166044575392935E-02  0.9515237031569866E-01  0.2490020366345516E+00  0.3616580090790213E+00  0.3849933609526023E+00  0.3213595607232611E+00  0.1990440521053412E+00  0.5463326992625529E-01 -0.7584808229335618E-01 -0.1625833068220859E+00 -0.1938467962037531E+00 -0.1870577994411764E+00 -0.2140866348547122E+00 -0.3901839153832540E+00 -0.7577370195702162E+00 -0.1168913469281519E+01 -0.1337412707655047E+01 -0.1181303411035478E+01 -0.6208030631037796E+00  0.6811057782758607E+00
  0.2773441514221731E-01 -0.6886296424615890E-02  0.7075525868369636E-02  0.7245069939522689E-01  0.1470842573951092E+00  0.1863012541502947E+00  0.1744633959558061E+00  0.1203484356218710E+00  0.4559836607781590E-01 -0.2529244214730766E-01 -0.7279252435818841E-01 -0.8966713442881140E-01 -0.8332355306064398E-01 -0.8180412603969336E-01 -0.1548445776810198E+00 -0.3940160833708317E+00 -0.8251880826610797E+00 -0.1175701886914817E+01 -0.1224929918007947E+01 -0.7679336208807021E+00  0.1078870944634159E+01
 -0.1673382129820079E+00  0.4575899517480455E-01 -0.3006122745759428E-01 -0.3554723903488174E-01 -0.7820502022675523E-03  0.3271895957875009E-01  0.4551842545834284E-01  0.3571025678424745E-01  0.1182840944504405E-01 -0.1380223815050828E-01 -0.3100728897527334E-01 -0.3492802581310824E-01 -0.2861715684041559E-01 -0.1736260318948649E-01 -0.2267375824075964E-01 -0.9413993299878082E-01 -0.4062423281760682E+00 -0.8210408813239733E+00 -0.1050042560610352E+01 -0.8467376059822138E+00  0.1490170257336289E+01
  0.4136198759776956E+00 -0.2191459187482425E+00 -0.2438178802670317E+00 -0.1774368681255242E+00 -0.1112578796010059E+00 -0.6288137831354923E-01 -0.3285740659861461E-01 -0.1808165106277474E-01 -0.1357099612173092E-01 -0.1327452486881359E-01 -0.1225083357738546E-01 -0.7395537999083326E-02 -0.2152036929175185E-03  0.9351330560409555E-02  0.1175501968293318E-01  0.9844471369075521E-02 -0.1333280871467771E+00 -0.3910622542816463E+00 -0.5670834236420266E+00 -0.5442837075539850E+00  0.1065767699019929E+01
  0.0000000000000000E+00  0.0000000000000000E+00  0.0000000000000000E+00  0.0000000000000000E+00  0.0000000000000000E+00  0.0000000000000000E+00  0.0000000000000000E+00  0.0000000000000000E+00  0.0000000000000000E+00  0.0000000000000000E+00  0.0000000000000000E+00  0.0000000000000000E+00  0.0000000000000000E+00  0.0000000000000000E+00  0.0000000000000000E+00  0.0000000000000000E+00  0.0000000000000000E+00  0.0000000000000000E+00  0.0000000000000000E+00  0.0000000000000000E+00  0.0000000000000000E+00
