  0.0000000000000000E+00  0.0000000000000000E+00  0.0000000000000000E+00  0.0000000000000000E+00  0.0000000000000000E+00  0.0000000000000000E+00  0.0000000000000000E+00  0.0000000000000000E+00  0.0000000000000000E+00  0.0000000000000000E+00  0.0000000000000000E+00  0.0000000000000000E+00  0.0000000000000000E+00  0.0000000000000000E+00  0.0000000000000000E+00  0.0000000000000000E+00  0.0000000000000000E+00  0.0000000000000000E+00  0.0000000000000000E+00  0.0000000000000000E+00  0.0000000000000000E+00
  0.3617783815187035E-01 -0.1556612483089559E-01 -0.1052053634081640E-01 -0.1784417659103869E-02 -0.1400006710230911E-01 -0.4314993643562123E-01 -0.7203544815359815E-01 -0.8430324380601861E-01 -0.8373900475623774E-01 -0.7683916707114503E-01 -0.6398872391269921E-01 -0.3195403305190074E-01  0.2748841872677122E-01  0.9419703539491410E-01  0.1331104520342016E+00  0.1311600191123392E+00  0.9670695769416322E-01  0.4392677017995152E-01 -0.7126731395656587E-02 -0.2536155125380127E-01  0.6895792236574723E-01
  0.1005595866737749E-02  0.1612911486022923E-01  0.4939294044742544E-01  0.6570271708731978E-01  0.3646928989457877E-01 -0.3070720679956307E-01 -0.1199222332523293E+00 -0.2075577787466439E+00 -0.2785187255818636E+00 -0.3131897496500636E+00 -0.2974212892290132E+00 -0.2196432736418865E+00 -0.9471630033148892E-01  0.4097755015739382E-01  0.1471651242416777E+00  0.1996758949064852E+00  0.1946443690706299E+00  0.1431784246700716E+00  0.6958735391305230E-01  0.1010176712539512E-01  0.3928205253686696E-01
 -0.1506184953783842E+00  0.1058017387730214E+00  0.1667867209406800E+00  0.1737284088864307E+00  0.1098860431064257E+00 -0.2361458152884076E-02 -0.1421662329443315E+00 -0.2813652156332669E+00 -0.4046406225388886E+00 -0.4860115685877542E+00 -0.5065810837935938E+00 -0.4439507853840263E+00 -0.3035135452901356E+00 -0.1195938785038460E+00  0.5905112796919894E-01  0.1941908746846092E+00  0.2629076066848340E+00  0.2565319303453819E+00  0.1899247703911409E+00  0.1014119858662196E+00 -0.1143111872075180E+00
 -0.3930452937094690E+00  0.2399352877309053E+00  0.3267605694832468E+00  0.3084121035584487E+00  0.2040133874216645E+00  0.4554640296948402E-01 -0.1453567601654381E+00 -0.3379029189071089E+00 -0.5160033228447307E+00 -0.6474286375840955E+00 -0.7083712495666934E+00 -0.6681942722788452E+00 -0.5253899080736245E+00 -0.3133223168162694E+00 -0.8711419247962426E-01  0.1115443911590303E+00  0.2539893006067279E+00  0.3141215049093243E+00  0.2877041243105275E+00  0.1927366302597495E+00 -0.2905057664687212E+00
 -0.6530136507443153E+00  0.3862576054595191E+00  0.5057591656342423E+00  0.4569975144859192E+00  0.3164309556450234E+00  0.1208531191962799E+00 -0.1083782451041745E+00 -0.3400885322977633E+00 -0.5622600241005976E+00 -0.7441933851650819E+00 -0.8604803007748305E+00 -0.8682454194702730E+00 -0.7441251837281746E+00 -0.5133127306659243E+00 -0.2486321353636826E+00 -0.7132272479682624E-02  0.1875264621112172E+00  0.3081645212816211E+00  0.3307615696505052E+00  0.2339213581724186E+00 -0.3710025048667505E+00
 -0.8533417290360963E+00  0.5105267981166123E+00  0.6782386653137404E+00  0.6035411819774404E+00  0.4323246138360896E+00  0.2055235669097821E+00 -0.5420894463016081E-01 -0.3152027905690203E+00 -0.5673921502144338E+00 -0.7862494495147416E+00 -0.9541110992130011E+00 -0.1028124389466815E+01 -0.9567965390839873E+00 -0.7295243285528928E+00 -0.4242446109626264E+00 -0.1387821103425343E+00  0.9282383999289542E-01  0.2557093189161854E+00  0.3147555900972679E+00  0.2179835576062838E+00 -0.3391950827215834E+00
 -0.9384706460923311E+00  0.5881305910092326E+00  0.8259211269353666E+00  0.7405453337734937E+00  0.5475552814924758E+00  0.2978675576968415E+00  0.1530793274349717E-01 -0.2673139019915974E+00 -0.5376891575440966E+00 -0.7752895439527417E+00 -0.9756087923892192E+00 -0.1115537458023210E+01 -0.1132604190533830E+01 -0.9605906613774691E+00 -0.6358561134561601E+00 -0.2937169992531535E+00 -0.1902075403912958E-01  0.1728425391725307E+00  0.2547308981512368E+00  0.1737668377156901E+00 -0.2665696149958335E+00
 -0.8860399582659586E+00  0.6083172674136470E+00  0.9389118439749824E+00  0.8646662273223413E+00  0.6594073396742309E+00  0.3932770439135960E+00  0.9117420760010213E-01 -0.2130468235018073E+00 -0.4994404580047565E+00 -0.7435009273971599E+00 -0.9476484136893779E+00 -0.1122469156690517E+01 -0.1231058246744581E+01 -0.1168304313906946E+01 -0.8861277191396133E+00 -0.5018151048665760E+00 -0.1657281458959560E+00  0.6704426523751783E-01  0.1761808980698718E+00  0.1287755630594063E+00 -0.2101457911083471E+00
 -0.7238898137907979E+00  0.5772453129561772E+00  0.1007846125077734E+01  0.9715281741797454E+00  0.7662440443784163E+00  0.4919239611236506E+00  0.1759277146841626E+00 -0.1488390030095424E+00 -0.4548541015944557E+00 -0.7072877481450403E+00 -0.9003080610189398E+00 -0.1070137895839384E+01 -0.1235344622432643E+01 -0.1298559101976037E+01 -0.1127331445313183E+01 -0.7584614137726573E+00 -0.3680394459787603E+00 -0.7196921952649284E-01  0.8912958386594969E-01  0.9235357752121177E-01 -0.1879311486976857E+00
 -0.5208114705070803E+00  0.5138976266013020E+00  0.1020881409296826E+01  0.1049728710895295E+01  0.8616993599064539E+00  0.5884576468556038E+00  0.2669722734475920E+00 -0.7212870560111834E-01 -0.3972371150959293E+00 -0.6645704932194203E+00 -0.8492755001654514E+00 -0.9893966378315702E+00 -0.1162119071972589E+01 -0.1326896822052583E+01 -0.1303787922072404E+01 -0.1018684047017078E+01 -0.6144208665058966E+00 -0.2552152789905882E+00 -0.1936657096574752E-01  0.5246147675323150E-01 -0.1767510012254420E+00
 -0.3258682894986308E+00  0.4303913150478763E+00  0.9653056556449980E+00  0.1077553974059236E+01  0.9298757511491796E+00  0.6708441869011582E+00  0.3547884684053025E+00  0.1316729936329760E-01 -0.3215060234829422E+00 -0.6025805913546842E+00 -0.7879671452854552E+00 -0.8955127561262236E+00 -0.1036336049976781E+01 -0.1255408879167718E+01 -0.1381832146808311E+01 -0.1235726226948229E+01 -0.8739195664389154E+00 -0.4779041717076298E+00 -0.1630218952444708E+00 -0.7503570449103159E-02 -0.1405111838971613E+00
 -0.1590154484290770E+00  0.3328608910718459E+00  0.8395672247864606E+00  0.1036458674951578E+01  0.9539935985159422E+00  0.7265766260514993E+00  0.4276828179539638E+00  0.9652152225417256E-01 -0.2329486142071167E+00 -0.5161826377197338E+00 -0.7037183688909392E+00 -0.7882945747919434E+00 -0.8796440569812173E+00 -0.1101528839090295E+01 -0.1347606544130180E+01 -0.1372449990421626E+01 -0.1112964095070006E+01 -0.7246287988485655E+00 -0.3470938454524310E+00 -0.9316886843332736E-01 -0.6758724015244899E-01
 -0.2638768796505575E-01  0.2271539388080021E+00  0.6550741284589506E+00  0.9119588116157846E+00  0.9103749614307601E+00  0.7373118600953221E+00  0.4731166286774054E+00  0.1676726102895328E+00 -0.1406634225924674E+00 -0.4094004542295963E+00 -0.5901213497431200E+00 -0.6604006665553955E+00 -0.7052235706461867E+00 -0.8905396062606142E+00 -0.1204414841007420E+01 -0.1401717718381002E+01 -0.1297721263699976E+01 -0.9707060073355804E+00 -0.5651598449632872E+00 -0.2025323959496995E+00  0.4243734288581136E-01
  0.7293887887140799E-01  0.1240103134883270E+00  0.4449698193363888E+00  0.7175639231826502E+00  0.7920303928170491E+00  0.6905820448071457E+00  0.4803964995917755E+00  0.2174984471732862E+00 -0.5384196737900399E-01 -0.2914139546222604E+00 -0.4517365425674345E+00 -0.5102676813662943E+00 -0.5225142859745598E+00 -0.6511038868112777E+00 -0.9710511259420670E+00 -0.1305609345355699E+01 -0.1392352444035846E+01 -0.1184094531448179E+01 -0.7990766727625062E+00 -0.3310104860373669E+00  0.1939547853495945E+00
  0.1340040795970848E+00  0.3672144456192847E-01  0.2441684132828702E+00  0.4779963343026025E+00  0.5967909192732616E+00  0.5700092700097306E+00  0.4324633015907344E+00  0.2327222717588586E+00  0.1650010105396441E-01 -0.1745135485667711E+00 -0.3025514050964365E+00 -0.3485564951524265E+00 -0.3446785013450367E+00 -0.4151779128464945E+00 -0.6827801522921915E+00 -0.1082679009924611E+01 -0.1359003991033917E+01 -0.1323198716263793E+01 -0.1018555817479311E+01 -0.4726514176470777E+00  0.3993984354619224E+00
  0.1241298298619080E+00 -0.8880423548679664E-02  0.9748855921586901E-01  0.2537112367807710E+00  0.3675708366996173E+00  0.3906624174592931E+00  0.3257231141434253E+00  0.2014394137286106E+00  0.5467375065091679E-01 -0.7831532962792646E-01 -0.1672331814597537E+00 -0.1996511770497564E+00 -0.1922370805002238E+00 -0.2166902802840076E+00 -0.3905835502650268E+00 -0.7577448063136226E+00 -0.1169088061711803E+01 -0.1337688251633238E+01 -0.1181587661114948E+01 -0.6209909605206160E+00  0.6813852204468998E+00
  0.2973241912623046E-01 -0.7362869419955858E-02  0.7643810866362886E-02  0.7467491868800280E-01  0.1505672461569235E+00  0.1901000485881702E+00  0.1776516200978441E+00  0.1222324055747016E+00  0.4579437306751438E-01 -0.2681699913210251E-01 -0.7562978024821811E-01 -0.9301788718362244E-01 -0.8622745117108684E-01 -0.8319061283323938E-01 -0.1548206187928458E+00 -0.3938297294533437E+00 -0.8252457066664493E+00 -0.1175845642170573E+01 -0.1225080418960303E+01 -0.7680280209852689E+00  0.1079003643995504E+01
 -0.1672202086064838E+00  0.4565808272364000E-01 -0.3024596043556381E-01 -0.3497554604279866E-01  0.5869177237830031E-03  0.3448738384402675E-01  0.4716863045551143E-01  0.3680098895463411E-01  0.1210801439086356E-01 -0.1434843372480523E-01 -0.3215599833622946E-01 -0.3627751528693866E-01 -0.2975143126627711E-01 -0.1783101170206399E-01 -0.2237797492233840E-01 -0.9382626371385214E-01 -0.4062748599915273E+00 -0.8211762333562310E+00 -0.1050116488375968E+01 -0.8467693480582041E+00  0.1490191555798645E+01
  0.4133063918448519E+00 -0.2188118410470890E+00 -0.2431291312964151E+00 -0.1766117206510403E+00 -0.1104016231439459E+00 -0.6204197805478224E-01 -0.3211599570880650E-01 -0.1755526893550547E-01 -0.1335284436141392E-01 -0.1338028522370659E-01 -0.1259813252054814E-01 -0.7822168596389933E-02 -0.5611482061800491E-03  0.9222892737784222E-02  0.1194912448802653E-01  0.1008442555182567E-01 -0.1333164856000507E+00 -0.3911338584457207E+00 -0.5671353905263372E+00 -0.5442541433237394E+00  0.1065627039444881E+01
  0.0000000000000000E+00  0.0000000000000000E+00  0.0000000000000000E+00  0.0000000000000000E+00  0.0000000000000000E+00  0.0000000000000000E+00  0.0000000000000000E+00  0.0000000000000000E+00  0.0000000000000000E+00  0.0000000000000000E+00  0.0000000000000000E+00  0.0000000000000000E+00  0.0000000000000000E+00  0.0000000000000000E+00  0.0000000000000000E+00  0.0000000000000000E+00  0.0000000000000000E+00  0.0000000000000000E+00  0.0000000000000000E+00  0.0000000000000000E+00  0.0000000000000000E+00
